TITLE="Graphics"
VARIABLES= "rj, m", "T, K", "Cp, J/kg*K", "DfCp, J/kg*K^2", "rho, kg/m^3", "Dfrho, kg/m^3*K", "Lambda, Watt/m*K", "DfLambda, Watt/m*K^2"
0 302.858 4184.46 -0.528132 980 0 0.614757 0
1.25e-05 302.858 4184.46 -0.528132 980 0 0.614757 0
3.75e-05 319.978 4181.48 0.134186 980 0 0.639729 0
6.25e-05 324.232 4182.33 0.261493 980 0 0.644869 0
8.75e-05 326.225 4182.9 0.317226 980 0 0.647136 0
0.0001125 327.476 4183.32 0.351057 980 0 0.648515 0
0.0001375 328.422 4183.67 0.376061 980 0 0.649534 0
0.0001625 329.233 4183.98 0.397127 980 0 0.650393 0
0.0001875 329.989 4184.29 0.416475 980 0 0.651182 0
0.0002125 330.733 4184.6 0.43524 980 0 0.651946 0
0.0002375 331.489 4184.94 0.45405 980 0 0.652711 0
0.0002625 332.273 4185.3 0.473264 980 0 0.653492 0
0.0002875 333.094 4185.7 0.493095 980 0 0.654296 0
0.0003125 333.959 4186.14 0.513663 980 0 0.655128 0
0.0003375 334.871 4186.61 0.535034 980 0 0.65599 0
0.0003625 335.834 4187.14 0.557235 980 0 0.656882 0
0.0003875 336.849 4187.72 0.580274 980 0 0.657803 0
0.0004125 337.919 4188.35 0.604138 980 0 0.658751 0
0.0004375 339.044 4189.04 0.62881 980 0 0.659725 0
0.0004625 340.224 4189.8 0.654264 980 0 0.660721 0
0.0004875 341.461 4190.63 0.680472 980 0 0.661736 0
0.0005125 401.111 1904.03 0.47297 0.539727 -0.00134558 0.0265279 8.69298e-05
0.0005375 548.695 1985.58 0.611332 0.394554 -0.000719077 0.0407641 0.000104919
0.0005625 643.925 2046.1 0.656304 0.336204 -0.000522116 0.0511867 0.000113672
0.0005875 715.751 2094.09 0.67856 0.302466 -0.000422585 0.0595542 0.000119182
0.0006125 773.526 2133.68 0.690995 0.279875 -0.000361817 0.0665538 0.000123045
0.0006375 821.735 2167.17 0.698169 0.263455 -0.000320608 0.0725564 0.000125929
0.0006625 862.948 2196.04 0.702195 0.250873 -0.000290716 0.0777932 0.000128172
0.0006875 898.799 2221.25 0.704209 0.240866 -0.000267987 0.0824209 0.000129971
0.0007125 930.399 2243.52 0.704883 0.232685 -0.000250092 0.0865516 0.000131447
0.0007375 958.546 2263.35 0.704639 0.225853 -0.00023562 0.0902689 0.000132681
0.0007625 983.831 2281.16 0.703758 0.220048 -0.000223665 0.0936371 0.000133728
0.0007875 1006.71 2297.25 0.702429 0.215048 -0.000213615 0.0967069 0.000134627
0.0008125 1027.53 2311.86 0.700786 0.210689 -0.000205043 0.0995187 0.000135407
0.0008375 1046.59 2325.2 0.698926 0.206853 -0.000197644 0.102106 0.000136091
0.0008625 1064.11 2337.43 0.696916 0.203447 -0.00019119 0.104495 0.000136695
0.0008875 1080.28 2348.68 0.694809 0.200401 -0.000185508 0.10671 0.000137232
0.0009125 1095.27 2359.07 0.692643 0.19766 -0.000180468 0.10877 0.000137713
0.0009375 1109.19 2368.7 0.690445 0.195178 -0.000175964 0.110691 0.000138145
0.0009625 1122.18 2377.65 0.688237 0.19292 -0.000171916 0.112487 0.000138537
0.0009875 1134.31 2385.99 0.686035 0.190856 -0.000168257 0.114171 0.000138892
0.0010125 1145.68 2393.78 0.683851 0.188962 -0.000164933 0.115752 0.000139216
0.00104053 1157.62 2401.93 0.681434 0.187013 -0.00016155 0.117416 0.000139548
0.00107197 1170.08 2410.4 0.678774 0.185022 -0.000158128 0.119156 0.000139884
0.00110723 1183.01 2419.17 0.675865 0.182999 -0.000154689 0.120968 0.000140223
0.00114676 1196.37 2428.17 0.672706 0.180956 -0.000151255 0.122843 0.000140563
0.0011911 1210.07 2437.37 0.669298 0.178907 -0.000147848 0.124772 0.0001409
0.00124081 1224.06 2446.7 0.66565 0.176863 -0.000144489 0.126744 0.000141234
0.00129656 1238.24 2456.11 0.661773 0.174837 -0.000141199 0.128749 0.00014156
0.00135908 1252.53 2465.54 0.657687 0.172842 -0.000137995 0.130775 0.000141879
0.00142919 1266.84 2474.93 0.653414 0.170889 -0.000134894 0.132808 0.000142186
0.00150781 1281.09 2484.2 0.648982 0.168989 -0.00013191 0.134836 0.000142482
0.00159598 1295.18 2493.32 0.644423 0.16715 -0.000129055 0.136846 0.000142765
0.00169485 1309.04 2502.22 0.639771 0.165381 -0.000126337 0.138826 0.000143033
0.00180572 1322.58 2510.85 0.635064 0.163688 -0.000123764 0.140764 0.000143286
0.00193005 1335.73 2519.17 0.630339 0.162076 -0.000121339 0.14265 0.000143523
0.00206947 1348.43 2527.14 0.625633 0.16055 -0.000119064 0.144474 0.000143745
0.00222582 1360.62 2534.74 0.620982 0.159111 -0.00011694 0.146228 0.000143951
0.00240114 1372.27 2541.95 0.61642 0.15776 -0.000114963 0.147906 0.000144142
0.00259776 1383.34 2548.75 0.611976 0.156498 -0.000113131 0.149502 0.000144317
0.00281824 1393.8 2555.13 0.607677 0.155324 -0.000111439 0.151013 0.000144479
0.00306548 1403.64 2561.09 0.603545 0.154234 -0.000109881 0.152436 0.000144626
0.00334275 1412.87 2566.64 0.599599 0.153228 -0.000108452 0.15377 0.000144761
0.00365367 1421.47 2571.78 0.595852 0.152301 -0.000107143 0.155016 0.000144883
0.00400233 1429.46 2576.52 0.592314 0.151449 -0.000105949 0.156174 0.000144995
0.00439333 1436.85 2580.89 0.588989 0.15067 -0.000104861 0.157247 0.000145095
0.00483178 1443.68 2584.9 0.585881 0.149958 -0.000103872 0.158237 0.000145186
0.00532347 1449.95 2588.57 0.582988 0.149309 -0.000102975 0.159148 0.000145268
0.00587484 1455.7 2591.91 0.580307 0.148719 -0.000102164 0.159983 0.000145342
0.00649315 1460.95 2594.95 0.577832 0.148184 -0.00010143 0.160747 0.000145409
0.00718653 1465.74 2597.71 0.575555 0.1477 -0.000100769 0.161443 0.000145468
0.00796407 1470.09 2600.21 0.57347 0.147263 -0.000100173 0.162076 0.000145522
0.00883601 1474.03 2602.47 0.571565 0.146869 -9.96378e-05 0.16265 0.00014557
0.0098138 1477.6 2604.5 0.569832 0.146515 -9.91578e-05 0.163169 0.000145612
0.0109103 1480.81 2606.33 0.568261 0.146197 -9.87281e-05 0.163637 0.00014565
0.0121399 1483.69 2607.97 0.566842 0.145913 -9.83445e-05 0.164057 0.000145684
0.0135188 1486.27 2609.43 0.565567 0.14566 -9.80031e-05 0.164433 0.000145715
0.015065 1488.57 2610.73 0.564426 0.145435 -9.77006e-05 0.164768 0.000145741
0.016799 1490.61 2611.88 0.563411 0.145236 -9.74337e-05 0.165065 0.000145765
0.0187435 1492.4 2612.89 0.562515 0.145061 -9.71998e-05 0.165327 0.000145785
0.020924 1493.97 2613.77 0.561732 0.14491 -9.69966e-05 0.165554 0.000145803
0.0233692 1495.31 2614.52 0.561056 0.144779 -9.68221e-05 0.165751 0.000145818
0.0261113 1496.45 2615.16 0.560481 0.144669 -9.66744e-05 0.165917 0.000145831
0.0291863 1497.4 2615.69 0.560002 0.144577 -9.65518e-05 0.166056 0.000145842
0.0326345 1498.17 2616.13 0.559614 0.144503 -9.64527e-05 0.166168 0.00014585
0.0365014 1498.78 2616.46 0.559309 0.144445 -9.63752e-05 0.166256 0.000145857
0.0408377 1499.23 2616.71 0.559081 0.144401 -9.63171e-05 0.166321 0.000145862
0.0457004 1499.55 2616.89 0.558919 0.14437 -9.62761e-05 0.166368 0.000145866
0.0511534 1499.76 2617.01 0.558812 0.14435 -9.62491e-05 0.166399 0.000145868
0.0572684 1499.88 2617.08 0.558748 0.144338 -9.62329e-05 0.166417 0.000145869
0.0641258 1499.95 2617.12 0.558714 0.144332 -9.62242e-05 0.166427 0.00014587
0.0718156 1499.98 2617.14 0.558698 0.144329 -9.62201e-05 0.166432 0.00014587
0.080439 1499.99 2617.14 0.558692 0.144327 -9.62186e-05 0.166433 0.000145871
0.0901092 1500 2617.15 0.55869 0.144327 -9.62181e-05 0.166434 0.000145871
0.100953 1500 2617.15 0.558689 0.144327 -9.62179e-05 0.166434 0.000145871
0.113114 1500 2617.15 0.558689 0.144327 -9.62179e-05 0.166434 0.000145871
0.126751 1500 2617.15 0.558689 0.144327 -9.62179e-05 0.166434 0.000145871
0.142043 1500 2617.15 0.558689 0.144327 -9.62179e-05 0.166434 0.000145871
0.159192 1500 2617.15 0.558689 0.144327 -9.62179e-05 0.166434 0.000145871
0.178422 1500 2617.15 0.558689 0.144327 -9.62179e-05 0.166434 0.000145871
0.199988 1500 2617.15 0.558689 0.144327 -9.62179e-05 0.166434 0.000145871
