TITLE="Graphics"
VARIABLES= "rj, m", "T, K", "Cp, J/kg*K", "DfCp, J/kg*K^2", "rho, kg/m^3", "Dfrho, kg/m^3*K", "Lambda, Watt/m*K", "DfLambda, Watt/m*K^2"
0 301.47 4185.24 -0.595087 980 0 0.612465 0
1.25e-05 301.47 4185.24 -0.595087 980 0 0.612465 0
3.75e-05 310.316 4181.76 -0.205575 980 0 0.626462 0
6.25e-05 312.578 4181.4 -0.118919 980 0 0.629768 0
8.75e-05 313.698 4181.29 -0.0776981 980 0 0.631362 0
0.0001125 314.469 4181.24 -0.049994 980 0 0.632439 0
0.0001375 315.116 4181.21 -0.0271006 980 0 0.633334 0
0.0001625 315.73 4181.2 -0.00572879 980 0 0.634172 0
0.0001875 316.351 4181.21 0.0156017 980 0 0.635012 0
0.0002125 317.002 4181.22 0.0376233 980 0 0.635882 0
0.0002375 317.695 4181.26 0.0607113 980 0 0.636797 0
0.0002625 318.438 4181.31 0.0850505 980 0 0.637765 0
0.0002875 319.236 4181.39 0.110716 980 0 0.638789 0
0.0003125 320.091 4181.5 0.137716 980 0 0.639871 0
0.0003375 321.005 4181.64 0.166016 980 0 0.641008 0
0.0003625 321.979 4181.81 0.195553 980 0 0.642199 0
0.0003875 323.014 4182.03 0.226245 980 0 0.64344 0
0.0004125 324.11 4182.3 0.258002 980 0 0.644727 0
0.0004375 325.267 4182.61 0.290724 980 0 0.646057 0
0.0004625 326.485 4182.99 0.32431 980 0 0.647425 0
0.0004875 327.762 4183.42 0.358662 980 0 0.648825 0
0.0005125 390.099 1898.91 0.456021 0.554962 -0.00142262 0.0255796 8.5298e-05
0.0005375 542.974 1982.09 0.607886 0.398712 -0.000734312 0.0401654 0.000104332
0.0005625 640.062 2043.57 0.654861 0.338233 -0.000528438 0.0507482 0.000113351
0.0005875 712.938 2092.18 0.677838 0.303659 -0.000425926 0.0592192 0.000118982
0.0006125 771.416 2132.22 0.690617 0.28064 -0.000363799 0.0662943 0.000122913
0.0006375 820.141 2166.06 0.697975 0.263967 -0.000321856 0.0723557 0.000125838
0.0006625 861.754 2195.2 0.702105 0.251221 -0.000291522 0.0776402 0.00012811
0.0006875 897.927 2220.64 0.704176 0.2411 -0.000268507 0.0823076 0.000129929
0.0007125 929.794 2243.09 0.70488 0.232837 -0.000250417 0.0864721 0.00013142
0.0007375 958.167 2263.09 0.704648 0.225942 -0.000235806 0.0902187 0.000132665
0.0007625 983.648 2281.03 0.703766 0.220089 -0.000223748 0.0936126 0.00013372
0.0007875 1006.7 2297.24 0.70243 0.21505 -0.00021362 0.0967051 0.000134626
0.0008125 1027.67 2311.96 0.700774 0.210661 -0.000204989 0.0995373 0.000135412
0.0008375 1046.86 2325.39 0.698897 0.206799 -0.000197542 0.102143 0.000136101
0.0008625 1064.5 2337.7 0.696868 0.203372 -0.000191049 0.104549 0.000136708
0.0008875 1080.78 2349.03 0.694741 0.200309 -0.000185337 0.106779 0.000137249
0.0009125 1095.86 2359.49 0.692552 0.197552 -0.00018027 0.108853 0.000137732
0.0009375 1109.88 2369.18 0.690332 0.195057 -0.000175746 0.110786 0.000138166
0.0009625 1122.95 2378.19 0.688101 0.192788 -0.00017168 0.112594 0.00013856
0.0009875 1135.16 2386.58 0.685876 0.190714 -0.000168006 0.114288 0.000138917
0.0010125 1146.6 2394.41 0.683669 0.18881 -0.000164669 0.11588 0.000139242
0.00104053 1158.61 2402.61 0.681227 0.186853 -0.000161273 0.117554 0.000139575
0.00107197 1171.15 2411.13 0.678539 0.184853 -0.00015784 0.119306 0.000139913
0.00110723 1184.16 2419.94 0.6756 0.182822 -0.00015439 0.121129 0.000140253
0.00114676 1197.59 2428.99 0.672408 0.180771 -0.000150946 0.123015 0.000140593
0.0011911 1211.38 2438.24 0.668965 0.178714 -0.00014753 0.124955 0.000140932
0.00124081 1225.44 2447.62 0.665279 0.176663 -0.000144163 0.12694 0.000141266
0.00129656 1239.7 2457.08 0.661362 0.174631 -0.000140865 0.128957 0.000141593
0.00135908 1254.07 2466.56 0.657234 0.172629 -0.000137655 0.130994 0.000141912
0.00142919 1268.47 2475.99 0.652917 0.170671 -0.000134549 0.133039 0.000142221
0.00150781 1282.79 2485.31 0.64844 0.168765 -0.00013156 0.135079 0.000142517
0.00159598 1296.96 2494.47 0.643835 0.166921 -0.000128701 0.1371 0.0001428
0.00169485 1310.89 2503.4 0.639136 0.165147 -0.00012598 0.139091 0.000143068
0.00180572 1324.5 2512.07 0.634382 0.16345 -0.000123405 0.14104 0.000143321
0.00193005 1337.72 2520.42 0.62961 0.161835 -0.000120978 0.142936 0.000143558
0.00206947 1350.49 2528.43 0.624857 0.160305 -0.000118702 0.14477 0.00014378
0.00222582 1362.75 2536.06 0.62016 0.158863 -0.000116576 0.146534 0.000143986
0.00240114 1374.45 2543.29 0.615553 0.15751 -0.000114599 0.14822 0.000144177
0.00259776 1385.57 2550.11 0.611065 0.156246 -0.000112766 0.149825 0.000144352
0.00281824 1396.09 2556.51 0.606725 0.155069 -0.000111075 0.151343 0.000144513
0.00306548 1405.98 2562.49 0.602554 0.153979 -0.000109517 0.152773 0.000144661
0.00334275 1415.24 2568.06 0.598571 0.152971 -0.000108088 0.154114 0.000144795
0.00365367 1423.88 2573.21 0.59479 0.152043 -0.000106781 0.155365 0.000144917
0.00400233 1431.9 2577.97 0.59122 0.151191 -0.000105587 0.156528 0.000145028
0.00439333 1439.33 2582.35 0.587867 0.150411 -0.000104501 0.157606 0.000145128
0.00483178 1446.17 2586.36 0.584733 0.149699 -0.000103514 0.1586 0.000145219
0.00532347 1452.46 2590.03 0.581818 0.14905 -0.000102619 0.159513 0.000145301
0.00587484 1458.23 2593.38 0.579118 0.148461 -0.00010181 0.160351 0.000145374
0.00649315 1463.49 2596.42 0.576629 0.147928 -0.000101079 0.161116 0.00014544
0.00718653 1468.27 2599.17 0.574342 0.147446 -0.000100421 0.161812 0.000145499
0.00796407 1472.61 2601.66 0.572251 0.147011 -9.98298e-05 0.162444 0.000145552
0.00883601 1476.54 2603.9 0.570347 0.14662 -9.92997e-05 0.163015 0.0001456
0.0098138 1480.07 2605.91 0.568621 0.14627 -9.8826e-05 0.16353 0.000145642
0.0109103 1483.24 2607.71 0.567064 0.145957 -9.8404e-05 0.163992 0.000145679
0.0121399 1486.07 2609.32 0.565667 0.145679 -9.80298e-05 0.164404 0.000145712
0.0135188 1488.58 2610.73 0.564423 0.145434 -9.76998e-05 0.164769 0.000145741
0.015065 1490.79 2611.98 0.563324 0.145219 -9.74109e-05 0.165091 0.000145767
0.016799 1492.71 2613.06 0.562363 0.145032 -9.71602e-05 0.165371 0.000145789
0.0187435 1494.36 2613.99 0.561534 0.144871 -9.69454e-05 0.165612 0.000145807
0.020924 1495.76 2614.77 0.560831 0.144736 -9.67641e-05 0.165816 0.000145823
0.0233692 1496.92 2615.42 0.560247 0.144624 -9.66145e-05 0.165985 0.000145836
0.0261113 1497.85 2615.94 0.559777 0.144534 -9.64942e-05 0.166121 0.000145847
0.0291863 1498.58 2616.35 0.55941 0.144464 -9.64009e-05 0.166226 0.000145855
0.0326345 1499.11 2616.65 0.559138 0.144412 -9.63318e-05 0.166305 0.000145861
0.0365014 1499.49 2616.86 0.558948 0.144376 -9.62835e-05 0.16636 0.000145865
0.0408377 1499.73 2617 0.558825 0.144353 -9.62523e-05 0.166395 0.000145868
0.0457004 1499.87 2617.08 0.558753 0.144339 -9.6234e-05 0.166416 0.000145869
0.0511534 1499.95 2617.12 0.558715 0.144332 -9.62244e-05 0.166427 0.00014587
0.0572684 1499.98 2617.14 0.558698 0.144329 -9.62202e-05 0.166432 0.00014587
0.0641258 1499.99 2617.14 0.558692 0.144327 -9.62185e-05 0.166433 0.000145871
0.0718156 1500 2617.15 0.55869 0.144327 -9.6218e-05 0.166434 0.000145871
0.080439 1500 2617.15 0.558689 0.144327 -9.62179e-05 0.166434 0.000145871
0.0901092 1500 2617.15 0.558689 0.144327 -9.62179e-05 0.166434 0.000145871
0.100953 1500 2617.15 0.558689 0.144327 -9.62179e-05 0.166434 0.000145871
0.113114 1500 2617.15 0.558689 0.144327 -9.62179e-05 0.166434 0.000145871
0.126751 1500 2617.15 0.558689 0.144327 -9.62179e-05 0.166434 0.000145871
0.142043 1500 2617.15 0.558689 0.144327 -9.62179e-05 0.166434 0.000145871
0.159192 1500 2617.15 0.558689 0.144327 -9.62179e-05 0.166434 0.000145871
0.178422 1500 2617.15 0.558689 0.144327 -9.62179e-05 0.166434 0.000145871
0.199988 1500 2617.15 0.558689 0.144327 -9.62179e-05 0.166434 0.000145871
