TITLE="Graphics"
VARIABLES= "rj, m", "T, K", "Cp, J/kg*K", "DfCp, J/kg*K^2", "rho, kg/m^3", "Dfrho, kg/m^3*K", "Lambda, Watt/m*K", "DfLambda, Watt/m*K^2"
0 301.218 4185.39 -0.607505 980 0 0.612046 0
1.25e-05 301.218 4185.39 -0.607505 980 0 0.612046 0
3.75e-05 308.553 4182.19 -0.276541 980 0 0.623801 0
6.25e-05 310.446 4181.74 -0.200473 980 0 0.626655 0
8.75e-05 311.405 4181.56 -0.163275 980 0 0.628069 0
0.0001125 312.085 4181.46 -0.137393 980 0 0.629059 0
0.0001375 312.676 4181.39 -0.115253 980 0 0.62991 0
0.0001625 313.252 4181.33 -0.0939908 980 0 0.63073 0
0.0001875 313.847 4181.28 -0.0723234 980 0 0.63157 0
0.0002125 314.479 4181.24 -0.0496242 980 0 0.632454 0
0.0002375 315.159 4181.21 -0.0255828 980 0 0.633393 0
0.0002625 315.894 4181.2 -5.85008e-05 980 0 0.634395 0
0.0002875 316.686 4181.21 0.0269907 980 0 0.635461 0
0.0003125 317.539 4181.25 0.0555452 980 0 0.636592 0
0.0003375 318.453 4181.31 0.085546 980 0 0.637785 0
0.0003625 319.43 4181.41 0.116908 980 0 0.639037 0
0.0003875 320.47 4181.55 0.149527 980 0 0.640345 0
0.0004125 321.572 4181.73 0.183292 980 0 0.641704 0
0.0004375 322.737 4181.97 0.218083 980 0 0.643109 0
0.0004625 323.963 4182.26 0.253778 980 0 0.644556 0
0.0004875 325.25 4182.61 0.290258 980 0 0.646038 0
0.0005125 388.119 1898.01 0.452812 0.557794 -0.00143717 0.025411 8.49993e-05
0.0005375 542.016 1981.51 0.6073 0.399417 -0.000736909 0.0400656 0.000104233
0.0005625 639.459 2043.18 0.654633 0.338552 -0.000529435 0.0506799 0.000113301
0.0005875 712.536 2091.91 0.677734 0.303831 -0.000426407 0.0591714 0.000118953
0.0006125 771.149 2132.03 0.690569 0.280737 -0.000364051 0.0662615 0.000122896
0.0006375 819.974 2165.94 0.697955 0.264021 -0.000321987 0.0723347 0.000125828
0.0006625 861.666 2195.13 0.702098 0.251246 -0.000291582 0.0776288 0.000128105
0.0006875 897.902 2220.62 0.704175 0.241107 -0.000268522 0.0823043 0.000129928
0.0007125 929.822 2243.11 0.70488 0.23283 -0.000250402 0.0864758 0.000131421
0.0007375 958.24 2263.14 0.704646 0.225925 -0.000235771 0.0902284 0.000132668
0.0007625 983.759 2281.11 0.703761 0.220064 -0.000223697 0.0936275 0.000133725
0.0007875 1006.84 2297.34 0.70242 0.215019 -0.000213558 0.0967247 0.000134632
0.0008125 1027.85 2312.08 0.700758 0.210625 -0.000204919 0.0995611 0.000135419
0.0008375 1047.06 2325.53 0.698875 0.206759 -0.000197465 0.10217 0.000136108
0.0008625 1064.73 2337.86 0.69684 0.203329 -0.000190968 0.10458 0.000136716
0.0008875 1081.03 2349.2 0.694706 0.200263 -0.000185251 0.106813 0.000137257
0.0009125 1096.13 2359.67 0.692511 0.197504 -0.000180182 0.10889 0.00013774
0.0009375 1110.17 2369.38 0.690285 0.195007 -0.000175655 0.110826 0.000138175
0.0009625 1123.25 2378.39 0.688048 0.192736 -0.000171587 0.112636 0.000138569
0.0009875 1135.48 2386.79 0.685817 0.19066 -0.000167912 0.114333 0.000138926
0.0010125 1146.94 2394.64 0.683603 0.188755 -0.000164573 0.115926 0.000139252
0.00104053 1158.96 2402.84 0.681154 0.186797 -0.000161176 0.117603 0.000139584
0.00107197 1171.51 2411.38 0.678459 0.184796 -0.000157742 0.119357 0.000139922
0.00110723 1184.54 2420.2 0.675512 0.182763 -0.000154291 0.121182 0.000140263
0.00114676 1197.99 2429.26 0.672312 0.180712 -0.000150846 0.12307 0.000140603
0.0011911 1211.79 2438.52 0.668859 0.178653 -0.000147429 0.125013 0.000140942
0.00124081 1225.87 2447.91 0.665164 0.176601 -0.000144062 0.127 0.000141276
0.00129656 1240.15 2457.38 0.661237 0.174568 -0.000140764 0.12902 0.000141604
0.00135908 1254.54 2466.86 0.657098 0.172566 -0.000137554 0.13106 0.000141922
0.00142919 1268.95 2476.3 0.652771 0.170606 -0.000134447 0.133107 0.000142231
0.00150781 1283.29 2485.63 0.648283 0.1687 -0.000131459 0.135149 0.000142527
0.00159598 1297.47 2494.79 0.643666 0.166855 -0.0001286 0.137173 0.00014281
0.00169485 1311.42 2503.74 0.638956 0.165081 -0.00012588 0.139166 0.000143078
0.00180572 1325.04 2512.41 0.63419 0.163383 -0.000123304 0.141117 0.000143331
0.00193005 1338.28 2520.77 0.629407 0.161768 -0.000120878 0.143016 0.000143568
0.00206947 1351.06 2528.78 0.624643 0.160238 -0.000118602 0.144852 0.00014379
0.00222582 1363.32 2536.42 0.619935 0.158796 -0.000116477 0.146617 0.000143996
0.00240114 1375.04 2543.66 0.615317 0.157443 -0.0001145 0.148305 0.000144186
0.00259776 1386.17 2550.48 0.61082 0.156178 -0.000112669 0.149911 0.000144362
0.00281824 1396.7 2556.88 0.60647 0.155002 -0.000110977 0.151431 0.000144523
0.00306548 1406.59 2562.87 0.602291 0.153911 -0.000109421 0.152863 0.00014467
0.00334275 1415.87 2568.43 0.5983 0.152903 -0.000107993 0.154204 0.000144804
0.00365367 1424.51 2573.59 0.594511 0.151975 -0.000106686 0.155457 0.000144926
0.00400233 1432.54 2578.35 0.590934 0.151123 -0.000105493 0.156621 0.000145037
0.00439333 1439.97 2582.72 0.587575 0.150344 -0.000104408 0.157699 0.000145137
0.00483178 1446.82 2586.74 0.584437 0.149632 -0.000103422 0.158693 0.000145228
0.00532347 1453.11 2590.41 0.581518 0.148984 -0.000102528 0.159607 0.000145309
0.00587484 1458.87 2593.75 0.578816 0.148396 -0.00010172 0.160444 0.000145382
0.00649315 1464.12 2596.78 0.576326 0.147863 -0.000100991 0.161208 0.000145448
0.00718653 1468.9 2599.53 0.57404 0.147382 -0.000100335 0.161904 0.000145507
0.00796407 1473.24 2602.02 0.57195 0.146949 -9.97455e-05 0.162534 0.00014556
0.00883601 1477.15 2604.25 0.57005 0.146559 -9.92178e-05 0.163104 0.000145607
0.0098138 1480.67 2606.25 0.568329 0.146211 -9.87466e-05 0.163617 0.000145649
0.0109103 1483.82 2608.04 0.56678 0.145901 -9.83277e-05 0.164076 0.000145686
0.0121399 1486.63 2609.63 0.565393 0.145625 -9.7957e-05 0.164484 0.000145719
0.0135188 1489.11 2611.03 0.564162 0.145383 -9.7631e-05 0.164846 0.000145747
0.015065 1491.28 2612.25 0.563078 0.145171 -9.73465e-05 0.165162 0.000145772
0.016799 1493.16 2613.32 0.562135 0.144988 -9.7101e-05 0.165437 0.000145794
0.0187435 1494.77 2614.22 0.561327 0.144831 -9.68919e-05 0.165672 0.000145812
0.020924 1496.12 2614.98 0.560647 0.144701 -9.6717e-05 0.165869 0.000145827
0.0233692 1497.23 2615.6 0.56009 0.144594 -9.65741e-05 0.16603 0.00014584
0.0261113 1498.11 2616.09 0.559646 0.144509 -9.64609e-05 0.166158 0.00014585
0.0291863 1498.78 2616.46 0.559308 0.144444 -9.63747e-05 0.166256 0.000145857
0.0326345 1499.26 2616.73 0.559062 0.144398 -9.63125e-05 0.166327 0.000145862
0.0365014 1499.59 2616.92 0.558896 0.144366 -9.62703e-05 0.166375 0.000145866
0.0408377 1499.8 2617.03 0.558793 0.144347 -9.62441e-05 0.166404 0.000145868
0.0457004 1499.91 2617.1 0.558735 0.144336 -9.62295e-05 0.166421 0.00014587
0.0511534 1499.97 2617.13 0.558706 0.14433 -9.62223e-05 0.166429 0.00014587
0.0572684 1499.99 2617.14 0.558695 0.144328 -9.62193e-05 0.166433 0.000145871
0.0641258 1500 2617.14 0.558691 0.144327 -9.62183e-05 0.166434 0.000145871
0.0718156 1500 2617.15 0.558689 0.144327 -9.6218e-05 0.166434 0.000145871
0.080439 1500 2617.15 0.558689 0.144327 -9.62179e-05 0.166434 0.000145871
0.0901092 1500 2617.15 0.558689 0.144327 -9.62179e-05 0.166434 0.000145871
0.100953 1500 2617.15 0.558689 0.144327 -9.62179e-05 0.166434 0.000145871
0.113114 1500 2617.15 0.558689 0.144327 -9.62179e-05 0.166434 0.000145871
0.126751 1500 2617.15 0.558689 0.144327 -9.62179e-05 0.166434 0.000145871
0.142043 1500 2617.15 0.558689 0.144327 -9.62179e-05 0.166434 0.000145871
0.159192 1500 2617.15 0.558689 0.144327 -9.62179e-05 0.166434 0.000145871
0.178422 1500 2617.15 0.558689 0.144327 -9.62179e-05 0.166434 0.000145871
0.199988 1500 2617.15 0.558689 0.144327 -9.62179e-05 0.166434 0.000145871
