TITLE="Graphics"
VARIABLES= "rj, m", "T, K", "Cp, J/kg*K", "DfCp, J/kg*K^2", "rho, kg/m^3", "Dfrho, kg/m^3*K", "Lambda, Watt/m*K", "DfLambda, Watt/m*K^2"
0 336.784 4187.68 0.578804 980 0 0.657744 0
1.38889e-05 336.784 4187.68 0.578804 980 0 0.657744 0
2.77778e-05 336.812 4187.7 0.579439 980 0 0.657769 0
4.16667e-05 336.863 4187.73 0.580577 980 0 0.657815 0
5.55556e-05 336.935 4187.77 0.582201 980 0 0.65788 0
6.94444e-05 337.029 4187.82 0.584303 980 0 0.657963 0
9.72222e-05 337.265 4187.96 0.589607 980 0 0.658174 0
0.000125 337.592 4188.15 0.596883 980 0 0.658464 0
0.000152778 338.005 4188.4 0.606036 980 0 0.658826 0
0.000180556 338.503 4188.71 0.616998 980 0 0.65926 0
0.000208333 339.085 4189.07 0.62971 980 0 0.65976 0
0.000236111 339.751 4189.49 0.644111 980 0 0.660325 0
0.000263889 340.5 4189.98 0.66014 980 0 0.66095 0
0.000291667 341.331 4190.54 0.677737 980 0 0.661631 0
0.000319444 342.243 4191.17 0.696838 980 0 0.662364 0
0.000347222 343.237 4191.87 0.717383 980 0 0.663146 0
0.000375 344.312 4192.65 0.739313 980 0 0.66397 0
0.000402778 345.467 4193.52 0.762572 980 0 0.664833 0
0.000430556 346.701 4194.48 0.787109 980 0 0.665729 0
0.000458333 348.014 4195.53 0.81288 980 0 0.666653 0
0.000486111 349.406 4196.68 0.839848 980 0 0.6676 0
0.0005 358.666 4196.68 0.839848 980 0 0.6676 0
0.000513889 413.34 1909.92 0.490178 0.523758 -0.00126714 0.0276018 8.86854e-05
0.000541667 568.304 1997.68 0.622405 0.380941 -0.000670311 0.0428407 0.000106874
0.000569444 666.741 2061.17 0.664285 0.324699 -0.000486995 0.0538014 0.000115514
0.000597222 740.385 2110.88 0.684405 0.292402 -0.000394933 0.0625113 0.000120887
0.000625 799.245 2151.5 0.695165 0.270869 -0.000338906 0.0697388 0.00012462
0.000652778 848.09 2185.61 0.700959 0.255268 -0.000300992 0.0758946 0.000127386
0.000680556 889.642 2214.8 0.703823 0.243345 -0.000273532 0.0812328 0.000129524
0.000708333 925.625 2240.15 0.704846 0.233886 -0.000252679 0.0859245 0.00013123
0.000736111 957.212 2262.41 0.704669 0.226168 -0.000236278 0.090092 0.000132624
0.000763889 985.24 2282.15 0.70369 0.219734 -0.000223026 0.0938256 0.000133784
0.000791667 1010.33 2299.79 0.702173 0.214277 -0.000212086 0.0971946 0.000134765
0.000819444 1032.96 2315.66 0.700291 0.209583 -0.000202896 0.100253 0.000135605
0.000847222 1053.49 2330.02 0.698168 0.205498 -0.000195064 0.103045 0.000136332
0.000875 1072.23 2343.08 0.695889 0.201907 -0.000188307 0.105606 0.000136967
0.000902778 1089.4 2355.01 0.693515 0.198723 -0.000182415 0.107964 0.000137527
0.000930556 1105.22 2365.96 0.69109 0.19588 -0.000177231 0.110143 0.000138023
0.000958333 1119.84 2376.05 0.688646 0.193323 -0.000172634 0.112164 0.000138467
0.000986111 1133.4 2385.37 0.686206 0.19101 -0.000168529 0.114043 0.000138866
0.00101389 1146.01 2394 0.683787 0.188908 -0.00016484 0.115797 0.000139226
0.00104167 1157.77 2402.04 0.681402 0.186989 -0.000161507 0.117437 0.000139552
0.00106944 1168.78 2409.52 0.679058 0.185228 -0.00015848 0.118974 0.000139849
0.00110053 1180.28 2417.32 0.676492 0.183423 -0.000155407 0.120584 0.000140152
0.00113532 1192.24 2425.39 0.673699 0.181583 -0.000152304 0.122263 0.000140459
0.00117424 1204.61 2433.71 0.670677 0.179718 -0.000149193 0.124002 0.000140767
0.00121781 1217.33 2442.22 0.667426 0.17784 -0.000146091 0.125795 0.000141075
0.00126656 1230.34 2450.88 0.663954 0.17596 -0.000143018 0.127632 0.00014138
0.00132111 1243.56 2459.63 0.660271 0.174089 -0.000139992 0.129504 0.00014168
0.00138216 1256.93 2468.43 0.656393 0.172238 -0.00013703 0.131399 0.000141974
0.00145048 1270.35 2477.22 0.652338 0.170417 -0.000134149 0.133307 0.00014226
0.00152694 1283.76 2485.93 0.648132 0.168638 -0.000131362 0.135216 0.000142536
0.0016125 1297.06 2494.53 0.643802 0.166908 -0.000128681 0.137114 0.000142801
0.00170824 1310.19 2502.95 0.639378 0.165236 -0.000126116 0.13899 0.000143054
0.00181538 1323.06 2511.15 0.634894 0.163628 -0.000123674 0.140833 0.000143295
0.00193529 1335.61 2519.09 0.630383 0.162091 -0.000121361 0.142633 0.000143521
0.00206947 1347.78 2526.73 0.625878 0.160628 -0.00011918 0.14438 0.000143734
0.00221962 1359.51 2534.05 0.621414 0.159242 -0.000117132 0.146067 0.000143932
0.00238765 1370.75 2541.01 0.617022 0.157935 -0.000115218 0.147687 0.000144117
0.00257569 1381.48 2547.61 0.612729 0.156709 -0.000113435 0.149234 0.000144288
0.00278612 1391.67 2553.83 0.608562 0.155562 -0.000111781 0.150705 0.000144446
0.00302161 1401.29 2559.66 0.604542 0.154494 -0.000110251 0.152095 0.000144591
0.00328513 1410.34 2565.12 0.600689 0.153503 -0.000108841 0.153404 0.000144724
0.00358003 1418.81 2570.19 0.597015 0.152586 -0.000107545 0.154631 0.000144846
0.00391004 1426.72 2574.9 0.593533 0.15174 -0.000106356 0.155777 0.000144957
0.00427935 1434.06 2579.25 0.590248 0.150963 -0.000105269 0.156842 0.000145058
0.00469263 1440.87 2583.25 0.587165 0.15025 -0.000104277 0.157829 0.000145149
0.00515512 1447.15 2586.93 0.584284 0.149598 -0.000103374 0.158741 0.000145232
0.00567267 1452.93 2590.3 0.581603 0.149003 -0.000102554 0.159581 0.000145307
0.00625185 1458.23 2593.38 0.579117 0.148461 -0.000101809 0.160351 0.000145374
0.00689999 1463.08 2596.18 0.576822 0.147969 -0.000101135 0.161056 0.000145435
0.0076253 1467.51 2598.73 0.57471 0.147523 -0.000100526 0.1617 0.00014549
0.00843697 1471.54 2601.04 0.572773 0.147119 -9.99763e-05 0.162287 0.000145539
0.00934528 1475.19 2603.13 0.571002 0.146754 -9.9481e-05 0.162819 0.000145584
0.0103617 1478.51 2605.02 0.569388 0.146425 -9.90357e-05 0.163302 0.000145623
0.0114992 1481.5 2606.72 0.567922 0.146129 -9.86361e-05 0.163737 0.000145659
0.0127722 1484.19 2608.25 0.566596 0.145864 -9.82783e-05 0.16413 0.00014569
0.0141967 1486.61 2609.62 0.565401 0.145627 -9.79589e-05 0.164482 0.000145718
0.0157908 1488.77 2610.84 0.564328 0.145415 -9.76747e-05 0.164797 0.000145743
0.0175747 1490.69 2611.93 0.56337 0.145228 -9.7423e-05 0.165077 0.000145766
0.019571 1492.39 2612.88 0.562521 0.145063 -9.72013e-05 0.165325 0.000145785
0.021805 1493.88 2613.72 0.561775 0.144918 -9.70075e-05 0.165542 0.000145802
0.024305 1495.18 2614.45 0.561125 0.144792 -9.68397e-05 0.165731 0.000145817
0.0271027 1496.29 2615.07 0.560566 0.144685 -9.66962e-05 0.165892 0.000145829
0.0302335 1497.22 2615.59 0.560095 0.144595 -9.65756e-05 0.166029 0.00014584
0.033737 1497.99 2616.02 0.559707 0.144521 -9.64763e-05 0.166141 0.000145848
0.0376577 1498.61 2616.37 0.559395 0.144461 -9.63969e-05 0.166231 0.000145855
0.0420453 1499.08 2616.63 0.559154 0.144415 -9.63358e-05 0.1663 0.00014586
0.0469552 1499.43 2616.83 0.558977 0.144381 -9.62908e-05 0.166351 0.000145864
0.0524498 1499.67 2616.96 0.558854 0.144358 -9.62596e-05 0.166387 0.000145867
0.0585986 1499.83 2617.05 0.558775 0.144343 -9.62396e-05 0.166409 0.000145869
0.0654795 1499.92 2617.1 0.558729 0.144334 -9.6228e-05 0.166423 0.00014587
0.0731797 1499.97 2617.13 0.558705 0.14433 -9.6222e-05 0.16643 0.00014587
0.0817967 1499.99 2617.14 0.558695 0.144328 -9.62193e-05 0.166433 0.000145871
0.0914397 1500 2617.14 0.558691 0.144327 -9.62183e-05 0.166434 0.000145871
0.102231 1500 2617.15 0.558689 0.144327 -9.6218e-05 0.166434 0.000145871
0.114307 1500 2617.15 0.558689 0.144327 -9.62179e-05 0.166434 0.000145871
0.127821 1500 2617.15 0.558689 0.144327 -9.62179e-05 0.166434 0.000145871
0.142944 1500 2617.15 0.558689 0.144327 -9.62179e-05 0.166434 0.000145871
0.159868 1500 2617.15 0.558689 0.144327 -9.62179e-05 0.166434 0.000145871
0.178806 1500 2617.15 0.558689 0.144327 -9.62179e-05 0.166434 0.000145871
0.2 1500 2617.15 0.558689 0.144327 -9.62179e-05 0.166434 0.000145871
