TITLE="Graphics"
VARIABLES= "rj, m", "T, K", "Cp, J/kg*K", "DfCp, J/kg*K^2", "rho, kg/m^3", "Dfrho, kg/m^3*K", "Lambda, Watt/m*K", "DfLambda, Watt/m*K^2"
0 304.162 4183.81 -0.46733 980 0 0.616882 0
1.25e-05 304.162 4183.81 -0.46733 980 0 0.616882 0
3.75e-05 328.998 4183.89 0.391054 980 0 0.650146 0
6.25e-05 335.089 4186.73 0.540099 980 0 0.656194 0
8.75e-05 337.886 4188.33 0.603417 980 0 0.658723 0
0.0001125 339.582 4189.39 0.640479 980 0 0.660183 0
0.0001375 340.806 4190.19 0.666641 980 0 0.661202 0
0.0001625 341.802 4190.86 0.687626 980 0 0.662011 0
0.0001875 342.687 4191.48 0.706039 980 0 0.662715 0
0.0002125 343.523 4192.07 0.723231 980 0 0.663366 0
0.0002375 344.344 4192.68 0.739964 980 0 0.663994 0
0.0002625 345.174 4193.3 0.756696 980 0 0.664616 0
0.0002875 346.025 4193.95 0.773714 980 0 0.665242 0
0.0003125 346.908 4194.64 0.791203 980 0 0.665877 0
0.0003375 347.83 4195.38 0.809285 980 0 0.666525 0
0.0003625 348.794 4196.17 0.828042 980 0 0.667188 0
0.0003875 349.805 4197.01 0.847529 980 0 0.667865 0
0.0004125 350.865 4197.92 0.867785 980 0 0.668557 0
0.0004375 351.975 4198.9 0.888837 980 0 0.669261 0
0.0004625 353.137 4199.94 0.910706 980 0 0.669976 0
0.0004875 354.352 4201.06 0.933408 980 0 0.6707 0
0.0005125 411.731 1909.14 0.488004 0.525805 -0.00127706 0.0274593 8.84577e-05
0.0005375 554.68 1989.25 0.614829 0.390297 -0.000703644 0.0413938 0.000105525
0.0005625 648.233 2048.93 0.657881 0.33397 -0.0005152 0.0516772 0.000114027
0.0005875 719.114 2096.38 0.679408 0.301051 -0.000418642 0.0599554 0.00011942
0.0006125 776.26 2135.57 0.691477 0.278889 -0.000359272 0.0668905 0.000123217
0.0006375 824.012 2168.76 0.698441 0.262727 -0.000318839 0.0728433 0.000126058
0.0006625 864.874 2197.39 0.702338 0.250314 -0.000289423 0.0780401 0.000128272
0.0006875 900.442 2222.41 0.704269 0.240427 -0.00026701 0.0826345 0.00013005
0.0007125 931.81 2244.51 0.704889 0.232333 -0.000249335 0.0867371 0.000131511
0.0007375 959.761 2264.21 0.704611 0.225567 -0.000235024 0.0904302 0.000132733
0.0007625 984.878 2281.9 0.703708 0.219814 -0.000223189 0.0937772 0.00013377
0.0007875 1007.61 2297.88 0.702366 0.214855 -0.000213232 0.0968283 0.000134661
0.0008125 1028.31 2312.4 0.700717 0.210531 -0.000204735 0.0996235 0.000135436
0.0008375 1047.25 2325.66 0.698855 0.206722 -0.000197395 0.102196 0.000136114
0.0008625 1064.67 2337.81 0.696848 0.20334 -0.000190989 0.104572 0.000136714
0.0008875 1080.75 2349 0.694745 0.200315 -0.000185348 0.106775 0.000137247
0.0009125 1095.65 2359.34 0.692585 0.197591 -0.000180341 0.108823 0.000137725
0.0009375 1109.5 2368.92 0.690395 0.195124 -0.000175866 0.110734 0.000138155
0.0009625 1122.41 2377.82 0.688195 0.192879 -0.000171843 0.11252 0.000138544
0.0009875 1134.49 2386.11 0.686002 0.190827 -0.000168205 0.114195 0.000138897
0.0010125 1145.8 2393.86 0.683828 0.188942 -0.0001649 0.115768 0.00013922
0.00104053 1157.68 2401.97 0.681422 0.187004 -0.000161534 0.117423 0.000139549
0.00107197 1170.07 2410.4 0.678775 0.185023 -0.00015813 0.119155 0.000139884
0.00110723 1182.94 2419.12 0.675881 0.18301 -0.000154707 0.120958 0.000140221
0.00114676 1196.23 2428.08 0.672738 0.180977 -0.000151289 0.122824 0.000140559
0.0011911 1209.87 2437.23 0.669349 0.178936 -0.000147897 0.124743 0.000140895
0.00124081 1223.79 2446.52 0.665721 0.176901 -0.000144552 0.126707 0.000141227
0.00129656 1237.9 2455.89 0.661866 0.174884 -0.000141275 0.128702 0.000141553
0.00135908 1252.13 2465.28 0.657803 0.172898 -0.000138083 0.130718 0.00014187
0.00142919 1266.38 2474.62 0.653555 0.170952 -0.000134993 0.132742 0.000142177
0.00150781 1280.56 2483.86 0.649149 0.169058 -0.000132019 0.134761 0.000142471
0.00159598 1294.6 2492.94 0.644617 0.167226 -0.000129172 0.136762 0.000142753
0.00169485 1308.39 2501.8 0.639993 0.165463 -0.000126463 0.138733 0.00014302
0.00180572 1321.87 2510.4 0.635314 0.163775 -0.000123897 0.140663 0.000143273
0.00193005 1334.97 2518.69 0.630617 0.162169 -0.000121478 0.142541 0.00014351
0.00206947 1347.61 2526.63 0.62594 0.160647 -0.000119208 0.144357 0.000143731
0.00222582 1359.76 2534.21 0.621316 0.159212 -0.000117088 0.146104 0.000143937
0.00240114 1371.36 2541.39 0.616781 0.157865 -0.000115116 0.147775 0.000144127
0.00259776 1382.38 2548.16 0.612364 0.156607 -0.000113288 0.149364 0.000144302
0.00281824 1392.8 2554.52 0.608091 0.155435 -0.000111599 0.150869 0.000144464
0.00306548 1402.61 2560.46 0.603984 0.154348 -0.000110044 0.152286 0.000144611
0.00334275 1411.79 2565.99 0.600061 0.153344 -0.000108616 0.153615 0.000144746
0.00365367 1420.36 2571.12 0.596336 0.152419 -0.00010731 0.154856 0.000144868
0.00400233 1428.33 2575.85 0.592818 0.151569 -0.000106117 0.15601 0.000144979
0.00439333 1435.7 2580.21 0.589512 0.150791 -0.00010503 0.157079 0.00014508
0.00483178 1442.5 2584.21 0.586421 0.15008 -0.000104042 0.158066 0.000145171
0.00532347 1448.75 2587.87 0.583544 0.149432 -0.000103146 0.158974 0.000145253
0.00587484 1454.48 2591.2 0.580876 0.148844 -0.000102334 0.159807 0.000145327
0.00649315 1459.72 2594.24 0.578412 0.148309 -0.000101601 0.160568 0.000145393
0.00718653 1464.5 2597 0.576145 0.147825 -0.000100939 0.161263 0.000145453
0.00796407 1468.85 2599.5 0.574067 0.147388 -0.000100343 0.161895 0.000145507
0.00883601 1472.79 2601.76 0.572167 0.146993 -9.98061e-05 0.162469 0.000145555
0.0098138 1476.36 2603.8 0.570436 0.146638 -9.93243e-05 0.162989 0.000145598
0.0109103 1479.58 2605.63 0.568864 0.146319 -9.88924e-05 0.163458 0.000145636
0.0121399 1482.48 2607.28 0.567441 0.146033 -9.85059e-05 0.16388 0.00014567
0.0135188 1485.08 2608.76 0.566158 0.145777 -9.81608e-05 0.164259 0.000145701
0.015065 1487.41 2610.07 0.565004 0.145548 -9.78537e-05 0.164599 0.000145728
0.016799 1489.49 2611.24 0.563973 0.145346 -9.75812e-05 0.164901 0.000145752
0.0187435 1491.33 2612.28 0.563055 0.145166 -9.73405e-05 0.165169 0.000145773
0.020924 1492.95 2613.19 0.562244 0.145009 -9.71292e-05 0.165406 0.000145791
0.0233692 1494.36 2613.99 0.561533 0.144871 -9.69451e-05 0.165612 0.000145807
0.0261113 1495.59 2614.68 0.560918 0.144753 -9.67864e-05 0.165791 0.000145821
0.0291863 1496.63 2615.26 0.560392 0.144652 -9.66514e-05 0.165943 0.000145833
0.0326345 1497.51 2615.75 0.55995 0.144567 -9.65385e-05 0.166071 0.000145843
0.0365014 1498.22 2616.15 0.559589 0.144498 -9.64465e-05 0.166175 0.000145851
0.0408377 1498.79 2616.47 0.559303 0.144444 -9.63736e-05 0.166257 0.000145857
0.0457004 1499.22 2616.71 0.559085 0.144402 -9.63182e-05 0.16632 0.000145862
0.0511534 1499.53 2616.88 0.558927 0.144372 -9.62783e-05 0.166366 0.000145865
0.0572684 1499.74 2617 0.558821 0.144352 -9.62513e-05 0.166396 0.000145868
0.0641258 1499.87 2617.07 0.558755 0.144339 -9.62345e-05 0.166415 0.000145869
0.0718156 1499.94 2617.11 0.558718 0.144332 -9.62252e-05 0.166426 0.00014587
0.080439 1499.98 2617.13 0.5587 0.144329 -9.62207e-05 0.166431 0.00014587
0.0901092 1499.99 2617.14 0.558693 0.144327 -9.62188e-05 0.166433 0.000145871
0.100953 1500 2617.15 0.55869 0.144327 -9.62181e-05 0.166434 0.000145871
0.113114 1500 2617.15 0.558689 0.144327 -9.62179e-05 0.166434 0.000145871
0.126751 1500 2617.15 0.558689 0.144327 -9.62179e-05 0.166434 0.000145871
0.142043 1500 2617.15 0.558689 0.144327 -9.62179e-05 0.166434 0.000145871
0.159192 1500 2617.15 0.558689 0.144327 -9.62179e-05 0.166434 0.000145871
0.178422 1500 2617.15 0.558689 0.144327 -9.62179e-05 0.166434 0.000145871
0.199988 1500 2617.15 0.558689 0.144327 -9.62179e-05 0.166434 0.000145871
