TITLE="Graphics"
VARIABLES= "rj, m", "T, K", "Cp, J/kg*K", "DfCp, J/kg*K^2", "rho, kg/m^3", "Dfrho, kg/m^3*K", "Lambda, Watt/m*K", "DfLambda, Watt/m*K^2"
0 300.451 4185.87 -0.645737 980 0 0.610766 0
1.25e-05 300.451 4185.87 -0.645737 980 0 0.610766 0
3.75e-05 303.177 4184.3 -0.513052 980 0 0.61528 0
6.25e-05 303.929 4183.92 -0.478065 980 0 0.616504 0
8.75e-05 304.371 4183.72 -0.457756 980 0 0.61722 0
0.0001125 304.75 4183.55 -0.440534 980 0 0.617831 0
0.0001375 305.138 4183.38 -0.423112 980 0 0.618453 0
0.0001625 305.562 4183.2 -0.404225 980 0 0.61913 0
0.0001875 306.037 4183.02 -0.383296 980 0 0.619885 0
0.0002125 306.572 4182.82 -0.360047 980 0 0.620728 0
0.0002375 307.171 4182.61 -0.334353 980 0 0.621667 0
0.0002625 307.839 4182.4 -0.306177 980 0 0.622703 0
0.0002875 308.577 4182.18 -0.275546 980 0 0.623838 0
0.0003125 309.389 4181.97 -0.242535 980 0 0.625071 0
0.0003375 310.274 4181.77 -0.207258 980 0 0.626398 0
0.0003625 311.233 4181.59 -0.169861 980 0 0.627817 0
0.0003875 312.268 4181.44 -0.130517 980 0 0.629322 0
0.0004125 313.377 4181.31 -0.0894221 980 0 0.630907 0
0.0004375 314.559 4181.23 -0.0467876 980 0 0.632564 0
0.0004625 315.813 4181.2 -0.00283528 980 0 0.634286 0
0.0004875 317.139 4181.23 0.0422088 980 0 0.636063 0
0.0005125 381.943 1895.25 0.442465 0.566812 -0.00148402 0.024889 8.40568e-05
0.0005375 539.517 1979.99 0.605755 0.401267 -0.000743753 0.0398054 0.000103974
0.0005625 638.253 2042.39 0.654175 0.339192 -0.000531438 0.0505432 0.0001132
0.0005875 712.081 2091.6 0.677616 0.304025 -0.000426953 0.0591172 0.00011892
0.0006125 771.211 2132.08 0.69058 0.280715 -0.000363992 0.0662691 0.0001229
0.0006375 820.424 2166.26 0.69801 0.263876 -0.000321634 0.0723913 0.000125854
0.0006625 862.422 2195.67 0.702156 0.251026 -0.000291071 0.0777258 0.000128145
0.0006875 898.911 2221.33 0.704213 0.240836 -0.00026792 0.0824354 0.000129976
0.0007125 931.043 2243.97 0.704886 0.232524 -0.000249746 0.0866362 0.000131476
0.0007375 959.643 2264.13 0.704614 0.225595 -0.000235082 0.0904145 0.000132728
0.0007625 985.321 2282.21 0.703686 0.219715 -0.000222989 0.0938364 0.000133788
0.0007875 1008.54 2298.54 0.702301 0.214657 -0.000212838 0.0969539 0.000134697
0.0008125 1029.67 2313.36 0.700594 0.210251 -0.000204192 0.0998085 0.000135485
0.0008375 1049 2326.88 0.698666 0.206377 -0.000196736 0.102434 0.000136176
0.0008625 1066.77 2339.28 0.696587 0.20294 -0.000190238 0.104859 0.000136785
0.0008875 1083.16 2350.68 0.694409 0.199869 -0.000184523 0.107106 0.000137326
0.0009125 1098.35 2361.21 0.692172 0.197105 -0.000179456 0.109195 0.00013781
0.0009375 1112.46 2370.96 0.689904 0.194605 -0.000174932 0.111143 0.000138245
0.0009625 1125.61 2380.02 0.687627 0.192331 -0.000170867 0.112964 0.000138638
0.0009875 1137.91 2388.46 0.685357 0.190253 -0.000167195 0.11467 0.000138996
0.0010125 1149.43 2396.34 0.683106 0.188346 -0.000163861 0.116274 0.000139321
0.00104053 1161.52 2404.58 0.680617 0.186386 -0.000160468 0.11796 0.000139654
0.00107197 1174.13 2413.15 0.677878 0.184383 -0.000157038 0.119724 0.000139992
0.00110723 1187.23 2422.01 0.674885 0.182349 -0.000153592 0.121559 0.000140332
0.00114676 1200.75 2431.11 0.671635 0.180296 -0.000150153 0.123459 0.000140672
0.0011911 1214.62 2440.41 0.668131 0.178237 -0.000146743 0.125413 0.00014101
0.00124081 1228.77 2449.84 0.66438 0.176184 -0.000143382 0.127411 0.000141343
0.00129656 1243.12 2459.34 0.660397 0.17415 -0.000140091 0.129441 0.00014167
0.00135908 1257.58 2468.86 0.656199 0.172148 -0.000136888 0.131492 0.000141988
0.00142919 1272.06 2478.33 0.651811 0.170188 -0.000133789 0.13355 0.000142296
0.00150781 1286.48 2487.69 0.647261 0.168282 -0.000130808 0.135603 0.000142591
0.00159598 1300.73 2496.89 0.642581 0.166437 -0.000127957 0.137638 0.000142873
0.00169485 1314.74 2505.86 0.637809 0.164664 -0.000125244 0.139642 0.00014314
0.00180572 1328.43 2514.56 0.632981 0.162967 -0.000122676 0.141603 0.000143392
0.00193005 1341.73 2522.94 0.628135 0.161352 -0.000120257 0.143511 0.000143629
0.00206947 1354.56 2530.97 0.623311 0.159823 -0.000117989 0.145356 0.000143849
0.00222582 1366.89 2538.62 0.618544 0.158382 -0.000115871 0.14713 0.000144054
0.00240114 1378.65 2545.88 0.61387 0.15703 -0.000113901 0.148826 0.000144244
0.00259776 1389.83 2552.71 0.609319 0.155767 -0.000112076 0.15044 0.000144418
0.00281824 1400.39 2559.12 0.604918 0.154592 -0.000110392 0.151966 0.000144578
0.00306548 1410.33 2565.11 0.600691 0.153503 -0.000108842 0.153403 0.000144724
0.00334275 1419.63 2570.68 0.596657 0.152497 -0.00010742 0.15475 0.000144858
0.00365367 1428.3 2575.84 0.592829 0.151572 -0.00010612 0.156006 0.000144979
0.00400233 1436.35 2580.6 0.589218 0.150723 -0.000104935 0.157173 0.000145088
0.00439333 1443.79 2584.97 0.58583 0.149946 -0.000103856 0.158253 0.000145188
0.00483178 1450.64 2588.97 0.582668 0.149238 -0.000102877 0.159248 0.000145277
0.00532347 1456.92 2592.62 0.579732 0.148594 -0.000101992 0.160161 0.000145358
0.00587484 1462.66 2595.94 0.57702 0.148011 -0.000101193 0.160996 0.00014543
0.00649315 1467.89 2598.95 0.574527 0.147484 -0.000100474 0.161756 0.000145495
0.00718653 1472.62 2601.66 0.572248 0.14701 -9.98289e-05 0.162445 0.000145553
0.00796407 1476.89 2604.1 0.570177 0.146585 -9.92527e-05 0.163066 0.000145604
0.00883601 1480.72 2606.28 0.568305 0.146206 -9.87401e-05 0.163624 0.000145649
0.0098138 1484.13 2608.22 0.566627 0.14587 -9.82867e-05 0.164121 0.00014569
0.0109103 1487.14 2609.92 0.565136 0.145574 -9.78886e-05 0.16456 0.000145725
0.0121399 1489.78 2611.41 0.563825 0.145317 -9.75422e-05 0.164944 0.000145755
0.0135188 1492.06 2612.7 0.562687 0.145095 -9.72444e-05 0.165277 0.000145781
0.015065 1494 2613.78 0.561716 0.144907 -9.69923e-05 0.165559 0.000145803
0.016799 1495.61 2614.69 0.560905 0.14475 -9.67833e-05 0.165794 0.000145821
0.0187435 1496.92 2615.42 0.560247 0.144624 -9.66144e-05 0.165985 0.000145836
0.020924 1497.94 2615.99 0.559731 0.144525 -9.64826e-05 0.166134 0.000145848
0.0233692 1498.7 2616.42 0.559345 0.144452 -9.63843e-05 0.166245 0.000145856
0.0261113 1499.24 2616.72 0.559072 0.1444 -9.6315e-05 0.166324 0.000145862
0.0291863 1499.6 2616.92 0.558893 0.144366 -9.62696e-05 0.166375 0.000145866
0.0326345 1499.81 2617.04 0.558786 0.144345 -9.62425e-05 0.166406 0.000145869
0.0365014 1499.92 2617.1 0.55873 0.144335 -9.62281e-05 0.166423 0.00014587
0.0408377 1499.97 2617.13 0.558703 0.14433 -9.62215e-05 0.16643 0.00014587
0.0457004 1499.99 2617.14 0.558693 0.144328 -9.6219e-05 0.166433 0.000145871
0.0511534 1500 2617.15 0.55869 0.144327 -9.62181e-05 0.166434 0.000145871
0.0572684 1500 2617.15 0.558689 0.144327 -9.62179e-05 0.166434 0.000145871
0.0641258 1500 2617.15 0.558689 0.144327 -9.62179e-05 0.166434 0.000145871
0.0718156 1500 2617.15 0.558689 0.144327 -9.62179e-05 0.166434 0.000145871
0.080439 1500 2617.15 0.558689 0.144327 -9.62179e-05 0.166434 0.000145871
0.0901092 1500 2617.15 0.558689 0.144327 -9.62179e-05 0.166434 0.000145871
0.100953 1500 2617.15 0.558689 0.144327 -9.62179e-05 0.166434 0.000145871
0.113114 1500 2617.15 0.558689 0.144327 -9.62179e-05 0.166434 0.000145871
0.126751 1500 2617.15 0.558689 0.144327 -9.62179e-05 0.166434 0.000145871
0.142043 1500 2617.15 0.558689 0.144327 -9.62179e-05 0.166434 0.000145871
0.159192 1500 2617.15 0.558689 0.144327 -9.62179e-05 0.166434 0.000145871
0.178422 1500 2617.15 0.558689 0.144327 -9.62179e-05 0.166434 0.000145871
0.199988 1500 2617.15 0.558689 0.144327 -9.62179e-05 0.166434 0.000145871
