TITLE="Graphics"
VARIABLES= "rj, m", "T, K", "Cp, J/kg*K", "DfCp, J/kg*K^2", "rho, kg/m^3", "Dfrho, kg/m^3*K", "Lambda, Watt/m*K", "DfLambda, Watt/m*K^2"
0 301.797 4185.05 -0.579088 980 0 0.613008 0
1.25e-05 301.797 4185.05 -0.579088 980 0 0.613008 0
3.75e-05 312.601 4181.4 -0.11806 980 0 0.629802 0
6.25e-05 315.337 4181.21 -0.0193805 980 0 0.633636 0
8.75e-05 316.665 4181.21 0.0262819 980 0 0.635433 0
0.0001125 317.551 4181.25 0.0559279 980 0 0.636607 0
0.0001375 318.269 4181.3 0.0795555 980 0 0.637546 0
0.0001625 318.93 4181.36 0.100934 980 0 0.638398 0
0.0001875 319.584 4181.43 0.121766 980 0 0.639231 0
0.0002125 320.257 4181.52 0.142906 980 0 0.640079 0
0.0002375 320.965 4181.63 0.164804 980 0 0.640959 0
0.0002625 321.718 4181.76 0.187696 980 0 0.641881 0
0.0002875 322.521 4181.92 0.211697 980 0 0.642851 0
0.0003125 323.377 4182.11 0.23685 980 0 0.643869 0
0.0003375 324.29 4182.34 0.263146 980 0 0.644936 0
0.0003625 325.261 4182.61 0.29055 980 0 0.64605 0
0.0003875 326.29 4182.93 0.319006 980 0 0.647209 0
0.0004125 327.379 4183.29 0.348445 980 0 0.648408 0
0.0004375 328.526 4183.71 0.378792 980 0 0.649646 0
0.0004625 329.733 4184.18 0.409967 980 0 0.650917 0
0.0004875 330.999 4184.72 0.441892 980 0 0.652217 0
0.0005125 392.666 1900.09 0.460105 0.551335 -0.00140408 0.025799 8.56828e-05
0.0005375 544.24 1982.86 0.608657 0.397785 -0.0007309 0.0402976 0.000104463
0.0005625 640.875 2044.1 0.655167 0.337804 -0.000527099 0.0508403 0.000113419
0.0005875 713.493 2092.56 0.677981 0.303423 -0.000425265 0.0592852 0.000119021
0.0006125 771.797 2132.48 0.690686 0.280502 -0.00036344 0.0663411 0.000122937
0.0006375 820.394 2166.24 0.698006 0.263886 -0.000321658 0.0723875 0.000125852
0.0006625 861.907 2195.3 0.702116 0.251176 -0.000291419 0.0776598 0.000128118
0.0006875 897.999 2220.69 0.704179 0.241081 -0.000268464 0.082317 0.000129932
0.0007125 929.799 2243.09 0.70488 0.232835 -0.000250415 0.0864728 0.00013142
0.0007375 958.115 2263.05 0.704649 0.225954 -0.000235832 0.0902118 0.000132663
0.0007625 983.546 2280.96 0.703771 0.220112 -0.000223794 0.0935991 0.000133716
0.0007875 1006.55 2297.14 0.70244 0.215081 -0.000213681 0.0966857 0.000134621
0.0008125 1027.49 2311.83 0.70079 0.210698 -0.000205062 0.0995126 0.000135406
0.0008375 1046.65 2325.24 0.69892 0.206842 -0.000197624 0.102113 0.000136093
0.0008625 1064.25 2337.53 0.696899 0.20342 -0.000191138 0.104515 0.0001367
0.0008875 1080.51 2348.84 0.694779 0.20036 -0.000185431 0.106741 0.00013724
0.0009125 1095.56 2359.28 0.692598 0.197606 -0.00018037 0.108811 0.000137722
0.0009375 1109.56 2368.96 0.690385 0.195114 -0.000175849 0.110741 0.000138157
0.0009625 1122.6 2377.95 0.688162 0.192847 -0.000171786 0.112546 0.000138549
0.0009875 1134.79 2386.32 0.685945 0.190775 -0.000168114 0.114238 0.000138906
0.0010125 1146.22 2394.15 0.683745 0.188873 -0.000164779 0.115827 0.000139232
0.00104053 1158.21 2402.33 0.681311 0.186918 -0.000161385 0.117498 0.000139564
0.00107197 1170.72 2410.84 0.678632 0.18492 -0.000157954 0.119247 0.000139901
0.00110723 1183.72 2419.64 0.675703 0.18289 -0.000154505 0.121067 0.000140241
0.00114676 1197.13 2428.68 0.672521 0.180841 -0.000151062 0.12295 0.000140582
0.0011911 1210.89 2437.92 0.669089 0.178785 -0.000147647 0.124887 0.00014092
0.00124081 1224.94 2447.29 0.665414 0.176736 -0.000144281 0.126869 0.000141254
0.00129656 1239.18 2456.74 0.66151 0.174705 -0.000140984 0.128882 0.000141582
0.00135908 1253.53 2466.2 0.657394 0.172705 -0.000137775 0.130917 0.0001419
0.00142919 1267.9 2475.62 0.653091 0.170747 -0.000134669 0.132958 0.000142209
0.00150781 1282.21 2484.93 0.648627 0.168842 -0.000131681 0.134995 0.000142505
0.00159598 1296.36 2494.07 0.644036 0.166999 -0.000128822 0.137013 0.000142788
0.00169485 1310.27 2503 0.639352 0.165226 -0.000126101 0.139001 0.000143056
0.00180572 1323.86 2511.66 0.634611 0.16353 -0.000123525 0.140947 0.000143309
0.00193005 1337.06 2520 0.629853 0.161915 -0.000121098 0.142841 0.000143547
0.00206947 1349.81 2528 0.625114 0.160386 -0.000118821 0.144672 0.000143769
0.00222582 1362.05 2535.63 0.620431 0.158945 -0.000116695 0.146433 0.000143975
0.00240114 1373.74 2542.85 0.615837 0.157592 -0.000114718 0.148117 0.000144165
0.00259776 1384.84 2549.67 0.611363 0.156328 -0.000112885 0.14972 0.000144341
0.00281824 1395.34 2556.06 0.607035 0.155152 -0.000111193 0.151236 0.000144502
0.00306548 1405.22 2562.04 0.602875 0.154061 -0.000109635 0.152664 0.00014465
0.00334275 1414.47 2567.6 0.598903 0.153054 -0.000108205 0.154003 0.000144784
0.00365367 1423.1 2572.75 0.595132 0.152126 -0.000106897 0.155253 0.000144906
0.00400233 1431.12 2577.51 0.591572 0.151274 -0.000105703 0.156415 0.000145017
0.00439333 1438.53 2581.88 0.588227 0.150494 -0.000104616 0.157491 0.000145118
0.00483178 1445.37 2585.89 0.585101 0.149781 -0.000103628 0.158484 0.000145209
0.00532347 1451.66 2589.56 0.582193 0.149133 -0.000102733 0.159397 0.00014529
0.00587484 1457.42 2592.91 0.579498 0.148544 -0.000101922 0.160233 0.000145364
0.00649315 1462.68 2595.95 0.577013 0.14801 -0.000101191 0.160998 0.00014543
0.00718653 1467.46 2598.71 0.57473 0.147527 -0.000100532 0.161694 0.00014549
0.00796407 1471.81 2601.2 0.57264 0.147091 -9.99389e-05 0.162327 0.000145543
0.00883601 1475.74 2603.45 0.570735 0.146699 -9.94071e-05 0.162899 0.00014559
0.0098138 1479.29 2605.47 0.569006 0.146348 -9.89311e-05 0.163415 0.000145632
0.0109103 1482.47 2607.28 0.567443 0.146033 -9.85064e-05 0.163879 0.00014567
0.0121399 1485.32 2608.89 0.566038 0.145753 -9.81289e-05 0.164294 0.000145703
0.0135188 1487.86 2610.33 0.564782 0.145505 -9.77948e-05 0.164664 0.000145733
0.015065 1490.1 2611.59 0.563668 0.145286 -9.7501e-05 0.16499 0.000145759
0.016799 1492.06 2612.7 0.562687 0.145095 -9.72445e-05 0.165277 0.000145781
0.0187435 1493.76 2613.65 0.561834 0.144929 -9.70228e-05 0.165525 0.000145801
0.020924 1495.22 2614.47 0.561102 0.144788 -9.68338e-05 0.165737 0.000145817
0.0233692 1496.45 2615.16 0.560485 0.14467 -9.66754e-05 0.165916 0.000145831
0.0261113 1497.45 2615.72 0.559979 0.144573 -9.65457e-05 0.166062 0.000145842
0.0291863 1498.25 2616.17 0.559574 0.144495 -9.64426e-05 0.166179 0.000145851
0.0326345 1498.86 2616.51 0.559265 0.144436 -9.63638e-05 0.166268 0.000145858
0.0365014 1499.31 2616.76 0.559039 0.144393 -9.63065e-05 0.166333 0.000145863
0.0408377 1499.61 2616.93 0.558885 0.144364 -9.62675e-05 0.166378 0.000145866
0.0457004 1499.8 2617.04 0.558788 0.144346 -9.6243e-05 0.166406 0.000145869
0.0511534 1499.91 2617.1 0.558733 0.144335 -9.62291e-05 0.166421 0.00014587
0.0572684 1499.97 2617.13 0.558706 0.14433 -9.62222e-05 0.166429 0.00014587
0.0641258 1499.99 2617.14 0.558695 0.144328 -9.62193e-05 0.166433 0.000145871
0.0718156 1500 2617.14 0.558691 0.144327 -9.62183e-05 0.166434 0.000145871
0.080439 1500 2617.15 0.558689 0.144327 -9.6218e-05 0.166434 0.000145871
0.0901092 1500 2617.15 0.558689 0.144327 -9.62179e-05 0.166434 0.000145871
0.100953 1500 2617.15 0.558689 0.144327 -9.62179e-05 0.166434 0.000145871
0.113114 1500 2617.15 0.558689 0.144327 -9.62179e-05 0.166434 0.000145871
0.126751 1500 2617.15 0.558689 0.144327 -9.62179e-05 0.166434 0.000145871
0.142043 1500 2617.15 0.558689 0.144327 -9.62179e-05 0.166434 0.000145871
0.159192 1500 2617.15 0.558689 0.144327 -9.62179e-05 0.166434 0.000145871
0.178422 1500 2617.15 0.558689 0.144327 -9.62179e-05 0.166434 0.000145871
0.199988 1500 2617.15 0.558689 0.144327 -9.62179e-05 0.166434 0.000145871
