TITLE="Graphics"
VARIABLES= "rj, m", "T, K", "Cp, J/kg*K", "DfCp, J/kg*K^2", "rho, kg/m^3", "Dfrho, kg/m^3*K", "Lambda, Watt/m*K", "DfLambda, Watt/m*K^2"
0 300.688 4185.72 -0.633824 980 0 0.611163 0
1.25e-05 300.688 4185.72 -0.633824 980 0 0.611163 0
3.75e-05 304.844 4183.51 -0.436301 980 0 0.617982 0
6.25e-05 305.954 4183.05 -0.386943 980 0 0.619753 0
8.75e-05 306.563 4182.82 -0.360435 980 0 0.620714 0
0.0001125 307.044 4182.65 -0.33978 980 0 0.621468 0
0.0001375 307.505 4182.5 -0.320228 980 0 0.622185 0
0.0001625 307.987 4182.35 -0.299973 980 0 0.622932 0
0.0001875 308.513 4182.2 -0.278211 980 0 0.623739 0
0.0002125 309.091 4182.05 -0.254563 980 0 0.62462 0
0.0002375 309.729 4181.89 -0.228862 980 0 0.625584 0
0.0002625 310.431 4181.74 -0.201057 980 0 0.626633 0
0.0002875 311.2 4181.6 -0.171169 980 0 0.627768 0
0.0003125 312.035 4181.47 -0.13927 980 0 0.628987 0
0.0003375 312.94 4181.36 -0.105467 980 0 0.630287 0
0.0003625 313.914 4181.27 -0.0698946 980 0 0.631665 0
0.0003875 314.957 4181.22 -0.0327044 980 0 0.633115 0
0.0004125 316.068 4181.2 0.00593672 980 0 0.634631 0
0.0004375 317.248 4181.23 0.0458535 980 0 0.636207 0
0.0004625 318.494 4181.32 0.0868668 980 0 0.637837 0
0.0004875 319.806 4181.46 0.128798 980 0 0.639513 0
0.0005125 383.927 1896.13 0.445846 0.563884 -0.00146873 0.025056 8.43614e-05
0.0005375 540.209 1980.41 0.606185 0.400753 -0.000741848 0.0398774 0.000104046
0.0005625 638.486 2042.54 0.654264 0.339068 -0.00053105 0.0505696 0.000113219
0.0005875 712.044 2091.58 0.677607 0.304041 -0.000426997 0.0591128 0.000118918
0.0006125 770.986 2131.92 0.690539 0.280797 -0.000364205 0.0662414 0.000122885
0.0006375 820.056 2166 0.697965 0.263994 -0.000321922 0.0723451 0.000125833
0.0006625 861.941 2195.33 0.702119 0.251166 -0.000291395 0.0776642 0.000128119
0.0006875 898.336 2220.92 0.704192 0.24099 -0.000268263 0.0823608 0.000129949
0.0007125 930.389 2243.51 0.704883 0.232688 -0.000250097 0.0865503 0.000131447
0.0007375 958.921 2263.62 0.704631 0.225764 -0.000235436 0.0903187 0.000132697
0.0007625 984.539 2281.66 0.703724 0.21989 -0.000223343 0.0937318 0.000133756
0.0007875 1007.71 2297.95 0.702359 0.214834 -0.000213191 0.0968415 0.000134665
0.0008125 1028.79 2312.74 0.700674 0.210432 -0.000204543 0.099689 0.000135453
0.0008375 1048.08 2326.24 0.698766 0.206559 -0.000197084 0.102308 0.000136143
0.0008625 1065.81 2338.61 0.696707 0.203124 -0.000190582 0.104727 0.000136752
0.0008875 1082.17 2349.99 0.694549 0.200053 -0.000184864 0.106969 0.000137293
0.0009125 1097.32 2360.49 0.69233 0.19729 -0.000179793 0.109053 0.000137777
0.0009375 1111.4 2370.23 0.69008 0.19479 -0.000175266 0.110996 0.000138213
0.0009625 1124.53 2379.27 0.687821 0.192517 -0.000171198 0.112813 0.000138606
0.0009875 1136.8 2387.7 0.685568 0.190439 -0.000167522 0.114516 0.000138964
0.0010125 1148.29 2395.57 0.683334 0.188532 -0.000164185 0.116115 0.00013929
0.00104053 1160.36 2403.79 0.680861 0.186572 -0.000160789 0.117797 0.000139623
0.00107197 1172.95 2412.35 0.678142 0.18457 -0.000157356 0.119558 0.00013996
0.00110723 1186.02 2421.19 0.675168 0.182536 -0.000153907 0.121389 0.000140301
0.00114676 1199.51 2430.28 0.671939 0.180483 -0.000150464 0.123284 0.000140641
0.0011911 1213.35 2439.56 0.668458 0.178423 -0.000147049 0.125234 0.00014098
0.00124081 1227.48 2448.98 0.66473 0.17637 -0.000143685 0.127228 0.000141313
0.00129656 1241.8 2458.47 0.660771 0.174336 -0.000140389 0.129254 0.000141641
0.00135908 1256.23 2467.98 0.656598 0.172333 -0.000137182 0.1313 0.000141959
0.00142919 1270.69 2477.43 0.652236 0.170373 -0.000134079 0.133354 0.000142267
0.00150781 1285.07 2486.78 0.647712 0.168466 -0.000131094 0.135403 0.000142563
0.00159598 1299.3 2495.97 0.643059 0.166621 -0.000128239 0.137433 0.000142845
0.00169485 1313.28 2504.93 0.638313 0.164846 -0.000125522 0.139433 0.000143113
0.00180572 1326.95 2513.62 0.633511 0.163149 -0.00012295 0.14139 0.000143365
0.00193005 1340.22 2521.99 0.628692 0.161533 -0.000120528 0.143295 0.000143602
0.00206947 1353.03 2530.02 0.623893 0.160004 -0.000118255 0.145136 0.000143823
0.00222582 1365.34 2537.66 0.619151 0.158562 -0.000116134 0.146907 0.000144029
0.00240114 1377.09 2544.91 0.6145 0.157209 -0.000114161 0.1486 0.000144219
0.00259776 1388.25 2551.74 0.609971 0.155945 -0.000112333 0.150211 0.000144394
0.00281824 1398.79 2558.16 0.605592 0.154769 -0.000110645 0.151734 0.000144554
0.00306548 1408.71 2564.14 0.601384 0.153679 -0.000109092 0.153169 0.000144701
0.00334275 1418.01 2569.71 0.597368 0.152672 -0.000107667 0.154514 0.000144835
0.00365367 1426.67 2574.87 0.593556 0.151746 -0.000106364 0.155769 0.000144956
0.00400233 1434.71 2579.63 0.589959 0.150895 -0.000105175 0.156935 0.000145066
0.00439333 1442.14 2584 0.586582 0.150117 -0.000104093 0.158015 0.000145166
0.00483178 1449 2588.01 0.583429 0.149407 -0.000103111 0.15901 0.000145256
0.00532347 1455.29 2591.67 0.5805 0.148761 -0.000102221 0.159923 0.000145337
0.00587484 1461.04 2595 0.577791 0.148176 -0.000101418 0.160759 0.00014541
0.00649315 1466.28 2598.02 0.575297 0.147646 -0.000100694 0.161522 0.000145475
0.00718653 1471.04 2600.76 0.573014 0.147169 -0.000100044 0.162214 0.000145533
0.00796407 1475.34 2603.22 0.570932 0.14674 -9.94618e-05 0.16284 0.000145585
0.00883601 1479.21 2605.42 0.569046 0.146356 -9.8942e-05 0.163403 0.000145631
0.0098138 1482.67 2607.39 0.567346 0.146014 -9.84803e-05 0.163908 0.000145672
0.0109103 1485.75 2609.13 0.565826 0.145711 -9.80723e-05 0.164357 0.000145708
0.0121399 1488.47 2610.67 0.564478 0.145445 -9.77144e-05 0.164753 0.00014574
0.0135188 1490.84 2612.01 0.563295 0.145213 -9.74033e-05 0.165099 0.000145767
0.015065 1492.89 2613.16 0.56227 0.145014 -9.71361e-05 0.165398 0.000145791
0.016799 1494.63 2614.14 0.561398 0.144845 -9.69101e-05 0.165652 0.00014581
0.0187435 1496.08 2614.95 0.56067 0.144705 -9.67228e-05 0.165862 0.000145827
0.020924 1497.25 2615.61 0.56008 0.144592 -9.65716e-05 0.166033 0.00014584
0.0233692 1498.16 2616.12 0.559618 0.144504 -9.64538e-05 0.166167 0.00014585
0.0261113 1498.85 2616.5 0.559273 0.144438 -9.63659e-05 0.166266 0.000145858
0.0291863 1499.33 2616.77 0.55903 0.144392 -9.63041e-05 0.166336 0.000145863
0.0326345 1499.64 2616.95 0.55887 0.144361 -9.62637e-05 0.166382 0.000145867
0.0365014 1499.83 2617.05 0.558775 0.144343 -9.62397e-05 0.166409 0.000145869
0.0408377 1499.93 2617.11 0.558725 0.144334 -9.62269e-05 0.166424 0.00014587
0.0457004 1499.98 2617.13 0.558702 0.144329 -9.62211e-05 0.166431 0.00014587
0.0511534 1499.99 2617.14 0.558693 0.144328 -9.62188e-05 0.166433 0.000145871
0.0572684 1500 2617.15 0.55869 0.144327 -9.62181e-05 0.166434 0.000145871
0.0641258 1500 2617.15 0.558689 0.144327 -9.62179e-05 0.166434 0.000145871
0.0718156 1500 2617.15 0.558689 0.144327 -9.62179e-05 0.166434 0.000145871
0.080439 1500 2617.15 0.558689 0.144327 -9.62179e-05 0.166434 0.000145871
0.0901092 1500 2617.15 0.558689 0.144327 -9.62179e-05 0.166434 0.000145871
0.100953 1500 2617.15 0.558689 0.144327 -9.62179e-05 0.166434 0.000145871
0.113114 1500 2617.15 0.558689 0.144327 -9.62179e-05 0.166434 0.000145871
0.126751 1500 2617.15 0.558689 0.144327 -9.62179e-05 0.166434 0.000145871
0.142043 1500 2617.15 0.558689 0.144327 -9.62179e-05 0.166434 0.000145871
0.159192 1500 2617.15 0.558689 0.144327 -9.62179e-05 0.166434 0.000145871
0.178422 1500 2617.15 0.558689 0.144327 -9.62179e-05 0.166434 0.000145871
0.199988 1500 2617.15 0.558689 0.144327 -9.62179e-05 0.166434 0.000145871
