TITLE="Graphics"
VARIABLES= "rj, m", "T, K", "Cp, J/kg*K", "DfCp, J/kg*K^2", "rho, kg/m^3", "Dfrho, kg/m^3*K", "Lambda, Watt/m*K", "DfLambda, Watt/m*K^2"
0 300.203 4186.04 -0.658279 980 0 0.610351 0
1.25e-05 300.203 4186.04 -0.658279 980 0 0.610351 0
3.75e-05 301.43 4185.27 -0.597024 980 0 0.612399 0
6.25e-05 301.794 4185.05 -0.579225 980 0 0.613003 0
8.75e-05 302.043 4184.91 -0.567138 980 0 0.613415 0
0.0001125 302.289 4184.77 -0.555275 980 0 0.613821 0
0.0001375 302.566 4184.62 -0.542002 980 0 0.614278 0
0.0001625 302.89 4184.45 -0.526615 980 0 0.614809 0
0.0001875 303.269 4184.25 -0.508731 980 0 0.61543 0
0.0002125 303.712 4184.03 -0.488104 980 0 0.616151 0
0.0002375 304.222 4183.79 -0.464572 980 0 0.616979 0
0.0002625 304.806 4183.52 -0.438029 980 0 0.61792 0
0.0002875 305.467 4183.24 -0.408427 980 0 0.618979 0
0.0003125 306.209 4182.95 -0.375773 980 0 0.620157 0
0.0003375 307.036 4182.66 -0.340131 980 0 0.621455 0
0.0003625 307.948 4182.36 -0.301622 980 0 0.622871 0
0.0003875 308.947 4182.08 -0.260422 980 0 0.624402 0
0.0004125 310.034 4181.82 -0.216757 980 0 0.62604 0
0.0004375 311.207 4181.6 -0.170897 980 0 0.627778 0
0.0004625 312.465 4181.41 -0.123145 980 0 0.629606 0
0.0004875 313.805 4181.28 -0.0738264 980 0 0.631512 0
0.0005125 379.556 1894.2 0.43832 0.570377 -0.00150275 0.0246888 8.3688e-05
0.0005375 538.906 1979.62 0.605374 0.401721 -0.000745438 0.0397419 0.000103911
0.0005625 638.285 2042.41 0.654187 0.339175 -0.000531385 0.0505469 0.000113202
0.0005875 712.498 2091.89 0.677724 0.303847 -0.000426453 0.0591668 0.00011895
0.0006125 771.899 2132.55 0.690704 0.280465 -0.000363344 0.0663537 0.000122943
0.0006375 821.319 2166.88 0.698119 0.263588 -0.000320933 0.072504 0.000125905
0.0006625 863.485 2196.41 0.702235 0.250717 -0.000290354 0.077862 0.0001282
0.0006875 900.112 2222.17 0.704258 0.240515 -0.000267205 0.0825917 0.000130034
0.0007125 932.363 2244.9 0.704891 0.232195 -0.00024904 0.0868098 0.000131536
0.0007375 961.065 2265.13 0.704579 0.225261 -0.000234386 0.0906034 0.000132788
0.0007625 986.833 2283.27 0.703612 0.219379 -0.000222306 0.0940388 0.000133848
0.0007875 1010.13 2299.65 0.702187 0.214318 -0.000212168 0.0971683 0.000134758
0.0008125 1031.34 2314.52 0.700442 0.209912 -0.000203534 0.100034 0.000135546
0.0008375 1050.73 2328.09 0.698477 0.206038 -0.00019609 0.102669 0.000136236
0.0008625 1068.55 2340.52 0.696361 0.202601 -0.000189603 0.105103 0.000136845
0.0008875 1085 2351.96 0.694149 0.19953 -0.000183898 0.107358 0.000137385
0.0009125 1100.24 2362.52 0.691879 0.196767 -0.00017884 0.109455 0.000137869
0.0009375 1114.4 2372.29 0.689579 0.194267 -0.000174325 0.11141 0.000138304
0.0009625 1127.59 2381.38 0.687271 0.191994 -0.000170269 0.113238 0.000138696
0.0009875 1139.92 2389.84 0.684972 0.189916 -0.000166604 0.114951 0.000139053
0.0010125 1151.48 2397.74 0.682693 0.18801 -0.000163277 0.116559 0.000139378
0.00104053 1163.6 2406.01 0.680173 0.186051 -0.000159892 0.118251 0.000139711
0.00107197 1176.26 2414.6 0.677402 0.18405 -0.00015647 0.120022 0.000140048
0.00110723 1189.4 2423.48 0.674374 0.182017 -0.000153033 0.121864 0.000140387
0.00114676 1202.96 2432.6 0.671088 0.179965 -0.000149602 0.12377 0.000140726
0.0011911 1216.87 2441.91 0.667546 0.177907 -0.0001462 0.12573 0.000141064
0.00124081 1231.07 2451.36 0.663755 0.175856 -0.000142848 0.127735 0.000141397
0.00129656 1245.46 2460.89 0.659731 0.173823 -0.000139566 0.129772 0.000141723
0.00135908 1259.96 2470.42 0.65549 0.171823 -0.000136371 0.13183 0.00014204
0.00142919 1274.49 2479.91 0.651058 0.169865 -0.000133281 0.133895 0.000142346
0.00150781 1288.94 2489.29 0.646464 0.16796 -0.000130308 0.135955 0.000142641
0.00159598 1303.24 2498.5 0.641741 0.166118 -0.000127466 0.137996 0.000142921
0.00169485 1317.29 2507.48 0.636924 0.164346 -0.000124761 0.140006 0.000143188
0.00180572 1331.01 2516.19 0.632052 0.162651 -0.000122201 0.141973 0.000143439
0.00193005 1344.34 2524.58 0.627163 0.161038 -0.000119789 0.143887 0.000143674
0.00206947 1357.21 2532.62 0.622297 0.159511 -0.000117528 0.145737 0.000143894
0.00222582 1369.57 2540.28 0.61749 0.158072 -0.000115418 0.147516 0.000144098
0.00240114 1381.36 2547.54 0.612777 0.156722 -0.000113455 0.149217 0.000144286
0.00259776 1392.56 2554.38 0.60819 0.155462 -0.000111637 0.150834 0.00014446
0.00281824 1403.15 2560.79 0.603755 0.154289 -0.000109959 0.152364 0.000144619
0.00306548 1413.1 2566.78 0.599498 0.153202 -0.000108416 0.153804 0.000144764
0.00334275 1422.41 2572.34 0.595436 0.152199 -0.000107001 0.155153 0.000144897
0.00365367 1431.09 2577.49 0.591584 0.151277 -0.000105707 0.156411 0.000145017
0.00400233 1439.14 2582.24 0.587954 0.150431 -0.000104528 0.157578 0.000145126
0.00439333 1446.57 2586.59 0.584551 0.149658 -0.000103457 0.158657 0.000145224
0.00483178 1453.4 2590.58 0.58138 0.148954 -0.000102486 0.15965 0.000145313
0.00532347 1459.66 2594.21 0.578441 0.148315 -0.000101609 0.16056 0.000145392
0.00587484 1465.37 2597.5 0.575732 0.147738 -0.000100819 0.161389 0.000145464
0.00649315 1470.55 2600.47 0.57325 0.147218 -0.000100111 0.162143 0.000145527
0.00718653 1475.22 2603.15 0.57099 0.146751 -9.94779e-05 0.162823 0.000145584
0.00796407 1479.41 2605.53 0.568948 0.146336 -9.89152e-05 0.163433 0.000145634
0.00883601 1483.14 2607.65 0.567117 0.145968 -9.84184e-05 0.163976 0.000145678
0.0098138 1486.43 2609.52 0.565491 0.145645 -9.79831e-05 0.164455 0.000145716
0.0109103 1489.3 2611.14 0.564066 0.145364 -9.76057e-05 0.164874 0.000145749
0.0121399 1491.77 2612.53 0.562834 0.145123 -9.72829e-05 0.165234 0.000145778
0.0135188 1493.85 2613.7 0.56179 0.144921 -9.70116e-05 0.165537 0.000145802
0.015065 1495.57 2614.67 0.560927 0.144754 -9.67887e-05 0.165788 0.000145821
0.016799 1496.95 2615.44 0.560234 0.144621 -9.66109e-05 0.165989 0.000145837
0.0187435 1498 2616.03 0.559699 0.144519 -9.64744e-05 0.166143 0.000145848
0.020924 1498.78 2616.46 0.559307 0.144444 -9.63747e-05 0.166256 0.000145857
0.0233692 1499.31 2616.76 0.559038 0.144393 -9.63063e-05 0.166334 0.000145863
0.0261113 1499.65 2616.95 0.558867 0.144361 -9.6263e-05 0.166383 0.000145867
0.0291863 1499.84 2617.06 0.55877 0.144342 -9.62383e-05 0.166411 0.000145869
0.0326345 1499.94 2617.11 0.558721 0.144333 -9.62259e-05 0.166425 0.00014587
0.0365014 1499.98 2617.14 0.558699 0.144329 -9.62205e-05 0.166431 0.00014587
0.0408377 1499.99 2617.14 0.558692 0.144327 -9.62186e-05 0.166433 0.000145871
0.0457004 1500 2617.15 0.55869 0.144327 -9.6218e-05 0.166434 0.000145871
0.0511534 1500 2617.15 0.558689 0.144327 -9.62179e-05 0.166434 0.000145871
0.0572684 1500 2617.15 0.558689 0.144327 -9.62179e-05 0.166434 0.000145871
0.0641258 1500 2617.15 0.558689 0.144327 -9.62179e-05 0.166434 0.000145871
0.0718156 1500 2617.15 0.558689 0.144327 -9.62179e-05 0.166434 0.000145871
0.080439 1500 2617.15 0.558689 0.144327 -9.62179e-05 0.166434 0.000145871
0.0901092 1500 2617.15 0.558689 0.144327 -9.62179e-05 0.166434 0.000145871
0.100953 1500 2617.15 0.558689 0.144327 -9.62179e-05 0.166434 0.000145871
0.113114 1500 2617.15 0.558689 0.144327 -9.62179e-05 0.166434 0.000145871
0.126751 1500 2617.15 0.558689 0.144327 -9.62179e-05 0.166434 0.000145871
0.142043 1500 2617.15 0.558689 0.144327 -9.62179e-05 0.166434 0.000145871
0.159192 1500 2617.15 0.558689 0.144327 -9.62179e-05 0.166434 0.000145871
0.178422 1500 2617.15 0.558689 0.144327 -9.62179e-05 0.166434 0.000145871
0.199988 1500 2617.15 0.558689 0.144327 -9.62179e-05 0.166434 0.000145871
