TITLE="Graphics"
VARIABLES= "rj, m", "T, K", "Cp, J/kg*K", "DfCp, J/kg*K^2", "rho, kg/m^3", "Dfrho, kg/m^3*K", "Lambda, Watt/m*K", "DfLambda, Watt/m*K^2"
0 301.445 4185.26 -0.596318 980 0 0.612423 0
1.25e-05 301.445 4185.26 -0.596318 980 0 0.612423 0
3.75e-05 310.141 4181.8 -0.212493 980 0 0.626201 0
6.25e-05 312.366 4181.42 -0.126835 980 0 0.629464 0
8.75e-05 313.471 4181.31 -0.0859897 980 0 0.63104 0
0.0001125 314.232 4181.25 -0.0584527 980 0 0.63211 0
0.0001375 314.874 4181.22 -0.0356257 980 0 0.633 0
0.0001625 315.484 4181.21 -0.0142596 980 0 0.633837 0
0.0001875 316.102 4181.2 0.00710731 980 0 0.634677 0
0.0002125 316.752 4181.22 0.0291975 980 0 0.635548 0
0.0002375 317.444 4181.24 0.0523798 980 0 0.636466 0
0.0002625 318.186 4181.29 0.076835 980 0 0.637438 0
0.0002875 318.983 4181.36 0.102635 980 0 0.638466 0
0.0003125 319.838 4181.46 0.129785 980 0 0.639553 0
0.0003375 320.752 4181.59 0.158248 980 0 0.640695 0
0.0003625 321.727 4181.76 0.187959 980 0 0.641892 0
0.0003875 322.762 4181.97 0.218835 980 0 0.64314 0
0.0004125 323.859 4182.23 0.250783 980 0 0.644434 0
0.0004375 325.016 4182.54 0.2837 980 0 0.645772 0
0.0004625 326.235 4182.91 0.317486 980 0 0.647147 0
0.0004875 327.513 4183.34 0.352039 980 0 0.648555 0
0.0005125 389.902 1898.82 0.455704 0.555243 -0.00142406 0.0255628 8.52684e-05
0.0005375 542.876 1982.03 0.607827 0.398784 -0.000734575 0.0401553 0.000104322
0.0005625 640 2043.53 0.654837 0.338266 -0.000528541 0.0507411 0.000113346
0.0005875 712.895 2092.15 0.677827 0.303678 -0.000425978 0.0592141 0.000118979
0.0006125 771.386 2132.2 0.690612 0.280651 -0.000363827 0.0662906 0.000122911
0.0006375 820.12 2166.04 0.697973 0.263974 -0.000321872 0.0723531 0.000125837
0.0006625 861.741 2195.19 0.702104 0.251224 -0.000291531 0.0776385 0.000128109
0.0006875 897.92 2220.63 0.704176 0.241102 -0.000268511 0.0823067 0.000129928
0.0007125 929.793 2243.09 0.704879 0.232837 -0.000250418 0.0864719 0.00013142
0.0007375 958.17 2263.09 0.704648 0.225941 -0.000235805 0.0902191 0.000132665
0.0007625 983.654 2281.04 0.703766 0.220088 -0.000223745 0.0936135 0.000133721
0.0007875 1006.71 2297.25 0.702429 0.215048 -0.000213616 0.0967065 0.000134627
0.0008125 1027.68 2311.96 0.700773 0.210658 -0.000204984 0.0995391 0.000135413
0.0008375 1046.88 2325.4 0.698895 0.206796 -0.000197536 0.102145 0.000136101
0.0008625 1064.52 2337.71 0.696866 0.203369 -0.000191043 0.104551 0.000136709
0.0008875 1080.8 2349.04 0.694738 0.200305 -0.00018533 0.106782 0.000137249
0.0009125 1095.89 2359.5 0.692549 0.197548 -0.000180263 0.108856 0.000137732
0.0009375 1109.9 2369.2 0.690328 0.195053 -0.000175739 0.110789 0.000138167
0.0009625 1122.97 2378.2 0.688097 0.192783 -0.000171672 0.112597 0.00013856
0.0009875 1135.19 2386.59 0.685871 0.190709 -0.000167998 0.114292 0.000138917
0.0010125 1146.63 2394.43 0.683664 0.188805 -0.000164661 0.115884 0.000139243
0.00104053 1158.64 2402.63 0.681221 0.186848 -0.000161265 0.117558 0.000139576
0.00107197 1171.18 2411.15 0.678532 0.184848 -0.000157831 0.11931 0.000139913
0.00110723 1184.19 2419.96 0.675593 0.182817 -0.000154381 0.121133 0.000140254
0.00114676 1197.63 2429.02 0.6724 0.180766 -0.000150937 0.12302 0.000140594
0.0011911 1211.41 2438.26 0.668956 0.178709 -0.000147521 0.12496 0.000140933
0.00124081 1225.48 2447.65 0.665269 0.176658 -0.000144154 0.126945 0.000141267
0.00129656 1239.74 2457.11 0.661352 0.174625 -0.000140856 0.128962 0.000141594
0.00135908 1254.12 2466.58 0.657222 0.172624 -0.000137646 0.131 0.000141913
0.00142919 1268.51 2476.01 0.652904 0.170665 -0.00013454 0.133045 0.000142221
0.00150781 1282.84 2485.34 0.648426 0.168759 -0.000131551 0.135085 0.000142518
0.00159598 1297.01 2494.49 0.64382 0.166915 -0.000128692 0.137106 0.0001428
0.00169485 1310.94 2503.43 0.639121 0.165141 -0.000125972 0.139098 0.000143069
0.00180572 1324.55 2512.1 0.634365 0.163444 -0.000123396 0.141047 0.000143322
0.00193005 1337.77 2520.45 0.629592 0.161829 -0.000120969 0.142943 0.000143559
0.00206947 1350.54 2528.46 0.624838 0.160299 -0.000118693 0.144777 0.000143781
0.00222582 1362.8 2536.09 0.62014 0.158857 -0.000116567 0.146541 0.000143987
0.00240114 1374.5 2543.32 0.615532 0.157504 -0.00011459 0.148228 0.000144178
0.00259776 1385.63 2550.15 0.611044 0.15624 -0.000112758 0.149832 0.000144353
0.00281824 1396.14 2556.55 0.606702 0.155063 -0.000111066 0.151351 0.000144514
0.00306548 1406.03 2562.53 0.602531 0.153973 -0.000109509 0.152781 0.000144662
0.00334275 1415.3 2568.09 0.598547 0.152965 -0.00010808 0.154122 0.000144796
0.00365367 1423.93 2573.25 0.594765 0.152037 -0.000106772 0.155373 0.000144918
0.00400233 1431.96 2578 0.591194 0.151185 -0.000105579 0.156537 0.000145029
0.00439333 1439.39 2582.38 0.587841 0.150405 -0.000104492 0.157614 0.000145129
0.00483178 1446.23 2586.4 0.584706 0.149693 -0.000103505 0.158608 0.00014522
0.00532347 1452.52 2590.07 0.581791 0.149044 -0.000102611 0.159522 0.000145302
0.00587484 1458.28 2593.41 0.579091 0.148455 -0.000101801 0.160359 0.000145375
0.00649315 1463.54 2596.45 0.576601 0.147922 -0.000101071 0.161124 0.000145441
0.00718653 1468.33 2599.2 0.574314 0.14744 -0.000100413 0.16182 0.0001455
0.00796407 1472.67 2601.69 0.572224 0.147005 -9.9822e-05 0.162452 0.000145553
0.00883601 1476.6 2603.93 0.57032 0.146614 -9.92921e-05 0.163023 0.0001456
0.0098138 1480.13 2605.95 0.568594 0.146264 -9.88186e-05 0.163538 0.000145642
0.0109103 1483.3 2607.75 0.567037 0.145952 -9.83969e-05 0.163999 0.00014568
0.0121399 1486.12 2609.35 0.565641 0.145674 -9.8023e-05 0.164411 0.000145713
0.0135188 1488.63 2610.76 0.564398 0.145429 -9.76934e-05 0.164776 0.000145742
0.015065 1490.83 2612 0.563301 0.145214 -9.74048e-05 0.165097 0.000145767
0.016799 1492.75 2613.08 0.562342 0.145028 -9.71546e-05 0.165377 0.000145789
0.0187435 1494.4 2614.01 0.561515 0.144868 -9.69403e-05 0.165618 0.000145808
0.020924 1495.79 2614.79 0.560813 0.144733 -9.67596e-05 0.165821 0.000145824
0.0233692 1496.95 2615.44 0.560232 0.144621 -9.66106e-05 0.165989 0.000145837
0.0261113 1497.88 2615.96 0.559764 0.144531 -9.64909e-05 0.166124 0.000145847
0.0291863 1498.6 2616.36 0.5594 0.144462 -9.63983e-05 0.166229 0.000145855
0.0326345 1499.13 2616.66 0.559131 0.144411 -9.63298e-05 0.166307 0.000145861
0.0365014 1499.5 2616.87 0.558943 0.144375 -9.62822e-05 0.166361 0.000145865
0.0408377 1499.74 2617 0.558822 0.144352 -9.62515e-05 0.166396 0.000145868
0.0457004 1499.88 2617.08 0.558751 0.144339 -9.62335e-05 0.166416 0.000145869
0.0511534 1499.95 2617.12 0.558714 0.144332 -9.62242e-05 0.166427 0.00014587
0.0572684 1499.98 2617.14 0.558698 0.144328 -9.62201e-05 0.166432 0.00014587
0.0641258 1500 2617.14 0.558692 0.144327 -9.62185e-05 0.166434 0.000145871
0.0718156 1500 2617.15 0.55869 0.144327 -9.6218e-05 0.166434 0.000145871
0.080439 1500 2617.15 0.558689 0.144327 -9.62179e-05 0.166434 0.000145871
0.0901092 1500 2617.15 0.558689 0.144327 -9.62179e-05 0.166434 0.000145871
0.100953 1500 2617.15 0.558689 0.144327 -9.62179e-05 0.166434 0.000145871
0.113114 1500 2617.15 0.558689 0.144327 -9.62179e-05 0.166434 0.000145871
0.126751 1500 2617.15 0.558689 0.144327 -9.62179e-05 0.166434 0.000145871
0.142043 1500 2617.15 0.558689 0.144327 -9.62179e-05 0.166434 0.000145871
0.159192 1500 2617.15 0.558689 0.144327 -9.62179e-05 0.166434 0.000145871
0.178422 1500 2617.15 0.558689 0.144327 -9.62179e-05 0.166434 0.000145871
0.199988 1500 2617.15 0.558689 0.144327 -9.62179e-05 0.166434 0.000145871
