TITLE="Graphics"
VARIABLES= "rj, m", "T, K", "Cp, J/kg*K", "DfCp, J/kg*K^2", "rho, kg/m^3", "Dfrho, kg/m^3*K", "Lambda, Watt/m*K", "DfLambda, Watt/m*K^2"
0 302.939 4184.42 -0.524277 980 0 0.61489 0
1.25e-05 302.939 4184.42 -0.524277 980 0 0.61489 0
3.75e-05 320.542 4181.56 0.151778 980 0 0.640435 0
6.25e-05 324.912 4182.51 0.280776 980 0 0.645653 0
8.75e-05 326.956 4183.14 0.337086 980 0 0.647945 0
0.0001125 328.235 4183.6 0.371152 980 0 0.649334 0
0.0001375 329.198 4183.97 0.396228 980 0 0.650357 0
0.0001625 330.02 4184.3 0.417269 980 0 0.651214 0
0.0001875 330.784 4184.63 0.436525 980 0 0.651998 0
0.0002125 331.534 4184.96 0.455147 980 0 0.652756 0
0.0002375 332.294 4185.31 0.473772 980 0 0.653513 0
0.0002625 333.081 4185.69 0.492769 980 0 0.654283 0
0.0002875 333.903 4186.11 0.512354 980 0 0.655075 0
0.0003125 334.768 4186.56 0.532654 980 0 0.655894 0
0.0003375 335.681 4187.06 0.553737 980 0 0.656741 0
0.0003625 336.643 4187.6 0.575636 980 0 0.657618 0
0.0003875 337.658 4188.19 0.598361 980 0 0.658522 0
0.0004125 338.727 4188.85 0.621905 980 0 0.659453 0
0.0004375 339.85 4189.56 0.646252 980 0 0.660408 0
0.0004625 341.029 4190.34 0.67138 980 0 0.661385 0
0.0004875 342.264 4191.18 0.697265 980 0 0.662381 0
0.0005125 401.764 1904.34 0.47393 0.538849 -0.00134121 0.0265847 8.7025e-05
0.0005375 549.048 1985.79 0.61154 0.394301 -0.000718155 0.040801 0.000104955
0.0005625 644.17 2046.26 0.656394 0.336076 -0.000521721 0.0512145 0.000113692
0.0005875 715.935 2094.22 0.678606 0.302388 -0.000422369 0.0595761 0.000119195
0.0006125 773.668 2133.77 0.69102 0.279823 -0.000361684 0.0665713 0.000123054
0.0006375 821.847 2167.25 0.698183 0.263419 -0.000320521 0.0725705 0.000125935
0.0006625 863.038 2196.1 0.702202 0.250847 -0.000290656 0.0778046 0.000128177
0.0006875 898.869 2221.3 0.704212 0.240847 -0.000267945 0.0824301 0.000129974
0.0007125 930.454 2243.55 0.704883 0.232672 -0.000250062 0.0865588 0.00013145
0.0007375 958.588 2263.38 0.704638 0.225843 -0.0002356 0.0902745 0.000132683
0.0007625 983.862 2281.18 0.703756 0.220041 -0.000223651 0.0936413 0.000133729
0.0007875 1006.73 2297.26 0.702427 0.215043 -0.000213606 0.0967097 0.000134628
0.0008125 1027.55 2311.87 0.700785 0.210687 -0.000205038 0.0995204 0.000135408
0.0008375 1046.6 2325.2 0.698925 0.206852 -0.000197642 0.102106 0.000136091
0.0008625 1064.11 2337.42 0.696917 0.203447 -0.00019119 0.104495 0.000136695
0.0008875 1080.28 2348.67 0.694811 0.200403 -0.000185511 0.106709 0.000137232
0.0009125 1095.25 2359.06 0.692645 0.197662 -0.000180472 0.108768 0.000137712
0.0009375 1109.17 2368.69 0.690448 0.195182 -0.00017597 0.110688 0.000138145
0.0009625 1122.15 2377.64 0.688242 0.192924 -0.000171924 0.112484 0.000138536
0.0009875 1134.28 2385.97 0.686041 0.190861 -0.000168266 0.114167 0.000138891
0.0010125 1145.65 2393.76 0.683857 0.188967 -0.000164943 0.115748 0.000139216
0.00104053 1157.58 2401.91 0.681441 0.187019 -0.00016156 0.117411 0.000139547
0.00107197 1170.04 2410.38 0.678782 0.185028 -0.000158139 0.119151 0.000139883
0.00110723 1182.97 2419.14 0.675875 0.183006 -0.000154701 0.120962 0.000140222
0.00114676 1196.32 2428.14 0.672717 0.180964 -0.000151267 0.122836 0.000140562
0.0011911 1210.02 2437.33 0.669312 0.178915 -0.000147861 0.124764 0.000140899
0.00124081 1224 2446.66 0.665665 0.176871 -0.000144503 0.126736 0.000141232
0.00129656 1238.17 2456.07 0.661791 0.174846 -0.000141213 0.12874 0.000141559
0.00135908 1252.46 2465.5 0.657707 0.172852 -0.00013801 0.130765 0.000141877
0.00142919 1266.77 2474.88 0.653436 0.170899 -0.000134909 0.132798 0.000142185
0.00150781 1281.01 2484.15 0.649006 0.168999 -0.000131926 0.134825 0.000142481
0.00159598 1295.1 2493.27 0.644449 0.16716 -0.000129071 0.136834 0.000142763
0.00169485 1308.96 2502.16 0.6398 0.165392 -0.000126354 0.138814 0.000143031
0.00180572 1322.49 2510.79 0.635096 0.163699 -0.000123781 0.140751 0.000143284
0.00193005 1335.64 2519.11 0.630373 0.162088 -0.000121356 0.142637 0.000143522
0.00206947 1348.33 2527.08 0.62567 0.160561 -0.000119081 0.14446 0.000143743
0.00222582 1360.52 2534.68 0.621021 0.159123 -0.000116957 0.146214 0.000143949
0.00240114 1372.17 2541.89 0.616461 0.157772 -0.00011498 0.147891 0.00014414
0.00259776 1383.23 2548.68 0.612019 0.15651 -0.000113148 0.149487 0.000144316
0.00281824 1393.69 2555.06 0.607722 0.155336 -0.000111456 0.150997 0.000144477
0.00306548 1403.53 2561.02 0.603593 0.154247 -0.000109899 0.15242 0.000144625
0.00334275 1412.75 2566.57 0.599648 0.15324 -0.000108469 0.153754 0.000144759
0.00365367 1421.35 2571.71 0.595903 0.152313 -0.000107161 0.154999 0.000144882
0.00400233 1429.34 2576.45 0.592366 0.151462 -0.000105966 0.156157 0.000144993
0.00439333 1436.73 2580.82 0.589044 0.150682 -0.000104878 0.157229 0.000145094
0.00483178 1443.55 2584.83 0.585937 0.14997 -0.00010389 0.158219 0.000145185
0.00532347 1449.83 2588.49 0.583045 0.149322 -0.000102993 0.15913 0.000145267
0.00587484 1455.57 2591.84 0.580365 0.148732 -0.000102181 0.159965 0.000145341
0.00649315 1460.83 2594.88 0.577891 0.148197 -0.000101448 0.160729 0.000145407
0.00718653 1465.61 2597.64 0.575615 0.147713 -0.000100786 0.161425 0.000145467
0.00796407 1469.96 2600.14 0.57353 0.147276 -0.00010019 0.162058 0.00014552
0.00883601 1473.91 2602.4 0.571626 0.146882 -9.96548e-05 0.162632 0.000145568
0.0098138 1477.47 2604.43 0.569893 0.146527 -9.91745e-05 0.163151 0.000145611
0.0109103 1480.69 2606.26 0.568322 0.14621 -9.87445e-05 0.163619 0.000145649
0.0121399 1483.57 2607.9 0.566902 0.145925 -9.83606e-05 0.164039 0.000145683
0.0135188 1486.16 2609.36 0.565626 0.145671 -9.80189e-05 0.164416 0.000145713
0.015065 1488.46 2610.66 0.564483 0.145446 -9.77158e-05 0.164751 0.00014574
0.016799 1490.5 2611.82 0.563467 0.145247 -9.74483e-05 0.165049 0.000145763
0.0187435 1492.3 2612.83 0.562569 0.145072 -9.72137e-05 0.165311 0.000145784
0.020924 1493.87 2613.71 0.561783 0.144919 -9.70096e-05 0.16554 0.000145802
0.0233692 1495.22 2614.47 0.561103 0.144788 -9.68341e-05 0.165737 0.000145817
0.0261113 1496.37 2615.12 0.560523 0.144677 -9.66852e-05 0.165905 0.00014583
0.0291863 1497.33 2615.65 0.560039 0.144584 -9.65613e-05 0.166045 0.000145841
0.0326345 1498.11 2616.09 0.559645 0.144509 -9.64607e-05 0.166159 0.00014585
0.0365014 1498.73 2616.43 0.559335 0.14445 -9.63816e-05 0.166248 0.000145856
0.0408377 1499.19 2616.69 0.5591 0.144405 -9.63221e-05 0.166316 0.000145862
0.0457004 1499.52 2616.88 0.558933 0.144373 -9.62797e-05 0.166364 0.000145865
0.0511534 1499.74 2617 0.558822 0.144352 -9.62514e-05 0.166396 0.000145868
0.0572684 1499.87 2617.08 0.558754 0.144339 -9.62342e-05 0.166416 0.000145869
0.0641258 1499.95 2617.12 0.558717 0.144332 -9.62249e-05 0.166426 0.00014587
0.0718156 1499.98 2617.14 0.558699 0.144329 -9.62204e-05 0.166431 0.00014587
0.080439 1499.99 2617.14 0.558692 0.144327 -9.62187e-05 0.166433 0.000145871
0.0901092 1500 2617.15 0.55869 0.144327 -9.62181e-05 0.166434 0.000145871
0.100953 1500 2617.15 0.558689 0.144327 -9.62179e-05 0.166434 0.000145871
0.113114 1500 2617.15 0.558689 0.144327 -9.62179e-05 0.166434 0.000145871
0.126751 1500 2617.15 0.558689 0.144327 -9.62179e-05 0.166434 0.000145871
0.142043 1500 2617.15 0.558689 0.144327 -9.62179e-05 0.166434 0.000145871
0.159192 1500 2617.15 0.558689 0.144327 -9.62179e-05 0.166434 0.000145871
0.178422 1500 2617.15 0.558689 0.144327 -9.62179e-05 0.166434 0.000145871
0.199988 1500 2617.15 0.558689 0.144327 -9.62179e-05 0.166434 0.000145871
