TITLE="Graphics"
VARIABLES= "rj, m", "T, K", "Cp, J/kg*K", "DfCp, J/kg*K^2", "rho, kg/m^3", "Dfrho, kg/m^3*K", "Lambda, Watt/m*K", "DfLambda, Watt/m*K^2"
0 303.216 4184.28 -0.511236 980 0 0.615343 0
1.25e-05 303.216 4184.28 -0.511236 980 0 0.615343 0
3.75e-05 322.46 4181.91 0.209891 980 0 0.642778 0
6.25e-05 327.221 4183.23 0.344225 980 0 0.648236 0
8.75e-05 329.436 4184.06 0.402356 980 0 0.650606 0
0.0001125 330.81 4184.64 0.437166 980 0 0.652024 0
0.0001375 331.832 4185.1 0.462476 980 0 0.653054 0
0.0001625 332.693 4185.5 0.483445 980 0 0.653905 0
0.0001875 333.484 4185.89 0.502417 980 0 0.654673 0
0.0002125 334.253 4186.29 0.520595 980 0 0.655408 0
0.0002375 335.026 4186.7 0.538649 980 0 0.656135 0
0.0002625 335.822 4187.13 0.55697 980 0 0.656871 0
0.0002875 336.65 4187.6 0.575793 980 0 0.657624 0
0.0003125 337.519 4188.11 0.595259 980 0 0.658399 0
0.0003375 338.432 4188.66 0.615452 980 0 0.659199 0
0.0003625 339.394 4189.27 0.636417 980 0 0.660023 0
0.0003875 340.407 4189.92 0.658174 980 0 0.660873 0
0.0004125 341.473 4190.64 0.68073 980 0 0.661746 0
0.0004375 342.592 4191.41 0.704079 980 0 0.662641 0
0.0004625 343.766 4192.25 0.728212 980 0 0.663554 0
0.0004875 344.995 4193.16 0.753114 980 0 0.664484 0
0.0005125 404.002 1905.4 0.477183 0.535864 -0.00132639 0.0267798 8.73501e-05
0.0005375 550.289 1986.55 0.612273 0.393412 -0.000714919 0.0409314 0.000105081
0.0005625 645.055 2046.84 0.656721 0.335615 -0.000520289 0.0513152 0.000113765
0.0005875 716.62 2094.68 0.67878 0.302099 -0.000421561 0.0596577 0.000119244
0.0006125 774.22 2134.16 0.691118 0.279624 -0.000361168 0.0666392 0.000123089
0.0006375 822.302 2167.57 0.698238 0.263273 -0.000320166 0.0726278 0.000125961
0.0006625 863.418 2196.37 0.70223 0.250736 -0.0002904 0.0778534 0.000128196
0.0006875 899.19 2221.52 0.704224 0.240761 -0.000267754 0.0824717 0.00012999
0.0007125 930.725 2243.75 0.704885 0.232604 -0.000249917 0.0865945 0.000131462
0.0007375 958.817 2263.55 0.704633 0.225789 -0.000235487 0.090305 0.000132692
0.0007625 984.056 2281.32 0.703747 0.219998 -0.000223562 0.0936672 0.000133737
0.0007875 1006.89 2297.38 0.702416 0.215008 -0.000213536 0.0967317 0.000134634
0.0008125 1027.68 2311.96 0.700773 0.210659 -0.000204984 0.0995388 0.000135413
0.0008375 1046.71 2325.28 0.698913 0.20683 -0.0001976 0.102122 0.000136095
0.0008625 1064.2 2337.49 0.696905 0.20343 -0.000191158 0.104507 0.000136698
0.0008875 1080.35 2348.72 0.694801 0.20039 -0.000185487 0.106719 0.000137234
0.0009125 1095.3 2359.1 0.692637 0.197653 -0.000180455 0.108776 0.000137714
0.0009375 1109.21 2368.72 0.690442 0.195175 -0.000175959 0.110693 0.000138146
0.0009625 1122.17 2377.65 0.688238 0.192921 -0.000171917 0.112487 0.000138537
0.0009875 1134.29 2385.98 0.686039 0.190859 -0.000168263 0.114168 0.000138892
0.0010125 1145.65 2393.76 0.683858 0.188967 -0.000164944 0.115747 0.000139215
0.00104053 1157.57 2401.89 0.681445 0.187022 -0.000161565 0.117408 0.000139546
0.00107197 1170.01 2410.36 0.678789 0.185033 -0.000158147 0.119146 0.000139882
0.00110723 1182.92 2419.11 0.675885 0.183013 -0.000154712 0.120955 0.000140221
0.00114676 1196.26 2428.1 0.672732 0.180973 -0.000151282 0.122828 0.00014056
0.0011911 1209.95 2437.28 0.66933 0.178925 -0.000147879 0.124754 0.000140897
0.00124081 1223.91 2446.61 0.665688 0.176884 -0.000144523 0.126724 0.00014123
0.00129656 1238.07 2456.01 0.661819 0.17486 -0.000141236 0.128726 0.000141557
0.00135908 1252.35 2465.42 0.65774 0.172868 -0.000138035 0.130749 0.000141875
0.00142919 1266.64 2474.8 0.653475 0.170916 -0.000134937 0.132779 0.000142182
0.00150781 1280.87 2484.06 0.649051 0.169018 -0.000131955 0.134805 0.000142478
0.00159598 1294.95 2493.17 0.6445 0.16718 -0.000129102 0.136812 0.00014276
0.00169485 1308.79 2502.05 0.639858 0.165413 -0.000126386 0.13879 0.000143028
0.00180572 1322.31 2510.68 0.635159 0.163721 -0.000123814 0.140726 0.000143281
0.00193005 1335.45 2518.99 0.630443 0.162111 -0.000121391 0.142609 0.000143518
0.00206947 1348.13 2526.95 0.625746 0.160585 -0.000119117 0.144431 0.00014374
0.00222582 1360.31 2534.55 0.621103 0.159147 -0.000116993 0.146183 0.000143946
0.00240114 1371.95 2541.75 0.616549 0.157798 -0.000115018 0.147859 0.000144136
0.00259776 1383 2548.54 0.612113 0.156537 -0.000113186 0.149453 0.000144312
0.00281824 1393.45 2554.91 0.607822 0.155363 -0.000111495 0.150962 0.000144473
0.00306548 1403.29 2560.87 0.603697 0.154274 -0.000109938 0.152384 0.000144621
0.00334275 1412.5 2566.41 0.599758 0.153268 -0.000108508 0.153717 0.000144756
0.00365367 1421.09 2571.55 0.596018 0.152341 -0.0001072 0.154961 0.000144878
0.00400233 1429.07 2576.3 0.592485 0.15149 -0.000106006 0.156118 0.000144989
0.00439333 1436.46 2580.66 0.589166 0.150711 -0.000104918 0.15719 0.00014509
0.00483178 1443.28 2584.67 0.586062 0.149999 -0.000103929 0.15818 0.000145181
0.00532347 1449.55 2588.33 0.583173 0.14935 -0.000103032 0.15909 0.000145263
0.00587484 1455.3 2591.68 0.580495 0.14876 -0.00010222 0.159925 0.000145337
0.00649315 1460.55 2594.72 0.578022 0.148225 -0.000101486 0.160688 0.000145404
0.00718653 1465.33 2597.48 0.575748 0.147741 -0.000100824 0.161384 0.000145463
0.00796407 1469.69 2599.98 0.573663 0.147304 -0.000100228 0.162018 0.000145517
0.00883601 1473.63 2602.24 0.571759 0.146909 -9.96919e-05 0.162592 0.000145565
0.0098138 1477.2 2604.28 0.570025 0.146554 -9.92109e-05 0.163111 0.000145608
0.0109103 1480.42 2606.11 0.568453 0.146236 -9.87802e-05 0.16358 0.000145646
0.0121399 1483.31 2607.75 0.567031 0.145951 -9.83953e-05 0.164001 0.00014568
0.0135188 1485.9 2609.22 0.565752 0.145696 -9.80524e-05 0.164379 0.00014571
0.015065 1488.21 2610.53 0.564606 0.14547 -9.77481e-05 0.164716 0.000145737
0.016799 1490.26 2611.68 0.563584 0.14527 -9.74791e-05 0.165015 0.000145761
0.0187435 1492.07 2612.7 0.562681 0.145094 -9.72429e-05 0.165278 0.000145781
0.020924 1493.66 2613.59 0.561888 0.14494 -9.70369e-05 0.165509 0.000145799
0.0233692 1495.03 2614.36 0.5612 0.144807 -9.68591e-05 0.165709 0.000145815
0.0261113 1496.2 2615.02 0.560611 0.144694 -9.67077e-05 0.165879 0.000145828
0.0291863 1497.18 2615.57 0.560117 0.144599 -9.6581e-05 0.166023 0.000145839
0.0326345 1497.98 2616.02 0.559711 0.144521 -9.64775e-05 0.16614 0.000145848
0.0365014 1498.62 2616.37 0.559389 0.14446 -9.63953e-05 0.166233 0.000145855
0.0408377 1499.11 2616.65 0.559142 0.144413 -9.63327e-05 0.166304 0.000145861
0.0457004 1499.46 2616.84 0.558963 0.144379 -9.62873e-05 0.166355 0.000145865
0.0511534 1499.7 2616.98 0.558842 0.144356 -9.62565e-05 0.16639 0.000145867
0.0572684 1499.85 2617.06 0.558766 0.144341 -9.62373e-05 0.166412 0.000145869
0.0641258 1499.93 2617.11 0.558723 0.144333 -9.62265e-05 0.166424 0.00014587
0.0718156 1499.97 2617.13 0.558702 0.144329 -9.62212e-05 0.16643 0.00014587
0.080439 1499.99 2617.14 0.558693 0.144328 -9.62189e-05 0.166433 0.000145871
0.0901092 1500 2617.15 0.55869 0.144327 -9.62182e-05 0.166434 0.000145871
0.100953 1500 2617.15 0.558689 0.144327 -9.62179e-05 0.166434 0.000145871
0.113114 1500 2617.15 0.558689 0.144327 -9.62179e-05 0.166434 0.000145871
0.126751 1500 2617.15 0.558689 0.144327 -9.62179e-05 0.166434 0.000145871
0.142043 1500 2617.15 0.558689 0.144327 -9.62179e-05 0.166434 0.000145871
0.159192 1500 2617.15 0.558689 0.144327 -9.62179e-05 0.166434 0.000145871
0.178422 1500 2617.15 0.558689 0.144327 -9.62179e-05 0.166434 0.000145871
0.199988 1500 2617.15 0.558689 0.144327 -9.62179e-05 0.166434 0.000145871
