TITLE="Graphics"
VARIABLES= "rj, m", "T, K", "Cp, J/kg*K", "DfCp, J/kg*K^2", "rho, kg/m^3", "Dfrho, kg/m^3*K", "Lambda, Watt/m*K", "DfLambda, Watt/m*K^2"
0 304.781 4183.53 -0.439164 980 0 0.61788 0
1.25e-05 304.781 4183.53 -0.439164 980 0 0.61788 0
3.75e-05 333.263 4185.78 0.497138 980 0 0.65446 0
6.25e-05 340.218 4189.8 0.654128 980 0 0.660716 0
8.75e-05 343.394 4191.98 0.720602 980 0 0.663267 0
0.0001125 345.301 4193.39 0.759245 980 0 0.66471 0
0.0001375 346.656 4194.44 0.786214 980 0 0.665697 0
0.0001625 347.741 4195.3 0.807544 980 0 0.666463 0
0.0001875 348.689 4196.08 0.825993 980 0 0.667116 0
0.0002125 349.569 4196.81 0.842998 980 0 0.667709 0
0.0002375 350.424 4197.54 0.859379 980 0 0.668271 0
0.0002625 351.277 4198.28 0.875632 980 0 0.668821 0
0.0002875 352.146 4199.05 0.892074 980 0 0.669368 0
0.0003125 353.041 4199.86 0.908917 980 0 0.669918 0
0.0003375 353.971 4200.71 0.926304 980 0 0.670475 0
0.0003625 354.939 4201.61 0.944338 980 0 0.671042 0
0.0003875 355.951 4202.58 0.963094 980 0 0.671617 0
0.0004125 357.01 4203.61 0.982627 980 0 0.672202 0
0.0004375 358.117 4204.71 1.00298 980 0 0.672795 0
0.0004625 359.274 4205.88 1.0242 980 0 0.673395 0
0.0004875 360.483 4207.13 1.04631 980 0 0.673999 0
0.0005125 416.842 1911.65 0.494824 0.519358 -0.00124593 0.0279132 8.91777e-05
0.0005375 557.656 1991.08 0.616528 0.388215 -0.000696156 0.0417082 0.000105823
0.0005625 650.414 2050.37 0.658667 0.33285 -0.00051175 0.0519261 0.000114205
0.0005875 720.846 2097.55 0.679838 0.300328 -0.000416633 0.0601623 0.000119542
0.0006125 777.693 2136.56 0.691725 0.278375 -0.00035795 0.067067 0.000123306
0.0006375 825.227 2169.61 0.698584 0.26234 -0.000317901 0.0729965 0.000126126
0.0006625 865.921 2198.12 0.702414 0.250011 -0.000288723 0.0781745 0.000128326
0.0006875 901.356 2223.05 0.704302 0.240183 -0.000266468 0.0827534 0.000130094
0.0007125 932.614 2245.08 0.704892 0.232133 -0.000248906 0.0868428 0.000131547
0.0007375 960.472 2264.71 0.704594 0.2254 -0.000234676 0.0905246 0.000132763
0.0007625 985.51 2282.34 0.703677 0.219673 -0.000222903 0.0938618 0.000133795
0.0007875 1008.17 2298.28 0.702327 0.214735 -0.000212994 0.0969042 0.000134683
0.0008125 1028.81 2312.75 0.700672 0.210428 -0.000204535 0.0996916 0.000135454
0.0008375 1047.7 2325.97 0.698807 0.206634 -0.000197226 0.102257 0.00013613
0.0008625 1065.07 2338.09 0.696798 0.203264 -0.000190845 0.104627 0.000136728
0.0008875 1081.11 2349.25 0.694695 0.200248 -0.000185225 0.106824 0.000137259
0.0009125 1095.97 2359.56 0.692536 0.197533 -0.000180236 0.108867 0.000137735
0.0009375 1109.79 2369.11 0.690348 0.195074 -0.000175776 0.110773 0.000138164
0.0009625 1122.67 2377.99 0.688151 0.192836 -0.000171766 0.112555 0.000138551
0.0009875 1134.71 2386.27 0.685961 0.190789 -0.000168139 0.114226 0.000138904
0.0010125 1146 2394 0.68379 0.18891 -0.000164844 0.115795 0.000139225
0.00104053 1157.84 2402.08 0.681387 0.186977 -0.000161488 0.117447 0.000139554
0.00107197 1170.21 2410.49 0.678745 0.185001 -0.000158093 0.119175 0.000139888
0.00110723 1183.05 2419.19 0.675856 0.182993 -0.000154679 0.120973 0.000140224
0.00114676 1196.31 2428.13 0.67272 0.180965 -0.00015127 0.122834 0.000140561
0.0011911 1209.92 2437.26 0.669337 0.17893 -0.000147886 0.12475 0.000140897
0.00124081 1223.81 2446.53 0.665717 0.176899 -0.000144549 0.126709 0.000141228
0.00129656 1237.89 2455.88 0.661871 0.174887 -0.000141278 0.1287 0.000141552
0.00135908 1252.08 2465.25 0.657817 0.172904 -0.000138093 0.130712 0.000141869
0.00142919 1266.3 2474.57 0.653578 0.170962 -0.000135009 0.132731 0.000142175
0.00150781 1280.46 2483.79 0.649182 0.169072 -0.000132041 0.134746 0.000142469
0.00159598 1294.46 2492.85 0.644661 0.167243 -0.000129199 0.136743 0.00014275
0.00169485 1308.23 2501.7 0.640048 0.165483 -0.000126494 0.13871 0.000143017
0.00180572 1321.68 2510.28 0.635381 0.163799 -0.000123932 0.140636 0.000143269
0.00193005 1334.75 2518.55 0.630695 0.162195 -0.000121517 0.14251 0.000143506
0.00206947 1347.38 2526.48 0.626029 0.160675 -0.000119251 0.144323 0.000143727
0.00222582 1359.5 2534.04 0.621417 0.159243 -0.000117134 0.146066 0.000143932
0.00240114 1371.08 2541.21 0.616893 0.157898 -0.000115164 0.147734 0.000144122
0.00259776 1382.08 2547.98 0.612487 0.156641 -0.000113337 0.14932 0.000144298
0.00281824 1392.48 2554.32 0.608224 0.155471 -0.00011165 0.150822 0.000144459
0.00306548 1402.27 2560.26 0.604128 0.154386 -0.000110097 0.152237 0.000144606
0.00334275 1411.44 2565.78 0.600214 0.153383 -0.000108671 0.153564 0.00014474
0.00365367 1419.99 2570.9 0.596498 0.152459 -0.000107366 0.154802 0.000144863
0.00400233 1427.94 2575.63 0.592989 0.15161 -0.000106174 0.155954 0.000144974
0.00439333 1435.3 2579.98 0.589691 0.150833 -0.000105088 0.157022 0.000145074
0.00483178 1442.09 2583.97 0.586606 0.150122 -0.0001041 0.158007 0.000145165
0.00532347 1448.34 2587.63 0.583735 0.149475 -0.000103205 0.158914 0.000145247
0.00587484 1454.06 2590.96 0.581073 0.148887 -0.000102394 0.159745 0.000145321
0.00649315 1459.3 2594 0.578614 0.148352 -0.00010166 0.160506 0.000145388
0.00718653 1464.07 2596.75 0.57635 0.147869 -0.000100998 0.161201 0.000145448
0.00796407 1468.41 2599.25 0.574275 0.147431 -0.000100402 0.161832 0.000145501
0.00883601 1472.35 2601.51 0.572377 0.147037 -9.9865e-05 0.162406 0.000145549
0.0098138 1475.92 2603.55 0.570647 0.146681 -9.93827e-05 0.162925 0.000145592
0.0109103 1479.15 2605.39 0.569075 0.146362 -9.89501e-05 0.163395 0.000145631
0.0121399 1482.05 2607.04 0.567652 0.146075 -9.85628e-05 0.163818 0.000145665
0.0135188 1484.66 2608.52 0.566366 0.145818 -9.82166e-05 0.164198 0.000145696
0.015065 1487 2609.84 0.56521 0.145589 -9.79081e-05 0.164538 0.000145723
0.016799 1489.08 2611.02 0.564173 0.145385 -9.7634e-05 0.164842 0.000145747
0.0187435 1490.94 2612.06 0.563249 0.145204 -9.73914e-05 0.165112 0.000145768
0.020924 1492.57 2612.98 0.56243 0.145045 -9.71777e-05 0.165351 0.000145787
0.0233692 1494.01 2613.79 0.56171 0.144905 -9.69908e-05 0.165561 0.000145803
0.0261113 1495.26 2614.49 0.561082 0.144784 -9.68288e-05 0.165743 0.000145818
0.0291863 1496.33 2615.09 0.560542 0.14468 -9.66899e-05 0.165899 0.00014583
0.0326345 1497.24 2615.6 0.560085 0.144593 -9.65728e-05 0.166032 0.00014584
0.0365014 1497.99 2616.02 0.559705 0.14452 -9.6476e-05 0.166141 0.000145848
0.0408377 1498.6 2616.36 0.559399 0.144462 -9.63981e-05 0.16623 0.000145855
0.0457004 1499.07 2616.63 0.559161 0.144417 -9.63375e-05 0.166298 0.00014586
0.0511534 1499.42 2616.82 0.558984 0.144383 -9.62926e-05 0.166349 0.000145864
0.0572684 1499.66 2616.96 0.55886 0.144359 -9.62611e-05 0.166385 0.000145867
0.0641258 1499.82 2617.05 0.558779 0.144344 -9.62407e-05 0.166408 0.000145869
0.0718156 1499.92 2617.1 0.558731 0.144335 -9.62286e-05 0.166422 0.00014587
0.080439 1499.97 2617.13 0.558706 0.14433 -9.62223e-05 0.166429 0.00014587
0.0901092 1499.99 2617.14 0.558695 0.144328 -9.62194e-05 0.166432 0.000145871
0.100953 1500 2617.14 0.558691 0.144327 -9.62183e-05 0.166434 0.000145871
0.113114 1500 2617.15 0.55869 0.144327 -9.6218e-05 0.166434 0.000145871
0.126751 1500 2617.15 0.558689 0.144327 -9.62179e-05 0.166434 0.000145871
0.142043 1500 2617.15 0.558689 0.144327 -9.62179e-05 0.166434 0.000145871
0.159192 1500 2617.15 0.558689 0.144327 -9.62179e-05 0.166434 0.000145871
0.178422 1500 2617.15 0.558689 0.144327 -9.62179e-05 0.166434 0.000145871
0.199988 1500 2617.15 0.558689 0.144327 -9.62179e-05 0.166434 0.000145871
