TITLE="Graphics"
VARIABLES= "rj, m", "T, K", "Cp, J/kg*K", "DfCp, J/kg*K^2", "rho, kg/m^3", "Dfrho, kg/m^3*K", "Lambda, Watt/m*K", "DfLambda, Watt/m*K^2"
0 302.178 4184.83 -0.560649 980 0 0.613637 0
1.25e-05 302.178 4184.83 -0.560649 980 0 0.613637 0
3.75e-05 315.252 4181.21 -0.022334 980 0 0.633521 0
6.25e-05 318.536 4181.32 0.0882274 980 0 0.637891 0
8.75e-05 320.105 4181.5 0.138151 980 0 0.639888 0
0.0001125 321.122 4181.66 0.1696 980 0 0.641152 0
0.0001375 321.922 4181.8 0.193851 980 0 0.64213 0
0.0001625 322.637 4181.95 0.215142 980 0 0.64299 0
0.0001875 323.327 4182.1 0.235394 980 0 0.64381 0
0.0002125 324.026 4182.27 0.25558 980 0 0.644629 0
0.0002375 324.751 4182.47 0.276223 980 0 0.645468 0
0.0002625 325.514 4182.69 0.297611 980 0 0.646337 0
0.0002875 326.323 4182.94 0.319899 980 0 0.647245 0
0.0003125 327.182 4183.22 0.343162 980 0 0.648193 0
0.0003375 328.093 4183.54 0.367422 980 0 0.649182 0
0.0003625 329.06 4183.91 0.392669 980 0 0.650211 0
0.0003875 330.083 4184.33 0.418873 980 0 0.65128 0
0.0004125 331.164 4184.79 0.445989 980 0 0.652384 0
0.0004375 332.302 4185.32 0.473965 980 0 0.65352 0
0.0004625 333.498 4185.9 0.502743 980 0 0.654687 0
0.0004875 334.752 4186.55 0.532267 980 0 0.655878 0
0.0005125 395.672 1901.48 0.464783 0.547145 -0.00138282 0.0260573 8.61301e-05
0.0005375 545.784 1983.8 0.609591 0.396659 -0.000726769 0.0404591 0.000104621
0.0005625 641.907 2044.78 0.655554 0.337261 -0.000525404 0.0509575 0.000113505
0.0005875 714.236 2093.06 0.678173 0.303107 -0.00042438 0.0593737 0.000119074
0.0006125 772.346 2132.86 0.690784 0.280302 -0.000362923 0.0664087 0.000122971
0.0006375 820.801 2166.52 0.698056 0.263755 -0.000321338 0.0724388 0.000125876
0.0006625 862.204 2195.51 0.702139 0.251089 -0.000291218 0.0776978 0.000128133
0.0006875 898.207 2220.83 0.704187 0.241025 -0.00026834 0.082344 0.000129942
0.0007125 929.933 2243.19 0.70488 0.232802 -0.000250343 0.0864904 0.000131426
0.0007375 958.187 2263.1 0.704647 0.225937 -0.000235797 0.0902213 0.000132666
0.0007625 983.564 2280.97 0.70377 0.220108 -0.000223786 0.0936014 0.000133717
0.0007875 1006.52 2297.12 0.702442 0.215088 -0.000213694 0.0966816 0.00013462
0.0008125 1027.42 2311.78 0.700797 0.210713 -0.00020509 0.0995029 0.000135403
0.0008375 1046.54 2325.16 0.698931 0.206864 -0.000197665 0.102098 0.000136089
0.0008625 1064.11 2337.43 0.696916 0.203447 -0.000191189 0.104496 0.000136695
0.0008875 1080.34 2348.72 0.694802 0.200392 -0.00018549 0.106718 0.000137234
0.0009125 1095.36 2359.14 0.692628 0.197642 -0.000180435 0.108784 0.000137716
0.0009375 1109.33 2368.8 0.690422 0.195154 -0.00017592 0.11071 0.00013815
0.0009625 1122.35 2377.78 0.688206 0.19289 -0.000171862 0.112512 0.000138542
0.0009875 1134.53 2386.14 0.685995 0.19082 -0.000168194 0.1142 0.000138898
0.0010125 1145.93 2393.95 0.683802 0.188921 -0.000164862 0.115786 0.000139223
0.00104053 1157.9 2402.12 0.681375 0.186968 -0.000161472 0.117455 0.000139556
0.00107197 1170.39 2410.62 0.678704 0.184972 -0.000158043 0.119201 0.000139893
0.00110723 1183.37 2419.4 0.675784 0.182945 -0.000154597 0.121017 0.000140232
0.00114676 1196.76 2428.43 0.672611 0.180898 -0.000151157 0.122897 0.000140572
0.0011911 1210.5 2437.65 0.669189 0.178844 -0.000147744 0.124832 0.000140911
0.00124081 1224.52 2447.01 0.665526 0.176796 -0.00014438 0.12681 0.000141244
0.00129656 1238.74 2456.44 0.661633 0.174767 -0.000141085 0.12882 0.000141572
0.00135908 1253.07 2465.9 0.65753 0.172768 -0.000137877 0.130851 0.00014189
0.00142919 1267.42 2475.3 0.653239 0.170812 -0.000134772 0.132889 0.000142198
0.00150781 1281.7 2484.6 0.648788 0.168909 -0.000131785 0.134923 0.000142495
0.00159598 1295.83 2493.73 0.64421 0.167067 -0.000128927 0.136938 0.000142777
0.00169485 1309.72 2502.65 0.639539 0.165295 -0.000126207 0.138923 0.000143046
0.00180572 1323.29 2511.3 0.634812 0.1636 -0.000123631 0.140866 0.000143299
0.00193005 1336.47 2519.63 0.630068 0.161986 -0.000121204 0.142757 0.000143536
0.00206947 1349.2 2527.63 0.625342 0.160458 -0.000118928 0.144585 0.000143758
0.00222582 1361.43 2535.24 0.620672 0.159017 -0.000116802 0.146344 0.000143964
0.00240114 1373.1 2542.46 0.61609 0.157665 -0.000114824 0.148026 0.000144155
0.00259776 1384.19 2549.27 0.611628 0.156402 -0.000112991 0.149626 0.000144331
0.00281824 1394.68 2555.66 0.607311 0.155226 -0.000111299 0.15114 0.000144492
0.00306548 1404.55 2561.63 0.603163 0.154135 -0.00010974 0.152566 0.00014464
0.00334275 1413.79 2567.19 0.599201 0.153128 -0.000108311 0.153903 0.000144774
0.00365367 1422.41 2572.34 0.595439 0.1522 -0.000107002 0.155152 0.000144897
0.00400233 1430.41 2577.09 0.591887 0.151348 -0.000105807 0.156313 0.000145008
0.00439333 1437.82 2581.46 0.588549 0.150568 -0.000104719 0.157388 0.000145108
0.00483178 1444.66 2585.48 0.58543 0.149856 -0.000103731 0.15838 0.000145199
0.00532347 1450.94 2589.15 0.582526 0.149207 -0.000102834 0.159292 0.000145281
0.00587484 1456.7 2592.49 0.579836 0.148617 -0.000102023 0.160129 0.000145355
0.00649315 1461.96 2595.53 0.577354 0.148082 -0.00010129 0.160894 0.000145421
0.00718653 1466.75 2598.3 0.575072 0.147599 -0.00010063 0.16159 0.000145481
0.00796407 1471.1 2600.79 0.572982 0.147162 -0.000100035 0.162224 0.000145534
0.00883601 1475.04 2603.05 0.571075 0.146769 -9.95015e-05 0.162797 0.000145582
0.0098138 1478.6 2605.08 0.569343 0.146416 -9.90233e-05 0.163315 0.000145624
0.0109103 1481.8 2606.89 0.567775 0.1461 -9.85961e-05 0.163781 0.000145662
0.0121399 1484.67 2608.52 0.566362 0.145817 -9.82156e-05 0.164199 0.000145696
0.0135188 1487.22 2609.97 0.565096 0.145567 -9.78781e-05 0.164572 0.000145726
0.015065 1489.49 2611.25 0.563969 0.145345 -9.75802e-05 0.164902 0.000145752
0.016799 1491.49 2612.37 0.562973 0.14515 -9.7319e-05 0.165193 0.000145775
0.0187435 1493.23 2613.35 0.5621 0.144981 -9.70919e-05 0.165447 0.000145795
0.020924 1494.74 2614.2 0.561346 0.144835 -9.68967e-05 0.165667 0.000145812
0.0233692 1496.01 2614.91 0.560704 0.144711 -9.67314e-05 0.165853 0.000145826
0.0261113 1497.08 2615.51 0.560168 0.144609 -9.65941e-05 0.166008 0.000145838
0.0291863 1497.94 2615.99 0.559732 0.144525 -9.64829e-05 0.166134 0.000145848
0.0326345 1498.61 2616.37 0.559391 0.14446 -9.63958e-05 0.166232 0.000145855
0.0365014 1499.12 2616.66 0.559133 0.144411 -9.63305e-05 0.166306 0.000145861
0.0408377 1499.48 2616.86 0.558951 0.144377 -9.62842e-05 0.166359 0.000145865
0.0457004 1499.72 2616.99 0.55883 0.144354 -9.62536e-05 0.166394 0.000145868
0.0511534 1499.87 2617.07 0.558757 0.14434 -9.62351e-05 0.166415 0.000145869
0.0572684 1499.94 2617.11 0.558718 0.144332 -9.62252e-05 0.166426 0.00014587
0.0641258 1499.98 2617.14 0.558699 0.144329 -9.62205e-05 0.166431 0.00014587
0.0718156 1499.99 2617.14 0.558692 0.144327 -9.62187e-05 0.166433 0.000145871
0.080439 1500 2617.15 0.55869 0.144327 -9.62181e-05 0.166434 0.000145871
0.0901092 1500 2617.15 0.558689 0.144327 -9.62179e-05 0.166434 0.000145871
0.100953 1500 2617.15 0.558689 0.144327 -9.62179e-05 0.166434 0.000145871
0.113114 1500 2617.15 0.558689 0.144327 -9.62179e-05 0.166434 0.000145871
0.126751 1500 2617.15 0.558689 0.144327 -9.62179e-05 0.166434 0.000145871
0.142043 1500 2617.15 0.558689 0.144327 -9.62179e-05 0.166434 0.000145871
0.159192 1500 2617.15 0.558689 0.144327 -9.62179e-05 0.166434 0.000145871
0.178422 1500 2617.15 0.558689 0.144327 -9.62179e-05 0.166434 0.000145871
0.199988 1500 2617.15 0.558689 0.144327 -9.62179e-05 0.166434 0.000145871
