TITLE="Graphics"
VARIABLES= "rj, m", "T, K", "Cp, J/kg*K", "DfCp, J/kg*K^2", "rho, kg/m^3", "Dfrho, kg/m^3*K", "Lambda, Watt/m*K", "DfLambda, Watt/m*K^2"
0 301.882 4185 -0.574955 980 0 0.613148 0
1.25e-05 301.882 4185 -0.574955 980 0 0.613148 0
3.75e-05 313.193 4181.33 -0.0961341 980 0 0.630648 0
6.25e-05 316.052 4181.2 0.00538226 980 0 0.634609 0
8.75e-05 317.434 4181.24 0.0520736 980 0 0.636454 0
0.0001125 318.349 4181.3 0.0821601 980 0 0.63765 0
0.0001375 319.086 4181.37 0.105945 980 0 0.638599 0
0.0001625 319.759 4181.45 0.12731 980 0 0.639453 0
0.0001875 320.421 4181.54 0.148011 980 0 0.640284 0
0.0002125 321.1 4181.65 0.16893 980 0 0.641125 0
0.0002375 321.812 4181.78 0.190534 980 0 0.641996 0
0.0002625 322.567 4181.93 0.213073 980 0 0.642907 0
0.0002875 323.371 4182.11 0.236671 980 0 0.643862 0
0.0003125 324.228 4182.33 0.261376 980 0 0.644864 0
0.0003375 325.141 4182.58 0.287191 980 0 0.645913 0
0.0003625 326.111 4182.87 0.314083 980 0 0.647008 0
0.0003875 327.139 4183.21 0.342004 980 0 0.648146 0
0.0004125 328.225 4183.59 0.370891 980 0 0.649323 0
0.0004375 329.371 4184.03 0.400672 980 0 0.650538 0
0.0004625 330.575 4184.54 0.431274 980 0 0.651785 0
0.0004875 331.838 4185.1 0.462623 980 0 0.65306 0
0.0005125 393.332 1900.4 0.461151 0.550401 -0.00139933 0.0258562 8.57823e-05
0.0005375 544.57 1983.06 0.608858 0.397544 -0.000730014 0.0403321 0.000104497
0.0005625 641.086 2044.24 0.655246 0.337693 -0.000526751 0.0508643 0.000113436
0.0005875 713.637 2092.66 0.678019 0.303362 -0.000425092 0.0593024 0.000119032
0.0006125 771.896 2132.55 0.690704 0.280466 -0.000363347 0.0663533 0.000122943
0.0006375 820.459 2166.28 0.698014 0.263865 -0.000321606 0.0723958 0.000125856
0.0006625 861.947 2195.33 0.702119 0.251164 -0.000291392 0.0776649 0.00012812
0.0006875 898.018 2220.7 0.70418 0.241076 -0.000268453 0.0823194 0.000129933
0.0007125 929.8 2243.09 0.70488 0.232835 -0.000250414 0.0864729 0.00013142
0.0007375 958.101 2263.04 0.704649 0.225958 -0.000235839 0.0902099 0.000132662
0.0007625 983.519 2280.94 0.703772 0.220118 -0.000223807 0.0935954 0.000133715
0.0007875 1006.51 2297.11 0.702442 0.215089 -0.000213698 0.0966805 0.000134619
0.0008125 1027.44 2311.79 0.700795 0.210708 -0.000205081 0.099506 0.000135404
0.0008375 1046.59 2325.2 0.698926 0.206853 -0.000197645 0.102105 0.000136091
0.0008625 1064.19 2337.48 0.696907 0.203432 -0.000191162 0.104506 0.000136698
0.0008875 1080.43 2348.78 0.694789 0.200373 -0.000185456 0.106731 0.000137237
0.0009125 1095.48 2359.22 0.69261 0.197621 -0.000180396 0.1088 0.00013772
0.0009375 1109.47 2368.9 0.690399 0.195129 -0.000175876 0.11073 0.000138154
0.0009625 1122.51 2377.88 0.688178 0.192863 -0.000171814 0.112534 0.000138547
0.0009875 1134.7 2386.26 0.685963 0.190791 -0.000168143 0.114224 0.000138903
0.0010125 1146.12 2394.08 0.683765 0.18889 -0.000164808 0.115813 0.000139229
0.00104053 1158.1 2402.26 0.681333 0.186935 -0.000161415 0.117483 0.000139561
0.00107197 1170.61 2410.77 0.678656 0.184938 -0.000157983 0.119231 0.000139898
0.00110723 1183.6 2419.56 0.675729 0.182908 -0.000154535 0.12105 0.000140238
0.00114676 1197.01 2428.6 0.67255 0.18086 -0.000151093 0.122933 0.000140579
0.0011911 1210.77 2437.83 0.669121 0.178804 -0.000147678 0.124869 0.000140917
0.00124081 1224.8 2447.2 0.66545 0.176755 -0.000144313 0.12685 0.000141251
0.00129656 1239.04 2456.64 0.661549 0.174724 -0.000141016 0.128863 0.000141578
0.00135908 1253.38 2466.1 0.657436 0.172724 -0.000137806 0.130896 0.000141897
0.00142919 1267.75 2475.52 0.653136 0.170767 -0.000134701 0.132937 0.000142206
0.00150781 1282.05 2484.83 0.648677 0.168862 -0.000131712 0.134973 0.000142502
0.00159598 1296.2 2493.97 0.644089 0.16702 -0.000128854 0.13699 0.000142784
0.00169485 1310.1 2502.89 0.639408 0.165247 -0.000126133 0.138978 0.000143053
0.00180572 1323.69 2511.55 0.634672 0.163551 -0.000123557 0.140923 0.000143306
0.00193005 1336.89 2519.89 0.629917 0.161936 -0.00012113 0.142816 0.000143544
0.00206947 1349.63 2527.89 0.625182 0.160407 -0.000118853 0.144646 0.000143765
0.00222582 1361.87 2535.51 0.620502 0.158966 -0.000116727 0.146407 0.000143972
0.00240114 1373.55 2542.74 0.615911 0.157614 -0.000114749 0.148091 0.000144162
0.00259776 1384.65 2549.55 0.61144 0.15635 -0.000112916 0.149692 0.000144338
0.00281824 1395.15 2555.95 0.607115 0.155174 -0.000111224 0.151208 0.000144499
0.00306548 1405.02 2561.92 0.602959 0.154083 -0.000109666 0.152635 0.000144647
0.00334275 1414.27 2567.48 0.59899 0.153075 -0.000108236 0.153974 0.000144781
0.00365367 1422.9 2572.63 0.595222 0.152147 -0.000106928 0.155223 0.000144904
0.00400233 1430.91 2577.39 0.591663 0.151295 -0.000105733 0.156385 0.000145015
0.00439333 1438.33 2581.76 0.588321 0.150515 -0.000104646 0.157461 0.000145115
0.00483178 1445.17 2585.77 0.585197 0.149803 -0.000103658 0.158453 0.000145206
0.00532347 1451.45 2589.44 0.58229 0.149154 -0.000102762 0.159366 0.000145288
0.00587484 1457.21 2592.79 0.579597 0.148565 -0.000101952 0.160203 0.000145361
0.00649315 1462.47 2595.83 0.577113 0.148031 -0.00010122 0.160967 0.000145428
0.00718653 1467.25 2598.59 0.57483 0.147548 -0.00010056 0.161664 0.000145487
0.00796407 1471.6 2601.08 0.572741 0.147112 -9.99673e-05 0.162296 0.00014554
0.00883601 1475.53 2603.33 0.570836 0.14672 -9.9435e-05 0.162869 0.000145588
0.0098138 1479.08 2605.35 0.569106 0.146368 -9.89585e-05 0.163386 0.00014563
0.0109103 1482.27 2607.16 0.567542 0.146053 -9.85332e-05 0.16385 0.000145668
0.0121399 1485.13 2608.78 0.566135 0.145772 -9.81549e-05 0.164266 0.000145701
0.0135188 1487.67 2610.22 0.564877 0.145523 -9.78199e-05 0.164636 0.000145731
0.015065 1489.91 2611.49 0.563759 0.145304 -9.75249e-05 0.164964 0.000145757
0.016799 1491.89 2612.6 0.562773 0.145112 -9.7267e-05 0.165251 0.000145779
0.0187435 1493.6 2613.56 0.561914 0.144945 -9.70437e-05 0.165501 0.000145799
0.020924 1495.07 2614.39 0.561176 0.144802 -9.68529e-05 0.165716 0.000145815
0.0233692 1496.32 2615.08 0.560551 0.144682 -9.66923e-05 0.165897 0.000145829
0.0261113 1497.34 2615.66 0.560036 0.144583 -9.65603e-05 0.166046 0.000145841
0.0291863 1498.16 2616.12 0.559622 0.144504 -9.64547e-05 0.166165 0.00014585
0.0326345 1498.79 2616.47 0.559302 0.144443 -9.63733e-05 0.166258 0.000145857
0.0365014 1499.25 2616.73 0.559067 0.144399 -9.63135e-05 0.166326 0.000145862
0.0408377 1499.58 2616.91 0.558904 0.144368 -9.62723e-05 0.166372 0.000145866
0.0457004 1499.78 2617.02 0.5588 0.144348 -9.6246e-05 0.166402 0.000145868
0.0511534 1499.9 2617.09 0.55874 0.144336 -9.62308e-05 0.16642 0.00014587
0.0572684 1499.96 2617.12 0.558709 0.144331 -9.6223e-05 0.166428 0.00014587
0.0641258 1499.99 2617.14 0.558696 0.144328 -9.62196e-05 0.166432 0.000145871
0.0718156 1500 2617.14 0.558691 0.144327 -9.62184e-05 0.166434 0.000145871
0.080439 1500 2617.15 0.55869 0.144327 -9.6218e-05 0.166434 0.000145871
0.0901092 1500 2617.15 0.558689 0.144327 -9.62179e-05 0.166434 0.000145871
0.100953 1500 2617.15 0.558689 0.144327 -9.62179e-05 0.166434 0.000145871
0.113114 1500 2617.15 0.558689 0.144327 -9.62179e-05 0.166434 0.000145871
0.126751 1500 2617.15 0.558689 0.144327 -9.62179e-05 0.166434 0.000145871
0.142043 1500 2617.15 0.558689 0.144327 -9.62179e-05 0.166434 0.000145871
0.159192 1500 2617.15 0.558689 0.144327 -9.62179e-05 0.166434 0.000145871
0.178422 1500 2617.15 0.558689 0.144327 -9.62179e-05 0.166434 0.000145871
0.199988 1500 2617.15 0.558689 0.144327 -9.62179e-05 0.166434 0.000145871
