TITLE="Graphics"
VARIABLES= "rj, m", "T, K", "Cp, J/kg*K", "DfCp, J/kg*K^2", "rho, kg/m^3", "Dfrho, kg/m^3*K", "Lambda, Watt/m*K", "DfLambda, Watt/m*K^2"
0 301.495 4185.23 -0.593831 980 0 0.612507 0
1.25e-05 301.495 4185.23 -0.593831 980 0 0.612507 0
3.75e-05 310.495 4181.73 -0.198551 980 0 0.626728 0
6.25e-05 312.794 4181.37 -0.110887 980 0 0.630078 0
8.75e-05 313.931 4181.27 -0.0692897 980 0 0.631688 0
0.0001125 314.71 4181.23 -0.041418 980 0 0.632774 0
0.0001375 315.363 4181.21 -0.0184586 980 0 0.633672 0
0.0001625 315.98 4181.2 0.00291806 980 0 0.634512 0
0.0001875 316.604 4181.21 0.0242109 980 0 0.635351 0
0.0002125 317.257 4181.23 0.0461627 980 0 0.63622 0
0.0002375 317.951 4181.27 0.0691548 980 0 0.637132 0
0.0002625 318.695 4181.34 0.0933764 980 0 0.638097 0
0.0002875 319.493 4181.42 0.118906 980 0 0.639117 0
0.0003125 320.348 4181.53 0.145754 980 0 0.640193 0
0.0003375 321.262 4181.68 0.173889 980 0 0.641325 0
0.0003625 322.236 4181.86 0.203249 980 0 0.642509 0
0.0003875 323.271 4182.09 0.233757 980 0 0.643744 0
0.0004125 324.367 4182.36 0.26532 980 0 0.645025 0
0.0004375 325.523 4182.69 0.297845 980 0 0.646347 0
0.0004625 326.739 4183.07 0.33123 980 0 0.647707 0
0.0004875 328.016 4183.52 0.36538 980 0 0.649099 0
0.0005125 390.3 1899.01 0.456344 0.554676 -0.00142115 0.0255968 8.53283e-05
0.0005375 543.073 1982.15 0.607947 0.398639 -0.000734043 0.0401758 0.000104343
0.0005625 640.127 2043.61 0.654885 0.338199 -0.000528331 0.0507555 0.000113356
0.0005875 712.983 2092.21 0.67785 0.30364 -0.000425873 0.0592245 0.000118985
0.0006125 771.447 2132.24 0.690623 0.280629 -0.00036377 0.0662981 0.000122914
0.0006375 820.162 2166.07 0.697978 0.26396 -0.00032184 0.0723583 0.000125839
0.0006625 861.767 2195.21 0.702106 0.251217 -0.000291513 0.0776419 0.00012811
0.0006875 897.934 2220.64 0.704177 0.241098 -0.000268503 0.0823085 0.000129929
0.0007125 929.796 2243.09 0.70488 0.232836 -0.000250416 0.0864724 0.00013142
0.0007375 958.165 2263.09 0.704648 0.225943 -0.000235808 0.0902184 0.000132665
0.0007625 983.642 2281.03 0.703767 0.220091 -0.000223751 0.0936118 0.00013372
0.0007875 1006.69 2297.23 0.70243 0.215052 -0.000213624 0.0967039 0.000134626
0.0008125 1027.66 2311.95 0.700775 0.210664 -0.000204994 0.0995356 0.000135412
0.0008375 1046.85 2325.38 0.698898 0.206802 -0.000197547 0.102141 0.0001361
0.0008625 1064.49 2337.69 0.69687 0.203376 -0.000191055 0.104547 0.000136708
0.0008875 1080.76 2349.01 0.694743 0.200312 -0.000185343 0.106776 0.000137248
0.0009125 1095.84 2359.47 0.692555 0.197556 -0.000180278 0.10885 0.000137731
0.0009375 1109.86 2369.16 0.690336 0.195061 -0.000175753 0.110783 0.000138166
0.0009625 1122.92 2378.17 0.688106 0.192792 -0.000171688 0.112591 0.000138559
0.0009875 1135.13 2386.56 0.685881 0.190718 -0.000168014 0.114285 0.000138916
0.0010125 1146.58 2394.39 0.683675 0.188815 -0.000164677 0.115876 0.000139241
0.00104053 1158.58 2402.59 0.681233 0.186858 -0.000161281 0.11755 0.000139574
0.00107197 1171.12 2411.11 0.678546 0.184858 -0.000157848 0.119301 0.000139912
0.00110723 1184.13 2419.92 0.675608 0.182827 -0.000154398 0.121124 0.000140252
0.00114676 1197.56 2428.97 0.672416 0.180776 -0.000150954 0.12301 0.000140593
0.0011911 1211.34 2438.22 0.668974 0.178719 -0.000147538 0.12495 0.000140931
0.00124081 1225.4 2447.6 0.665289 0.176668 -0.000144171 0.126935 0.000141265
0.00129656 1239.66 2457.06 0.661373 0.174636 -0.000140874 0.128951 0.000141593
0.00135908 1254.03 2466.53 0.657246 0.172635 -0.000137664 0.130988 0.000141911
0.00142919 1268.43 2475.96 0.65293 0.170676 -0.000134557 0.133033 0.00014222
0.00150781 1282.75 2485.28 0.648454 0.16877 -0.000131569 0.135072 0.000142516
0.00159598 1296.92 2494.44 0.64385 0.166926 -0.00012871 0.137094 0.000142799
0.00169485 1310.85 2503.37 0.639152 0.165153 -0.000125989 0.139084 0.000143067
0.00180572 1324.46 2512.04 0.634399 0.163456 -0.000123414 0.141033 0.00014332
0.00193005 1337.67 2520.39 0.629628 0.161841 -0.000120987 0.142929 0.000143558
0.00206947 1350.44 2528.4 0.624876 0.160311 -0.00011871 0.144763 0.000143779
0.00222582 1362.69 2536.03 0.62018 0.158869 -0.000116585 0.146526 0.000143985
0.00240114 1374.4 2543.26 0.615574 0.157516 -0.000114607 0.148213 0.000144176
0.00259776 1385.52 2550.08 0.611087 0.156252 -0.000112775 0.149817 0.000144351
0.00281824 1396.03 2556.48 0.606748 0.155076 -0.000111083 0.151335 0.000144512
0.00306548 1405.92 2562.46 0.602578 0.153985 -0.000109526 0.152765 0.00014466
0.00334275 1415.18 2568.02 0.598596 0.152977 -0.000108097 0.154106 0.000144794
0.00365367 1423.82 2573.18 0.594815 0.152049 -0.000106789 0.155357 0.000144916
0.00400233 1431.84 2577.94 0.591246 0.151197 -0.000105596 0.15652 0.000145027
0.00439333 1439.27 2582.31 0.587893 0.150417 -0.000104509 0.157597 0.000145128
0.00483178 1446.12 2586.33 0.58476 0.149705 -0.000103522 0.158591 0.000145218
0.00532347 1452.41 2590 0.581845 0.149056 -0.000102627 0.159505 0.0001453
0.00587484 1458.17 2593.34 0.579146 0.148467 -0.000101818 0.160342 0.000145374
0.00649315 1463.43 2596.38 0.576656 0.147934 -0.000101087 0.161107 0.00014544
0.00718653 1468.21 2599.14 0.57437 0.147451 -0.000100429 0.161804 0.000145499
0.00796407 1472.56 2601.63 0.572279 0.147017 -9.98375e-05 0.162435 0.000145552
0.00883601 1476.48 2603.87 0.570374 0.146626 -9.93073e-05 0.163007 0.000145599
0.0098138 1480.02 2605.88 0.568648 0.146275 -9.88333e-05 0.163522 0.000145641
0.0109103 1483.19 2607.68 0.56709 0.145963 -9.84111e-05 0.163984 0.000145679
0.0121399 1486.02 2609.29 0.565693 0.145685 -9.80367e-05 0.164396 0.000145712
0.0135188 1488.53 2610.71 0.564448 0.145439 -9.77063e-05 0.164762 0.000145741
0.015065 1490.74 2611.95 0.563347 0.145223 -9.7417e-05 0.165084 0.000145766
0.016799 1492.67 2613.03 0.562385 0.145036 -9.71658e-05 0.165365 0.000145788
0.0187435 1494.32 2613.97 0.561554 0.144875 -9.69505e-05 0.165606 0.000145807
0.020924 1495.72 2614.75 0.560849 0.144739 -9.67687e-05 0.165811 0.000145823
0.0233692 1496.89 2615.41 0.560263 0.144627 -9.66184e-05 0.16598 0.000145836
0.0261113 1497.83 2615.93 0.559789 0.144536 -9.64974e-05 0.166117 0.000145846
0.0291863 1498.56 2616.34 0.559421 0.144466 -9.64035e-05 0.166224 0.000145855
0.0326345 1499.1 2616.64 0.559146 0.144414 -9.63337e-05 0.166303 0.000145861
0.0365014 1499.48 2616.85 0.558954 0.144377 -9.62849e-05 0.166358 0.000145865
0.0408377 1499.72 2616.99 0.558829 0.144353 -9.62532e-05 0.166394 0.000145868
0.0457004 1499.87 2617.07 0.558755 0.144339 -9.62345e-05 0.166415 0.000145869
0.0511534 1499.95 2617.12 0.558716 0.144332 -9.62247e-05 0.166426 0.00014587
0.0572684 1499.98 2617.14 0.558698 0.144329 -9.62203e-05 0.166432 0.00014587
0.0641258 1499.99 2617.14 0.558692 0.144327 -9.62186e-05 0.166433 0.000145871
0.0718156 1500 2617.15 0.55869 0.144327 -9.6218e-05 0.166434 0.000145871
0.080439 1500 2617.15 0.558689 0.144327 -9.62179e-05 0.166434 0.000145871
0.0901092 1500 2617.15 0.558689 0.144327 -9.62179e-05 0.166434 0.000145871
0.100953 1500 2617.15 0.558689 0.144327 -9.62179e-05 0.166434 0.000145871
0.113114 1500 2617.15 0.558689 0.144327 -9.62179e-05 0.166434 0.000145871
0.126751 1500 2617.15 0.558689 0.144327 -9.62179e-05 0.166434 0.000145871
0.142043 1500 2617.15 0.558689 0.144327 -9.62179e-05 0.166434 0.000145871
0.159192 1500 2617.15 0.558689 0.144327 -9.62179e-05 0.166434 0.000145871
0.178422 1500 2617.15 0.558689 0.144327 -9.62179e-05 0.166434 0.000145871
0.199988 1500 2617.15 0.558689 0.144327 -9.62179e-05 0.166434 0.000145871
