TITLE="Graphics"
VARIABLES= "rj, m", "T, K", "Cp, J/kg*K", "DfCp, J/kg*K^2", "rho, kg/m^3", "Dfrho, kg/m^3*K", "Lambda, Watt/m*K", "DfLambda, Watt/m*K^2"
0 300.456 4185.87 -0.645491 980 0 0.610775 0
1.25e-05 300.456 4185.87 -0.645491 980 0 0.610775 0
3.75e-05 303.212 4184.28 -0.511442 980 0 0.615336 0
6.25e-05 303.97 4183.9 -0.476141 980 0 0.616571 0
8.75e-05 304.416 4183.7 -0.455693 980 0 0.617293 0
0.0001125 304.798 4183.53 -0.438388 980 0 0.617908 0
0.0001375 305.187 4183.36 -0.420911 980 0 0.618531 0
0.0001625 305.613 4183.18 -0.401983 980 0 0.619211 0
0.0001875 306.089 4183 -0.381025 980 0 0.619967 0
0.0002125 306.625 4182.8 -0.357756 980 0 0.620812 0
0.0002375 307.225 4182.59 -0.332049 980 0 0.621751 0
0.0002625 307.894 4182.38 -0.30387 980 0 0.622788 0
0.0002875 308.633 4182.17 -0.273245 980 0 0.623924 0
0.0003125 309.445 4181.96 -0.240249 980 0 0.625156 0
0.0003375 310.331 4181.76 -0.204997 980 0 0.626484 0
0.0003625 311.291 4181.58 -0.167634 980 0 0.627902 0
0.0003875 312.326 4181.43 -0.128333 980 0 0.629406 0
0.0004125 313.435 4181.31 -0.0872895 980 0 0.63099 0
0.0004375 314.617 4181.23 -0.0447139 980 0 0.632645 0
0.0004625 315.872 4181.2 -0.000826713 980 0 0.634365 0
0.0004875 317.197 4181.23 0.0441471 980 0 0.63614 0
0.0005125 381.986 1895.27 0.442538 0.566749 -0.00148369 0.0248926 8.40634e-05
0.0005375 539.531 1980 0.605764 0.401256 -0.000743712 0.0398069 0.000103976
0.0005625 638.257 2042.39 0.654177 0.33919 -0.000531431 0.0505438 0.0001132
0.0005875 712.08 2091.6 0.677616 0.304025 -0.000426954 0.0591171 0.00011892
0.0006125 771.205 2132.07 0.690579 0.280717 -0.000363997 0.0662684 0.000122899
0.0006375 820.415 2166.25 0.698009 0.263879 -0.000321641 0.0723902 0.000125854
0.0006625 862.411 2195.66 0.702155 0.251029 -0.000291078 0.0777244 0.000128144
0.0006875 898.898 2221.32 0.704213 0.24084 -0.000267928 0.0824337 0.000129976
0.0007125 931.028 2243.96 0.704886 0.232528 -0.000249754 0.0866343 0.000131476
0.0007375 959.627 2264.12 0.704614 0.225598 -0.00023509 0.0904124 0.000132727
0.0007625 985.303 2282.2 0.703687 0.219719 -0.000222997 0.0938341 0.000133787
0.0007875 1008.52 2298.52 0.702302 0.21466 -0.000212846 0.0969513 0.000134696
0.0008125 1029.65 2313.34 0.700596 0.210255 -0.0002042 0.0998058 0.000135485
0.0008375 1048.98 2326.87 0.698668 0.206381 -0.000196744 0.102431 0.000136175
0.0008625 1066.75 2339.26 0.696589 0.202944 -0.000190246 0.104856 0.000136784
0.0008875 1083.14 2350.66 0.694412 0.199873 -0.000184531 0.107103 0.000137325
0.0009125 1098.33 2361.19 0.692175 0.197109 -0.000179463 0.109192 0.000137809
0.0009375 1112.44 2370.94 0.689908 0.194609 -0.000174939 0.111139 0.000138244
0.0009625 1125.59 2380 0.687631 0.192335 -0.000170875 0.11296 0.000138638
0.0009875 1137.88 2388.44 0.685362 0.190257 -0.000167202 0.114667 0.000138995
0.0010125 1149.4 2396.33 0.683111 0.18835 -0.000163868 0.11627 0.000139321
0.00104053 1161.49 2404.57 0.680622 0.18639 -0.000160475 0.117956 0.000139653
0.00107197 1174.11 2413.14 0.677884 0.184387 -0.000157045 0.11972 0.000139991
0.00110723 1187.2 2421.99 0.674891 0.182353 -0.000153599 0.121555 0.000140331
0.00114676 1200.72 2431.1 0.671642 0.1803 -0.00015016 0.123455 0.000140671
0.0011911 1214.59 2440.39 0.668138 0.178241 -0.00014675 0.125409 0.000141009
0.00124081 1228.74 2449.82 0.664388 0.176188 -0.000143389 0.127407 0.000141343
0.00129656 1243.09 2459.32 0.660405 0.174154 -0.000140098 0.129437 0.00014167
0.00135908 1257.55 2468.84 0.656208 0.172152 -0.000136894 0.131488 0.000141988
0.00142919 1272.03 2478.31 0.65182 0.170192 -0.000133795 0.133546 0.000142295
0.00150781 1286.44 2487.67 0.647271 0.168286 -0.000130815 0.135599 0.000142591
0.00159598 1300.7 2496.87 0.642592 0.166442 -0.000127963 0.137633 0.000142872
0.00169485 1314.71 2505.84 0.63782 0.164668 -0.00012525 0.139637 0.00014314
0.00180572 1328.4 2514.53 0.632992 0.162971 -0.000122682 0.141598 0.000143392
0.00193005 1341.69 2522.92 0.628147 0.161356 -0.000120263 0.143506 0.000143628
0.00206947 1354.53 2530.95 0.623324 0.159827 -0.000117995 0.145351 0.000143849
0.00222582 1366.85 2538.6 0.618558 0.158386 -0.000115877 0.147125 0.000144054
0.00240114 1378.62 2545.85 0.613884 0.157034 -0.000113907 0.148821 0.000144243
0.00259776 1389.8 2552.69 0.609333 0.155771 -0.000112082 0.150435 0.000144417
0.00281824 1400.36 2559.1 0.604933 0.154596 -0.000110397 0.151961 0.000144578
0.00306548 1410.29 2565.09 0.600707 0.153507 -0.000108848 0.153398 0.000144724
0.00334275 1419.6 2570.66 0.596672 0.152501 -0.000107426 0.154745 0.000144857
0.00365367 1428.27 2575.82 0.592845 0.151576 -0.000106126 0.156001 0.000144978
0.00400233 1436.31 2580.57 0.589234 0.150726 -0.00010494 0.157168 0.000145088
0.00439333 1443.75 2584.94 0.585846 0.14995 -0.000103861 0.158248 0.000145187
0.00483178 1450.6 2588.95 0.582685 0.149242 -0.000102883 0.159243 0.000145277
0.00532347 1456.89 2592.6 0.579749 0.148598 -0.000101997 0.160156 0.000145357
0.00587484 1462.63 2595.92 0.577037 0.148015 -0.000101198 0.160991 0.00014543
0.00649315 1467.85 2598.93 0.574544 0.147488 -0.000100479 0.161751 0.000145494
0.00718653 1472.59 2601.64 0.572265 0.147014 -9.98335e-05 0.16244 0.000145552
0.00796407 1476.86 2604.08 0.570193 0.146589 -9.92571e-05 0.163061 0.000145603
0.00883601 1480.69 2606.26 0.568321 0.146209 -9.87443e-05 0.163619 0.000145649
0.0098138 1484.1 2608.2 0.566642 0.145873 -9.82908e-05 0.164116 0.000145689
0.0109103 1487.12 2609.91 0.56515 0.145577 -9.78924e-05 0.164556 0.000145724
0.0121399 1489.76 2611.4 0.563838 0.145319 -9.75457e-05 0.16494 0.000145755
0.0135188 1492.04 2612.68 0.562699 0.145097 -9.72476e-05 0.165273 0.000145781
0.015065 1493.98 2613.77 0.561727 0.144909 -9.69952e-05 0.165556 0.000145803
0.016799 1495.59 2614.68 0.560915 0.144752 -9.67857e-05 0.165792 0.000145821
0.0187435 1496.9 2615.41 0.560255 0.144625 -9.66165e-05 0.165982 0.000145836
0.020924 1497.93 2615.99 0.559738 0.144526 -9.64843e-05 0.166132 0.000145848
0.0233692 1498.69 2616.42 0.55935 0.144453 -9.63855e-05 0.166244 0.000145856
0.0261113 1499.24 2616.72 0.559076 0.1444 -9.63159e-05 0.166323 0.000145862
0.0291863 1499.59 2616.92 0.558896 0.144366 -9.62702e-05 0.166375 0.000145866
0.0326345 1499.81 2617.04 0.558788 0.144346 -9.62429e-05 0.166406 0.000145869
0.0365014 1499.92 2617.1 0.55873 0.144335 -9.62283e-05 0.166422 0.00014587
0.0408377 1499.97 2617.13 0.558704 0.14433 -9.62216e-05 0.16643 0.00014587
0.0457004 1499.99 2617.14 0.558693 0.144328 -9.6219e-05 0.166433 0.000145871
0.0511534 1500 2617.15 0.55869 0.144327 -9.62181e-05 0.166434 0.000145871
0.0572684 1500 2617.15 0.558689 0.144327 -9.62179e-05 0.166434 0.000145871
0.0641258 1500 2617.15 0.558689 0.144327 -9.62179e-05 0.166434 0.000145871
0.0718156 1500 2617.15 0.558689 0.144327 -9.62179e-05 0.166434 0.000145871
0.080439 1500 2617.15 0.558689 0.144327 -9.62179e-05 0.166434 0.000145871
0.0901092 1500 2617.15 0.558689 0.144327 -9.62179e-05 0.166434 0.000145871
0.100953 1500 2617.15 0.558689 0.144327 -9.62179e-05 0.166434 0.000145871
0.113114 1500 2617.15 0.558689 0.144327 -9.62179e-05 0.166434 0.000145871
0.126751 1500 2617.15 0.558689 0.144327 -9.62179e-05 0.166434 0.000145871
0.142043 1500 2617.15 0.558689 0.144327 -9.62179e-05 0.166434 0.000145871
0.159192 1500 2617.15 0.558689 0.144327 -9.62179e-05 0.166434 0.000145871
0.178422 1500 2617.15 0.558689 0.144327 -9.62179e-05 0.166434 0.000145871
0.199988 1500 2617.15 0.558689 0.144327 -9.62179e-05 0.166434 0.000145871
