TITLE="Graphics"
VARIABLES= "rj, m", "T, K", "Cp, J/kg*K", "DfCp, J/kg*K^2", "rho, kg/m^3", "Dfrho, kg/m^3*K", "Lambda, Watt/m*K", "DfLambda, Watt/m*K^2"
0 300.237 4186.01 -0.656554 980 0 0.610408 0
1.25e-05 300.237 4186.01 -0.656554 980 0 0.610408 0
3.75e-05 301.67 4185.12 -0.585279 980 0 0.612797 0
6.25e-05 302.089 4184.88 -0.564956 980 0 0.61349 0
8.75e-05 302.366 4184.73 -0.551575 980 0 0.613948 0
0.0001125 302.634 4184.58 -0.538785 980 0 0.614388 0
0.0001375 302.93 4184.42 -0.524719 980 0 0.614875 0
0.0001625 303.272 4184.25 -0.508602 980 0 0.615435 0
0.0001875 303.67 4184.05 -0.490029 980 0 0.616084 0
0.0002125 304.131 4183.83 -0.468762 980 0 0.616831 0
0.0002375 304.659 4183.59 -0.444652 980 0 0.617685 0
0.0002625 305.261 4183.33 -0.417616 980 0 0.618649 0
0.0002875 305.938 4183.06 -0.387627 980 0 0.619728 0
0.0003125 306.696 4182.77 -0.35471 980 0 0.620923 0
0.0003375 307.535 4182.49 -0.318946 980 0 0.622232 0
0.0003625 308.458 4182.21 -0.280464 980 0 0.623655 0
0.0003875 309.465 4181.95 -0.239444 980 0 0.625187 0
0.0004125 310.558 4181.72 -0.196109 980 0 0.62682 0
0.0004375 311.733 4181.51 -0.150719 980 0 0.628548 0
0.0004625 312.992 4181.35 -0.103561 980 0 0.630361 0
0.0004875 314.33 4181.25 -0.0549433 980 0 0.632246 0
0.0005125 379.919 1894.36 0.438956 0.569832 -0.00149988 0.0247192 8.37443e-05
0.0005375 538.966 1979.66 0.605411 0.401677 -0.000745273 0.0397481 0.000103917
0.0005625 638.233 2042.37 0.654168 0.339203 -0.000531472 0.050541 0.000113198
0.0005875 712.378 2091.8 0.677693 0.303898 -0.000426597 0.0591526 0.000118942
0.0006125 771.731 2132.44 0.690674 0.280526 -0.000363502 0.066333 0.000122932
0.0006375 821.114 2166.74 0.698094 0.263654 -0.000321093 0.0724782 0.000125893
0.0006625 863.25 2196.25 0.702218 0.250785 -0.000290513 0.0778318 0.000128188
0.0006875 899.852 2221.99 0.704248 0.240584 -0.00026736 0.0825578 0.000130022
0.0007125 932.081 2244.7 0.70489 0.232266 -0.00024919 0.0867727 0.000131523
0.0007375 960.764 2264.92 0.704587 0.225331 -0.000234533 0.0905634 0.000132775
0.0007625 986.516 2283.05 0.703628 0.219449 -0.000222449 0.0939963 0.000133835
0.0007875 1009.8 2299.42 0.702211 0.214389 -0.000212308 0.0971236 0.000134745
0.0008125 1030.99 2314.28 0.700474 0.209983 -0.000203671 0.0999871 0.000135533
0.0008375 1050.37 2327.84 0.698516 0.206108 -0.000196223 0.102621 0.000136224
0.0008625 1068.19 2340.26 0.696408 0.202671 -0.000189733 0.105053 0.000136832
0.0008875 1084.63 2351.69 0.694203 0.199599 -0.000184026 0.107307 0.000137373
0.0009125 1099.85 2362.25 0.691939 0.196836 -0.000178966 0.109402 0.000137857
0.0009375 1114 2372.02 0.689646 0.194336 -0.000174449 0.111355 0.000138292
0.0009625 1127.19 2381.1 0.687344 0.192062 -0.000170391 0.113182 0.000138685
0.0009875 1139.51 2389.56 0.685051 0.189985 -0.000166724 0.114894 0.000139042
0.0010125 1151.06 2397.46 0.682777 0.188079 -0.000163396 0.116501 0.000139367
0.00104053 1163.18 2405.72 0.680263 0.186119 -0.000160009 0.118192 0.000139699
0.00107197 1175.83 2414.3 0.677499 0.184117 -0.000156585 0.119961 0.000140036
0.00110723 1188.96 2423.18 0.674478 0.182084 -0.000153146 0.121802 0.000140376
0.00114676 1202.51 2432.3 0.671199 0.180032 -0.000149713 0.123707 0.000140715
0.0011911 1216.42 2441.61 0.667664 0.177974 -0.00014631 0.125666 0.000141053
0.00124081 1230.6 2451.05 0.663882 0.175922 -0.000142956 0.127669 0.000141386
0.00129656 1244.99 2460.57 0.659865 0.173889 -0.000139671 0.129706 0.000141712
0.00135908 1259.48 2470.11 0.655633 0.171888 -0.000136475 0.131762 0.000142029
0.00142919 1274 2479.59 0.65121 0.16993 -0.000133383 0.133826 0.000142336
0.00150781 1288.45 2488.97 0.646625 0.168024 -0.000130409 0.135884 0.000142631
0.00159598 1302.73 2498.17 0.64191 0.166182 -0.000127564 0.137924 0.000142912
0.00169485 1316.78 2507.15 0.637102 0.164409 -0.000124858 0.139933 0.000143178
0.00180572 1330.49 2515.86 0.632238 0.162714 -0.000122296 0.141899 0.00014343
0.00193005 1343.82 2524.25 0.627358 0.161101 -0.000119883 0.143811 0.000143665
0.00206947 1356.68 2532.29 0.622501 0.159573 -0.00011762 0.145661 0.000143885
0.00222582 1369.03 2539.95 0.617702 0.158134 -0.000115508 0.147439 0.000144089
0.00240114 1380.82 2547.2 0.612997 0.156784 -0.000113544 0.149139 0.000144278
0.00259776 1392.02 2554.04 0.608417 0.155523 -0.000111725 0.150755 0.000144452
0.00281824 1402.6 2560.46 0.603989 0.15435 -0.000110046 0.152284 0.000144611
0.00306548 1412.54 2566.44 0.599738 0.153263 -0.000108501 0.153723 0.000144756
0.00334275 1421.85 2572.01 0.595682 0.152259 -0.000107085 0.155072 0.000144889
0.00365367 1430.53 2577.16 0.591836 0.151336 -0.00010579 0.156329 0.000145009
0.00400233 1438.57 2581.91 0.588209 0.150489 -0.00010461 0.157496 0.000145118
0.00439333 1446.01 2586.26 0.58481 0.149716 -0.000103538 0.158575 0.000145217
0.00483178 1452.84 2590.25 0.581641 0.149011 -0.000102565 0.159568 0.000145306
0.00532347 1459.11 2593.89 0.578703 0.148372 -0.000101687 0.160479 0.000145385
0.00587484 1464.82 2597.18 0.575994 0.147793 -0.000100895 0.161309 0.000145457
0.00649315 1470 2600.16 0.573511 0.147272 -0.000100185 0.162064 0.000145521
0.00718653 1474.69 2602.84 0.571248 0.146804 -9.95495e-05 0.162745 0.000145577
0.00796407 1478.89 2605.24 0.5692 0.146387 -9.89841e-05 0.163358 0.000145628
0.00883601 1482.64 2607.37 0.56736 0.146017 -9.84841e-05 0.163904 0.000145672
0.0098138 1485.96 2609.25 0.565724 0.145691 -9.8045e-05 0.164387 0.000145711
0.0109103 1488.86 2610.89 0.564284 0.145407 -9.76632e-05 0.16481 0.000145744
0.0121399 1491.36 2612.3 0.563035 0.145162 -9.73353e-05 0.165175 0.000145773
0.0135188 1493.49 2613.5 0.56197 0.144956 -9.70582e-05 0.165485 0.000145797
0.015065 1495.26 2614.49 0.561083 0.144784 -9.68289e-05 0.165743 0.000145818
0.016799 1496.69 2615.29 0.560364 0.144646 -9.66443e-05 0.165951 0.000145834
0.0187435 1497.8 2615.92 0.559803 0.144539 -9.65009e-05 0.166113 0.000145846
0.020924 1498.63 2616.38 0.559385 0.144459 -9.63944e-05 0.166234 0.000145855
0.0233692 1499.21 2616.7 0.559092 0.144403 -9.632e-05 0.166318 0.000145862
0.0261113 1499.58 2616.91 0.558901 0.144367 -9.62716e-05 0.166373 0.000145866
0.0291863 1499.8 2617.04 0.558789 0.144346 -9.62431e-05 0.166405 0.000145868
0.0326345 1499.92 2617.1 0.55873 0.144335 -9.62282e-05 0.166422 0.00014587
0.0365014 1499.97 2617.13 0.558703 0.14433 -9.62215e-05 0.16643 0.00014587
0.0408377 1499.99 2617.14 0.558693 0.144328 -9.62189e-05 0.166433 0.000145871
0.0457004 1500 2617.15 0.55869 0.144327 -9.62181e-05 0.166434 0.000145871
0.0511534 1500 2617.15 0.558689 0.144327 -9.62179e-05 0.166434 0.000145871
0.0572684 1500 2617.15 0.558689 0.144327 -9.62179e-05 0.166434 0.000145871
0.0641258 1500 2617.15 0.558689 0.144327 -9.62179e-05 0.166434 0.000145871
0.0718156 1500 2617.15 0.558689 0.144327 -9.62179e-05 0.166434 0.000145871
0.080439 1500 2617.15 0.558689 0.144327 -9.62179e-05 0.166434 0.000145871
0.0901092 1500 2617.15 0.558689 0.144327 -9.62179e-05 0.166434 0.000145871
0.100953 1500 2617.15 0.558689 0.144327 -9.62179e-05 0.166434 0.000145871
0.113114 1500 2617.15 0.558689 0.144327 -9.62179e-05 0.166434 0.000145871
0.126751 1500 2617.15 0.558689 0.144327 -9.62179e-05 0.166434 0.000145871
0.142043 1500 2617.15 0.558689 0.144327 -9.62179e-05 0.166434 0.000145871
0.159192 1500 2617.15 0.558689 0.144327 -9.62179e-05 0.166434 0.000145871
0.178422 1500 2617.15 0.558689 0.144327 -9.62179e-05 0.166434 0.000145871
0.199988 1500 2617.15 0.558689 0.144327 -9.62179e-05 0.166434 0.000145871
