TITLE="Graphics"
VARIABLES= "rj, m", "T, K", "Cp, J/kg*K", "DfCp, J/kg*K^2", "rho, kg/m^3", "Dfrho, kg/m^3*K", "Lambda, Watt/m*K", "DfLambda, Watt/m*K^2"
0 304.267 4183.77 -0.462498 980 0 0.617052 0
1.25e-05 304.267 4183.77 -0.462498 980 0 0.617052 0
3.75e-05 329.725 4184.18 0.409763 980 0 0.650908 0
6.25e-05 335.964 4187.21 0.560218 980 0 0.657001 0
8.75e-05 338.826 4188.91 0.624069 980 0 0.659538 0
0.0001125 340.558 4190.02 0.661384 980 0 0.660998 0
0.0001375 341.804 4190.86 0.687665 980 0 0.662013 0
0.0001625 342.815 4191.57 0.708686 980 0 0.662816 0
0.0001875 343.711 4192.21 0.727081 980 0 0.663511 0
0.0002125 344.554 4192.83 0.744215 980 0 0.664153 0
0.0002375 345.381 4193.45 0.76086 980 0 0.66477 0
0.0002625 346.215 4194.1 0.77748 980 0 0.665379 0
0.0002875 347.069 4194.77 0.794367 980 0 0.665991 0
0.0003125 347.954 4195.48 0.811712 980 0 0.666611 0
0.0003375 348.877 4196.23 0.829639 980 0 0.667244 0
0.0003625 349.842 4197.04 0.848235 980 0 0.667889 0
0.0003875 350.853 4197.91 0.867558 980 0 0.668549 0
0.0004125 351.912 4198.84 0.88765 980 0 0.669221 0
0.0004375 353.021 4199.84 0.90854 980 0 0.669906 0
0.0004625 354.182 4200.9 0.930254 980 0 0.670601 0
0.0004875 355.396 4202.05 0.95281 980 0 0.671303 0
0.0005125 412.597 1909.56 0.489177 0.524701 -0.0012717 0.0275359 8.85804e-05
0.0005375 555.175 1989.55 0.615113 0.389949 -0.00070239 0.041446 0.000105575
0.0005625 648.59 2049.17 0.658011 0.333786 -0.000514632 0.0517179 0.000114056
0.0005875 719.394 2096.56 0.679477 0.300934 -0.000418317 0.0599888 0.00011944
0.0006125 776.487 2135.72 0.691516 0.278807 -0.000359062 0.0669185 0.000123231
0.0006375 824.201 2168.89 0.698463 0.262667 -0.000318692 0.0728671 0.000126068
0.0006625 865.034 2197.5 0.70235 0.250268 -0.000289316 0.0780606 0.00012828
0.0006875 900.579 2222.5 0.704274 0.24039 -0.000266929 0.0826523 0.000130057
0.0007125 931.927 2244.59 0.70489 0.232304 -0.000249273 0.0867525 0.000131516
0.0007375 959.861 2264.28 0.704609 0.225543 -0.000234975 0.0904435 0.000132737
0.0007625 984.965 2281.96 0.703704 0.219795 -0.00022315 0.0937888 0.000133773
0.0007875 1007.69 2297.93 0.702361 0.214839 -0.000213201 0.0968384 0.000134664
0.0008125 1028.37 2312.45 0.700712 0.210517 -0.000204709 0.0996322 0.000135438
0.0008375 1047.31 2325.7 0.698849 0.206712 -0.000197374 0.102203 0.000136116
0.0008625 1064.72 2337.85 0.696842 0.203331 -0.000190972 0.104578 0.000136716
0.0008875 1080.79 2349.03 0.69474 0.200308 -0.000185335 0.10678 0.000137249
0.0009125 1095.68 2359.36 0.69258 0.197585 -0.000180331 0.108827 0.000137726
0.0009375 1109.53 2368.93 0.69039 0.19512 -0.000175858 0.110737 0.000138156
0.0009625 1122.43 2377.83 0.688192 0.192876 -0.000171837 0.112523 0.000138544
0.0009875 1134.5 2386.12 0.686 0.190824 -0.000168201 0.114197 0.000138898
0.0010125 1145.81 2393.87 0.683826 0.188941 -0.000164897 0.11577 0.00013922
0.00104053 1157.68 2401.97 0.681421 0.187004 -0.000161533 0.117424 0.000139549
0.00107197 1170.07 2410.4 0.678775 0.185023 -0.00015813 0.119155 0.000139884
0.00110723 1182.94 2419.11 0.675883 0.183011 -0.000154709 0.120957 0.000140221
0.00114676 1196.22 2428.07 0.672741 0.180979 -0.000151292 0.122822 0.000140559
0.0011911 1209.85 2437.22 0.669354 0.178939 -0.000147901 0.124741 0.000140895
0.00124081 1223.77 2446.51 0.665727 0.176905 -0.000144558 0.126703 0.000141227
0.00129656 1237.88 2455.87 0.661874 0.174888 -0.000141281 0.128698 0.000141552
0.00135908 1252.1 2465.26 0.657813 0.172902 -0.00013809 0.130713 0.000141869
0.00142919 1266.34 2474.6 0.653567 0.170957 -0.000135001 0.132736 0.000142176
0.00150781 1280.52 2483.83 0.649163 0.169064 -0.000132028 0.134754 0.00014247
0.00159598 1294.55 2492.91 0.644633 0.167233 -0.000129182 0.136755 0.000142752
0.00169485 1308.34 2501.77 0.640012 0.16547 -0.000126473 0.138725 0.000143019
0.00180572 1321.81 2510.36 0.635335 0.163783 -0.000123908 0.140654 0.000143272
0.00193005 1334.9 2518.65 0.630641 0.162177 -0.00012149 0.142531 0.000143508
0.00206947 1347.55 2526.59 0.625965 0.160655 -0.000119221 0.144347 0.00014373
0.00222582 1359.69 2534.16 0.621345 0.159221 -0.000117101 0.146093 0.000143935
0.00240114 1371.28 2541.34 0.616812 0.157874 -0.000115129 0.147764 0.000144126
0.00259776 1382.3 2548.11 0.612397 0.156616 -0.000113301 0.149353 0.000144301
0.00281824 1392.72 2554.47 0.608126 0.155444 -0.000111612 0.150857 0.000144462
0.00306548 1402.52 2560.41 0.604021 0.154358 -0.000110057 0.152273 0.00014461
0.00334275 1411.7 2565.94 0.6001 0.153354 -0.00010863 0.153602 0.000144744
0.00365367 1420.27 2571.06 0.596377 0.152429 -0.000107324 0.154842 0.000144867
0.00400233 1428.23 2575.8 0.592861 0.151579 -0.000106131 0.155996 0.000144978
0.00439333 1435.6 2580.15 0.589557 0.150801 -0.000105044 0.157065 0.000145078
0.00483178 1442.4 2584.15 0.586467 0.150091 -0.000104056 0.158051 0.000145169
0.00532347 1448.65 2587.81 0.583591 0.149443 -0.00010316 0.158959 0.000145251
0.00587484 1454.38 2591.14 0.580924 0.148854 -0.000102349 0.159792 0.000145325
0.00649315 1459.62 2594.18 0.578462 0.14832 -0.000101615 0.160553 0.000145392
0.00718653 1464.4 2596.94 0.576196 0.147836 -0.000100954 0.161248 0.000145452
0.00796407 1468.74 2599.44 0.574118 0.147399 -0.000100357 0.16188 0.000145505
0.00883601 1472.68 2601.7 0.572219 0.147004 -9.98206e-05 0.162454 0.000145553
0.0098138 1476.25 2603.74 0.570488 0.146649 -9.93387e-05 0.162973 0.000145596
0.0109103 1479.47 2605.57 0.568916 0.14633 -9.89067e-05 0.163442 0.000145635
0.0121399 1482.37 2607.22 0.567493 0.146043 -9.852e-05 0.163864 0.000145669
0.0135188 1484.98 2608.7 0.56621 0.145787 -9.81748e-05 0.164244 0.000145699
0.015065 1487.31 2610.01 0.565056 0.145559 -9.78673e-05 0.164583 0.000145726
0.016799 1489.38 2611.19 0.564023 0.145356 -9.75944e-05 0.164886 0.00014575
0.0187435 1491.23 2612.23 0.563104 0.145176 -9.73533e-05 0.165155 0.000145772
0.020924 1492.85 2613.14 0.562291 0.145018 -9.71415e-05 0.165392 0.00014579
0.0233692 1494.27 2613.94 0.561578 0.14488 -9.69567e-05 0.165599 0.000145806
0.0261113 1495.51 2614.63 0.560959 0.144761 -9.67971e-05 0.165779 0.00014582
0.0291863 1496.56 2615.22 0.56043 0.144659 -9.66611e-05 0.165932 0.000145832
0.0326345 1497.44 2615.71 0.559984 0.144574 -9.65472e-05 0.166061 0.000145842
0.0365014 1498.16 2616.12 0.559619 0.144504 -9.64539e-05 0.166166 0.00014585
0.0408377 1498.74 2616.44 0.559327 0.144448 -9.63797e-05 0.16625 0.000145857
0.0457004 1499.18 2616.69 0.559104 0.144406 -9.6323e-05 0.166315 0.000145862
0.0511534 1499.5 2616.87 0.558941 0.144375 -9.62818e-05 0.166362 0.000145865
0.0572684 1499.72 2616.99 0.55883 0.144354 -9.62536e-05 0.166394 0.000145868
0.0641258 1499.86 2617.07 0.558761 0.14434 -9.6236e-05 0.166414 0.000145869
0.0718156 1499.94 2617.11 0.558721 0.144333 -9.6226e-05 0.166425 0.00014587
0.080439 1499.98 2617.13 0.558701 0.144329 -9.6221e-05 0.166431 0.00014587
0.0901092 1499.99 2617.14 0.558693 0.144328 -9.62189e-05 0.166433 0.000145871
0.100953 1500 2617.15 0.55869 0.144327 -9.62182e-05 0.166434 0.000145871
0.113114 1500 2617.15 0.558689 0.144327 -9.62179e-05 0.166434 0.000145871
0.126751 1500 2617.15 0.558689 0.144327 -9.62179e-05 0.166434 0.000145871
0.142043 1500 2617.15 0.558689 0.144327 -9.62179e-05 0.166434 0.000145871
0.159192 1500 2617.15 0.558689 0.144327 -9.62179e-05 0.166434 0.000145871
0.178422 1500 2617.15 0.558689 0.144327 -9.62179e-05 0.166434 0.000145871
0.199988 1500 2617.15 0.558689 0.144327 -9.62179e-05 0.166434 0.000145871
