TITLE="Graphics"
VARIABLES= "rj, m", "T, K", "Cp, J/kg*K", "DfCp, J/kg*K^2", "rho, kg/m^3", "Dfrho, kg/m^3*K", "Lambda, Watt/m*K", "DfLambda, Watt/m*K^2"
0 305.011 4183.43 -0.428804 980 0 0.618249 0
1.25e-05 305.011 4183.43 -0.428804 980 0 0.618249 0
3.75e-05 334.847 4186.6 0.534472 980 0 0.655967 0
6.25e-05 342.122 4191.08 0.694301 980 0 0.662267 0
8.75e-05 345.438 4193.5 0.762008 980 0 0.664812 0
0.0001125 347.423 4195.05 0.801322 980 0 0.666241 0
0.0001375 348.827 4196.19 0.828677 980 0 0.66721 0
0.0001625 349.945 4197.13 0.850223 980 0 0.667958 0
0.0001875 350.917 4197.97 0.868777 980 0 0.66859 0
0.0002125 351.815 4198.75 0.885811 980 0 0.66916 0
0.0002375 352.682 4199.53 0.902163 980 0 0.669699 0
0.0002625 353.545 4200.32 0.918346 980 0 0.670222 0
0.0002875 354.42 4201.13 0.934689 980 0 0.67074 0
0.0003125 355.32 4201.98 0.951413 980 0 0.67126 0
0.0003375 356.253 4202.87 0.968668 980 0 0.671786 0
0.0003625 357.224 4203.82 0.986566 980 0 0.672318 0
0.0003875 358.237 4204.83 1.00519 980 0 0.672858 0
0.0004125 359.296 4205.9 1.02459 980 0 0.673406 0
0.0004375 360.402 4207.05 1.04484 980 0 0.67396 0
0.0004625 361.558 4208.27 1.06596 980 0 0.674519 0
0.0004875 362.766 4209.57 1.08801 980 0 0.675082 0
0.0005125 418.757 1912.6 0.497314 0.516983 -0.00123457 0.0280842 8.94449e-05
0.0005375 558.792 1991.78 0.617171 0.387425 -0.000693326 0.0418286 0.000105936
0.0005625 651.259 2050.93 0.658969 0.332418 -0.000510424 0.0520226 0.000114274
0.0005875 721.526 2098.01 0.680005 0.300045 -0.000415848 0.0602436 0.00011959
0.0006125 778.262 2136.95 0.691823 0.278171 -0.000357426 0.0671373 0.000123342
0.0006375 825.717 2169.95 0.698641 0.262185 -0.000317523 0.0730583 0.000126154
0.0006625 866.35 2198.42 0.702445 0.249888 -0.000288438 0.0782295 0.000128349
0.0006875 901.736 2223.32 0.704315 0.240082 -0.000266244 0.0828028 0.000130112
0.0007125 932.953 2245.32 0.704893 0.232048 -0.000248725 0.0868875 0.000131562
0.0007375 960.778 2264.93 0.704587 0.225328 -0.000234527 0.0905652 0.000132776
0.0007625 985.787 2282.54 0.703664 0.219611 -0.000222778 0.0938989 0.000133806
0.0007875 1008.43 2298.45 0.702309 0.214681 -0.000212888 0.0969381 0.000134692
0.0008125 1029.04 2312.92 0.700651 0.210381 -0.000204443 0.0997229 0.000135462
0.0008375 1047.91 2326.12 0.698784 0.206592 -0.000197146 0.102286 0.000136138
0.0008625 1065.27 2338.23 0.696774 0.203227 -0.000190776 0.104653 0.000136734
0.0008875 1081.29 2349.38 0.694671 0.200215 -0.000185164 0.106848 0.000137265
0.0009125 1096.13 2359.67 0.692511 0.197503 -0.000180182 0.10889 0.00013774
0.0009375 1109.94 2369.22 0.690323 0.195047 -0.000175728 0.110794 0.000138168
0.0009625 1122.81 2378.09 0.688126 0.192812 -0.000171723 0.112574 0.000138555
0.0009875 1134.84 2386.35 0.685937 0.190768 -0.000168101 0.114244 0.000138907
0.0010125 1146.11 2394.08 0.683766 0.188891 -0.000164809 0.115812 0.000139229
0.00104053 1157.95 2402.16 0.681365 0.18696 -0.000161458 0.117462 0.000139557
0.00107197 1170.31 2410.56 0.678723 0.184986 -0.000158066 0.119188 0.00013989
0.00110723 1183.14 2419.25 0.675836 0.18298 -0.000154656 0.120985 0.000140226
0.00114676 1196.39 2428.18 0.672701 0.180954 -0.00015125 0.122845 0.000140563
0.0011911 1209.98 2437.31 0.669321 0.17892 -0.00014787 0.124759 0.000140898
0.00124081 1223.86 2446.57 0.665702 0.176891 -0.000144536 0.126716 0.000141229
0.00129656 1237.93 2455.91 0.661858 0.174881 -0.000141268 0.128706 0.000141553
0.00135908 1252.12 2465.27 0.657807 0.172899 -0.000138086 0.130716 0.00014187
0.00142919 1266.33 2474.59 0.653571 0.170959 -0.000135004 0.132734 0.000142175
0.00150781 1280.47 2483.8 0.649179 0.169071 -0.000132038 0.134747 0.000142469
0.00159598 1294.46 2492.85 0.644661 0.167243 -0.000129199 0.136743 0.00014275
0.00169485 1308.22 2501.69 0.640051 0.165484 -0.000126496 0.138709 0.000143017
0.00180572 1321.67 2510.27 0.635387 0.163801 -0.000123935 0.140633 0.000143269
0.00193005 1334.73 2518.53 0.630705 0.162198 -0.000121522 0.142506 0.000143505
0.00206947 1347.34 2526.46 0.626043 0.16068 -0.000119257 0.144317 0.000143726
0.00222582 1359.45 2534.02 0.621435 0.159248 -0.000117141 0.14606 0.000143931
0.00240114 1371.02 2541.18 0.616914 0.157904 -0.000115172 0.147726 0.000144122
0.00259776 1382.02 2547.94 0.612511 0.156648 -0.000113347 0.149312 0.000144297
0.00281824 1392.41 2554.28 0.608252 0.155478 -0.000111661 0.150813 0.000144458
0.00306548 1402.2 2560.21 0.604158 0.154394 -0.000110108 0.152226 0.000144605
0.00334275 1411.36 2565.73 0.600248 0.153391 -0.000108683 0.153552 0.000144739
0.00365367 1419.91 2570.85 0.596535 0.152468 -0.000107378 0.15479 0.000144862
0.00400233 1427.85 2575.57 0.593028 0.151619 -0.000106187 0.155941 0.000144973
0.00439333 1435.21 2579.92 0.589733 0.150842 -0.000105101 0.157008 0.000145073
0.00483178 1442 2583.91 0.586651 0.150132 -0.000104114 0.157993 0.000145164
0.00532347 1448.24 2587.57 0.583781 0.149486 -0.000103219 0.158899 0.000145246
0.00587484 1453.96 2590.9 0.581121 0.148897 -0.000102408 0.15973 0.00014532
0.00649315 1459.19 2593.93 0.578664 0.148363 -0.000101675 0.160491 0.000145386
0.00718653 1463.96 2596.69 0.576402 0.14788 -0.000101013 0.161185 0.000145446
0.00796407 1468.3 2599.19 0.574327 0.147442 -0.000100417 0.161816 0.0001455
0.00883601 1472.24 2601.45 0.572431 0.147048 -9.98801e-05 0.16239 0.000145548
0.0098138 1475.81 2603.49 0.570701 0.146692 -9.93978e-05 0.162909 0.000145591
0.0109103 1479.03 2605.32 0.56913 0.146373 -9.89651e-05 0.163378 0.000145629
0.0121399 1481.94 2606.97 0.567706 0.146086 -9.85775e-05 0.163801 0.000145664
0.0135188 1484.55 2608.45 0.56642 0.145829 -9.82312e-05 0.164182 0.000145694
0.015065 1486.89 2609.78 0.565263 0.1456 -9.79224e-05 0.164523 0.000145722
0.016799 1488.98 2610.96 0.564226 0.145395 -9.76478e-05 0.164827 0.000145746
0.0187435 1490.83 2612 0.5633 0.145214 -9.74047e-05 0.165098 0.000145767
0.020924 1492.48 2612.93 0.562479 0.145054 -9.71904e-05 0.165337 0.000145786
0.0233692 1493.92 2613.74 0.561756 0.144914 -9.70028e-05 0.165547 0.000145802
0.0261113 1495.17 2614.44 0.561126 0.144793 -9.68399e-05 0.16573 0.000145817
0.0291863 1496.26 2615.05 0.560582 0.144688 -9.67001e-05 0.165888 0.000145829
0.0326345 1497.17 2615.56 0.56012 0.1446 -9.65819e-05 0.166022 0.000145839
0.0365014 1497.93 2615.99 0.559736 0.144526 -9.64839e-05 0.166132 0.000145848
0.0408377 1498.55 2616.33 0.559425 0.144467 -9.64047e-05 0.166222 0.000145854
0.0457004 1499.03 2616.6 0.559182 0.144421 -9.63428e-05 0.166292 0.00014586
0.0511534 1499.39 2616.8 0.559 0.144386 -9.62966e-05 0.166345 0.000145864
0.0572684 1499.64 2616.95 0.558871 0.144361 -9.62639e-05 0.166382 0.000145867
0.0641258 1499.81 2617.04 0.558786 0.144345 -9.62425e-05 0.166406 0.000145869
0.0718156 1499.91 2617.1 0.558736 0.144336 -9.62297e-05 0.166421 0.00014587
0.080439 1499.96 2617.13 0.558709 0.144331 -9.62228e-05 0.166429 0.00014587
0.0901092 1499.99 2617.14 0.558696 0.144328 -9.62196e-05 0.166432 0.000145871
0.100953 1500 2617.14 0.558691 0.144327 -9.62184e-05 0.166434 0.000145871
0.113114 1500 2617.15 0.55869 0.144327 -9.6218e-05 0.166434 0.000145871
0.126751 1500 2617.15 0.558689 0.144327 -9.62179e-05 0.166434 0.000145871
0.142043 1500 2617.15 0.558689 0.144327 -9.62179e-05 0.166434 0.000145871
0.159192 1500 2617.15 0.558689 0.144327 -9.62179e-05 0.166434 0.000145871
0.178422 1500 2617.15 0.558689 0.144327 -9.62179e-05 0.166434 0.000145871
0.199988 1500 2617.15 0.558689 0.144327 -9.62179e-05 0.166434 0.000145871
