TITLE="Graphics"
VARIABLES= "rj, m", "T, K", "Cp, J/kg*K", "DfCp, J/kg*K^2", "rho, kg/m^3", "Dfrho, kg/m^3*K", "Lambda, Watt/m*K", "DfLambda, Watt/m*K^2"
0 300 4186.17 -0.668592 980 0 0.61001 0
2.43902e-05 308.891 4182.1 -0.26269 980 0 0.624317 0
4.87805e-05 310.101 4181.81 -0.214067 980 0 0.626141 0
7.31707e-05 310.913 4181.65 -0.182249 980 0 0.627346 0
9.7561e-05 311.781 4181.5 -0.148931 980 0 0.628617 0
0.000121951 312.811 4181.37 -0.110263 980 0 0.630102 0
0.000146341 314.046 4181.26 -0.0651163 980 0 0.63185 0
0.000170732 315.513 4181.21 -0.0132337 980 0 0.633877 0
0.000195122 317.229 4181.23 0.0452395 980 0 0.636183 0
0.000219512 319.21 4181.39 0.109911 980 0 0.638757 0
0.000243902 321.47 4181.72 0.180215 980 0 0.64158 0
0.000268293 324.022 4182.27 0.255462 980 0 0.644624 0
0.000292683 326.875 4183.12 0.33489 980 0 0.647856 0
0.000317073 330.038 4184.31 0.417728 980 0 0.651233 0
0.000341463 333.52 4185.91 0.503266 980 0 0.654708 0
0.000365854 337.325 4188 0.590928 980 0 0.658227 0
0.000390244 341.455 4190.62 0.680358 980 0 0.661732 0
0.000414634 345.913 4193.86 0.771488 980 0 0.66516 0
0.000439024 350.698 4197.78 0.864611 980 0 0.668449 0
0.000463415 355.807 4202.44 0.960433 980 0 0.671537 0
0.000487805 361.238 4207.93 1.06012 980 0 0.674366 0
0.0005 363.999 4207.93 1.06012 980 0 0.674366 0
0.000512195 495.383 1953.91 0.574777 0.437016 -0.000882177 0.0353214 9.91436e-05
0.000536585 606.737 2021.97 0.641201 0.356811 -0.000588082 0.0470182 0.000110468
0.000560976 687.805 2075.23 0.670875 0.314755 -0.000457623 0.0562518 0.000117137
0.000585366 751.689 2118.63 0.686812 0.288005 -0.000383144 0.0638821 0.00012164
0.000609756 804.284 2155.01 0.695889 0.269171 -0.000334672 0.0703676 0.000124919
0.000634146 848.82 2186.12 0.701026 0.255049 -0.000300474 0.0759876 0.000127425
0.000658537 887.282 2213.14 0.703709 0.243992 -0.000274988 0.0809273 0.000129408
0.000682927 920.994 2236.89 0.704788 0.235061 -0.000255226 0.0853174 0.000131018
0.000707317 950.885 2257.96 0.704783 0.227672 -0.000239432 0.0892537 0.000132352
0.000731707 977.635 2276.8 0.704031 0.221443 -0.000226509 0.0928093 0.000133476
0.000756098 1001.76 2293.77 0.702759 0.21611 -0.00021573 0.0960412 0.000134436
0.000780488 1023.66 2309.14 0.701123 0.211486 -0.000206598 0.0989946 0.000135265
0.000804878 1043.65 2323.14 0.699234 0.207435 -0.000198758 0.101706 0.000135988
0.000829268 1061.99 2335.95 0.697174 0.203852 -0.000191952 0.104206 0.000136623
0.000853659 1078.89 2347.71 0.695 0.20066 -0.000185987 0.10652 0.000137187
0.000878049 1094.52 2358.56 0.692756 0.197794 -0.000180713 0.108668 0.000137689
0.000902439 1109.03 2368.59 0.690473 0.195208 -0.000176017 0.110668 0.00013814
0.000926829 1122.53 2377.9 0.688175 0.19286 -0.000171808 0.112536 0.000138547
0.00095122 1135.13 2386.56 0.685881 0.190718 -0.000168013 0.114285 0.000138916
0.00097561 1146.93 2394.64 0.683604 0.188756 -0.000164574 0.115926 0.000139252
0.001 1158 2402.19 0.681353 0.186951 -0.000161442 0.117469 0.000139558
0.00102736 1169.64 2410.11 0.678869 0.185091 -0.000158246 0.119095 0.000139873
0.00105807 1181.81 2418.35 0.676142 0.183186 -0.000155004 0.120799 0.000140192
0.00109251 1194.46 2426.89 0.673166 0.181245 -0.000151738 0.122575 0.000140515
0.00113116 1207.55 2435.67 0.669939 0.179281 -0.000148468 0.124415 0.000140839
0.00117452 1221 2444.66 0.666463 0.177306 -0.000145215 0.126312 0.000141162
0.00122316 1234.74 2453.8 0.662746 0.175333 -0.000142 0.128254 0.000141481
0.00127774 1248.7 2463.02 0.6588 0.173373 -0.000138843 0.130231 0.000141794
0.00133897 1262.78 2472.27 0.654644 0.171439 -0.000135763 0.132231 0.0001421
0.00140767 1276.91 2481.49 0.6503 0.169542 -0.000132775 0.134241 0.000142396
0.00148475 1290.99 2490.61 0.645797 0.167693 -0.000129894 0.136248 0.000142682
0.00157123 1304.94 2499.59 0.641166 0.165901 -0.000127133 0.138239 0.000142954
0.00166825 1318.66 2508.36 0.636442 0.164174 -0.0001245 0.140203 0.000143213
0.00177711 1332.09 2516.87 0.631663 0.162519 -0.000122003 0.142128 0.000143458
0.00189923 1345.14 2525.08 0.626865 0.160942 -0.000119647 0.144001 0.000143688
0.00203626 1357.75 2532.96 0.622088 0.159447 -0.000117434 0.145815 0.000143903
0.00218999 1369.88 2540.47 0.617368 0.158036 -0.000115366 0.147561 0.000144103
0.00236246 1381.46 2547.59 0.612738 0.156711 -0.000113439 0.149231 0.000144288
0.00255597 1392.47 2554.32 0.60823 0.155473 -0.000111653 0.15082 0.000144458
0.00277308 1402.87 2560.62 0.603871 0.154319 -0.000110002 0.152325 0.000144615
0.00301666 1412.67 2566.52 0.599684 0.153249 -0.000108482 0.153741 0.000144758
0.00328995 1421.84 2572 0.595688 0.152261 -0.000107087 0.15507 0.000144889
0.00359656 1430.39 2577.08 0.591898 0.151351 -0.000105811 0.156309 0.000145007
0.00394056 1438.32 2581.76 0.588323 0.150516 -0.000104647 0.15746 0.000145115
0.00432651 1445.66 2586.06 0.58497 0.149752 -0.000103587 0.158525 0.000145212
0.00475953 1452.41 2590 0.581843 0.149056 -0.000102627 0.159506 0.0001453
0.00524535 1458.6 2593.59 0.578942 0.148423 -0.000101757 0.160405 0.000145379
0.00579041 1464.25 2596.86 0.576265 0.147851 -0.000100973 0.161227 0.00014545
0.00640194 1469.39 2599.81 0.573807 0.147334 -0.000100269 0.161974 0.000145513
0.00708805 1474.03 2602.47 0.571564 0.146869 -9.96377e-05 0.16265 0.00014557
0.00785782 1478.22 2604.86 0.56953 0.146454 -9.90748e-05 0.163259 0.00014562
0.00872145 1481.95 2606.98 0.567698 0.146084 -9.85754e-05 0.163804 0.000145664
0.00969041 1485.27 2608.86 0.566062 0.145758 -9.81353e-05 0.164287 0.000145703
0.0107775 1488.19 2610.52 0.564615 0.145472 -9.77506e-05 0.164713 0.000145737
0.0119972 1490.73 2611.95 0.563351 0.145224 -9.7418e-05 0.165083 0.000145766
0.0133656 1492.91 2613.17 0.562264 0.145013 -9.71343e-05 0.1654 0.000145791
0.0149009 1494.74 2614.2 0.561346 0.144835 -9.68968e-05 0.165666 0.000145812
0.0166234 1496.24 2615.04 0.560592 0.14469 -9.67027e-05 0.165885 0.000145829
0.018556 1497.43 2615.71 0.55999 0.144575 -9.65487e-05 0.166059 0.000145842
0.0207242 1498.34 2616.22 0.559531 0.144487 -9.64315e-05 0.166192 0.000145852
0.0231568 1499 2616.59 0.559197 0.144423 -9.63467e-05 0.166288 0.000145859
0.0258861 1499.44 2616.84 0.558971 0.14438 -9.62893e-05 0.166353 0.000145864
0.0289482 1499.72 2616.99 0.55883 0.144354 -9.62536e-05 0.166394 0.000145868
0.0323837 1499.88 2617.08 0.558751 0.144339 -9.62337e-05 0.166416 0.000145869
0.0362382 1499.95 2617.12 0.558713 0.144331 -9.62239e-05 0.166427 0.00014587
0.0405626 1499.99 2617.14 0.558697 0.144328 -9.62198e-05 0.166432 0.000145871
0.0454145 1500 2617.14 0.558691 0.144327 -9.62184e-05 0.166434 0.000145871
0.0508579 1500 2617.15 0.55869 0.144327 -9.6218e-05 0.166434 0.000145871
0.0569652 1500 2617.15 0.558689 0.144327 -9.62179e-05 0.166434 0.000145871
0.0638172 1500 2617.15 0.558689 0.144327 -9.62179e-05 0.166434 0.000145871
0.0715049 1500 2617.15 0.558689 0.144327 -9.62179e-05 0.166434 0.000145871
0.0801299 1500 2617.15 0.558689 0.144327 -9.62179e-05 0.166434 0.000145871
0.0898068 1500 2617.15 0.558689 0.144327 -9.62179e-05 0.166434 0.000145871
0.100664 1500 2617.15 0.558689 0.144327 -9.62179e-05 0.166434 0.000145871
0.112844 1500 2617.15 0.558689 0.144327 -9.62179e-05 0.166434 0.000145871
0.126511 1500 2617.15 0.558689 0.144327 -9.62179e-05 0.166434 0.000145871
0.141843 1500 2617.15 0.558689 0.144327 -9.62179e-05 0.166434 0.000145871
0.159046 1500 2617.15 0.558689 0.144327 -9.62179e-05 0.166434 0.000145871
0.178346 1500 2617.15 0.558689 0.144327 -9.62179e-05 0.166434 0.000145871
0.2 1500 2617.15 0.558689 0.144327 -9.62179e-05 0.166434 0.000145871
