TITLE="Graphics"
VARIABLES= "rj, m", "T, K", "Cp, J/kg*K", "DfCp, J/kg*K^2", "rho, kg/m^3", "Dfrho, kg/m^3*K", "Lambda, Watt/m*K", "DfLambda, Watt/m*K^2"
0 334.063 4186.19 0.516136 980 0 0.655228 0
1.38889e-05 334.063 4186.19 0.516136 980 0 0.655228 0
2.77778e-05 334.092 4186.2 0.516805 980 0 0.655255 0
4.16667e-05 334.143 4186.23 0.518005 980 0 0.655303 0
5.55556e-05 334.215 4186.27 0.519716 980 0 0.655372 0
6.94444e-05 334.31 4186.32 0.521931 980 0 0.655462 0
9.72222e-05 334.548 4186.44 0.527518 980 0 0.655687 0
0.000125 334.877 4186.62 0.535179 980 0 0.655996 0
0.000152778 335.293 4186.84 0.544809 980 0 0.656383 0
0.000180556 335.794 4187.12 0.556333 980 0 0.656846 0
0.000208333 336.38 4187.45 0.569684 980 0 0.65738 0
0.000236111 337.05 4187.83 0.584792 980 0 0.657983 0
0.000263889 337.804 4188.28 0.601588 980 0 0.65865 0
0.000291667 338.64 4188.79 0.619998 980 0 0.659378 0
0.000319444 339.558 4189.37 0.639951 980 0 0.660162 0
0.000347222 340.558 4190.02 0.661373 980 0 0.660997 0
0.000375 341.638 4190.75 0.684195 980 0 0.661879 0
0.000402778 342.799 4191.56 0.708348 980 0 0.662803 0
0.000430556 344.039 4192.45 0.733769 980 0 0.663763 0
0.000458333 345.358 4193.44 0.760403 980 0 0.664753 0
0.000486111 346.756 4194.52 0.7882 980 0 0.665768 0
0.0005 356.093 4194.52 0.7882 980 0 0.665768 0
0.000513889 411.194 1908.87 0.487271 0.526492 -0.0012804 0.0274118 8.83814e-05
0.000541667 567.149 1996.96 0.621782 0.381717 -0.000673046 0.0427173 0.000106761
0.000569444 665.923 2060.63 0.664014 0.325098 -0.000488192 0.0537069 0.00011545
0.000597222 739.755 2110.45 0.684265 0.292651 -0.000395606 0.0624351 0.000120844
0.000625 798.739 2151.15 0.69509 0.27104 -0.000339335 0.0696757 0.00012459
0.000652778 847.674 2185.32 0.700921 0.255393 -0.000301287 0.0758416 0.000127363
0.000680556 889.295 2214.56 0.703807 0.24344 -0.000273745 0.0811879 0.000129507
0.000708333 925.334 2239.95 0.704843 0.233959 -0.000252838 0.0858863 0.000131217
0.000736111 956.966 2262.24 0.704674 0.226226 -0.000236399 0.0900594 0.000132614
0.000763889 985.032 2282.01 0.7037 0.21978 -0.000223119 0.0937978 0.000133776
0.000791667 1010.16 2299.67 0.702185 0.214314 -0.000212159 0.0971711 0.000134758
0.000819444 1032.81 2315.56 0.700305 0.209613 -0.000202954 0.100234 0.000135599
0.000847222 1053.37 2329.93 0.698182 0.205522 -0.000195109 0.103029 0.000136328
0.000875 1072.13 2343.01 0.695902 0.201926 -0.000188341 0.105592 0.000136964
0.000902778 1089.33 2354.96 0.693527 0.198738 -0.000182441 0.107953 0.000137524
0.000930556 1105.16 2365.92 0.6911 0.19589 -0.000177251 0.110134 0.000138022
0.000958333 1119.79 2376.01 0.688654 0.19333 -0.000172648 0.112157 0.000138466
0.000986111 1133.37 2385.34 0.686212 0.191015 -0.000168538 0.114039 0.000138865
0.00101389 1145.99 2393.99 0.683791 0.188911 -0.000164845 0.115795 0.000139225
0.00104167 1157.77 2402.03 0.681403 0.186989 -0.000161509 0.117436 0.000139552
0.00106944 1168.78 2409.53 0.679057 0.185227 -0.000158479 0.118975 0.00013985
0.00110053 1180.3 2417.33 0.676488 0.18342 -0.000155402 0.120587 0.000140153
0.00113532 1192.27 2425.41 0.673692 0.181578 -0.000152296 0.122267 0.00014046
0.00117424 1204.65 2433.73 0.670666 0.179712 -0.000149182 0.124008 0.000140768
0.00121781 1217.38 2442.25 0.667412 0.177832 -0.000146077 0.125802 0.000141076
0.00126656 1230.41 2450.92 0.663936 0.17595 -0.000143002 0.127641 0.000141381
0.00132111 1243.64 2459.69 0.660249 0.174077 -0.000139974 0.129515 0.000141682
0.00138216 1257.02 2468.49 0.656365 0.172225 -0.00013701 0.131412 0.000141976
0.00145048 1270.46 2477.29 0.652306 0.170403 -0.000134127 0.133322 0.000142262
0.00152694 1283.88 2486.01 0.648094 0.168622 -0.000131338 0.135233 0.000142539
0.0016125 1297.19 2494.61 0.643759 0.166891 -0.000128655 0.137133 0.000142804
0.00170824 1310.33 2503.04 0.63933 0.165218 -0.000126089 0.139011 0.000143057
0.00181538 1323.21 2511.25 0.63484 0.163609 -0.000123645 0.140855 0.000143297
0.00193529 1335.78 2519.19 0.630323 0.162071 -0.000121331 0.142656 0.000143524
0.00206947 1347.95 2526.84 0.625813 0.160607 -0.000119149 0.144405 0.000143737
0.00221962 1359.69 2534.16 0.621343 0.15922 -0.0001171 0.146094 0.000143935
0.00238765 1370.95 2541.13 0.616945 0.157913 -0.000115185 0.147715 0.00014412
0.00257569 1381.68 2547.73 0.612647 0.156686 -0.000113402 0.149263 0.000144291
0.00278612 1391.88 2553.96 0.608474 0.155538 -0.000111747 0.150735 0.000144449
0.00302161 1401.51 2559.8 0.60445 0.15447 -0.000110217 0.152127 0.000144595
0.00328513 1410.56 2565.25 0.600592 0.153478 -0.000108806 0.153437 0.000144728
0.00358003 1419.04 2570.33 0.596914 0.152561 -0.000107509 0.154665 0.000144849
0.00391004 1426.96 2575.04 0.593427 0.151715 -0.000106321 0.155811 0.00014496
0.00427935 1434.31 2579.39 0.590139 0.150937 -0.000105233 0.156877 0.000145061
0.00469263 1441.12 2583.4 0.587052 0.150224 -0.000104241 0.157865 0.000145152
0.00515512 1447.4 2587.08 0.584167 0.149572 -0.000103338 0.158778 0.000145235
0.00567267 1453.18 2590.45 0.581483 0.148977 -0.000102517 0.159618 0.00014531
0.00625185 1458.49 2593.53 0.578995 0.148435 -0.000101773 0.160389 0.000145378
0.00689999 1463.34 2596.33 0.576698 0.147943 -0.000101099 0.161094 0.000145438
0.0076253 1467.77 2598.88 0.574584 0.147496 -0.00010049 0.161739 0.000145493
0.00843697 1471.8 2601.19 0.572646 0.147092 -9.99406e-05 0.162325 0.000145543
0.00934528 1475.46 2603.28 0.570874 0.146728 -9.94456e-05 0.162857 0.000145587
0.0103617 1478.77 2605.17 0.56926 0.146399 -9.90007e-05 0.16334 0.000145626
0.0114992 1481.76 2606.87 0.567795 0.146104 -9.86016e-05 0.163775 0.000145662
0.0127722 1484.45 2608.4 0.56647 0.145839 -9.82446e-05 0.164167 0.000145693
0.0141967 1486.86 2609.76 0.565277 0.145602 -9.7926e-05 0.164518 0.000145721
0.0157908 1489.01 2610.98 0.564207 0.145392 -9.76428e-05 0.164832 0.000145746
0.0175747 1490.93 2612.06 0.563253 0.145205 -9.73924e-05 0.165111 0.000145768
0.019571 1492.62 2613.01 0.562409 0.145041 -9.71722e-05 0.165357 0.000145788
0.021805 1494.09 2613.84 0.561669 0.144897 -9.69802e-05 0.165573 0.000145804
0.024305 1495.37 2614.56 0.561026 0.144774 -9.68144e-05 0.165759 0.000145819
0.0271027 1496.46 2615.17 0.560477 0.144668 -9.66733e-05 0.165918 0.000145831
0.0302335 1497.38 2615.68 0.560016 0.14458 -9.65554e-05 0.166052 0.000145841
0.033737 1498.12 2616.1 0.559639 0.144508 -9.6459e-05 0.166161 0.00014585
0.0376577 1498.72 2616.43 0.559339 0.14445 -9.63827e-05 0.166247 0.000145856
0.0420453 1499.17 2616.68 0.55911 0.144407 -9.63246e-05 0.166313 0.000145861
0.0469552 1499.5 2616.87 0.558944 0.144375 -9.62825e-05 0.166361 0.000145865
0.0524498 1499.72 2616.99 0.558832 0.144354 -9.6254e-05 0.166393 0.000145868
0.0585986 1499.86 2617.07 0.558761 0.144341 -9.62361e-05 0.166413 0.000145869
0.0654795 1499.94 2617.11 0.558721 0.144333 -9.62261e-05 0.166425 0.00014587
0.0731797 1499.98 2617.13 0.558702 0.144329 -9.62211e-05 0.166431 0.00014587
0.0817967 1499.99 2617.14 0.558693 0.144328 -9.62189e-05 0.166433 0.000145871
0.0914397 1500 2617.15 0.55869 0.144327 -9.62182e-05 0.166434 0.000145871
0.102231 1500 2617.15 0.558689 0.144327 -9.6218e-05 0.166434 0.000145871
0.114307 1500 2617.15 0.558689 0.144327 -9.62179e-05 0.166434 0.000145871
0.127821 1500 2617.15 0.558689 0.144327 -9.62179e-05 0.166434 0.000145871
0.142944 1500 2617.15 0.558689 0.144327 -9.62179e-05 0.166434 0.000145871
0.159868 1500 2617.15 0.558689 0.144327 -9.62179e-05 0.166434 0.000145871
0.178806 1500 2617.15 0.558689 0.144327 -9.62179e-05 0.166434 0.000145871
0.2 1500 2617.15 0.558689 0.144327 -9.62179e-05 0.166434 0.000145871
