TITLE="Graphics"
VARIABLES= "rj, m", "T, K", "Cp, J/kg*K", "DfCp, J/kg*K^2", "rho, kg/m^3", "Dfrho, kg/m^3*K", "Lambda, Watt/m*K", "DfLambda, Watt/m*K^2"
0 300.428 4185.89 -0.646889 980 0 0.610728 0
1.25e-05 300.428 4185.89 -0.646889 980 0 0.610728 0
3.75e-05 303.017 4184.38 -0.520631 980 0 0.615017 0
6.25e-05 303.733 4184.02 -0.487124 980 0 0.616185 0
8.75e-05 304.159 4183.82 -0.467481 980 0 0.616877 0
0.0001125 304.527 4183.65 -0.450652 980 0 0.617472 0
0.0001375 304.906 4183.48 -0.433501 980 0 0.618082 0
0.0001625 305.324 4183.3 -0.414812 980 0 0.61875 0
0.0001875 305.793 4183.11 -0.394032 980 0 0.619497 0
0.0002125 306.322 4182.91 -0.37089 980 0 0.620334 0
0.0002375 306.916 4182.7 -0.345261 980 0 0.621267 0
0.0002625 307.579 4182.48 -0.317109 980 0 0.6223 0
0.0002875 308.313 4182.26 -0.286458 980 0 0.623433 0
0.0003125 309.12 4182.04 -0.253383 980 0 0.624664 0
0.0003375 310.002 4181.83 -0.217995 980 0 0.625993 0
0.0003625 310.96 4181.64 -0.180441 980 0 0.627415 0
0.0003875 311.992 4181.47 -0.140897 980 0 0.628924 0
0.0004125 313.1 4181.34 -0.0995602 980 0 0.630515 0
0.0004375 314.282 4181.25 -0.0566474 980 0 0.63218 0
0.0004625 315.538 4181.21 -0.0123855 980 0 0.633911 0
0.0004875 316.864 4181.22 0.0329934 980 0 0.635698 0
0.0005125 381.741 1895.16 0.442116 0.567114 -0.0014856 0.0248719 8.40256e-05
0.0005375 539.448 1979.95 0.605712 0.401318 -0.000743941 0.0397983 0.000103967
0.0005625 638.232 2042.37 0.654167 0.339203 -0.000531473 0.0505409 0.000113198
0.0005875 712.088 2091.61 0.677618 0.304022 -0.000426944 0.0591181 0.000118921
0.0006125 771.238 2132.1 0.690585 0.280705 -0.000363967 0.0662724 0.000122901
0.0006375 820.466 2166.29 0.698015 0.263863 -0.000321601 0.0723966 0.000125856
0.0006625 862.476 2195.7 0.70216 0.25101 -0.000291034 0.0777327 0.000128147
0.0006875 898.974 2221.37 0.704216 0.240819 -0.000267882 0.0824437 0.000129979
0.0007125 931.115 2244.02 0.704886 0.232506 -0.000249708 0.0866457 0.000131479
0.0007375 959.722 2264.18 0.704612 0.225576 -0.000235043 0.090425 0.000132731
0.0007625 985.406 2282.27 0.703682 0.219696 -0.00022295 0.0938478 0.000133791
0.0007875 1008.63 2298.6 0.702294 0.214637 -0.0002128 0.0969661 0.0001347
0.0008125 1029.77 2313.43 0.700586 0.210232 -0.000204154 0.0998214 0.000135489
0.0008375 1049.1 2326.95 0.698655 0.206357 -0.000196699 0.102448 0.000136179
0.0008625 1066.87 2339.35 0.696574 0.20292 -0.000190201 0.104873 0.000136788
0.0008875 1083.27 2350.75 0.694394 0.199849 -0.000184486 0.107121 0.000137329
0.0009125 1098.46 2361.28 0.692155 0.197085 -0.00017942 0.10921 0.000137813
0.0009375 1112.58 2371.04 0.689885 0.194585 -0.000174896 0.111159 0.000138248
0.0009625 1125.73 2380.1 0.687606 0.192311 -0.000170832 0.11298 0.000138642
0.0009875 1138.03 2388.54 0.685334 0.190233 -0.00016716 0.114687 0.000138999
0.0010125 1149.55 2396.43 0.683082 0.188326 -0.000163826 0.116291 0.000139325
0.00104053 1161.64 2404.67 0.68059 0.186366 -0.000160433 0.117977 0.000139657
0.00107197 1174.26 2413.24 0.67785 0.184363 -0.000157004 0.119741 0.000139995
0.00110723 1187.36 2422.1 0.674854 0.182329 -0.000153559 0.121578 0.000140335
0.00114676 1200.88 2431.2 0.671602 0.180276 -0.00015012 0.123477 0.000140675
0.0011911 1214.76 2440.5 0.668095 0.178217 -0.00014671 0.125432 0.000141013
0.00124081 1228.91 2449.93 0.664342 0.176164 -0.00014335 0.12743 0.000141347
0.00129656 1243.26 2459.44 0.660356 0.17413 -0.000140059 0.129461 0.000141674
0.00135908 1257.73 2468.96 0.656156 0.172128 -0.000136856 0.131513 0.000141992
0.00142919 1272.21 2478.43 0.651765 0.170168 -0.000133758 0.133571 0.000142299
0.00150781 1286.63 2487.79 0.647212 0.168262 -0.000130778 0.135625 0.000142594
0.00159598 1300.88 2496.99 0.64253 0.166418 -0.000127927 0.13766 0.000142876
0.00169485 1314.9 2505.96 0.637755 0.164644 -0.000125214 0.139664 0.000143143
0.00180572 1328.59 2514.66 0.632924 0.162947 -0.000122647 0.141626 0.000143395
0.00193005 1341.89 2523.04 0.628076 0.161333 -0.000120228 0.143534 0.000143632
0.00206947 1354.73 2531.07 0.623249 0.159804 -0.00011796 0.145379 0.000143852
0.00222582 1367.05 2538.73 0.618479 0.158363 -0.000115843 0.147154 0.000144057
0.00240114 1378.82 2545.98 0.613803 0.157011 -0.000113873 0.14885 0.000144246
0.00259776 1390 2552.81 0.609249 0.155748 -0.000112049 0.150464 0.000144421
0.00281824 1400.57 2559.23 0.604846 0.154573 -0.000110365 0.151991 0.000144581
0.00306548 1410.5 2565.22 0.600618 0.153485 -0.000108816 0.153428 0.000144727
0.00334275 1419.8 2570.79 0.596581 0.152479 -0.000107394 0.154775 0.00014486
0.00365367 1428.47 2575.94 0.592752 0.151553 -0.000106095 0.156031 0.000144981
0.00400233 1436.52 2580.7 0.589139 0.150704 -0.000104909 0.157199 0.000145091
0.00439333 1443.96 2585.07 0.58575 0.149928 -0.000103831 0.158278 0.00014519
0.00483178 1450.81 2589.07 0.582588 0.14922 -0.000102853 0.159273 0.000145279
0.00532347 1457.09 2592.72 0.579652 0.148577 -0.000101968 0.160186 0.00014536
0.00587484 1462.83 2596.04 0.576939 0.147994 -0.000101169 0.161021 0.000145432
0.00649315 1468.05 2599.04 0.574447 0.147467 -0.000100451 0.16178 0.000145497
0.00718653 1472.78 2601.76 0.572169 0.146994 -9.98068e-05 0.162468 0.000145554
0.00796407 1477.05 2604.19 0.570099 0.146569 -9.92313e-05 0.163089 0.000145606
0.00883601 1480.87 2606.37 0.56823 0.146191 -9.87196e-05 0.163646 0.000145651
0.0098138 1484.28 2608.3 0.566555 0.145856 -9.82673e-05 0.164142 0.000145691
0.0109103 1487.28 2610 0.565067 0.145561 -9.78704e-05 0.16458 0.000145726
0.0121399 1489.91 2611.48 0.563761 0.145304 -9.75254e-05 0.164963 0.000145757
0.0135188 1492.18 2612.76 0.562628 0.145083 -9.72291e-05 0.165294 0.000145783
0.015065 1494.1 2613.84 0.561663 0.144896 -9.69788e-05 0.165574 0.000145804
0.016799 1495.7 2614.74 0.56086 0.144741 -9.67715e-05 0.165807 0.000145823
0.0187435 1496.99 2615.46 0.560209 0.144617 -9.66046e-05 0.165996 0.000145837
0.020924 1498 2616.03 0.559701 0.144519 -9.64749e-05 0.166143 0.000145848
0.0233692 1498.75 2616.45 0.559322 0.144447 -9.63784e-05 0.166252 0.000145857
0.0261113 1499.28 2616.74 0.559056 0.144397 -9.63109e-05 0.166329 0.000145863
0.0291863 1499.62 2616.93 0.558883 0.144364 -9.6267e-05 0.166378 0.000145866
0.0326345 1499.82 2617.05 0.55878 0.144344 -9.6241e-05 0.166408 0.000145869
0.0365014 1499.93 2617.11 0.558727 0.144334 -9.62274e-05 0.166423 0.00014587
0.0408377 1499.97 2617.13 0.558702 0.144329 -9.62212e-05 0.16643 0.00014587
0.0457004 1499.99 2617.14 0.558693 0.144328 -9.62188e-05 0.166433 0.000145871
0.0511534 1500 2617.15 0.55869 0.144327 -9.62181e-05 0.166434 0.000145871
0.0572684 1500 2617.15 0.558689 0.144327 -9.62179e-05 0.166434 0.000145871
0.0641258 1500 2617.15 0.558689 0.144327 -9.62179e-05 0.166434 0.000145871
0.0718156 1500 2617.15 0.558689 0.144327 -9.62179e-05 0.166434 0.000145871
0.080439 1500 2617.15 0.558689 0.144327 -9.62179e-05 0.166434 0.000145871
0.0901092 1500 2617.15 0.558689 0.144327 -9.62179e-05 0.166434 0.000145871
0.100953 1500 2617.15 0.558689 0.144327 -9.62179e-05 0.166434 0.000145871
0.113114 1500 2617.15 0.558689 0.144327 -9.62179e-05 0.166434 0.000145871
0.126751 1500 2617.15 0.558689 0.144327 -9.62179e-05 0.166434 0.000145871
0.142043 1500 2617.15 0.558689 0.144327 -9.62179e-05 0.166434 0.000145871
0.159192 1500 2617.15 0.558689 0.144327 -9.62179e-05 0.166434 0.000145871
0.178422 1500 2617.15 0.558689 0.144327 -9.62179e-05 0.166434 0.000145871
0.199988 1500 2617.15 0.558689 0.144327 -9.62179e-05 0.166434 0.000145871
