TITLE="Graphics"
VARIABLES= "rj, m", "T, K", "Cp, J/kg*K", "DfCp, J/kg*K^2", "rho, kg/m^3", "Dfrho, kg/m^3*K", "Lambda, Watt/m*K", "DfLambda, Watt/m*K^2"
0 304.593 4183.62 -0.447652 980 0 0.617578 0
1.25e-05 304.593 4183.62 -0.447652 980 0 0.617578 0
3.75e-05 331.972 4185.16 0.465905 980 0 0.653193 0
6.25e-05 338.665 4188.81 0.620555 980 0 0.6594 0
8.75e-05 341.727 4190.81 0.686057 980 0 0.661951 0
0.0001125 343.57 4192.11 0.724193 980 0 0.663403 0
0.0001375 344.885 4193.08 0.750885 980 0 0.664401 0
0.0001625 345.943 4193.88 0.772075 980 0 0.665182 0
0.0001875 346.871 4194.61 0.790477 980 0 0.665851 0
0.0002125 347.738 4195.3 0.807499 980 0 0.666462 0
0.0002375 348.583 4195.99 0.823944 980 0 0.667044 0
0.0002625 349.429 4196.7 0.840297 980 0 0.667615 0
0.0002875 350.292 4197.43 0.856866 980 0 0.668185 0
0.0003125 351.184 4198.2 0.873854 980 0 0.668761 0
0.0003375 352.11 4199.02 0.891398 980 0 0.669345 0
0.0003625 353.077 4199.89 0.909595 980 0 0.66994 0
0.0003875 354.089 4200.82 0.928513 980 0 0.670546 0
0.0004125 355.147 4201.81 0.948205 980 0 0.671162 0
0.0004375 356.255 4202.87 0.968709 980 0 0.671787 0
0.0004625 357.413 4204.01 0.990059 980 0 0.672421 0
0.0004875 358.624 4205.22 1.01228 980 0 0.67306 0
0.0005125 415.286 1910.88 0.492775 0.521304 -0.00125529 0.0277747 8.89595e-05
0.0005375 556.738 1990.51 0.616007 0.388855 -0.000698453 0.0416111 0.000105731
0.0005625 649.734 2049.92 0.658423 0.333198 -0.000512822 0.0518484 0.000114149
0.0005875 720.301 2097.18 0.679703 0.300555 -0.000417264 0.0600972 0.000119504
0.0006125 777.237 2136.24 0.691646 0.278538 -0.00035837 0.0670108 0.000123278
0.0006375 824.836 2169.34 0.698538 0.262465 -0.000318202 0.0729472 0.000126104
0.0006625 865.58 2197.88 0.702389 0.25011 -0.000288951 0.0781307 0.000128309
0.0006875 901.054 2222.84 0.704291 0.240263 -0.000266647 0.0827142 0.00013008
0.0007125 932.345 2244.89 0.704891 0.2322 -0.000249049 0.0868074 0.000131535
0.0007375 960.23 2264.54 0.7046 0.225457 -0.000234794 0.0904925 0.000132752
0.0007625 985.292 2282.19 0.703688 0.219722 -0.000223002 0.0938326 0.000133786
0.0007875 1007.98 2298.14 0.702341 0.214777 -0.000213078 0.0968775 0.000134675
0.0008125 1028.63 2312.63 0.700688 0.210464 -0.000204606 0.0996673 0.000135447
0.0008375 1047.54 2325.86 0.698824 0.206666 -0.000197288 0.102234 0.000136124
0.0008625 1064.92 2337.99 0.696816 0.203292 -0.000190899 0.104606 0.000136722
0.0008875 1080.97 2349.16 0.694714 0.200274 -0.000185272 0.106805 0.000137255
0.0009125 1095.84 2359.47 0.692555 0.197556 -0.000180277 0.10885 0.000137731
0.0009375 1109.67 2369.03 0.690367 0.195094 -0.000175813 0.110757 0.00013816
0.0009625 1122.56 2377.92 0.68817 0.192854 -0.000171798 0.11254 0.000138548
0.0009875 1134.61 2386.2 0.685979 0.190806 -0.000168168 0.114212 0.000138901
0.0010125 1145.91 2393.94 0.683807 0.188925 -0.000164869 0.115783 0.000139223
0.00104053 1157.76 2402.03 0.681404 0.18699 -0.00016151 0.117435 0.000139552
0.00107197 1170.14 2410.44 0.678761 0.185013 -0.000158112 0.119164 0.000139886
0.00110723 1182.99 2419.15 0.675871 0.183003 -0.000154696 0.120964 0.000140223
0.00114676 1196.25 2428.09 0.672733 0.180973 -0.000151283 0.122827 0.00014056
0.0011911 1209.87 2437.23 0.669349 0.178936 -0.000147897 0.124743 0.000140895
0.00124081 1223.77 2446.51 0.665727 0.176905 -0.000144557 0.126703 0.000141227
0.00129656 1237.86 2455.86 0.661878 0.174891 -0.000141284 0.128696 0.000141552
0.00135908 1252.07 2465.24 0.657822 0.172906 -0.000138097 0.130709 0.000141868
0.00142919 1266.29 2474.57 0.653581 0.170964 -0.000135011 0.13273 0.000142175
0.00150781 1280.46 2483.79 0.649183 0.169073 -0.000132041 0.134746 0.000142469
0.00159598 1294.47 2492.86 0.644659 0.167243 -0.000129198 0.136744 0.00014275
0.00169485 1308.24 2501.71 0.640043 0.165481 -0.000126491 0.138712 0.000143018
0.00180572 1321.71 2510.29 0.635373 0.163796 -0.000123928 0.140639 0.00014327
0.00193005 1334.78 2518.57 0.630684 0.162191 -0.000121511 0.142514 0.000143506
0.00206947 1347.41 2526.51 0.626015 0.160671 -0.000119244 0.144328 0.000143727
0.00222582 1359.54 2534.07 0.6214 0.159238 -0.000117126 0.146073 0.000143933
0.00240114 1371.13 2541.24 0.616873 0.157892 -0.000115155 0.147741 0.000144123
0.00259776 1382.13 2548.01 0.612464 0.156635 -0.000113328 0.149329 0.000144299
0.00281824 1392.54 2554.36 0.608199 0.155464 -0.00011164 0.150831 0.00014446
0.00306548 1402.34 2560.3 0.604099 0.154378 -0.000110087 0.152247 0.000144607
0.00334275 1411.51 2565.82 0.600183 0.153375 -0.00010866 0.153574 0.000144741
0.00365367 1420.07 2570.94 0.596465 0.15245 -0.000107354 0.154813 0.000144864
0.00400233 1428.02 2575.67 0.592953 0.151601 -0.000106162 0.155966 0.000144975
0.00439333 1435.39 2580.03 0.589653 0.150824 -0.000105075 0.157034 0.000145075
0.00483178 1442.18 2584.02 0.586567 0.150113 -0.000104088 0.15802 0.000145166
0.00532347 1448.43 2587.68 0.583694 0.149466 -0.000103192 0.158927 0.000145249
0.00587484 1454.15 2591.01 0.58103 0.148877 -0.000102381 0.159759 0.000145322
0.00649315 1459.39 2594.05 0.578569 0.148343 -0.000101647 0.16052 0.000145389
0.00718653 1464.17 2596.81 0.576305 0.147859 -0.000100985 0.161214 0.000145449
0.00796407 1468.51 2599.31 0.574229 0.147422 -0.000100389 0.161846 0.000145502
0.00883601 1472.45 2601.57 0.57233 0.147027 -9.98519e-05 0.16242 0.00014555
0.0098138 1476.02 2603.61 0.5706 0.146672 -9.93697e-05 0.162939 0.000145593
0.0109103 1479.24 2605.44 0.569028 0.146352 -9.89372e-05 0.163409 0.000145632
0.0121399 1482.15 2607.09 0.567605 0.146065 -9.85501e-05 0.163832 0.000145666
0.0135188 1484.75 2608.57 0.56632 0.145809 -9.82042e-05 0.164211 0.000145697
0.015065 1487.09 2609.89 0.565164 0.14558 -9.7896e-05 0.164552 0.000145724
0.016799 1489.17 2611.07 0.564129 0.145376 -9.76223e-05 0.164855 0.000145748
0.0187435 1491.02 2612.11 0.563206 0.145196 -9.73801e-05 0.165125 0.000145769
0.020924 1492.66 2613.03 0.562389 0.145037 -9.7167e-05 0.165363 0.000145788
0.0233692 1494.09 2613.84 0.561671 0.144898 -9.69807e-05 0.165572 0.000145804
0.0261113 1495.33 2614.53 0.561046 0.144777 -9.68194e-05 0.165754 0.000145818
0.0291863 1496.4 2615.13 0.560509 0.144674 -9.66814e-05 0.165909 0.00014583
0.0326345 1497.3 2615.64 0.560055 0.144587 -9.65652e-05 0.16604 0.00014584
0.0365014 1498.04 2616.05 0.55968 0.144515 -9.64694e-05 0.166149 0.000145849
0.0408377 1498.64 2616.39 0.559378 0.144458 -9.63926e-05 0.166236 0.000145856
0.0457004 1499.1 2616.64 0.559144 0.144413 -9.63332e-05 0.166303 0.000145861
0.0511534 1499.44 2616.84 0.558971 0.14438 -9.62893e-05 0.166353 0.000145864
0.0572684 1499.68 2616.97 0.558851 0.144358 -9.62588e-05 0.166388 0.000145867
0.0641258 1499.83 2617.05 0.558773 0.144343 -9.62392e-05 0.16641 0.000145869
0.0718156 1499.92 2617.1 0.558728 0.144334 -9.62278e-05 0.166423 0.00014587
0.080439 1499.97 2617.13 0.558705 0.14433 -9.62219e-05 0.16643 0.00014587
0.0901092 1499.99 2617.14 0.558694 0.144328 -9.62192e-05 0.166433 0.000145871
0.100953 1500 2617.14 0.558691 0.144327 -9.62183e-05 0.166434 0.000145871
0.113114 1500 2617.15 0.558689 0.144327 -9.6218e-05 0.166434 0.000145871
0.126751 1500 2617.15 0.558689 0.144327 -9.62179e-05 0.166434 0.000145871
0.142043 1500 2617.15 0.558689 0.144327 -9.62179e-05 0.166434 0.000145871
0.159192 1500 2617.15 0.558689 0.144327 -9.62179e-05 0.166434 0.000145871
0.178422 1500 2617.15 0.558689 0.144327 -9.62179e-05 0.166434 0.000145871
0.199988 1500 2617.15 0.558689 0.144327 -9.62179e-05 0.166434 0.000145871
