TITLE="Graphics"
VARIABLES= "rj, m", "T, K", "Cp, J/kg*K", "DfCp, J/kg*K^2", "rho, kg/m^3", "Dfrho, kg/m^3*K", "Lambda, Watt/m*K", "DfLambda, Watt/m*K^2"
0 302.412 4184.7 -0.549369 980 0 0.614024 0
1.25e-05 302.412 4184.7 -0.549369 980 0 0.614024 0
3.75e-05 316.884 4181.22 0.0336675 980 0 0.635725 0
6.25e-05 320.504 4181.56 0.150588 980 0 0.640387 0
8.75e-05 322.219 4181.86 0.202742 980 0 0.642489 0
0.0001125 323.318 4182.1 0.235113 980 0 0.643799 0
0.0001375 324.168 4182.31 0.259663 980 0 0.644795 0
0.0001625 324.916 4182.51 0.280878 980 0 0.645657 0
0.0001875 325.629 4182.72 0.300793 980 0 0.646467 0
0.0002125 326.343 4182.94 0.320445 980 0 0.647267 0
0.0002375 327.079 4183.18 0.340394 980 0 0.64808 0
0.0002625 327.849 4183.46 0.360959 980 0 0.648918 0
0.0002875 328.661 4183.76 0.382314 980 0 0.649789 0
0.0003125 329.522 4184.1 0.404552 980 0 0.650696 0
0.0003375 330.433 4184.47 0.427711 980 0 0.65164 0
0.0003625 331.398 4184.9 0.451797 980 0 0.65262 0
0.0003875 332.418 4185.37 0.476793 980 0 0.653635 0
0.0004125 333.495 4185.9 0.502666 980 0 0.654684 0
0.0004375 334.628 4186.48 0.529377 980 0 0.655762 0
0.0004625 335.818 4187.13 0.55688 980 0 0.656867 0
0.0004875 337.065 4187.84 0.58513 980 0 0.657996 0
0.0005125 397.545 1902.35 0.467641 0.544568 -0.00136983 0.0262188 8.64068e-05
0.0005375 546.785 1984.41 0.610192 0.395933 -0.000724112 0.0405638 0.000104724
0.0005625 642.602 2045.24 0.655813 0.336896 -0.000524269 0.0510364 0.000113562
0.0005875 714.76 2093.42 0.678307 0.302885 -0.000423758 0.0594361 0.000119112
0.0006125 772.756 2133.14 0.690858 0.280154 -0.000362538 0.066459 0.000122997
0.0006375 821.127 2166.75 0.698096 0.26365 -0.000321083 0.0724798 0.000125894
0.0006625 862.466 2195.7 0.702159 0.251013 -0.000291041 0.0777313 0.000128147
0.0006875 898.417 2220.98 0.704195 0.240969 -0.000268215 0.0823712 0.000129952
0.0007125 930.1 2243.31 0.704881 0.23276 -0.000250253 0.0865123 0.000131434
0.0007375 958.317 2263.19 0.704644 0.225907 -0.000235733 0.0902386 0.000132671
0.0007625 983.663 2281.04 0.703766 0.220086 -0.000223741 0.0936147 0.000133721
0.0007875 1006.59 2297.17 0.702437 0.215072 -0.000213663 0.0966914 0.000134622
0.0008125 1027.47 2311.81 0.700792 0.210703 -0.000205071 0.0995095 0.000135405
0.0008375 1046.56 2325.18 0.698928 0.206858 -0.000197654 0.102102 0.00013609
0.0008625 1064.12 2337.43 0.696915 0.203445 -0.000191186 0.104497 0.000136695
0.0008875 1080.33 2348.71 0.694803 0.200393 -0.000185493 0.106716 0.000137234
0.0009125 1095.34 2359.12 0.692632 0.197647 -0.000180443 0.10878 0.000137715
0.0009375 1109.29 2368.77 0.690429 0.19516 -0.000175932 0.110705 0.000138149
0.0009625 1122.3 2377.74 0.688215 0.192898 -0.000171877 0.112505 0.00013854
0.0009875 1134.46 2386.1 0.686007 0.190831 -0.000168212 0.114192 0.000138896
0.0010125 1145.86 2393.9 0.683817 0.188933 -0.000164884 0.115776 0.000139221
0.00104053 1157.81 2402.06 0.681393 0.186982 -0.000161495 0.117443 0.000139553
0.00107197 1170.3 2410.55 0.678726 0.184987 -0.000158069 0.119187 0.00013989
0.00110723 1183.26 2419.33 0.675809 0.182961 -0.000154625 0.121002 0.00014023
0.00114676 1196.63 2428.35 0.672641 0.180916 -0.000151187 0.12288 0.000140569
0.0011911 1210.36 2437.56 0.669224 0.178864 -0.000147777 0.124813 0.000140907
0.00124081 1224.37 2446.91 0.665565 0.176817 -0.000144415 0.126789 0.000141241
0.00129656 1238.58 2456.34 0.661678 0.174789 -0.000141121 0.128798 0.000141568
0.00135908 1252.89 2465.78 0.65758 0.172792 -0.000137914 0.130827 0.000141887
0.00142919 1267.23 2475.18 0.653295 0.170837 -0.000134811 0.132863 0.000142195
0.00150781 1281.5 2484.47 0.648851 0.168934 -0.000131825 0.134895 0.000142491
0.00159598 1295.62 2493.6 0.644279 0.167094 -0.000128968 0.136908 0.000142773
0.00169485 1309.5 2502.51 0.639614 0.165323 -0.000126249 0.138892 0.000143041
0.00180572 1323.06 2511.15 0.634894 0.163628 -0.000123674 0.140833 0.000143295
0.00193005 1336.23 2519.48 0.630156 0.162015 -0.000121248 0.142722 0.000143532
0.00206947 1348.95 2527.47 0.625437 0.160488 -0.000118972 0.144549 0.000143754
0.00222582 1361.17 2535.08 0.620773 0.159048 -0.000116846 0.146306 0.00014396
0.00240114 1372.83 2542.29 0.616197 0.157696 -0.000114869 0.147987 0.000144151
0.00259776 1383.92 2549.1 0.611741 0.156433 -0.000113037 0.149586 0.000144326
0.00281824 1394.39 2555.49 0.60743 0.155258 -0.000111344 0.151099 0.000144488
0.00306548 1404.25 2561.46 0.603287 0.154168 -0.000109786 0.152524 0.000144635
0.00334275 1413.49 2567.01 0.59933 0.15316 -0.000108356 0.15386 0.00014477
0.00365367 1422.1 2572.15 0.595573 0.152233 -0.000107048 0.155108 0.000144892
0.00400233 1430.1 2576.91 0.592025 0.151381 -0.000105853 0.156268 0.000145004
0.00439333 1437.51 2581.28 0.588692 0.150601 -0.000104765 0.157342 0.000145104
0.00483178 1444.34 2585.29 0.585576 0.149889 -0.000103776 0.158334 0.000145195
0.00532347 1450.62 2588.96 0.582675 0.14924 -0.00010288 0.159246 0.000145277
0.00587484 1456.38 2592.3 0.579988 0.14865 -0.000102068 0.160082 0.000145351
0.00649315 1461.64 2595.35 0.577507 0.148115 -0.000101335 0.160847 0.000145417
0.00718653 1466.43 2598.11 0.575226 0.147631 -0.000100674 0.161543 0.000145477
0.00796407 1470.78 2600.61 0.573137 0.147194 -0.000100079 0.162177 0.00014553
0.00883601 1474.72 2602.86 0.57123 0.146801 -9.95446e-05 0.162751 0.000145578
0.0098138 1478.28 2604.9 0.569497 0.146447 -9.90656e-05 0.163269 0.000145621
0.0109103 1481.49 2606.72 0.567927 0.14613 -9.86373e-05 0.163736 0.000145659
0.0121399 1484.36 2608.35 0.566511 0.145847 -9.82556e-05 0.164155 0.000145692
0.0135188 1486.93 2609.8 0.565241 0.145595 -9.79166e-05 0.164529 0.000145722
0.015065 1489.21 2611.09 0.564108 0.145372 -9.76169e-05 0.164861 0.000145749
0.016799 1491.22 2612.22 0.563105 0.145176 -9.73536e-05 0.165155 0.000145772
0.0187435 1492.99 2613.21 0.562225 0.145005 -9.71242e-05 0.165411 0.000145792
0.020924 1494.51 2614.07 0.56146 0.144857 -9.69263e-05 0.165633 0.000145809
0.0233692 1495.81 2614.8 0.560807 0.144731 -9.67579e-05 0.165823 0.000145824
0.0261113 1496.9 2615.41 0.560258 0.144626 -9.66173e-05 0.165982 0.000145836
0.0291863 1497.79 2615.91 0.559809 0.14454 -9.65025e-05 0.166111 0.000145846
0.0326345 1498.49 2616.3 0.559453 0.144472 -9.64117e-05 0.166214 0.000145854
0.0365014 1499.03 2616.6 0.559181 0.14442 -9.63427e-05 0.166292 0.00014586
0.0408377 1499.42 2616.82 0.558985 0.144383 -9.62929e-05 0.166349 0.000145864
0.0457004 1499.68 2616.97 0.558853 0.144358 -9.62594e-05 0.166387 0.000145867
0.0511534 1499.84 2617.06 0.558771 0.144342 -9.62386e-05 0.166411 0.000145869
0.0572684 1499.93 2617.11 0.558725 0.144334 -9.6227e-05 0.166424 0.00014587
0.0641258 1499.97 2617.13 0.558703 0.144329 -9.62213e-05 0.16643 0.00014587
0.0718156 1499.99 2617.14 0.558693 0.144328 -9.6219e-05 0.166433 0.000145871
0.080439 1500 2617.15 0.55869 0.144327 -9.62182e-05 0.166434 0.000145871
0.0901092 1500 2617.15 0.558689 0.144327 -9.62179e-05 0.166434 0.000145871
0.100953 1500 2617.15 0.558689 0.144327 -9.62179e-05 0.166434 0.000145871
0.113114 1500 2617.15 0.558689 0.144327 -9.62179e-05 0.166434 0.000145871
0.126751 1500 2617.15 0.558689 0.144327 -9.62179e-05 0.166434 0.000145871
0.142043 1500 2617.15 0.558689 0.144327 -9.62179e-05 0.166434 0.000145871
0.159192 1500 2617.15 0.558689 0.144327 -9.62179e-05 0.166434 0.000145871
0.178422 1500 2617.15 0.558689 0.144327 -9.62179e-05 0.166434 0.000145871
0.199988 1500 2617.15 0.558689 0.144327 -9.62179e-05 0.166434 0.000145871
