TITLE="Graphics"
VARIABLES= "rj, m", "T, K", "Cp, J/kg*K", "DfCp, J/kg*K^2", "rho, kg/m^3", "Dfrho, kg/m^3*K", "Lambda, Watt/m*K", "DfLambda, Watt/m*K^2"
0 304.618 4183.61 -0.446528 980 0 0.617618 0
1.25e-05 304.618 4183.61 -0.446528 980 0 0.617618 0
3.75e-05 332.142 4185.24 0.470075 980 0 0.653362 0
6.25e-05 338.87 4188.94 0.625037 980 0 0.659576 0
8.75e-05 341.947 4190.96 0.690666 980 0 0.662128 0
0.0001125 343.798 4192.27 0.728867 980 0 0.663579 0
0.0001375 345.119 4193.25 0.755595 980 0 0.664575 0
0.0001625 346.18 4194.07 0.776801 980 0 0.665354 0
0.0001875 347.112 4194.8 0.795207 980 0 0.666021 0
0.0002125 347.98 4195.5 0.812225 980 0 0.66663 0
0.0002375 348.826 4196.19 0.82866 980 0 0.667209 0
0.0002625 349.673 4196.9 0.844997 980 0 0.667778 0
0.0002875 350.537 4197.64 0.861547 980 0 0.668345 0
0.0003125 351.429 4198.41 0.878513 980 0 0.668917 0
0.0003375 352.356 4199.24 0.896034 980 0 0.669498 0
0.0003625 353.323 4200.11 0.914206 980 0 0.670089 0
0.0003875 354.335 4201.05 0.933101 980 0 0.67069 0
0.0004125 355.394 4202.05 0.952768 980 0 0.671302 0
0.0004375 356.501 4203.11 0.97325 980 0 0.671923 0
0.0004625 357.659 4204.25 0.994579 980 0 0.672552 0
0.0004875 358.869 4205.47 1.01679 980 0 0.673187 0
0.0005125 415.492 1910.98 0.493046 0.521046 -0.00125405 0.0277929 8.89884e-05
0.0005375 556.858 1990.59 0.616075 0.388771 -0.00069815 0.0416239 0.000105743
0.0005625 649.824 2049.98 0.658455 0.333152 -0.000512681 0.0518586 0.000114157
0.0005875 720.372 2097.23 0.679721 0.300526 -0.000417181 0.0601057 0.000119509
0.0006125 777.297 2136.28 0.691657 0.278517 -0.000358315 0.0670182 0.000123282
0.0006375 824.887 2169.37 0.698544 0.262448 -0.000318163 0.0729536 0.000126107
0.0006625 865.624 2197.91 0.702393 0.250097 -0.000288921 0.0781364 0.000128311
0.0006875 901.094 2222.87 0.704293 0.240253 -0.000266624 0.0827193 0.000130081
0.0007125 932.38 2244.91 0.704892 0.232191 -0.000249031 0.086812 0.000131536
0.0007375 960.262 2264.56 0.704599 0.225449 -0.000234779 0.0904967 0.000132754
0.0007625 985.321 2282.21 0.703686 0.219716 -0.000222989 0.0938364 0.000133788
0.0007875 1008 2298.16 0.702339 0.214772 -0.000213067 0.096881 0.000134676
0.0008125 1028.65 2312.64 0.700686 0.21046 -0.000204597 0.0996704 0.000135448
0.0008375 1047.56 2325.87 0.698822 0.206662 -0.00019728 0.102237 0.000136125
0.0008625 1064.94 2338 0.696814 0.203289 -0.000190892 0.104609 0.000136723
0.0008875 1080.99 2349.17 0.694712 0.20027 -0.000185266 0.106807 0.000137255
0.0009125 1095.86 2359.48 0.692553 0.197553 -0.000180272 0.108852 0.000137732
0.0009375 1109.68 2369.04 0.690364 0.195092 -0.000175808 0.110759 0.00013816
0.0009625 1122.57 2377.93 0.688167 0.192852 -0.000171794 0.112542 0.000138548
0.0009875 1134.62 2386.21 0.685977 0.190803 -0.000168164 0.114214 0.000138901
0.0010125 1145.92 2393.94 0.683805 0.188923 -0.000164866 0.115785 0.000139223
0.00104053 1157.77 2402.03 0.681402 0.186989 -0.000161508 0.117437 0.000139552
0.00107197 1170.15 2410.45 0.678759 0.185011 -0.00015811 0.119166 0.000139886
0.00110723 1182.99 2419.15 0.675869 0.183002 -0.000154694 0.120965 0.000140223
0.00114676 1196.26 2428.1 0.672731 0.180972 -0.000151282 0.122828 0.00014056
0.0011911 1209.88 2437.24 0.669348 0.178936 -0.000147896 0.124744 0.000140896
0.00124081 1223.77 2446.51 0.665725 0.176904 -0.000144556 0.126704 0.000141227
0.00129656 1237.86 2455.87 0.661877 0.17489 -0.000141284 0.128697 0.000141552
0.00135908 1252.07 2465.24 0.657822 0.172906 -0.000138097 0.130709 0.000141868
0.00142919 1266.29 2474.57 0.653581 0.170964 -0.000135011 0.13273 0.000142175
0.00150781 1280.46 2483.79 0.649183 0.169073 -0.000132041 0.134745 0.000142469
0.00159598 1294.47 2492.86 0.644659 0.167243 -0.000129198 0.136743 0.00014275
0.00169485 1308.24 2501.7 0.640044 0.165482 -0.000126492 0.138712 0.000143017
0.00180572 1321.7 2510.29 0.635374 0.163796 -0.000123928 0.140639 0.00014327
0.00193005 1334.78 2518.57 0.630686 0.162192 -0.000121512 0.142514 0.000143506
0.00206947 1347.41 2526.5 0.626017 0.160672 -0.000119245 0.144327 0.000143727
0.00222582 1359.54 2534.07 0.621403 0.159238 -0.000117127 0.146072 0.000143933
0.00240114 1371.12 2541.24 0.616876 0.157893 -0.000115156 0.14774 0.000144123
0.00259776 1382.13 2548 0.612467 0.156636 -0.000113329 0.149327 0.000144298
0.00281824 1392.53 2554.36 0.608202 0.155465 -0.000111642 0.15083 0.000144459
0.00306548 1402.33 2560.29 0.604103 0.154379 -0.000110088 0.152245 0.000144607
0.00334275 1411.5 2565.82 0.600188 0.153376 -0.000108662 0.153573 0.000144741
0.00365367 1420.06 2570.94 0.59647 0.152452 -0.000107356 0.154812 0.000144864
0.00400233 1428.01 2575.67 0.592958 0.151603 -0.000106163 0.155964 0.000144975
0.00439333 1435.37 2580.02 0.589658 0.150825 -0.000105077 0.157032 0.000145075
0.00483178 1442.17 2584.02 0.586572 0.150115 -0.00010409 0.158018 0.000145166
0.00532347 1448.41 2587.67 0.583699 0.149467 -0.000103194 0.158925 0.000145248
0.00587484 1454.14 2591.01 0.581036 0.148878 -0.000102382 0.159757 0.000145322
0.00649315 1459.38 2594.04 0.578575 0.148344 -0.000101649 0.160518 0.000145389
0.00718653 1464.15 2596.8 0.576311 0.14786 -0.000100987 0.161213 0.000145449
0.00796407 1468.5 2599.3 0.574235 0.147423 -0.00010039 0.161845 0.000145502
0.00883601 1472.44 2601.56 0.572336 0.147028 -9.98537e-05 0.162418 0.00014555
0.0098138 1476.01 2603.6 0.570606 0.146673 -9.93715e-05 0.162938 0.000145593
0.0109103 1479.23 2605.43 0.569035 0.146353 -9.8939e-05 0.163407 0.000145632
0.0121399 1482.13 2607.08 0.567611 0.146067 -9.85518e-05 0.16383 0.000145666
0.0135188 1484.74 2608.56 0.566326 0.14581 -9.82059e-05 0.16421 0.000145697
0.015065 1487.08 2609.88 0.56517 0.145581 -9.78976e-05 0.16455 0.000145724
0.016799 1489.16 2611.06 0.564135 0.145377 -9.76238e-05 0.164854 0.000145748
0.0187435 1491.01 2612.1 0.563212 0.145197 -9.73816e-05 0.165123 0.000145769
0.020924 1492.65 2613.02 0.562395 0.145038 -9.71684e-05 0.165362 0.000145788
0.0233692 1494.08 2613.83 0.561676 0.144899 -9.69821e-05 0.165571 0.000145804
0.0261113 1495.32 2614.53 0.561051 0.144778 -9.68207e-05 0.165752 0.000145818
0.0291863 1496.39 2615.13 0.560513 0.144675 -9.66826e-05 0.165908 0.00014583
0.0326345 1497.29 2615.63 0.560059 0.144588 -9.65662e-05 0.166039 0.00014584
0.0365014 1498.04 2616.05 0.559683 0.144516 -9.64703e-05 0.166148 0.000145849
0.0408377 1498.63 2616.38 0.559381 0.144458 -9.63933e-05 0.166235 0.000145855
0.0457004 1499.1 2616.64 0.559146 0.144414 -9.63337e-05 0.166303 0.000145861
0.0511534 1499.44 2616.83 0.558973 0.144381 -9.62897e-05 0.166353 0.000145864
0.0572684 1499.68 2616.97 0.558852 0.144358 -9.62591e-05 0.166387 0.000145867
0.0641258 1499.83 2617.05 0.558774 0.144343 -9.62394e-05 0.16641 0.000145869
0.0718156 1499.92 2617.1 0.558729 0.144334 -9.62279e-05 0.166423 0.00014587
0.080439 1499.97 2617.13 0.558705 0.14433 -9.62219e-05 0.16643 0.00014587
0.0901092 1499.99 2617.14 0.558695 0.144328 -9.62193e-05 0.166433 0.000145871
0.100953 1500 2617.14 0.558691 0.144327 -9.62183e-05 0.166434 0.000145871
0.113114 1500 2617.15 0.558689 0.144327 -9.6218e-05 0.166434 0.000145871
0.126751 1500 2617.15 0.558689 0.144327 -9.62179e-05 0.166434 0.000145871
0.142043 1500 2617.15 0.558689 0.144327 -9.62179e-05 0.166434 0.000145871
0.159192 1500 2617.15 0.558689 0.144327 -9.62179e-05 0.166434 0.000145871
0.178422 1500 2617.15 0.558689 0.144327 -9.62179e-05 0.166434 0.000145871
0.199988 1500 2617.15 0.558689 0.144327 -9.62179e-05 0.166434 0.000145871
