TITLE="Graphics"
VARIABLES= "rj, m", "T, K", "Cp, J/kg*K", "DfCp, J/kg*K^2", "rho, kg/m^3", "Dfrho, kg/m^3*K", "Lambda, Watt/m*K", "DfLambda, Watt/m*K^2"
0 300.11 4186.1 -0.663005 980 0 0.610195 0
1.25e-05 300.11 4186.1 -0.663005 980 0 0.610195 0
3.75e-05 300.774 4185.67 -0.629532 980 0 0.611306 0
6.25e-05 300.985 4185.54 -0.619027 980 0 0.611658 0
8.75e-05 301.148 4185.44 -0.610972 980 0 0.611929 0
0.0001125 301.324 4185.33 -0.602284 980 0 0.612222 0
0.0001375 301.534 4185.2 -0.591958 980 0 0.612571 0
0.0001625 301.789 4185.05 -0.579477 980 0 0.612994 0
0.0001875 302.098 4184.88 -0.564483 980 0 0.613506 0
0.0002125 302.468 4184.67 -0.546683 980 0 0.614116 0
0.0002375 302.907 4184.44 -0.525828 980 0 0.614836 0
0.0002625 303.419 4184.17 -0.501714 980 0 0.615675 0
0.0002875 304.013 4183.88 -0.474187 980 0 0.61664 0
0.0003125 304.692 4183.57 -0.443158 980 0 0.617738 0
0.0003375 305.463 4183.24 -0.408607 980 0 0.618973 0
0.0003625 306.328 4182.91 -0.370599 980 0 0.620345 0
0.0003875 307.291 4182.57 -0.329279 980 0 0.621853 0
0.0004125 308.351 4182.25 -0.284875 980 0 0.623491 0
0.0004375 309.509 4181.94 -0.237687 980 0 0.625252 0
0.0004625 310.763 4181.68 -0.188077 980 0 0.627125 0
0.0004875 312.11 4181.46 -0.136452 980 0 0.629095 0
0.0005125 378.401 1893.69 0.436284 0.572119 -0.00151194 0.0245922 8.35086e-05
0.0005375 538.762 1979.53 0.605284 0.401829 -0.000745838 0.0397269 0.000103896
0.0005625 638.513 2042.56 0.654274 0.339054 -0.000531005 0.0505727 0.000113221
0.0005875 712.954 2092.19 0.677842 0.303653 -0.000425908 0.0592211 0.000118983
0.0006125 772.517 2132.98 0.690815 0.28024 -0.000362762 0.0664297 0.000122982
0.0006375 822.064 2167.4 0.698209 0.26335 -0.000320352 0.0725978 0.000125947
0.0006625 864.331 2197.01 0.702298 0.250471 -0.000289786 0.0779705 0.000128244
0.0006875 901.044 2222.83 0.704291 0.240266 -0.000266653 0.0827128 0.000130079
0.0007125 933.367 2245.61 0.704894 0.231945 -0.000248504 0.086942 0.000131581
0.0007375 962.133 2265.88 0.704552 0.225011 -0.000233866 0.0907452 0.000132833
0.0007625 987.957 2284.06 0.703555 0.219129 -0.0002218 0.0941892 0.000133893
0.0007875 1011.31 2300.48 0.702101 0.21407 -0.000211676 0.0973265 0.000134802
0.0008125 1032.55 2315.38 0.700329 0.209665 -0.000203054 0.100199 0.00013559
0.0008375 1051.99 2328.97 0.698337 0.205791 -0.000195621 0.102841 0.00013628
0.0008625 1069.85 2341.42 0.696196 0.202356 -0.000189144 0.10528 0.000136888
0.0008875 1086.33 2352.88 0.69396 0.199286 -0.000183448 0.107541 0.000137428
0.0009125 1101.6 2363.46 0.691666 0.196524 -0.000178399 0.109643 0.000137911
0.0009375 1115.78 2373.25 0.689343 0.194025 -0.000173892 0.111602 0.000138345
0.0009625 1129.01 2382.35 0.687014 0.191753 -0.000169842 0.113434 0.000138738
0.0009875 1141.36 2390.83 0.684695 0.189677 -0.000166184 0.115151 0.000139094
0.0010125 1152.94 2398.74 0.682396 0.187772 -0.000162863 0.116763 0.000139419
0.00104053 1165.09 2407.02 0.679855 0.185814 -0.000159485 0.118459 0.000139751
0.00107197 1177.77 2415.62 0.677062 0.183814 -0.000156069 0.120233 0.000140087
0.00110723 1190.93 2424.51 0.67401 0.181782 -0.000152638 0.122079 0.000140426
0.00114676 1204.52 2433.65 0.670699 0.179732 -0.000149214 0.123989 0.000140765
0.0011911 1218.46 2442.97 0.66713 0.177675 -0.000145819 0.125954 0.000141102
0.00124081 1232.68 2452.43 0.663313 0.175625 -0.000142474 0.127963 0.000141434
0.00129656 1247.1 2461.97 0.65926 0.173595 -0.000139198 0.130005 0.000141759
0.00135908 1261.63 2471.52 0.65499 0.171595 -0.000136011 0.132067 0.000142076
0.00142919 1276.18 2481.01 0.650529 0.169639 -0.000132927 0.134137 0.000142381
0.00150781 1290.66 2490.4 0.645905 0.167736 -0.000129961 0.1362 0.000142675
0.00159598 1304.98 2499.62 0.641151 0.165895 -0.000127124 0.138246 0.000142955
0.00169485 1319.06 2508.61 0.636304 0.164125 -0.000124426 0.14026 0.000143221
0.00180572 1332.81 2517.32 0.631403 0.162432 -0.000121872 0.142231 0.000143471
0.00193005 1346.16 2525.72 0.626485 0.160821 -0.000119466 0.144148 0.000143706
0.00206947 1359.05 2533.76 0.621591 0.159296 -0.000117211 0.146001 0.000143925
0.00222582 1371.42 2541.42 0.616757 0.157858 -0.000115106 0.147783 0.000144128
0.00240114 1383.23 2548.68 0.612019 0.156511 -0.000113149 0.149487 0.000144316
0.00259776 1394.44 2555.52 0.607409 0.155252 -0.000111336 0.151106 0.000144488
0.00281824 1405.04 2561.93 0.602953 0.154081 -0.000109663 0.152638 0.000144647
0.00306548 1415 2567.91 0.598677 0.152997 -0.000108125 0.154079 0.000144792
0.00334275 1424.31 2573.47 0.594599 0.151996 -0.000106716 0.155428 0.000144923
0.00365367 1432.98 2578.61 0.590734 0.151077 -0.000105428 0.156685 0.000145043
0.00400233 1441.02 2583.34 0.587094 0.150234 -0.000104255 0.157852 0.000145151
0.00439333 1448.44 2587.69 0.583686 0.149464 -0.00010319 0.158929 0.000145249
0.00483178 1455.26 2591.65 0.580513 0.148764 -0.000102225 0.159919 0.000145337
0.00532347 1461.49 2595.26 0.577577 0.14813 -0.000101356 0.160825 0.000145415
0.00587484 1467.16 2598.53 0.574878 0.147558 -0.000100574 0.161649 0.000145486
0.00649315 1472.28 2601.47 0.572411 0.147044 -9.98746e-05 0.162396 0.000145548
0.00718653 1476.9 2604.1 0.570174 0.146585 -9.92519e-05 0.163067 0.000145604
0.00796407 1481.01 2606.45 0.568161 0.146177 -9.87009e-05 0.163666 0.000145653
0.00883601 1484.65 2608.51 0.566368 0.145819 -9.82172e-05 0.164197 0.000145696
0.0098138 1487.84 2610.32 0.56479 0.145506 -9.77968e-05 0.164662 0.000145733
0.0109103 1490.59 2611.87 0.56342 0.145238 -9.74361e-05 0.165063 0.000145764
0.0121399 1492.93 2613.18 0.562253 0.145011 -9.71316e-05 0.165403 0.000145791
0.0135188 1494.86 2614.27 0.561282 0.144823 -9.68802e-05 0.165685 0.000145813
0.015065 1496.42 2615.15 0.560497 0.144672 -9.66783e-05 0.165913 0.000145831
0.016799 1497.64 2615.82 0.559886 0.144555 -9.6522e-05 0.166089 0.000145844
0.0187435 1498.53 2616.33 0.559432 0.144468 -9.64065e-05 0.16622 0.000145854
0.020924 1499.16 2616.68 0.559116 0.144408 -9.63261e-05 0.166311 0.000145861
0.0233692 1499.56 2616.9 0.558912 0.144369 -9.62744e-05 0.16637 0.000145866
0.0261113 1499.8 2617.03 0.558793 0.144347 -9.62442e-05 0.166404 0.000145868
0.0291863 1499.92 2617.1 0.558731 0.144335 -9.62285e-05 0.166422 0.00014587
0.0326345 1499.97 2617.13 0.558703 0.14433 -9.62215e-05 0.16643 0.00014587
0.0365014 1499.99 2617.14 0.558693 0.144328 -9.62189e-05 0.166433 0.000145871
0.0408377 1500 2617.15 0.55869 0.144327 -9.62181e-05 0.166434 0.000145871
0.0457004 1500 2617.15 0.558689 0.144327 -9.62179e-05 0.166434 0.000145871
0.0511534 1500 2617.15 0.558689 0.144327 -9.62179e-05 0.166434 0.000145871
0.0572684 1500 2617.15 0.558689 0.144327 -9.62179e-05 0.166434 0.000145871
0.0641258 1500 2617.15 0.558689 0.144327 -9.62179e-05 0.166434 0.000145871
0.0718156 1500 2617.15 0.558689 0.144327 -9.62179e-05 0.166434 0.000145871
0.080439 1500 2617.15 0.558689 0.144327 -9.62179e-05 0.166434 0.000145871
0.0901092 1500 2617.15 0.558689 0.144327 -9.62179e-05 0.166434 0.000145871
0.100953 1500 2617.15 0.558689 0.144327 -9.62179e-05 0.166434 0.000145871
0.113114 1500 2617.15 0.558689 0.144327 -9.62179e-05 0.166434 0.000145871
0.126751 1500 2617.15 0.558689 0.144327 -9.62179e-05 0.166434 0.000145871
0.142043 1500 2617.15 0.558689 0.144327 -9.62179e-05 0.166434 0.000145871
0.159192 1500 2617.15 0.558689 0.144327 -9.62179e-05 0.166434 0.000145871
0.178422 1500 2617.15 0.558689 0.144327 -9.62179e-05 0.166434 0.000145871
0.199988 1500 2617.15 0.558689 0.144327 -9.62179e-05 0.166434 0.000145871
