TITLE="Graphics"
VARIABLES= "rj, m", "T, K", "Cp, J/kg*K", "DfCp, J/kg*K^2", "rho, kg/m^3", "Dfrho, kg/m^3*K", "Lambda, Watt/m*K", "DfLambda, Watt/m*K^2"
0 300.869 4185.61 -0.624786 980 0 0.611465 0
1.25e-05 300.869 4185.61 -0.624786 980 0 0.611465 0
3.75e-05 306.114 4182.99 -0.379955 980 0 0.620006 0
6.25e-05 307.493 4182.5 -0.320707 980 0 0.622168 0
8.75e-05 308.224 4182.28 -0.290138 980 0 0.623296 0
0.0001125 308.776 4182.13 -0.267417 980 0 0.624141 0
0.0001375 309.284 4182 -0.246757 980 0 0.624912 0
0.0001625 309.802 4181.87 -0.225965 980 0 0.625693 0
0.0001875 310.355 4181.76 -0.204066 980 0 0.626519 0
0.0002125 310.956 4181.64 -0.180595 980 0 0.627409 0
0.0002375 311.612 4181.53 -0.155336 980 0 0.628372 0
0.0002625 312.329 4181.43 -0.128212 980 0 0.629411 0
0.0002875 313.109 4181.34 -0.0992256 980 0 0.630528 0
0.0003125 313.954 4181.27 -0.0684339 980 0 0.631721 0
0.0003375 314.865 4181.22 -0.0359295 980 0 0.632988 0
0.0003625 315.843 4181.2 -0.00182997 980 0 0.634325 0
0.0003875 316.886 4181.22 0.0337296 980 0 0.635728 0
0.0004125 317.996 4181.28 0.0706031 980 0 0.63719 0
0.0004375 319.171 4181.38 0.108638 980 0 0.638706 0
0.0004625 320.41 4181.54 0.147678 980 0 0.64027 0
0.0004875 321.714 4181.76 0.18757 980 0 0.641876 0
0.0005125 385.387 1896.78 0.448299 0.561748 -0.00145762 0.0251793 8.45844e-05
0.0005375 540.821 1980.78 0.606563 0.400299 -0.00074017 0.0399411 0.00010411
0.0005625 638.802 2042.75 0.654384 0.3389 -0.000530525 0.0506054 0.000113246
0.0005875 712.189 2091.68 0.677644 0.303979 -0.000426823 0.0591301 0.000118928
0.0006125 771.014 2131.94 0.690544 0.280786 -0.000364178 0.0662449 0.000122887
0.0006375 819.997 2165.96 0.697958 0.264014 -0.000321969 0.0723376 0.00012583
0.0006625 861.813 2195.24 0.702109 0.251203 -0.000291482 0.0776477 0.000128113
0.0006875 898.151 2220.79 0.704185 0.24104 -0.000268374 0.0823367 0.00012994
0.0007125 930.157 2243.34 0.704882 0.232746 -0.000250222 0.0865197 0.000131436
0.0007375 958.647 2263.43 0.704637 0.225829 -0.00023557 0.0902824 0.000132685
0.0007625 984.23 2281.44 0.703739 0.219959 -0.000223483 0.0936905 0.000133744
0.0007875 1007.37 2297.71 0.702383 0.214907 -0.000213335 0.0967956 0.000134652
0.0008125 1028.42 2312.48 0.700707 0.210507 -0.000204689 0.0996391 0.00013544
0.0008375 1047.69 2325.96 0.698808 0.206637 -0.000197232 0.102255 0.00013613
0.0008625 1065.39 2338.32 0.696758 0.203203 -0.000190731 0.10467 0.000136738
0.0008875 1081.73 2349.68 0.694609 0.200134 -0.000185013 0.106909 0.000137279
0.0009125 1096.86 2360.18 0.6924 0.197372 -0.000179942 0.10899 0.000137763
0.0009375 1110.93 2369.9 0.690159 0.194873 -0.000175415 0.110931 0.000138198
0.0009625 1124.04 2378.94 0.687908 0.1926 -0.000171346 0.112745 0.000138592
0.0009875 1136.29 2387.35 0.685663 0.190523 -0.000167671 0.114446 0.000138949
0.0010125 1147.78 2395.21 0.683436 0.188617 -0.000164333 0.116043 0.000139275
0.00104053 1159.82 2403.43 0.680973 0.186658 -0.000160936 0.117723 0.000139608
0.00107197 1172.4 2411.98 0.678262 0.184655 -0.000157502 0.119481 0.000139946
0.00110723 1185.46 2420.82 0.675299 0.182622 -0.000154052 0.121311 0.000140286
0.00114676 1198.93 2429.9 0.67208 0.180569 -0.000150608 0.123203 0.000140627
0.0011911 1212.76 2439.17 0.66861 0.17851 -0.000147193 0.125151 0.000140965
0.00124081 1226.87 2448.57 0.664894 0.176457 -0.000143827 0.127142 0.000141299
0.00129656 1241.18 2458.06 0.660947 0.174423 -0.00014053 0.129166 0.000141627
0.00135908 1255.59 2467.56 0.656787 0.172421 -0.000137322 0.13121 0.000141945
0.00142919 1270.03 2477.01 0.652437 0.17046 -0.000134217 0.133261 0.000142253
0.00150781 1284.4 2486.35 0.647927 0.168553 -0.000131231 0.135308 0.000142549
0.00159598 1298.61 2495.53 0.643287 0.166709 -0.000128374 0.137336 0.000142832
0.00169485 1312.59 2504.48 0.638554 0.164934 -0.000125656 0.139333 0.0001431
0.00180572 1326.24 2513.17 0.633766 0.163237 -0.000123083 0.141288 0.000143353
0.00193005 1339.49 2521.54 0.628959 0.161621 -0.000120658 0.14319 0.00014359
0.00206947 1352.29 2529.56 0.624173 0.160091 -0.000118385 0.14503 0.000143811
0.00222582 1364.59 2537.2 0.619444 0.158649 -0.000116262 0.146799 0.000144016
0.00240114 1376.32 2544.44 0.614805 0.157296 -0.000114287 0.14849 0.000144207
0.00259776 1387.47 2551.27 0.610288 0.156032 -0.000112458 0.150099 0.000144382
0.00281824 1398.01 2557.68 0.605919 0.154856 -0.000110768 0.151622 0.000144542
0.00306548 1407.93 2563.67 0.601721 0.153765 -0.000109214 0.153055 0.000144689
0.00334275 1417.21 2569.24 0.597714 0.152758 -0.000107788 0.154399 0.000144823
0.00365367 1425.87 2574.4 0.59391 0.15183 -0.000106483 0.155654 0.000144945
0.00400233 1433.91 2579.16 0.590319 0.150979 -0.000105292 0.156819 0.000145055
0.00439333 1441.34 2583.53 0.586949 0.1502 -0.000104209 0.157898 0.000145155
0.00483178 1448.2 2587.54 0.5838 0.14949 -0.000103225 0.158893 0.000145246
0.00532347 1454.49 2591.21 0.580873 0.148843 -0.000102334 0.159807 0.000145327
0.00587484 1460.25 2594.54 0.578165 0.148256 -0.000101528 0.160644 0.0001454
0.00649315 1465.5 2597.57 0.575671 0.147725 -0.000100802 0.161408 0.000145465
0.00718653 1470.27 2600.31 0.573385 0.147246 -0.000100149 0.162102 0.000145524
0.00796407 1474.58 2602.78 0.571298 0.146815 -9.95635e-05 0.16273 0.000145576
0.00883601 1478.47 2605 0.569404 0.146428 -9.90402e-05 0.163297 0.000145623
0.0098138 1481.96 2606.99 0.567694 0.146083 -9.85743e-05 0.163805 0.000145664
0.0109103 1485.07 2608.75 0.566161 0.145777 -9.81617e-05 0.164258 0.000145701
0.0121399 1487.83 2610.31 0.564796 0.145507 -9.77985e-05 0.16466 0.000145733
0.0135188 1490.25 2611.67 0.563593 0.145271 -9.74813e-05 0.165012 0.00014576
0.015065 1492.35 2612.86 0.562544 0.145067 -9.72072e-05 0.165318 0.000145784
0.016799 1494.14 2613.87 0.561644 0.144893 -9.69737e-05 0.16558 0.000145805
0.0187435 1495.65 2614.71 0.560885 0.144746 -9.67781e-05 0.1658 0.000145822
0.020924 1496.89 2615.41 0.560262 0.144627 -9.66182e-05 0.16598 0.000145836
0.0233692 1497.87 2615.96 0.559766 0.144532 -9.64914e-05 0.166124 0.000145847
0.0261113 1498.62 2616.38 0.559386 0.144459 -9.63948e-05 0.166233 0.000145855
0.0291863 1499.17 2616.68 0.559111 0.144407 -9.63248e-05 0.166313 0.000145861
0.0326345 1499.54 2616.89 0.558924 0.144371 -9.62773e-05 0.166367 0.000145866
0.0365014 1499.77 2617.02 0.558807 0.144349 -9.62477e-05 0.1664 0.000145868
0.0408377 1499.9 2617.09 0.558741 0.144337 -9.62311e-05 0.166419 0.00014587
0.0457004 1499.96 2617.12 0.558709 0.144331 -9.62229e-05 0.166428 0.00014587
0.0511534 1499.99 2617.14 0.558695 0.144328 -9.62195e-05 0.166432 0.000145871
0.0572684 1500 2617.14 0.558691 0.144327 -9.62183e-05 0.166434 0.000145871
0.0641258 1500 2617.15 0.558689 0.144327 -9.6218e-05 0.166434 0.000145871
0.0718156 1500 2617.15 0.558689 0.144327 -9.62179e-05 0.166434 0.000145871
0.080439 1500 2617.15 0.558689 0.144327 -9.62179e-05 0.166434 0.000145871
0.0901092 1500 2617.15 0.558689 0.144327 -9.62179e-05 0.166434 0.000145871
0.100953 1500 2617.15 0.558689 0.144327 -9.62179e-05 0.166434 0.000145871
0.113114 1500 2617.15 0.558689 0.144327 -9.62179e-05 0.166434 0.000145871
0.126751 1500 2617.15 0.558689 0.144327 -9.62179e-05 0.166434 0.000145871
0.142043 1500 2617.15 0.558689 0.144327 -9.62179e-05 0.166434 0.000145871
0.159192 1500 2617.15 0.558689 0.144327 -9.62179e-05 0.166434 0.000145871
0.178422 1500 2617.15 0.558689 0.144327 -9.62179e-05 0.166434 0.000145871
0.199988 1500 2617.15 0.558689 0.144327 -9.62179e-05 0.166434 0.000145871
