TITLE="Graphics"
VARIABLES= "rj, m", "T, K", "Cp, J/kg*K", "DfCp, J/kg*K^2", "rho, kg/m^3", "Dfrho, kg/m^3*K", "Lambda, Watt/m*K", "DfLambda, Watt/m*K^2"
0 301.406 4185.28 -0.598217 980 0 0.612359 0
1.25e-05 301.406 4185.28 -0.598217 980 0 0.612359 0
3.75e-05 309.871 4181.86 -0.223207 980 0 0.625797 0
6.25e-05 312.04 4181.47 -0.13911 980 0 0.628993 0
8.75e-05 313.12 4181.34 -0.0988519 980 0 0.630542 0
0.0001125 313.867 4181.28 -0.0715779 980 0 0.631599 0
0.0001375 314.501 4181.24 -0.0488564 980 0 0.632484 0
0.0001625 315.105 4181.21 -0.027501 980 0 0.633318 0
0.0001875 315.72 4181.2 -0.00607895 980 0 0.634158 0
0.0002125 316.366 4181.21 0.0161165 980 0 0.635032 0
0.0002375 317.056 4181.23 0.0394446 980 0 0.635954 0
0.0002625 317.797 4181.26 0.0640794 980 0 0.636931 0
0.0002875 318.594 4181.33 0.0900878 980 0 0.637966 0
0.0003125 319.448 4181.41 0.117471 980 0 0.639059 0
0.0003375 320.362 4181.54 0.146188 980 0 0.640211 0
0.0003625 321.337 4181.69 0.176171 980 0 0.641417 0
0.0003875 322.374 4181.89 0.207334 980 0 0.642675 0
0.0004125 323.471 4182.14 0.239578 980 0 0.64398 0
0.0004375 324.63 4182.43 0.272802 980 0 0.645328 0
0.0004625 325.85 4182.79 0.306899 980 0 0.646715 0
0.0004875 327.13 4183.2 0.341765 980 0 0.648136 0
0.0005125 389.598 1898.69 0.455215 0.555675 -0.00142628 0.0255369 8.52227e-05
0.0005375 542.728 1981.94 0.607736 0.398893 -0.000734978 0.0401397 0.000104307
0.0005625 639.904 2043.47 0.654801 0.338317 -0.000528699 0.0507303 0.000113338
0.0005875 712.83 2092.11 0.67781 0.303705 -0.000426056 0.0592064 0.000118974
0.0006125 771.341 2132.17 0.690604 0.280667 -0.000363869 0.0662851 0.000122908
0.0006375 820.091 2166.02 0.697969 0.263983 -0.000321895 0.0723494 0.000125835
0.0006625 861.723 2195.18 0.702102 0.251229 -0.000291543 0.0776362 0.000128108
0.0006875 897.912 2220.62 0.704176 0.241104 -0.000268516 0.0823056 0.000129928
0.0007125 929.792 2243.09 0.704879 0.232837 -0.000250418 0.0864719 0.00013142
0.0007375 958.176 2263.09 0.704648 0.22594 -0.000235802 0.0902199 0.000132665
0.0007625 983.666 2281.05 0.703765 0.220085 -0.00022374 0.0936151 0.000133721
0.0007875 1006.72 2297.26 0.702428 0.215045 -0.000213609 0.0967088 0.000134627
0.0008125 1027.71 2311.98 0.700771 0.210654 -0.000204975 0.099542 0.000135414
0.0008375 1046.9 2325.42 0.698892 0.206791 -0.000197526 0.102148 0.000136102
0.0008625 1064.55 2337.73 0.696862 0.203363 -0.000191032 0.104555 0.00013671
0.0008875 1080.84 2349.06 0.694733 0.200299 -0.000185319 0.106786 0.00013725
0.0009125 1095.92 2359.53 0.692544 0.197542 -0.000180252 0.10886 0.000137734
0.0009375 1109.94 2369.22 0.690322 0.195046 -0.000175727 0.110795 0.000138168
0.0009625 1123.01 2378.23 0.68809 0.192776 -0.00017166 0.112603 0.000138561
0.0009875 1135.23 2386.62 0.685863 0.190702 -0.000167985 0.114298 0.000138919
0.0010125 1146.68 2394.46 0.683655 0.188798 -0.000164648 0.11589 0.000139244
0.00104053 1158.69 2402.66 0.681211 0.186841 -0.000161252 0.117565 0.000139577
0.00107197 1171.23 2411.18 0.678521 0.184841 -0.000157818 0.119317 0.000139915
0.00110723 1184.24 2420 0.675581 0.182809 -0.000154368 0.12114 0.000140255
0.00114676 1197.68 2429.05 0.672386 0.180758 -0.000150924 0.123027 0.000140596
0.0011911 1211.47 2438.3 0.668941 0.1787 -0.000147507 0.124968 0.000140934
0.00124081 1225.54 2447.69 0.665253 0.176649 -0.00014414 0.126953 0.000141268
0.00129656 1239.8 2457.15 0.661334 0.174617 -0.000140842 0.128971 0.000141596
0.00135908 1254.18 2466.63 0.657203 0.172615 -0.000137632 0.131009 0.000141915
0.00142919 1268.58 2476.06 0.652884 0.170656 -0.000134526 0.133054 0.000142223
0.00150781 1282.91 2485.38 0.648404 0.16875 -0.000131537 0.135095 0.000142519
0.00159598 1297.08 2494.54 0.643796 0.166906 -0.000128678 0.137117 0.000142802
0.00169485 1311.01 2503.48 0.639095 0.165132 -0.000125957 0.139108 0.00014307
0.00180572 1324.63 2512.15 0.634338 0.163435 -0.000123382 0.141058 0.000143323
0.00193005 1337.85 2520.5 0.629563 0.161819 -0.000120955 0.142954 0.000143561
0.00206947 1350.62 2528.51 0.624808 0.16029 -0.000118679 0.144789 0.000143782
0.00222582 1362.88 2536.14 0.620108 0.158848 -0.000116553 0.146553 0.000143988
0.00240114 1374.59 2543.38 0.615498 0.157495 -0.000114576 0.14824 0.000144179
0.00259776 1385.71 2550.2 0.611009 0.15623 -0.000112744 0.149845 0.000144354
0.00281824 1396.23 2556.6 0.606666 0.155054 -0.000111052 0.151363 0.000144515
0.00306548 1406.12 2562.58 0.602493 0.153963 -0.000109495 0.152794 0.000144663
0.00334275 1415.38 2568.14 0.598508 0.152955 -0.000108066 0.154135 0.000144797
0.00365367 1424.02 2573.3 0.594725 0.152027 -0.000106759 0.155386 0.000144919
0.00400233 1432.05 2578.06 0.591154 0.151175 -0.000105565 0.15655 0.00014503
0.00439333 1439.48 2582.44 0.587799 0.150395 -0.000104479 0.157627 0.00014513
0.00483178 1446.32 2586.45 0.584664 0.149683 -0.000103492 0.158621 0.000145221
0.00532347 1452.62 2590.12 0.581748 0.149035 -0.000102598 0.159535 0.000145303
0.00587484 1458.38 2593.46 0.579047 0.148446 -0.000101789 0.160373 0.000145376
0.00649315 1463.64 2596.5 0.576557 0.147913 -0.000101058 0.161137 0.000145442
0.00718653 1468.42 2599.26 0.574271 0.147431 -0.000100401 0.161834 0.000145501
0.00796407 1472.76 2601.74 0.57218 0.146996 -9.98098e-05 0.162465 0.000145554
0.00883601 1476.68 2603.98 0.570277 0.146606 -9.92803e-05 0.163036 0.000145601
0.0098138 1480.22 2606 0.568551 0.146256 -9.88071e-05 0.163551 0.000145643
0.0109103 1483.38 2607.79 0.566996 0.145944 -9.83858e-05 0.164012 0.000145681
0.0121399 1486.21 2609.39 0.565601 0.145666 -9.80124e-05 0.164423 0.000145714
0.0135188 1488.71 2610.8 0.56436 0.145422 -9.76833e-05 0.164788 0.000145743
0.015065 1490.91 2612.04 0.563265 0.145207 -9.73954e-05 0.165108 0.000145768
0.016799 1492.82 2613.12 0.562308 0.145021 -9.71459e-05 0.165387 0.00014579
0.0187435 1494.46 2614.04 0.561484 0.144862 -9.69323e-05 0.165627 0.000145808
0.020924 1495.85 2614.82 0.560786 0.144727 -9.67526e-05 0.165829 0.000145824
0.0233692 1497 2615.47 0.560209 0.144617 -9.66045e-05 0.165996 0.000145837
0.0261113 1497.92 2615.98 0.559744 0.144528 -9.64859e-05 0.16613 0.000145847
0.0291863 1498.63 2616.38 0.559385 0.144459 -9.63943e-05 0.166234 0.000145855
0.0326345 1499.15 2616.67 0.559119 0.144409 -9.63269e-05 0.16631 0.000145861
0.0365014 1499.51 2616.88 0.558935 0.144374 -9.62802e-05 0.166363 0.000145865
0.0408377 1499.75 2617.01 0.558817 0.144351 -9.62502e-05 0.166397 0.000145868
0.0457004 1499.88 2617.08 0.558748 0.144338 -9.62328e-05 0.166417 0.000145869
0.0511534 1499.95 2617.12 0.558713 0.144331 -9.62239e-05 0.166427 0.00014587
0.0572684 1499.98 2617.14 0.558697 0.144328 -9.62199e-05 0.166432 0.000145871
0.0641258 1500 2617.14 0.558691 0.144327 -9.62185e-05 0.166434 0.000145871
0.0718156 1500 2617.15 0.55869 0.144327 -9.6218e-05 0.166434 0.000145871
0.080439 1500 2617.15 0.558689 0.144327 -9.62179e-05 0.166434 0.000145871
0.0901092 1500 2617.15 0.558689 0.144327 -9.62179e-05 0.166434 0.000145871
0.100953 1500 2617.15 0.558689 0.144327 -9.62179e-05 0.166434 0.000145871
0.113114 1500 2617.15 0.558689 0.144327 -9.62179e-05 0.166434 0.000145871
0.126751 1500 2617.15 0.558689 0.144327 -9.62179e-05 0.166434 0.000145871
0.142043 1500 2617.15 0.558689 0.144327 -9.62179e-05 0.166434 0.000145871
0.159192 1500 2617.15 0.558689 0.144327 -9.62179e-05 0.166434 0.000145871
0.178422 1500 2617.15 0.558689 0.144327 -9.62179e-05 0.166434 0.000145871
0.199988 1500 2617.15 0.558689 0.144327 -9.62179e-05 0.166434 0.000145871
