TITLE="Graphics"
VARIABLES= "rj, m", "T, K", "Cp, J/kg*K", "DfCp, J/kg*K^2", "rho, kg/m^3", "Dfrho, kg/m^3*K", "Lambda, Watt/m*K", "DfLambda, Watt/m*K^2"
0 302.565 4184.62 -0.542063 980 0 0.614275 0
1.25e-05 302.565 4184.62 -0.542063 980 0 0.614275 0
3.75e-05 317.945 4181.27 0.0689541 980 0 0.637124 0
6.25e-05 321.783 4181.77 0.189667 980 0 0.641961 0
8.75e-05 323.594 4182.17 0.243135 980 0 0.644124 0
0.0001125 324.745 4182.46 0.276045 980 0 0.64546 0
0.0001375 325.628 4182.72 0.300764 980 0 0.646466 0
0.0001625 326.397 4182.96 0.321927 980 0 0.647328 0
0.0001875 327.125 4183.2 0.341636 980 0 0.648131 0
0.0002125 327.849 4183.46 0.360964 980 0 0.648919 0
0.0002375 328.592 4183.73 0.380497 980 0 0.649715 0
0.0002625 329.366 4184.03 0.400568 980 0 0.650534 0
0.0002875 330.182 4184.37 0.421365 980 0 0.651381 0
0.0003125 331.043 4184.74 0.442991 980 0 0.652262 0
0.0003375 331.955 4185.15 0.465495 980 0 0.653176 0
0.0003625 332.919 4185.61 0.48889 980 0 0.654126 0
0.0003875 333.938 4186.13 0.513167 980 0 0.655108 0
0.0004125 335.011 4186.69 0.538302 980 0 0.656121 0
0.0004375 336.142 4187.31 0.564263 980 0 0.657163 0
0.0004625 337.328 4188 0.591013 980 0 0.65823 0
0.0004875 338.572 4188.75 0.618511 980 0 0.659319 0
0.0005125 398.768 1902.93 0.469486 0.542898 -0.00136144 0.0263246 8.65867e-05
0.0005375 547.445 1984.81 0.610587 0.395456 -0.000722367 0.0406329 0.000104791
0.0005625 643.064 2045.54 0.655985 0.336654 -0.000523516 0.0510888 0.000113601
0.0005875 715.11 2093.66 0.678396 0.302737 -0.000423343 0.0594778 0.000119137
0.0006125 773.032 2133.33 0.690907 0.280053 -0.000362279 0.066493 0.000123014
0.0006375 821.349 2166.9 0.698123 0.263579 -0.00032091 0.0725078 0.000125907
0.0006625 862.646 2195.82 0.702173 0.250961 -0.00029092 0.0777545 0.000128156
0.0006875 898.564 2221.08 0.7042 0.240929 -0.000268127 0.0823904 0.00012996
0.0007125 930.22 2243.39 0.704882 0.23273 -0.000250188 0.086528 0.000131439
0.0007375 958.413 2263.26 0.704642 0.225884 -0.000235685 0.0902514 0.000132675
0.0007625 983.739 2281.1 0.703762 0.220069 -0.000223706 0.0936249 0.000133724
0.0007875 1006.65 2297.21 0.702433 0.21506 -0.000213638 0.0966993 0.000134625
0.0008125 1027.51 2311.84 0.700788 0.210694 -0.000205053 0.0995153 0.000135406
0.0008375 1046.59 2325.2 0.698925 0.206852 -0.000197643 0.102106 0.000136091
0.0008625 1064.14 2337.44 0.696913 0.203442 -0.00019118 0.104499 0.000136696
0.0008875 1080.33 2348.71 0.694803 0.200392 -0.000185491 0.106717 0.000137234
0.0009125 1095.34 2359.12 0.692632 0.197647 -0.000180444 0.10878 0.000137715
0.0009375 1109.28 2368.77 0.690431 0.195163 -0.000175936 0.110703 0.000138148
0.0009625 1122.28 2377.73 0.688219 0.192902 -0.000171884 0.112502 0.00013854
0.0009875 1134.43 2386.08 0.686013 0.190836 -0.000168221 0.114188 0.000138896
0.0010125 1145.82 2393.88 0.683824 0.188939 -0.000164894 0.115771 0.00013922
0.00104053 1157.77 2402.03 0.681402 0.186989 -0.000161508 0.117437 0.000139552
0.00107197 1170.25 2410.52 0.678737 0.184996 -0.000158083 0.11918 0.000139889
0.00110723 1183.2 2419.29 0.675823 0.182971 -0.000154641 0.120994 0.000140228
0.00114676 1196.57 2428.3 0.672657 0.180926 -0.000151204 0.122871 0.000140568
0.0011911 1210.29 2437.51 0.669243 0.178875 -0.000147795 0.124802 0.000140906
0.00124081 1224.29 2446.86 0.665587 0.176829 -0.000144434 0.126777 0.000141239
0.00129656 1238.49 2456.28 0.661703 0.174802 -0.000141142 0.128785 0.000141566
0.00135908 1252.8 2465.72 0.657609 0.172806 -0.000137936 0.130813 0.000141884
0.00142919 1267.13 2475.11 0.653328 0.170851 -0.000134834 0.132848 0.000142192
0.00150781 1281.39 2484.4 0.648887 0.16895 -0.000131849 0.134878 0.000142488
0.00159598 1295.5 2493.52 0.644319 0.16711 -0.000128992 0.136891 0.000142771
0.00169485 1309.37 2502.43 0.639659 0.165339 -0.000126274 0.138873 0.000143039
0.00180572 1322.92 2511.06 0.634943 0.163645 -0.0001237 0.140813 0.000143292
0.00193005 1336.09 2519.39 0.630208 0.162033 -0.000121274 0.142701 0.00014353
0.00206947 1348.8 2527.37 0.625493 0.160506 -0.000118999 0.144528 0.000143751
0.00222582 1361.01 2534.98 0.620833 0.159066 -0.000116873 0.146284 0.000143957
0.00240114 1372.67 2542.19 0.616262 0.157715 -0.000114896 0.147963 0.000144148
0.00259776 1383.75 2549 0.611809 0.156452 -0.000113064 0.149561 0.000144324
0.00281824 1394.22 2555.38 0.607502 0.155277 -0.000111372 0.151074 0.000144485
0.00306548 1404.07 2561.35 0.603363 0.154187 -0.000109814 0.152498 0.000144633
0.00334275 1413.3 2566.9 0.599409 0.15318 -0.000108384 0.153834 0.000144767
0.00365367 1421.91 2572.04 0.595655 0.152253 -0.000107076 0.155081 0.00014489
0.00400233 1429.91 2576.79 0.59211 0.151401 -0.000105881 0.15624 0.000145001
0.00439333 1437.32 2581.17 0.58878 0.150621 -0.000104793 0.157314 0.000145102
0.00483178 1444.15 2585.18 0.585666 0.149909 -0.000103805 0.158305 0.000145192
0.00532347 1450.42 2588.84 0.582768 0.14926 -0.000102908 0.159217 0.000145274
0.00587484 1456.18 2592.19 0.580082 0.14867 -0.000102096 0.160053 0.000145348
0.00649315 1461.43 2595.23 0.577603 0.148135 -0.000101363 0.160817 0.000145415
0.00718653 1466.22 2597.99 0.575323 0.147652 -0.000100702 0.161514 0.000145474
0.00796407 1470.58 2600.49 0.573235 0.147215 -0.000100107 0.162147 0.000145528
0.00883601 1474.52 2602.75 0.571328 0.146821 -9.95719e-05 0.162721 0.000145575
0.0098138 1478.08 2604.78 0.569595 0.146467 -9.90925e-05 0.16324 0.000145618
0.0109103 1481.29 2606.61 0.568024 0.14615 -9.86637e-05 0.163707 0.000145656
0.0121399 1484.17 2608.24 0.566607 0.145866 -9.82813e-05 0.164127 0.00014569
0.0135188 1486.74 2609.7 0.565335 0.145614 -9.79414e-05 0.164501 0.00014572
0.015065 1489.03 2610.99 0.564199 0.14539 -9.76408e-05 0.164835 0.000145746
0.016799 1491.05 2612.13 0.563192 0.145193 -9.73763e-05 0.165129 0.00014577
0.0187435 1492.82 2613.12 0.562306 0.145021 -9.71454e-05 0.165387 0.00014579
0.020924 1494.36 2613.99 0.561536 0.144872 -9.69459e-05 0.165611 0.000145807
0.0233692 1495.67 2614.72 0.560876 0.144745 -9.67756e-05 0.165803 0.000145822
0.0261113 1496.78 2615.34 0.560319 0.144638 -9.66329e-05 0.165964 0.000145835
0.0291863 1497.68 2615.85 0.559861 0.14455 -9.65158e-05 0.166096 0.000145845
0.0326345 1498.41 2616.26 0.559496 0.14448 -9.64226e-05 0.166202 0.000145853
0.0365014 1498.96 2616.57 0.559215 0.144427 -9.63512e-05 0.166283 0.000145859
0.0408377 1499.37 2616.79 0.55901 0.144388 -9.62992e-05 0.166342 0.000145864
0.0457004 1499.64 2616.95 0.55887 0.144361 -9.62636e-05 0.166382 0.000145867
0.0511534 1499.82 2617.05 0.558781 0.144344 -9.62411e-05 0.166408 0.000145869
0.0572684 1499.92 2617.1 0.55873 0.144335 -9.62284e-05 0.166422 0.00014587
0.0641258 1499.97 2617.13 0.558705 0.14433 -9.6222e-05 0.16643 0.00014587
0.0718156 1499.99 2617.14 0.558694 0.144328 -9.62192e-05 0.166433 0.000145871
0.080439 1500 2617.14 0.558691 0.144327 -9.62182e-05 0.166434 0.000145871
0.0901092 1500 2617.15 0.558689 0.144327 -9.6218e-05 0.166434 0.000145871
0.100953 1500 2617.15 0.558689 0.144327 -9.62179e-05 0.166434 0.000145871
0.113114 1500 2617.15 0.558689 0.144327 -9.62179e-05 0.166434 0.000145871
0.126751 1500 2617.15 0.558689 0.144327 -9.62179e-05 0.166434 0.000145871
0.142043 1500 2617.15 0.558689 0.144327 -9.62179e-05 0.166434 0.000145871
0.159192 1500 2617.15 0.558689 0.144327 -9.62179e-05 0.166434 0.000145871
0.178422 1500 2617.15 0.558689 0.144327 -9.62179e-05 0.166434 0.000145871
0.199988 1500 2617.15 0.558689 0.144327 -9.62179e-05 0.166434 0.000145871
