TITLE="Graphics"
VARIABLES= "rj, m", "T, K", "Cp, J/kg*K", "DfCp, J/kg*K^2", "rho, kg/m^3", "Dfrho, kg/m^3*K", "Lambda, Watt/m*K", "DfLambda, Watt/m*K^2"
0 302.239 4184.8 -0.55768 980 0 0.613739 0
1.25e-05 302.239 4184.8 -0.55768 980 0 0.613739 0
3.75e-05 315.681 4181.2 -0.00741373 980 0 0.634106 0
6.25e-05 319.053 4181.37 0.104884 980 0 0.638556 0
8.75e-05 320.66 4181.58 0.15542 980 0 0.640582 0
0.0001125 321.699 4181.76 0.187123 980 0 0.641858 0
0.0001375 322.512 4181.92 0.211457 980 0 0.642841 0
0.0001625 323.236 4182.08 0.232729 980 0 0.643702 0
0.0001875 323.932 4182.25 0.252891 980 0 0.64452 0
0.0002125 324.635 4182.43 0.272932 980 0 0.645334 0
0.0002375 325.363 4182.64 0.293387 980 0 0.646166 0
0.0002625 326.128 4182.87 0.314551 980 0 0.647027 0
0.0002875 326.937 4183.14 0.336585 980 0 0.647925 0
0.0003125 327.796 4183.44 0.359568 980 0 0.648862 0
0.0003375 328.708 4183.77 0.383528 980 0 0.649839 0
0.0003625 329.674 4184.16 0.408459 980 0 0.650855 0
0.0003875 330.697 4184.59 0.434333 980 0 0.651909 0
0.0004125 331.776 4185.07 0.461109 980 0 0.652998 0
0.0004375 332.913 4185.61 0.488739 980 0 0.65412 0
0.0004625 334.107 4186.21 0.517168 980 0 0.65527 0
0.0004875 335.359 4186.88 0.546343 980 0 0.656445 0
0.0005125 396.163 1901.71 0.465536 0.546468 -0.0013794 0.0260996 8.62027e-05
0.0005375 546.045 1983.96 0.609748 0.39647 -0.000726075 0.0404863 0.000104648
0.0005625 642.087 2044.9 0.655621 0.337166 -0.00052511 0.0509779 0.000113519
0.0005875 714.371 2093.16 0.678207 0.30305 -0.000424219 0.0593898 0.000119084
0.0006125 772.451 2132.93 0.690803 0.280264 -0.000362824 0.0664216 0.000122978
0.0006375 820.884 2166.58 0.698066 0.263728 -0.000321274 0.0724492 0.00012588
0.0006625 862.27 2195.56 0.702144 0.25107 -0.000291173 0.0777063 0.000128137
0.0006875 898.259 2220.87 0.704189 0.241011 -0.000268309 0.0823508 0.000129945
0.0007125 929.974 2243.22 0.704881 0.232792 -0.000250321 0.0864958 0.000131428
0.0007375 958.218 2263.12 0.704647 0.22593 -0.000235782 0.0902254 0.000132667
0.0007625 983.587 2280.99 0.703769 0.220103 -0.000223776 0.0936045 0.000133718
0.0007875 1006.54 2297.13 0.702441 0.215084 -0.000213687 0.0966838 0.00013462
0.0008125 1027.43 2311.78 0.700796 0.210711 -0.000205086 0.0995042 0.000135403
0.0008375 1046.54 2325.16 0.698931 0.206863 -0.000197663 0.102099 0.000136089
0.0008625 1064.11 2337.43 0.696916 0.203447 -0.000191189 0.104495 0.000136695
0.0008875 1080.33 2348.71 0.694803 0.200393 -0.000185492 0.106717 0.000137234
0.0009125 1095.35 2359.13 0.69263 0.197644 -0.000180438 0.108782 0.000137716
0.0009375 1109.32 2368.79 0.690424 0.195156 -0.000175924 0.110709 0.000138149
0.0009625 1122.34 2377.77 0.688209 0.192892 -0.000171867 0.112509 0.000138541
0.0009875 1134.51 2386.13 0.685999 0.190823 -0.0001682 0.114198 0.000138898
0.0010125 1145.91 2393.94 0.683807 0.188925 -0.000164869 0.115783 0.000139223
0.00104053 1157.87 2402.1 0.68138 0.186972 -0.000161479 0.117451 0.000139555
0.00107197 1170.37 2410.6 0.678711 0.184977 -0.00015805 0.119196 0.000139892
0.00110723 1183.33 2419.38 0.675791 0.18295 -0.000154605 0.121013 0.000140232
0.00114676 1196.72 2428.41 0.67262 0.180903 -0.000151166 0.122892 0.000140572
0.0011911 1210.46 2437.63 0.669199 0.17885 -0.000147753 0.124826 0.00014091
0.00124081 1224.48 2446.98 0.665537 0.176802 -0.00014439 0.126804 0.000141243
0.00129656 1238.69 2456.41 0.661646 0.174773 -0.000141095 0.128814 0.000141571
0.00135908 1253.02 2465.86 0.657544 0.172775 -0.000137887 0.130844 0.000141889
0.00142919 1267.36 2475.27 0.653255 0.170819 -0.000134783 0.132882 0.000142197
0.00150781 1281.65 2484.56 0.648806 0.168916 -0.000131796 0.134915 0.000142493
0.00159598 1295.77 2493.7 0.644229 0.167074 -0.000128938 0.13693 0.000142776
0.00169485 1309.66 2502.61 0.63956 0.165303 -0.000126218 0.138914 0.000143044
0.00180572 1323.23 2511.26 0.634835 0.163608 -0.000123643 0.140857 0.000143298
0.00193005 1336.41 2519.59 0.630092 0.161994 -0.000121216 0.142747 0.000143535
0.00206947 1349.13 2527.58 0.625368 0.160466 -0.00011894 0.144575 0.000143757
0.00222582 1361.36 2535.2 0.6207 0.159026 -0.000116814 0.146333 0.000143963
0.00240114 1373.03 2542.41 0.61612 0.157674 -0.000114837 0.148015 0.000144154
0.00259776 1384.12 2549.22 0.611659 0.15641 -0.000113004 0.149615 0.00014433
0.00281824 1394.6 2555.61 0.607344 0.155235 -0.000111311 0.151128 0.000144491
0.00306548 1404.46 2561.58 0.603197 0.154144 -0.000109753 0.152554 0.000144638
0.00334275 1413.7 2567.14 0.599237 0.153137 -0.000108323 0.153891 0.000144773
0.00365367 1422.32 2572.29 0.595476 0.152209 -0.000107014 0.15514 0.000144895
0.00400233 1430.33 2577.04 0.591925 0.151357 -0.00010582 0.1563 0.000145007
0.00439333 1437.74 2581.41 0.588589 0.150577 -0.000104732 0.157375 0.000145107
0.00483178 1444.57 2585.43 0.58547 0.149865 -0.000103743 0.158367 0.000145198
0.00532347 1450.85 2589.09 0.582567 0.149216 -0.000102847 0.15928 0.00014528
0.00587484 1456.61 2592.44 0.579878 0.148626 -0.000102035 0.160116 0.000145354
0.00649315 1461.87 2595.48 0.577396 0.148091 -0.000101303 0.160881 0.00014542
0.00718653 1466.66 2598.24 0.575114 0.147607 -0.000100642 0.161578 0.00014548
0.00796407 1471.01 2600.74 0.573024 0.147171 -0.000100047 0.162211 0.000145533
0.00883601 1474.95 2603 0.571118 0.146778 -9.95133e-05 0.162784 0.000145581
0.0098138 1478.51 2605.03 0.569385 0.146424 -9.90348e-05 0.163303 0.000145623
0.0109103 1481.71 2606.85 0.567816 0.146108 -9.86073e-05 0.163769 0.000145661
0.0121399 1484.58 2608.47 0.566403 0.145825 -9.82265e-05 0.164187 0.000145695
0.0135188 1487.15 2609.92 0.565136 0.145574 -9.78885e-05 0.16456 0.000145725
0.015065 1489.42 2611.21 0.564007 0.145352 -9.75901e-05 0.164891 0.000145751
0.016799 1491.42 2612.33 0.563008 0.145157 -9.73283e-05 0.165183 0.000145774
0.0187435 1493.17 2613.32 0.562134 0.144987 -9.71006e-05 0.165438 0.000145794
0.020924 1494.68 2614.16 0.561377 0.144841 -9.69047e-05 0.165658 0.000145811
0.0233692 1495.96 2614.88 0.560731 0.144717 -9.67385e-05 0.165845 0.000145825
0.0261113 1497.03 2615.48 0.560192 0.144613 -9.66003e-05 0.166001 0.000145837
0.0291863 1497.9 2615.97 0.559753 0.144529 -9.64881e-05 0.166128 0.000145847
0.0326345 1498.58 2616.35 0.559407 0.144463 -9.64e-05 0.166227 0.000145855
0.0365014 1499.1 2616.64 0.559146 0.144414 -9.63337e-05 0.166303 0.000145861
0.0408377 1499.47 2616.85 0.55896 0.144378 -9.62865e-05 0.166356 0.000145865
0.0457004 1499.71 2616.98 0.558836 0.144355 -9.62551e-05 0.166392 0.000145867
0.0511534 1499.86 2617.07 0.558761 0.14434 -9.6236e-05 0.166414 0.000145869
0.0572684 1499.94 2617.11 0.55872 0.144333 -9.62256e-05 0.166425 0.00014587
0.0641258 1499.98 2617.13 0.5587 0.144329 -9.62207e-05 0.166431 0.00014587
0.0718156 1499.99 2617.14 0.558692 0.144327 -9.62187e-05 0.166433 0.000145871
0.080439 1500 2617.15 0.55869 0.144327 -9.62181e-05 0.166434 0.000145871
0.0901092 1500 2617.15 0.558689 0.144327 -9.62179e-05 0.166434 0.000145871
0.100953 1500 2617.15 0.558689 0.144327 -9.62179e-05 0.166434 0.000145871
0.113114 1500 2617.15 0.558689 0.144327 -9.62179e-05 0.166434 0.000145871
0.126751 1500 2617.15 0.558689 0.144327 -9.62179e-05 0.166434 0.000145871
0.142043 1500 2617.15 0.558689 0.144327 -9.62179e-05 0.166434 0.000145871
0.159192 1500 2617.15 0.558689 0.144327 -9.62179e-05 0.166434 0.000145871
0.178422 1500 2617.15 0.558689 0.144327 -9.62179e-05 0.166434 0.000145871
0.199988 1500 2617.15 0.558689 0.144327 -9.62179e-05 0.166434 0.000145871
