TITLE="Graphics"
VARIABLES= "rj, m", "T, K", "Cp, J/kg*K", "DfCp, J/kg*K^2", "rho, kg/m^3", "Dfrho, kg/m^3*K", "Lambda, Watt/m*K", "DfLambda, Watt/m*K^2"
0 313.639 4181.29 -0.0798686 980 0 0.631277 0
1.38889e-05 313.639 4181.29 -0.0798686 980 0 0.631277 0
2.77778e-05 313.669 4181.29 -0.0787767 980 0 0.63132 0
4.16667e-05 313.723 4181.29 -0.0768172 980 0 0.631396 0
5.55556e-05 313.8 4181.28 -0.0740238 980 0 0.631504 0
6.94444e-05 313.9 4181.27 -0.0704117 980 0 0.631645 0
9.72222e-05 314.152 4181.26 -0.0613115 980 0 0.631998 0
0.000125 314.501 4181.24 -0.0488599 980 0 0.632484 0
0.000152778 314.941 4181.22 -0.033253 980 0 0.633093 0
0.000180556 315.473 4181.21 -0.0146453 980 0 0.633822 0
0.000208333 316.094 4181.2 0.00681261 980 0 0.634665 0
0.000236111 316.804 4181.22 0.0309629 980 0 0.635618 0
0.000263889 317.602 4181.25 0.0576378 980 0 0.636675 0
0.000291667 318.488 4181.32 0.0866601 980 0 0.637829 0
0.000319444 319.46 4181.42 0.117844 980 0 0.639074 0
0.000347222 320.517 4181.56 0.151 980 0 0.640404 0
0.000375 321.659 4181.75 0.185932 980 0 0.64181 0
0.000402778 322.885 4182 0.222447 980 0 0.643286 0
0.000430556 324.192 4182.32 0.260353 980 0 0.644823 0
0.000458333 325.581 4182.71 0.299466 980 0 0.646413 0
0.000486111 327.05 4183.18 0.33961 980 0 0.648048 0
0.0005 337.071 4183.18 0.33961 980 0 0.648048 0
0.000513889 395.583 1901.44 0.464646 0.547269 -0.00138345 0.0260496 8.61168e-05
0.000541667 559.348 1992.12 0.617483 0.38704 -0.000691949 0.0418875 0.000105992
0.000569444 660.718 2057.18 0.662266 0.327659 -0.000495913 0.0531071 0.000115037
0.000597222 736 2107.88 0.683425 0.294144 -0.000399653 0.0619818 0.00012059
0.000625 795.95 2149.21 0.694675 0.27199 -0.000341718 0.0693285 0.000124423
0.000652778 845.59 2183.86 0.700728 0.256023 -0.000302774 0.0755763 0.000127251
0.000680556 887.757 2213.48 0.703733 0.243862 -0.000274694 0.0809888 0.000129431
0.000708333 924.235 2239.17 0.704831 0.234237 -0.000253439 0.0857422 0.000131167
0.000736111 956.231 2261.72 0.704689 0.2264 -0.000236763 0.0899619 0.000132582
0.000763889 984.604 2281.71 0.703721 0.219875 -0.000223314 0.0937405 0.000133759
0.000791667 1009.99 2299.55 0.702197 0.214349 -0.000212228 0.097149 0.000134752
0.000819444 1032.88 2315.6 0.700299 0.209599 -0.000202928 0.100243 0.000135602
0.000847222 1053.64 2330.12 0.698152 0.205469 -0.00019501 0.103066 0.000136337
0.000875 1072.58 2343.32 0.695844 0.201841 -0.000188184 0.105654 0.000136979
0.000902778 1089.94 2355.38 0.693437 0.198627 -0.000182237 0.108037 0.000137544
0.000930556 1105.92 2366.44 0.690978 0.195757 -0.000177009 0.110239 0.000138045
0.000958333 1120.68 2376.63 0.688499 0.193177 -0.000172375 0.11228 0.000138492
0.000986111 1134.37 2386.04 0.686024 0.190846 -0.000168239 0.114179 0.000138894
0.00101389 1147.11 2394.76 0.683569 0.188727 -0.000164524 0.11595 0.000139256
0.00104167 1158.99 2402.86 0.681148 0.186792 -0.000161168 0.117607 0.000139585
0.00106944 1170.1 2410.42 0.678769 0.185019 -0.000158122 0.119159 0.000139885
0.00110053 1181.71 2418.28 0.676165 0.183201 -0.00015503 0.120785 0.00014019
0.00113532 1193.78 2426.43 0.67333 0.181348 -0.000151911 0.122479 0.000140498
0.00117424 1206.27 2434.82 0.670261 0.179471 -0.000148783 0.124235 0.000140808
0.00121781 1219.1 2443.4 0.666962 0.177582 -0.000145666 0.126045 0.000141117
0.00126656 1232.23 2452.13 0.663437 0.17569 -0.000142579 0.127899 0.000141423
0.00132111 1245.57 2460.96 0.659698 0.173808 -0.00013954 0.129788 0.000141725
0.00138216 1259.06 2469.83 0.655761 0.171947 -0.000136568 0.131701 0.00014202
0.00145048 1272.6 2478.68 0.651645 0.170117 -0.000133677 0.133627 0.000142307
0.00152694 1286.12 2487.46 0.647375 0.168328 -0.000130881 0.135552 0.000142584
0.0016125 1299.54 2496.12 0.64298 0.16659 -0.000128192 0.137467 0.00014285
0.00170824 1312.77 2504.6 0.63849 0.164911 -0.00012562 0.13936 0.000143103
0.00181538 1325.75 2512.86 0.633939 0.163296 -0.000123173 0.141219 0.000143344
0.00193529 1338.4 2520.85 0.629361 0.161753 -0.000120855 0.143034 0.00014357
0.00206947 1350.67 2528.54 0.62479 0.160284 -0.00011867 0.144796 0.000143783
0.00221962 1362.49 2535.9 0.62026 0.158893 -0.00011662 0.146497 0.000143982
0.00238765 1373.82 2542.91 0.615803 0.157582 -0.000114703 0.14813 0.000144167
0.00257569 1384.64 2549.54 0.611448 0.156352 -0.000112919 0.149689 0.000144338
0.00278612 1394.9 2555.79 0.607221 0.155202 -0.000111264 0.151171 0.000144495
0.00302161 1404.59 2561.66 0.603144 0.154131 -0.000109734 0.152572 0.00014464
0.00328513 1413.7 2567.14 0.599237 0.153137 -0.000108323 0.153891 0.000144773
0.00358003 1422.24 2572.24 0.595513 0.152218 -0.000107027 0.155127 0.000144894
0.00391004 1430.19 2576.96 0.591985 0.151371 -0.00010584 0.156281 0.000145005
0.00427935 1437.59 2581.32 0.588658 0.150593 -0.000104754 0.157353 0.000145105
0.00469263 1444.43 2585.34 0.585536 0.14988 -0.000103764 0.158346 0.000145196
0.00515512 1450.74 2589.03 0.582622 0.149228 -0.000102863 0.159263 0.000145279
0.00567267 1456.54 2592.4 0.579912 0.148633 -0.000102046 0.160105 0.000145353
0.00625185 1461.85 2595.47 0.577404 0.148093 -0.000101305 0.160878 0.00014542
0.00689999 1466.71 2598.27 0.575092 0.147603 -0.000100636 0.161584 0.00014548
0.0076253 1471.13 2600.81 0.57297 0.14716 -0.000100032 0.162227 0.000145534
0.00843697 1475.14 2603.1 0.57103 0.14676 -9.94888e-05 0.162811 0.000145583
0.00934528 1478.76 2605.17 0.569264 0.1464 -9.90017e-05 0.163339 0.000145626
0.0103617 1482.02 2607.02 0.567664 0.146077 -9.85662e-05 0.163814 0.000145665
0.0114992 1484.95 2608.68 0.566224 0.14579 -9.81785e-05 0.16424 0.000145699
0.0127722 1487.55 2610.15 0.564934 0.145535 -9.78349e-05 0.164619 0.000145729
0.0141967 1489.86 2611.45 0.563788 0.145309 -9.75325e-05 0.164955 0.000145756
0.0157908 1491.88 2612.59 0.562779 0.145113 -9.72684e-05 0.16525 0.000145779
0.0175747 1493.63 2613.58 0.561901 0.144942 -9.70403e-05 0.165505 0.000145799
0.019571 1495.13 2614.42 0.561149 0.144797 -9.68461e-05 0.165724 0.000145816
0.021805 1496.38 2615.12 0.560517 0.144676 -9.66835e-05 0.165907 0.00014583
0.024305 1497.41 2615.7 0.559998 0.144576 -9.65507e-05 0.166057 0.000145842
0.0271027 1498.23 2616.16 0.559586 0.144497 -9.64455e-05 0.166176 0.000145851
0.0302335 1498.85 2616.5 0.55927 0.144437 -9.63653e-05 0.166267 0.000145858
0.033737 1499.3 2616.76 0.559042 0.144394 -9.63073e-05 0.166333 0.000145863
0.0376577 1499.61 2616.93 0.558886 0.144364 -9.62678e-05 0.166377 0.000145866
0.0420453 1499.8 2617.04 0.558789 0.144346 -9.62432e-05 0.166405 0.000145868
0.0469552 1499.91 2617.1 0.558734 0.144335 -9.62293e-05 0.166421 0.00014587
0.0524498 1499.97 2617.13 0.558707 0.14433 -9.62223e-05 0.166429 0.00014587
0.0585986 1499.99 2617.14 0.558695 0.144328 -9.62193e-05 0.166433 0.000145871
0.0654795 1500 2617.14 0.558691 0.144327 -9.62183e-05 0.166434 0.000145871
0.0731797 1500 2617.15 0.558689 0.144327 -9.6218e-05 0.166434 0.000145871
0.0817967 1500 2617.15 0.558689 0.144327 -9.62179e-05 0.166434 0.000145871
0.0914397 1500 2617.15 0.558689 0.144327 -9.62179e-05 0.166434 0.000145871
0.102231 1500 2617.15 0.558689 0.144327 -9.62179e-05 0.166434 0.000145871
0.114307 1500 2617.15 0.558689 0.144327 -9.62179e-05 0.166434 0.000145871
0.127821 1500 2617.15 0.558689 0.144327 -9.62179e-05 0.166434 0.000145871
0.142944 1500 2617.15 0.558689 0.144327 -9.62179e-05 0.166434 0.000145871
0.159868 1500 2617.15 0.558689 0.144327 -9.62179e-05 0.166434 0.000145871
0.178806 1500 2617.15 0.558689 0.144327 -9.62179e-05 0.166434 0.000145871
0.2 1500 2617.15 0.558689 0.144327 -9.62179e-05 0.166434 0.000145871
