TITLE="Graphics"
VARIABLES= "rj, m", "T, K", "Cp, J/kg*K", "DfCp, J/kg*K^2", "rho, kg/m^3", "Dfrho, kg/m^3*K", "Lambda, Watt/m*K", "DfLambda, Watt/m*K^2"
0 300 4186.17 -0.668592 980 0 0.61001 0
2.43902e-05 309.412 4181.97 -0.241589 980 0 0.625106 0
4.87805e-05 310.683 4181.69 -0.191189 980 0 0.627007 0
7.31707e-05 311.525 4181.54 -0.15869 980 0 0.628244 0
9.7561e-05 312.416 4181.42 -0.124979 980 0 0.629535 0
0.000121951 313.469 4181.31 -0.0860553 980 0 0.631038 0
0.000146341 314.729 4181.23 -0.0407615 980 0 0.6328 0
0.000170732 316.221 4181.2 0.0111554 980 0 0.634837 0
0.000195122 317.963 4181.28 0.0695343 980 0 0.637147 0
0.000219512 319.971 4181.48 0.133968 980 0 0.63972 0
0.000243902 322.258 4181.87 0.203881 980 0 0.642535 0
0.000268293 324.835 4182.49 0.278586 980 0 0.645564 0
0.000292683 327.712 4183.41 0.357335 980 0 0.648771 0
0.000317073 330.899 4184.68 0.439384 980 0 0.652115 0
0.000341463 334.4 4186.37 0.52406 980 0 0.655548 0
0.000365854 338.223 4188.54 0.610839 980 0 0.659016 0
0.000390244 342.367 4191.25 0.699417 980 0 0.662463 0
0.000414634 346.837 4194.58 0.789787 980 0 0.665826 0
0.000439024 351.629 4198.59 0.882297 980 0 0.669044 0
0.000463415 356.743 4203.35 0.977708 980 0 0.672056 0
0.000487805 362.175 4208.93 1.07722 980 0 0.67481 0
0.0005 364.936 4208.93 1.07722 980 0 0.67481 0
0.000512195 495.676 1954.08 0.575009 0.436758 -0.000881136 0.0353504 9.91772e-05
0.000536585 606.916 2022.08 0.641281 0.356706 -0.000587735 0.047038 0.000110484
0.000560976 687.923 2075.31 0.67091 0.314701 -0.000457466 0.0562657 0.000117146
0.000585366 751.767 2118.68 0.686828 0.287975 -0.000383064 0.0638916 0.000121645
0.000609756 804.334 2155.04 0.695896 0.269155 -0.00033463 0.0703738 0.000124922
0.000634146 848.848 2186.14 0.701028 0.25504 -0.000300455 0.0759911 0.000127426
0.000658537 887.293 2213.15 0.70371 0.24399 -0.000274982 0.0809286 0.000129408
0.000682927 920.99 2236.88 0.704788 0.235063 -0.000255228 0.0853168 0.000131018
0.000707317 950.868 2257.94 0.704783 0.227676 -0.000239441 0.0892515 0.000132352
0.000731707 977.608 2276.78 0.704032 0.221449 -0.000226521 0.0928057 0.000133475
0.000756098 1001.72 2293.75 0.702761 0.216118 -0.000215746 0.0960363 0.000134435
0.000780488 1023.62 2309.11 0.701126 0.211495 -0.000206616 0.0989886 0.000135263
0.000804878 1043.6 2323.11 0.69924 0.207445 -0.000198778 0.101699 0.000135986
0.000829268 1061.94 2335.91 0.697181 0.203864 -0.000191973 0.104198 0.000136621
0.000853659 1078.83 2347.67 0.695009 0.200672 -0.000186009 0.106511 0.000137185
0.000878049 1094.45 2358.51 0.692766 0.197807 -0.000180736 0.108658 0.000137687
0.000902439 1108.95 2368.54 0.690485 0.195221 -0.000176041 0.110658 0.000138138
0.000926829 1122.45 2377.84 0.688189 0.192873 -0.000171832 0.112525 0.000138545
0.00095122 1135.05 2386.5 0.685897 0.190732 -0.000168038 0.114273 0.000138913
0.00097561 1146.85 2394.58 0.683621 0.18877 -0.000164599 0.115914 0.000139249
0.001 1157.91 2402.13 0.681372 0.186966 -0.000161468 0.117457 0.000139556
0.00102736 1169.55 2410.04 0.67889 0.185106 -0.000158271 0.119082 0.00013987
0.00105807 1181.71 2418.29 0.676165 0.183201 -0.00015503 0.120785 0.00014019
0.00109251 1194.36 2426.82 0.673191 0.18126 -0.000151764 0.122561 0.000140512
0.00113116 1207.44 2435.6 0.669966 0.179297 -0.000148493 0.124401 0.000140836
0.00117452 1220.89 2444.59 0.666492 0.177322 -0.000145241 0.126296 0.000141159
0.00122316 1234.62 2453.72 0.662778 0.175349 -0.000142026 0.128238 0.000141478
0.00127774 1248.58 2462.94 0.658835 0.173389 -0.000138869 0.130214 0.000141792
0.00133897 1262.66 2472.19 0.654681 0.171456 -0.000135789 0.132213 0.000142098
0.00140767 1276.79 2481.41 0.65034 0.169559 -0.000132801 0.134223 0.000142394
0.00148475 1290.86 2490.53 0.645839 0.16771 -0.000129921 0.136229 0.000142679
0.00157123 1304.8 2499.5 0.641211 0.165918 -0.000127159 0.13822 0.000142952
0.00166825 1318.53 2508.27 0.63649 0.164191 -0.000124526 0.140184 0.000143211
0.00177711 1331.95 2516.78 0.631714 0.162537 -0.000122029 0.142107 0.000143456
0.00189923 1345 2524.99 0.626919 0.16096 -0.000119673 0.143981 0.000143686
0.00203626 1357.61 2532.87 0.622145 0.159465 -0.00011746 0.145794 0.000143901
0.00218999 1369.72 2540.38 0.617428 0.158054 -0.000115391 0.147539 0.0001441
0.00236246 1381.3 2547.5 0.612801 0.156729 -0.000113464 0.149209 0.000144285
0.00255597 1392.31 2554.22 0.608295 0.15549 -0.000111678 0.150798 0.000144456
0.00277308 1402.72 2560.53 0.603938 0.154336 -0.000110027 0.152302 0.000144613
0.00301666 1412.51 2566.42 0.599754 0.153267 -0.000108507 0.153718 0.000144756
0.00328995 1421.68 2571.9 0.59576 0.152278 -0.000107112 0.155046 0.000144886
0.00359656 1430.23 2576.98 0.591971 0.151368 -0.000105835 0.156285 0.000145005
0.00394056 1438.16 2581.66 0.588397 0.150533 -0.00010467 0.157436 0.000145113
0.00432651 1445.49 2585.97 0.585046 0.149769 -0.000103611 0.158501 0.00014521
0.00475953 1452.25 2589.9 0.58192 0.149073 -0.00010265 0.159482 0.000145298
0.00524535 1458.44 2593.5 0.579019 0.14844 -0.00010178 0.160381 0.000145377
0.00579041 1464.09 2596.76 0.576342 0.147867 -0.000100996 0.161203 0.000145448
0.00640194 1469.23 2599.72 0.573884 0.14735 -0.000100291 0.161951 0.000145511
0.00708805 1473.88 2602.38 0.57164 0.146885 -9.96587e-05 0.162628 0.000145568
0.00785782 1478.06 2604.77 0.569604 0.146469 -9.90951e-05 0.163237 0.000145618
0.00872145 1481.81 2606.9 0.56777 0.146099 -9.85949e-05 0.163782 0.000145662
0.00969041 1485.13 2608.79 0.566131 0.145771 -9.81537e-05 0.164267 0.000145701
0.0107775 1488.06 2610.44 0.56468 0.145485 -9.77678e-05 0.164694 0.000145735
0.0119972 1490.61 2611.88 0.563412 0.145236 -9.74338e-05 0.165065 0.000145765
0.0133656 1492.8 2613.11 0.562319 0.145023 -9.71486e-05 0.165384 0.00014579
0.0149009 1494.64 2614.14 0.561395 0.144845 -9.69094e-05 0.165652 0.00014581
0.0166234 1496.15 2614.99 0.560633 0.144698 -9.67134e-05 0.165873 0.000145828
0.018556 1497.36 2615.67 0.560025 0.144581 -9.65575e-05 0.166049 0.000145841
0.0207242 1498.28 2616.19 0.559558 0.144492 -9.64383e-05 0.166184 0.000145852
0.0231568 1498.96 2616.56 0.559217 0.144427 -9.63517e-05 0.166282 0.000145859
0.0258861 1499.42 2616.82 0.558984 0.144383 -9.62927e-05 0.166349 0.000145864
0.0289482 1499.71 2616.98 0.558838 0.144355 -9.62557e-05 0.166391 0.000145867
0.0323837 1499.87 2617.07 0.558756 0.144339 -9.62348e-05 0.166415 0.000145869
0.0362382 1499.95 2617.12 0.558715 0.144332 -9.62244e-05 0.166427 0.00014587
0.0405626 1499.98 2617.14 0.558697 0.144328 -9.622e-05 0.166432 0.00014587
0.0454145 1500 2617.14 0.558691 0.144327 -9.62184e-05 0.166434 0.000145871
0.0508579 1500 2617.15 0.55869 0.144327 -9.6218e-05 0.166434 0.000145871
0.0569652 1500 2617.15 0.558689 0.144327 -9.62179e-05 0.166434 0.000145871
0.0638172 1500 2617.15 0.558689 0.144327 -9.62179e-05 0.166434 0.000145871
0.0715049 1500 2617.15 0.558689 0.144327 -9.62179e-05 0.166434 0.000145871
0.0801299 1500 2617.15 0.558689 0.144327 -9.62179e-05 0.166434 0.000145871
0.0898068 1500 2617.15 0.558689 0.144327 -9.62179e-05 0.166434 0.000145871
0.100664 1500 2617.15 0.558689 0.144327 -9.62179e-05 0.166434 0.000145871
0.112844 1500 2617.15 0.558689 0.144327 -9.62179e-05 0.166434 0.000145871
0.126511 1500 2617.15 0.558689 0.144327 -9.62179e-05 0.166434 0.000145871
0.141843 1500 2617.15 0.558689 0.144327 -9.62179e-05 0.166434 0.000145871
0.159046 1500 2617.15 0.558689 0.144327 -9.62179e-05 0.166434 0.000145871
0.178346 1500 2617.15 0.558689 0.144327 -9.62179e-05 0.166434 0.000145871
0.2 1500 2617.15 0.558689 0.144327 -9.62179e-05 0.166434 0.000145871
