TITLE="Graphics"
VARIABLES= "rj, m", "T, K", "Cp, J/kg*K", "DfCp, J/kg*K^2", "rho, kg/m^3", "Dfrho, kg/m^3*K", "Lambda, Watt/m*K", "DfLambda, Watt/m*K^2"
0 300.683 4185.73 -0.634087 980 0 0.611154 0
1.25e-05 300.683 4185.73 -0.634087 980 0 0.611154 0
3.75e-05 304.807 4183.52 -0.437966 980 0 0.617923 0
6.25e-05 305.909 4183.07 -0.388908 980 0 0.619682 0
8.75e-05 306.515 4182.84 -0.362525 980 0 0.620638 0
0.0001125 306.993 4182.67 -0.341936 980 0 0.621389 0
0.0001375 307.453 4182.52 -0.322422 980 0 0.622105 0
0.0001625 307.934 4182.37 -0.302187 980 0 0.62285 0
0.0001875 308.459 4182.21 -0.280433 980 0 0.623656 0
0.0002125 309.036 4182.06 -0.256785 980 0 0.624537 0
0.0002375 309.674 4181.9 -0.231075 980 0 0.625501 0
0.0002625 310.375 4181.75 -0.203253 980 0 0.62655 0
0.0002875 311.143 4181.61 -0.173342 980 0 0.627685 0
0.0003125 311.979 4181.48 -0.141413 980 0 0.628904 0
0.0003375 312.883 4181.36 -0.107574 980 0 0.630206 0
0.0003625 313.857 4181.28 -0.0719582 980 0 0.631584 0
0.0003875 314.9 4181.22 -0.03472 980 0 0.633036 0
0.0004125 316.011 4181.2 0.00397409 980 0 0.634554 0
0.0004375 317.191 4181.23 0.043948 980 0 0.636132 0
0.0004625 318.437 4181.31 0.0850216 980 0 0.637764 0
0.0004875 319.75 4181.45 0.127015 980 0 0.639442 0
0.0005125 383.884 1896.11 0.445773 0.563947 -0.00146905 0.0250524 8.43548e-05
0.0005375 540.192 1980.4 0.606174 0.400765 -0.000741895 0.0398756 0.000104044
0.0005625 638.478 2042.53 0.654261 0.339072 -0.000531064 0.0505687 0.000113218
0.0005875 712.041 2091.58 0.677606 0.304042 -0.000427001 0.0591125 0.000118918
0.0006125 770.987 2131.92 0.690539 0.280796 -0.000364204 0.0662415 0.000122885
0.0006375 820.06 2166 0.697966 0.263993 -0.000321919 0.0723455 0.000125833
0.0006625 861.947 2195.33 0.702119 0.251164 -0.000291392 0.0776649 0.00012812
0.0006875 898.344 2220.93 0.704192 0.240988 -0.000268258 0.0823617 0.000129949
0.0007125 930.398 2243.52 0.704883 0.232686 -0.000250092 0.0865515 0.000131447
0.0007375 958.931 2263.63 0.704631 0.225762 -0.000235431 0.0903201 0.000132697
0.0007625 984.55 2281.67 0.703724 0.219887 -0.000223338 0.0937334 0.000133757
0.0007875 1007.72 2297.96 0.702358 0.214832 -0.000213186 0.0968431 0.000134665
0.0008125 1028.8 2312.75 0.700673 0.210429 -0.000204537 0.0996908 0.000135454
0.0008375 1048.09 2326.25 0.698765 0.206556 -0.000197078 0.10231 0.000136144
0.0008625 1065.82 2338.62 0.696705 0.203121 -0.000190577 0.104729 0.000136753
0.0008875 1082.18 2350 0.694547 0.20005 -0.000184858 0.106971 0.000137294
0.0009125 1097.33 2360.51 0.692328 0.197287 -0.000179788 0.109055 0.000137778
0.0009375 1111.42 2370.24 0.690078 0.194788 -0.00017526 0.110999 0.000138213
0.0009625 1124.54 2379.28 0.687818 0.192514 -0.000171193 0.112815 0.000138607
0.0009875 1136.81 2387.71 0.685565 0.190436 -0.000167517 0.114518 0.000138964
0.0010125 1148.31 2395.58 0.68333 0.188529 -0.00016418 0.116118 0.00013929
0.00104053 1160.37 2403.81 0.680857 0.186569 -0.000160784 0.1178 0.000139623
0.00107197 1172.96 2412.36 0.678137 0.184567 -0.000157351 0.11956 0.000139961
0.00110723 1186.04 2421.21 0.675164 0.182533 -0.000153902 0.121392 0.000140301
0.00114676 1199.53 2430.3 0.671935 0.18048 -0.000150459 0.123287 0.000140642
0.0011911 1213.37 2439.58 0.668452 0.17842 -0.000147044 0.125237 0.00014098
0.00124081 1227.5 2448.99 0.664725 0.176367 -0.00014368 0.127231 0.000141314
0.00129656 1241.82 2458.48 0.660765 0.174333 -0.000140385 0.129257 0.000141641
0.00135908 1256.25 2467.99 0.656592 0.17233 -0.000137177 0.131304 0.00014196
0.00142919 1270.71 2477.45 0.652229 0.17037 -0.000134075 0.133358 0.000142268
0.00150781 1285.09 2486.8 0.647705 0.168463 -0.00013109 0.135406 0.000142563
0.00159598 1299.32 2495.98 0.643051 0.166618 -0.000128234 0.137437 0.000142846
0.00169485 1313.31 2504.94 0.638305 0.164843 -0.000125518 0.139436 0.000143113
0.00180572 1326.97 2513.63 0.633502 0.163146 -0.000122946 0.141394 0.000143366
0.00193005 1340.24 2522.01 0.628683 0.16153 -0.000120523 0.143298 0.000143603
0.00206947 1353.06 2530.03 0.623883 0.160001 -0.000118251 0.14514 0.000143824
0.00222582 1365.36 2537.68 0.619141 0.158559 -0.00011613 0.14691 0.000144029
0.00240114 1377.11 2544.93 0.61449 0.157206 -0.000114156 0.148604 0.000144219
0.00259776 1388.27 2551.76 0.609961 0.155942 -0.000112328 0.150214 0.000144394
0.00281824 1398.82 2558.17 0.605581 0.154766 -0.000110641 0.151738 0.000144554
0.00306548 1408.74 2564.16 0.601373 0.153676 -0.000109088 0.153173 0.000144701
0.00334275 1418.03 2569.73 0.597356 0.15267 -0.000107663 0.154518 0.000144835
0.00365367 1426.69 2574.88 0.593544 0.151743 -0.00010636 0.155773 0.000144956
0.00400233 1434.73 2579.64 0.589947 0.150892 -0.000105171 0.156939 0.000145067
0.00439333 1442.17 2584.02 0.58657 0.150114 -0.000104089 0.158018 0.000145166
0.00483178 1449.02 2588.03 0.583417 0.149404 -0.000103107 0.159013 0.000145256
0.00532347 1455.31 2591.69 0.580488 0.148759 -0.000102218 0.159927 0.000145337
0.00587484 1461.06 2595.02 0.577779 0.148173 -0.000101415 0.160763 0.00014541
0.00649315 1466.3 2598.04 0.575285 0.147644 -0.000100691 0.161525 0.000145475
0.00718653 1471.06 2600.77 0.573002 0.147166 -0.000100041 0.162218 0.000145534
0.00796407 1475.36 2603.23 0.57092 0.146737 -9.94585e-05 0.162844 0.000145586
0.00883601 1479.23 2605.43 0.569034 0.146353 -9.89389e-05 0.163407 0.000145632
0.0098138 1482.69 2607.4 0.567335 0.146012 -9.84773e-05 0.163911 0.000145673
0.0109103 1485.77 2609.15 0.565816 0.145709 -9.80695e-05 0.16436 0.000145709
0.0121399 1488.49 2610.68 0.564468 0.145443 -9.77118e-05 0.164756 0.00014574
0.0135188 1490.86 2612.02 0.563286 0.145211 -9.74009e-05 0.165102 0.000145767
0.015065 1492.91 2613.17 0.562262 0.145012 -9.71339e-05 0.1654 0.000145791
0.016799 1494.65 2614.15 0.56139 0.144844 -9.69081e-05 0.165654 0.000145811
0.0187435 1496.09 2614.96 0.560663 0.144704 -9.6721e-05 0.165864 0.000145827
0.020924 1497.26 2615.61 0.560074 0.144591 -9.65702e-05 0.166035 0.00014584
0.0233692 1498.17 2616.13 0.559614 0.144503 -9.64526e-05 0.166168 0.00014585
0.0261113 1498.85 2616.51 0.55927 0.144437 -9.63651e-05 0.166267 0.000145858
0.0291863 1499.33 2616.77 0.559027 0.144391 -9.63035e-05 0.166337 0.000145863
0.0326345 1499.65 2616.95 0.558869 0.144361 -9.62633e-05 0.166383 0.000145867
0.0365014 1499.83 2617.05 0.558774 0.144343 -9.62394e-05 0.16641 0.000145869
0.0408377 1499.93 2617.11 0.558724 0.144334 -9.62268e-05 0.166424 0.00014587
0.0457004 1499.98 2617.13 0.558702 0.144329 -9.6221e-05 0.166431 0.00014587
0.0511534 1499.99 2617.14 0.558693 0.144328 -9.62188e-05 0.166433 0.000145871
0.0572684 1500 2617.15 0.55869 0.144327 -9.62181e-05 0.166434 0.000145871
0.0641258 1500 2617.15 0.558689 0.144327 -9.62179e-05 0.166434 0.000145871
0.0718156 1500 2617.15 0.558689 0.144327 -9.62179e-05 0.166434 0.000145871
0.080439 1500 2617.15 0.558689 0.144327 -9.62179e-05 0.166434 0.000145871
0.0901092 1500 2617.15 0.558689 0.144327 -9.62179e-05 0.166434 0.000145871
0.100953 1500 2617.15 0.558689 0.144327 -9.62179e-05 0.166434 0.000145871
0.113114 1500 2617.15 0.558689 0.144327 -9.62179e-05 0.166434 0.000145871
0.126751 1500 2617.15 0.558689 0.144327 -9.62179e-05 0.166434 0.000145871
0.142043 1500 2617.15 0.558689 0.144327 -9.62179e-05 0.166434 0.000145871
0.159192 1500 2617.15 0.558689 0.144327 -9.62179e-05 0.166434 0.000145871
0.178422 1500 2617.15 0.558689 0.144327 -9.62179e-05 0.166434 0.000145871
0.199988 1500 2617.15 0.558689 0.144327 -9.62179e-05 0.166434 0.000145871
