TITLE="Graphics"
VARIABLES= "rj, m", "T, K", "Cp, J/kg*K", "DfCp, J/kg*K^2", "rho, kg/m^3", "Dfrho, kg/m^3*K", "Lambda, Watt/m*K", "DfLambda, Watt/m*K^2"
0 305.055 4183.41 -0.426828 980 0 0.61832 0
1.25e-05 305.055 4183.41 -0.426828 980 0 0.61832 0
3.75e-05 335.149 4186.76 0.541498 980 0 0.65625 0
6.25e-05 342.486 4191.34 0.701869 980 0 0.662556 0
8.75e-05 345.829 4193.8 0.769819 980 0 0.665099 0
0.0001125 347.829 4195.38 0.809268 980 0 0.666525 0
0.0001375 349.242 4196.54 0.836703 980 0 0.66749 0
0.0001625 350.367 4197.49 0.858296 980 0 0.668234 0
0.0001875 351.343 4198.34 0.876877 980 0 0.668862 0
0.0002125 352.244 4199.14 0.893922 980 0 0.669428 0
0.0002375 353.114 4199.92 0.910275 980 0 0.669962 0
0.0002625 353.978 4200.72 0.926451 980 0 0.67048 0
0.0002875 354.855 4201.54 0.942783 980 0 0.670993 0
0.0003125 355.756 4202.39 0.95949 980 0 0.671508 0
0.0003375 356.69 4203.3 0.976728 980 0 0.672027 0
0.0003625 357.661 4204.25 0.994608 980 0 0.672553 0
0.0003875 358.674 4205.27 1.01321 980 0 0.673086 0
0.0004125 359.733 4206.35 1.0326 980 0 0.673627 0
0.0004375 360.84 4207.51 1.05283 980 0 0.674174 0
0.0004625 361.996 4208.74 1.07395 980 0 0.674726 0
0.0004875 363.203 4210.05 1.09599 980 0 0.675281 0
0.0005125 419.124 1912.78 0.497787 0.51653 -0.00123241 0.0281171 8.9496e-05
0.0005375 559.011 1991.91 0.617294 0.387274 -0.000692784 0.0418517 0.000105958
0.0005625 651.422 2051.03 0.659027 0.332335 -0.000510168 0.0520412 0.000114287
0.0005875 721.657 2098.1 0.680038 0.299991 -0.000415697 0.0602593 0.000119599
0.0006125 778.372 2137.03 0.691842 0.278132 -0.000357325 0.0671509 0.000123349
0.0006375 825.812 2170.02 0.698652 0.262154 -0.000317451 0.0730702 0.000126159
0.0006625 866.433 2198.48 0.702451 0.249864 -0.000288382 0.0782402 0.000128353
0.0006875 901.809 2223.37 0.704317 0.240062 -0.0002662 0.0828124 0.000130116
0.0007125 933.019 2245.36 0.704893 0.232032 -0.000248689 0.0868962 0.000131565
0.0007375 960.837 2264.97 0.704585 0.225314 -0.000234498 0.0905731 0.000132778
0.0007625 985.842 2282.58 0.703661 0.219599 -0.000222753 0.0939061 0.000133808
0.0007875 1008.48 2298.49 0.702305 0.214671 -0.000212867 0.0969448 0.000134694
0.0008125 1029.09 2312.95 0.700647 0.210371 -0.000204425 0.099729 0.000135464
0.0008375 1047.95 2326.15 0.69878 0.206584 -0.000197131 0.102291 0.000136139
0.0008625 1065.3 2338.26 0.696769 0.203219 -0.000190762 0.104658 0.000136735
0.0008875 1081.32 2349.4 0.694666 0.200209 -0.000185152 0.106853 0.000137266
0.0009125 1096.17 2359.7 0.692506 0.197498 -0.000180171 0.108894 0.000137741
0.0009375 1109.97 2369.24 0.690318 0.195042 -0.000175719 0.110798 0.000138169
0.0009625 1122.83 2378.11 0.688121 0.192807 -0.000171715 0.112578 0.000138556
0.0009875 1134.86 2386.37 0.685932 0.190763 -0.000168094 0.114247 0.000138908
0.0010125 1146.14 2394.09 0.683761 0.188887 -0.000164803 0.115815 0.000139229
0.00104053 1157.97 2402.17 0.68136 0.186956 -0.000161451 0.117465 0.000139557
0.00107197 1170.33 2410.57 0.678719 0.184983 -0.000158061 0.119191 0.000139891
0.00110723 1183.16 2419.26 0.675832 0.182977 -0.000154652 0.120988 0.000140227
0.00114676 1196.4 2428.19 0.672697 0.180951 -0.000151246 0.122847 0.000140564
0.0011911 1210 2437.32 0.669317 0.178918 -0.000147866 0.124761 0.000140898
0.00124081 1223.87 2446.58 0.665699 0.17689 -0.000144533 0.126718 0.000141229
0.00129656 1237.94 2455.92 0.661856 0.174879 -0.000141266 0.128707 0.000141554
0.00135908 1252.12 2465.28 0.657805 0.172898 -0.000138084 0.130717 0.00014187
0.00142919 1266.33 2474.59 0.65357 0.170959 -0.000135003 0.132735 0.000142176
0.00150781 1280.47 2483.8 0.649178 0.16907 -0.000132037 0.134748 0.00014247
0.00159598 1294.46 2492.85 0.64466 0.167243 -0.000129199 0.136743 0.00014275
0.00169485 1308.22 2501.69 0.640052 0.165485 -0.000126496 0.138709 0.000143017
0.00180572 1321.66 2510.26 0.635388 0.163801 -0.000123936 0.140633 0.000143269
0.00193005 1334.72 2518.53 0.630707 0.162199 -0.000121523 0.142505 0.000143505
0.00206947 1347.33 2526.46 0.626045 0.16068 -0.000119258 0.144317 0.000143726
0.00222582 1359.45 2534.01 0.621437 0.159249 -0.000117142 0.146059 0.000143931
0.00240114 1371.02 2541.17 0.616918 0.157905 -0.000115174 0.147725 0.000144121
0.00259776 1382.01 2547.93 0.612515 0.156649 -0.000113349 0.14931 0.000144297
0.00281824 1392.4 2554.28 0.608257 0.15548 -0.000111663 0.150811 0.000144457
0.00306548 1402.18 2560.21 0.604164 0.154395 -0.000110111 0.152225 0.000144605
0.00334275 1411.35 2565.72 0.600254 0.153393 -0.000108685 0.15355 0.000144739
0.00365367 1419.89 2570.84 0.596542 0.152469 -0.000107381 0.154788 0.000144861
0.00400233 1427.84 2575.56 0.593035 0.151621 -0.000106189 0.155939 0.000144972
0.00439333 1435.19 2579.91 0.58974 0.150844 -0.000105104 0.157006 0.000145073
0.00483178 1441.98 2583.9 0.586659 0.150134 -0.000104117 0.15799 0.000145164
0.00532347 1448.22 2587.56 0.58379 0.149487 -0.000103222 0.158896 0.000145246
0.00587484 1453.94 2590.89 0.58113 0.148899 -0.000102411 0.159728 0.00014532
0.00649315 1459.17 2593.92 0.578673 0.148365 -0.000101678 0.160488 0.000145386
0.00718653 1463.94 2596.68 0.576411 0.147882 -0.000101016 0.161182 0.000145446
0.00796407 1468.28 2599.18 0.574337 0.147444 -0.00010042 0.161813 0.0001455
0.00883601 1472.22 2601.44 0.57244 0.14705 -9.98829e-05 0.162387 0.000145548
0.0098138 1475.79 2603.47 0.570711 0.146694 -9.94005e-05 0.162906 0.000145591
0.0109103 1479.01 2605.31 0.56914 0.146375 -9.89678e-05 0.163375 0.000145629
0.0121399 1481.92 2606.96 0.567716 0.146088 -9.85803e-05 0.163798 0.000145664
0.0135188 1484.53 2608.44 0.56643 0.145831 -9.82339e-05 0.164179 0.000145694
0.015065 1486.87 2609.77 0.565273 0.145602 -9.7925e-05 0.16452 0.000145721
0.016799 1488.96 2610.95 0.564235 0.145397 -9.76504e-05 0.164824 0.000145746
0.0187435 1490.81 2611.99 0.56331 0.145216 -9.74072e-05 0.165095 0.000145767
0.020924 1492.46 2612.92 0.562488 0.145056 -9.71928e-05 0.165334 0.000145786
0.0233692 1493.9 2613.73 0.561765 0.144916 -9.7005e-05 0.165545 0.000145802
0.0261113 1495.16 2614.44 0.561134 0.144794 -9.6842e-05 0.165728 0.000145816
0.0291863 1496.24 2615.04 0.560589 0.144689 -9.6702e-05 0.165886 0.000145829
0.0326345 1497.16 2615.56 0.560127 0.144601 -9.65836e-05 0.16602 0.000145839
0.0365014 1497.92 2615.98 0.559742 0.144527 -9.64854e-05 0.166131 0.000145847
0.0408377 1498.54 2616.33 0.55943 0.144468 -9.64059e-05 0.166221 0.000145854
0.0457004 1499.02 2616.6 0.559186 0.144421 -9.63438e-05 0.166291 0.00014586
0.0511534 1499.38 2616.8 0.559003 0.144386 -9.62974e-05 0.166344 0.000145864
0.0572684 1499.64 2616.94 0.558873 0.144362 -9.62645e-05 0.166381 0.000145867
0.0641258 1499.81 2617.04 0.558788 0.144346 -9.62429e-05 0.166406 0.000145869
0.0718156 1499.91 2617.09 0.558736 0.144336 -9.62299e-05 0.166421 0.00014587
0.080439 1499.96 2617.12 0.558709 0.144331 -9.62229e-05 0.166428 0.00014587
0.0901092 1499.99 2617.14 0.558696 0.144328 -9.62197e-05 0.166432 0.000145871
0.100953 1500 2617.14 0.558691 0.144327 -9.62184e-05 0.166434 0.000145871
0.113114 1500 2617.15 0.55869 0.144327 -9.6218e-05 0.166434 0.000145871
0.126751 1500 2617.15 0.558689 0.144327 -9.62179e-05 0.166434 0.000145871
0.142043 1500 2617.15 0.558689 0.144327 -9.62179e-05 0.166434 0.000145871
0.159192 1500 2617.15 0.558689 0.144327 -9.62179e-05 0.166434 0.000145871
0.178422 1500 2617.15 0.558689 0.144327 -9.62179e-05 0.166434 0.000145871
0.199988 1500 2617.15 0.558689 0.144327 -9.62179e-05 0.166434 0.000145871
