TITLE="Graphics"
VARIABLES= "rj, m", "T, K", "Cp, J/kg*K", "DfCp, J/kg*K^2", "rho, kg/m^3", "Dfrho, kg/m^3*K", "Lambda, Watt/m*K", "DfLambda, Watt/m*K^2"
0 302.919 4184.43 -0.525228 980 0 0.614857 0
1.25e-05 302.919 4184.43 -0.525228 980 0 0.614857 0
3.75e-05 320.403 4181.54 0.147457 980 0 0.640262 0
6.25e-05 324.745 4182.46 0.276042 980 0 0.64546 0
8.75e-05 326.776 4183.08 0.332212 980 0 0.647747 0
0.0001125 328.048 4183.53 0.366221 980 0 0.649133 0
0.0001375 329.006 4183.89 0.39128 980 0 0.650155 0
0.0001625 329.826 4184.22 0.412327 980 0 0.651013 0
0.0001875 330.588 4184.54 0.431605 980 0 0.651798 0
0.0002125 331.336 4184.87 0.450262 980 0 0.652557 0
0.0002375 332.095 4185.22 0.468932 980 0 0.653316 0
0.0002625 332.881 4185.6 0.487982 980 0 0.654089 0
0.0002875 333.703 4186.01 0.507627 980 0 0.654884 0
0.0003125 334.568 4186.45 0.527991 980 0 0.655706 0
0.0003375 335.481 4186.94 0.549144 980 0 0.656557 0
0.0003625 336.443 4187.48 0.571117 980 0 0.657437 0
0.0003875 337.459 4188.08 0.593918 980 0 0.658346 0
0.0004125 338.528 4188.72 0.61754 980 0 0.659281 0
0.0004375 339.651 4189.43 0.641965 980 0 0.660241 0
0.0004625 340.831 4190.2 0.667172 980 0 0.661222 0
0.0004875 342.066 4191.04 0.693136 980 0 0.662223 0
0.0005125 401.603 1904.26 0.473693 0.539066 -0.00134229 0.0265707 8.70015e-05
0.0005375 548.96 1985.74 0.611489 0.394364 -0.000718383 0.0407919 0.000104946
0.0005625 644.109 2046.22 0.656372 0.336108 -0.000521819 0.0512076 0.000113687
0.0005875 715.889 2094.19 0.678595 0.302408 -0.000422422 0.0595706 0.000119192
0.0006125 773.633 2133.75 0.691014 0.279836 -0.000361717 0.0665669 0.000123052
0.0006375 821.819 2167.23 0.698179 0.263428 -0.000320543 0.072567 0.000125933
0.0006625 863.015 2196.08 0.7022 0.250853 -0.000290671 0.0778018 0.000128175
0.0006875 898.852 2221.29 0.704211 0.240852 -0.000267955 0.0824278 0.000129973
0.0007125 930.44 2243.54 0.704883 0.232675 -0.00025007 0.086557 0.000131449
0.0007375 958.577 2263.38 0.704639 0.225845 -0.000235605 0.0902731 0.000132682
0.0007625 983.854 2281.18 0.703757 0.220043 -0.000223654 0.0936402 0.000133729
0.0007875 1006.72 2297.26 0.702428 0.215044 -0.000213608 0.096709 0.000134627
0.0008125 1027.54 2311.87 0.700785 0.210687 -0.00020504 0.09952 0.000135408
0.0008375 1046.59 2325.2 0.698925 0.206852 -0.000197643 0.102106 0.000136091
0.0008625 1064.11 2337.42 0.696916 0.203447 -0.00019119 0.104495 0.000136695
0.0008875 1080.28 2348.67 0.69481 0.200403 -0.00018551 0.10671 0.000137232
0.0009125 1095.26 2359.07 0.692645 0.197662 -0.000180471 0.108769 0.000137713
0.0009375 1109.18 2368.69 0.690448 0.195181 -0.000175969 0.110689 0.000138145
0.0009625 1122.16 2377.64 0.688241 0.192923 -0.000171922 0.112485 0.000138536
0.0009875 1134.29 2385.98 0.686039 0.19086 -0.000168264 0.114168 0.000138892
0.0010125 1145.66 2393.77 0.683856 0.188966 -0.00016494 0.115749 0.000139216
0.00104053 1157.59 2401.91 0.681439 0.187018 -0.000161558 0.117412 0.000139547
0.00107197 1170.05 2410.38 0.67878 0.185027 -0.000158136 0.119152 0.000139883
0.00110723 1182.98 2419.14 0.675873 0.183004 -0.000154698 0.120963 0.000140222
0.00114676 1196.33 2428.15 0.672715 0.180962 -0.000151264 0.122837 0.000140562
0.0011911 1210.03 2437.34 0.669308 0.178913 -0.000147858 0.124766 0.000140899
0.00124081 1224.01 2446.67 0.665661 0.176869 -0.0001445 0.126738 0.000141233
0.00129656 1238.19 2456.08 0.661786 0.174844 -0.000141209 0.128743 0.000141559
0.00135908 1252.48 2465.51 0.657702 0.17285 -0.000138006 0.130768 0.000141877
0.00142919 1266.79 2474.89 0.65343 0.170897 -0.000134906 0.1328 0.000142185
0.00150781 1281.03 2484.17 0.649 0.168997 -0.000131922 0.134828 0.000142481
0.00159598 1295.12 2493.28 0.644443 0.167158 -0.000129067 0.136837 0.000142763
0.00169485 1308.98 2502.17 0.639793 0.165389 -0.00012635 0.138817 0.000143031
0.00180572 1322.51 2510.8 0.635088 0.163696 -0.000123777 0.140754 0.000143284
0.00193005 1335.66 2519.12 0.630365 0.162085 -0.000121352 0.14264 0.000143522
0.00206947 1348.36 2527.1 0.625661 0.160559 -0.000119077 0.144464 0.000143744
0.00222582 1360.55 2534.7 0.621011 0.15912 -0.000116953 0.146217 0.00014395
0.00240114 1372.19 2541.9 0.616451 0.157769 -0.000114976 0.147895 0.00014414
0.00259776 1383.26 2548.7 0.612008 0.156507 -0.000113144 0.149491 0.000144316
0.00281824 1393.72 2555.08 0.607711 0.155333 -0.000111452 0.151001 0.000144477
0.00306548 1403.56 2561.04 0.603581 0.154244 -0.000109895 0.152424 0.000144625
0.00334275 1412.78 2566.58 0.599636 0.153237 -0.000108465 0.153758 0.00014476
0.00365367 1421.38 2571.72 0.595891 0.15231 -0.000107157 0.155003 0.000144882
0.00400233 1429.37 2576.47 0.592354 0.151459 -0.000105962 0.156161 0.000144993
0.00439333 1436.76 2580.84 0.58903 0.150679 -0.000104874 0.157234 0.000145094
0.00483178 1443.58 2584.85 0.585923 0.149967 -0.000103885 0.158224 0.000145185
0.00532347 1449.86 2588.51 0.583031 0.149318 -0.000102989 0.159134 0.000145267
0.00587484 1455.6 2591.86 0.580351 0.148729 -0.000102177 0.15997 0.000145341
0.00649315 1460.86 2594.9 0.577876 0.148194 -0.000101443 0.160733 0.000145407
0.00718653 1465.64 2597.66 0.575601 0.14771 -0.000100782 0.161429 0.000145467
0.00796407 1469.99 2600.16 0.573515 0.147273 -0.000100186 0.162062 0.000145521
0.00883601 1473.94 2602.42 0.571611 0.146879 -9.96506e-05 0.162636 0.000145568
0.0098138 1477.5 2604.45 0.569878 0.146524 -9.91704e-05 0.163155 0.000145611
0.0109103 1480.72 2606.28 0.568307 0.146207 -9.87405e-05 0.163623 0.000145649
0.0121399 1483.6 2607.92 0.566888 0.145922 -9.83567e-05 0.164044 0.000145683
0.0135188 1486.18 2609.38 0.565611 0.145668 -9.8015e-05 0.16442 0.000145713
0.015065 1488.49 2610.68 0.564469 0.145443 -9.77121e-05 0.164756 0.00014574
0.016799 1490.53 2611.83 0.563453 0.145244 -9.74447e-05 0.165053 0.000145764
0.0187435 1492.32 2612.84 0.562556 0.145069 -9.72103e-05 0.165315 0.000145784
0.020924 1493.89 2613.72 0.561771 0.144917 -9.70065e-05 0.165543 0.000145802
0.0233692 1495.24 2614.48 0.561091 0.144786 -9.68312e-05 0.16574 0.000145817
0.0261113 1496.39 2615.13 0.560513 0.144675 -9.66825e-05 0.165908 0.00014583
0.0291863 1497.35 2615.66 0.56003 0.144582 -9.65589e-05 0.166047 0.000145841
0.0326345 1498.13 2616.1 0.559638 0.144507 -9.64587e-05 0.166161 0.00014585
0.0365014 1498.74 2616.44 0.559328 0.144448 -9.63801e-05 0.16625 0.000145857
0.0408377 1499.2 2616.7 0.559096 0.144404 -9.63209e-05 0.166317 0.000145862
0.0457004 1499.53 2616.88 0.55893 0.144372 -9.62788e-05 0.166365 0.000145865
0.0511534 1499.74 2617 0.558819 0.144352 -9.62508e-05 0.166397 0.000145868
0.0572684 1499.88 2617.08 0.558752 0.144339 -9.62339e-05 0.166416 0.000145869
0.0641258 1499.95 2617.12 0.558716 0.144332 -9.62247e-05 0.166426 0.00014587
0.0718156 1499.98 2617.14 0.558699 0.144329 -9.62204e-05 0.166431 0.00014587
0.080439 1499.99 2617.14 0.558692 0.144327 -9.62186e-05 0.166433 0.000145871
0.0901092 1500 2617.15 0.55869 0.144327 -9.62181e-05 0.166434 0.000145871
0.100953 1500 2617.15 0.558689 0.144327 -9.62179e-05 0.166434 0.000145871
0.113114 1500 2617.15 0.558689 0.144327 -9.62179e-05 0.166434 0.000145871
0.126751 1500 2617.15 0.558689 0.144327 -9.62179e-05 0.166434 0.000145871
0.142043 1500 2617.15 0.558689 0.144327 -9.62179e-05 0.166434 0.000145871
0.159192 1500 2617.15 0.558689 0.144327 -9.62179e-05 0.166434 0.000145871
0.178422 1500 2617.15 0.558689 0.144327 -9.62179e-05 0.166434 0.000145871
0.199988 1500 2617.15 0.558689 0.144327 -9.62179e-05 0.166434 0.000145871
