TITLE="Graphics"
VARIABLES= "rj, m", "T, K", "Cp, J/kg*K", "DfCp, J/kg*K^2", "rho, kg/m^3", "Dfrho, kg/m^3*K", "Lambda, Watt/m*K", "DfLambda, Watt/m*K^2"
0 302.267 4184.78 -0.556366 980 0 0.613784 0
1.25e-05 302.267 4184.78 -0.556366 980 0 0.613784 0
3.75e-05 315.871 4181.2 -0.00085093 980 0 0.634364 0
6.25e-05 319.282 4181.4 0.1122 980 0 0.638849 0
8.75e-05 320.906 4181.62 0.163001 980 0 0.640886 0
0.0001125 321.954 4181.81 0.194814 980 0 0.642169 0
0.0001375 322.774 4181.98 0.219185 980 0 0.643154 0
0.0001625 323.501 4182.14 0.240448 980 0 0.644015 0
0.0001875 324.2 4182.32 0.26057 980 0 0.644832 0
0.0002125 324.904 4182.51 0.280548 980 0 0.645643 0
0.0002375 325.633 4182.72 0.300921 980 0 0.646472 0
0.0002625 326.399 4182.96 0.321987 980 0 0.64733 0
0.0002875 327.21 4183.23 0.343911 980 0 0.648223 0
0.0003125 328.069 4183.54 0.366773 980 0 0.649156 0
0.0003375 328.98 4183.88 0.390602 980 0 0.650127 0
0.0003625 329.946 4184.27 0.415395 980 0 0.651138 0
0.0003875 330.968 4184.71 0.441126 980 0 0.652186 0
0.0004125 332.047 4185.2 0.467755 980 0 0.653268 0
0.0004375 333.183 4185.74 0.495234 980 0 0.654383 0
0.0004625 334.377 4186.35 0.523512 980 0 0.655526 0
0.0004875 335.628 4187.03 0.552536 980 0 0.656693 0
0.0005125 396.381 1901.81 0.46587 0.546167 -0.00137789 0.0261184 8.62349e-05
0.0005375 546.161 1984.03 0.609818 0.396386 -0.000725767 0.0404985 0.00010466
0.0005625 642.168 2044.95 0.655651 0.337124 -0.000524978 0.0509871 0.000113526
0.0005875 714.432 2093.2 0.678223 0.303024 -0.000424147 0.059397 0.000119088
0.0006125 772.498 2132.97 0.690812 0.280247 -0.00036278 0.0664274 0.000122981
0.0006375 820.921 2166.6 0.698071 0.263716 -0.000321244 0.0724539 0.000125882
0.0006625 862.3 2195.58 0.702146 0.251061 -0.000291153 0.0777101 0.000128138
0.0006875 898.283 2220.89 0.70419 0.241004 -0.000268295 0.0823539 0.000129946
0.0007125 929.993 2243.23 0.704881 0.232787 -0.00025031 0.0864982 0.000131429
0.0007375 958.232 2263.13 0.704646 0.225927 -0.000235774 0.0902274 0.000132668
0.0007625 983.598 2281 0.703769 0.2201 -0.000223771 0.0936059 0.000133718
0.0007875 1006.54 2297.13 0.70244 0.215083 -0.000213684 0.0966848 0.00013462
0.0008125 1027.43 2311.79 0.700795 0.21071 -0.000205084 0.0995049 0.000135404
0.0008375 1046.54 2325.16 0.698931 0.206862 -0.000197662 0.102099 0.000136089
0.0008625 1064.11 2337.43 0.696916 0.203447 -0.000191189 0.104496 0.000136695
0.0008875 1080.33 2348.71 0.694803 0.200393 -0.000185493 0.106717 0.000137234
0.0009125 1095.35 2359.13 0.69263 0.197645 -0.00018044 0.108782 0.000137716
0.0009375 1109.31 2368.79 0.690425 0.195157 -0.000175926 0.110708 0.000138149
0.0009625 1122.33 2377.76 0.68821 0.192894 -0.000171869 0.112509 0.000138541
0.0009875 1134.5 2386.12 0.686001 0.190825 -0.000168202 0.114196 0.000138897
0.0010125 1145.9 2393.93 0.683809 0.188926 -0.000164872 0.115782 0.000139222
0.00104053 1157.86 2402.1 0.681383 0.186974 -0.000161482 0.11745 0.000139555
0.00107197 1170.35 2410.59 0.678713 0.184979 -0.000158054 0.119195 0.000139892
0.00110723 1183.32 2419.37 0.675794 0.182952 -0.000154609 0.121011 0.000140231
0.00114676 1196.71 2428.4 0.672624 0.180905 -0.000151169 0.12289 0.000140571
0.0011911 1210.44 2437.61 0.669204 0.178852 -0.000147757 0.124824 0.000140909
0.00124081 1224.46 2446.97 0.665542 0.176805 -0.000144394 0.126801 0.000141243
0.00129656 1238.67 2456.4 0.661651 0.174776 -0.000141099 0.128811 0.00014157
0.00135908 1253 2465.85 0.65755 0.172778 -0.000137892 0.130841 0.000141889
0.00142919 1267.34 2475.25 0.653262 0.170822 -0.000134788 0.132879 0.000142197
0.00150781 1281.62 2484.55 0.648813 0.168919 -0.000131801 0.134911 0.000142493
0.00159598 1295.75 2493.68 0.644238 0.167078 -0.000128943 0.136926 0.000142776
0.00169485 1309.63 2502.59 0.639569 0.165306 -0.000126223 0.13891 0.000143044
0.00180572 1323.2 2511.24 0.634845 0.163611 -0.000123648 0.140853 0.000143297
0.00193005 1336.38 2519.57 0.630103 0.161998 -0.000121222 0.142743 0.000143535
0.00206947 1349.1 2527.56 0.62538 0.16047 -0.000118945 0.144571 0.000143756
0.00222582 1361.32 2535.18 0.620712 0.159029 -0.00011682 0.146329 0.000143963
0.00240114 1373 2542.4 0.616133 0.157677 -0.000114842 0.14801 0.000144153
0.00259776 1384.08 2549.2 0.611673 0.156414 -0.000113009 0.14961 0.000144329
0.00281824 1394.57 2555.59 0.607358 0.155238 -0.000111317 0.151124 0.00014449
0.00306548 1404.43 2561.56 0.603212 0.154148 -0.000109759 0.152549 0.000144638
0.00334275 1413.67 2567.12 0.599252 0.153141 -0.000108329 0.153886 0.000144773
0.00365367 1422.29 2572.26 0.595492 0.152213 -0.00010702 0.155134 0.000144895
0.00400233 1430.29 2577.02 0.591941 0.151361 -0.000105825 0.156295 0.000145006
0.00439333 1437.7 2581.39 0.588606 0.150581 -0.000104737 0.15737 0.000145107
0.00483178 1444.53 2585.4 0.585487 0.149869 -0.000103749 0.158362 0.000145198
0.00532347 1450.82 2589.07 0.582585 0.14922 -0.000102852 0.159274 0.00014528
0.00587484 1456.57 2592.42 0.579896 0.14863 -0.000102041 0.16011 0.000145353
0.00649315 1461.83 2595.46 0.577414 0.148095 -0.000101308 0.160875 0.00014542
0.00718653 1466.62 2598.22 0.575132 0.147611 -0.000100647 0.161572 0.000145479
0.00796407 1470.98 2600.72 0.573043 0.147175 -0.000100052 0.162205 0.000145533
0.00883601 1474.92 2602.98 0.571136 0.146781 -9.95184e-05 0.162779 0.00014558
0.0098138 1478.48 2605.01 0.569403 0.146428 -9.90399e-05 0.163297 0.000145623
0.0109103 1481.68 2606.83 0.567834 0.146112 -9.86122e-05 0.163763 0.000145661
0.0121399 1484.55 2608.45 0.56642 0.145829 -9.82312e-05 0.164182 0.000145694
0.0135188 1487.11 2609.9 0.565153 0.145578 -9.78931e-05 0.164555 0.000145724
0.015065 1489.38 2611.19 0.564023 0.145356 -9.75945e-05 0.164886 0.00014575
0.016799 1491.39 2612.32 0.563024 0.14516 -9.73324e-05 0.165178 0.000145773
0.0187435 1493.14 2613.3 0.562148 0.14499 -9.71044e-05 0.165433 0.000145793
0.020924 1494.65 2614.15 0.56139 0.144844 -9.69082e-05 0.165654 0.000145811
0.0233692 1495.93 2614.87 0.560743 0.144719 -9.67416e-05 0.165841 0.000145825
0.0261113 1497.01 2615.47 0.560203 0.144615 -9.6603e-05 0.165998 0.000145837
0.0291863 1497.88 2615.96 0.559762 0.144531 -9.64904e-05 0.166125 0.000145847
0.0326345 1498.57 2616.35 0.559414 0.144465 -9.64019e-05 0.166225 0.000145855
0.0365014 1499.09 2616.64 0.559152 0.144415 -9.63351e-05 0.166301 0.00014586
0.0408377 1499.46 2616.84 0.558964 0.144379 -9.62875e-05 0.166355 0.000145865
0.0457004 1499.71 2616.98 0.558839 0.144355 -9.62557e-05 0.166391 0.000145867
0.0511534 1499.86 2617.07 0.558762 0.144341 -9.62364e-05 0.166413 0.000145869
0.0572684 1499.94 2617.11 0.55872 0.144333 -9.62258e-05 0.166425 0.00014587
0.0641258 1499.98 2617.13 0.558701 0.144329 -9.62208e-05 0.166431 0.00014587
0.0718156 1499.99 2617.14 0.558693 0.144328 -9.62188e-05 0.166433 0.000145871
0.080439 1500 2617.15 0.55869 0.144327 -9.62181e-05 0.166434 0.000145871
0.0901092 1500 2617.15 0.558689 0.144327 -9.62179e-05 0.166434 0.000145871
0.100953 1500 2617.15 0.558689 0.144327 -9.62179e-05 0.166434 0.000145871
0.113114 1500 2617.15 0.558689 0.144327 -9.62179e-05 0.166434 0.000145871
0.126751 1500 2617.15 0.558689 0.144327 -9.62179e-05 0.166434 0.000145871
0.142043 1500 2617.15 0.558689 0.144327 -9.62179e-05 0.166434 0.000145871
0.159192 1500 2617.15 0.558689 0.144327 -9.62179e-05 0.166434 0.000145871
0.178422 1500 2617.15 0.558689 0.144327 -9.62179e-05 0.166434 0.000145871
0.199988 1500 2617.15 0.558689 0.144327 -9.62179e-05 0.166434 0.000145871
