TITLE="Graphics"
VARIABLES= "rj, m", "T, K", "Cp, J/kg*K", "DfCp, J/kg*K^2", "rho, kg/m^3", "Dfrho, kg/m^3*K", "Lambda, Watt/m*K", "DfLambda, Watt/m*K^2"
0 300 4186.17 -0.668592 980 0 0.61001 0
2.43902e-05 303.577 4184.1 -0.494336 980 0 0.615933 0
4.87805e-05 304.131 4183.83 -0.468762 980 0 0.616831 0
7.31707e-05 304.587 4183.62 -0.44795 980 0 0.617568 0
9.7561e-05 305.135 4183.38 -0.423234 980 0 0.618448 0
0.000121951 305.828 4183.1 -0.392463 980 0 0.619554 0
0.000146341 306.696 4182.77 -0.354683 980 0 0.620924 0
0.000170732 307.764 4182.42 -0.309323 980 0 0.622587 0
0.000195122 309.055 4182.05 -0.256039 980 0 0.624565 0
0.000219512 310.594 4181.71 -0.194696 980 0 0.626874 0
0.000243902 312.404 4181.42 -0.125394 980 0 0.629519 0
0.000268293 314.511 4181.24 -0.0484938 980 0 0.632498 0
0.000292683 316.935 4181.22 0.0353769 980 0 0.635793 0
0.000317073 319.697 4181.44 0.125343 980 0 0.639375 0
0.000341463 322.813 4181.99 0.22034 980 0 0.643201 0
0.000365854 326.298 4182.93 0.319206 980 0 0.647217 0
0.000390244 330.16 4184.36 0.420804 980 0 0.651358 0
0.000414634 334.405 4186.37 0.524159 980 0 0.655552 0
0.000439024 339.034 4189.04 0.628603 980 0 0.659717 0
0.000463415 344.046 4192.46 0.733908 980 0 0.663768 0
0.000487805 349.434 4196.7 0.840393 980 0 0.667618 0
0.0005 352.177 4196.7 0.840393 980 0 0.667618 0
0.000512195 492.179 1952.08 0.57222 0.439861 -0.0008937 0.0350044 9.87732e-05
0.000536585 604.921 2020.81 0.640391 0.357882 -0.000591617 0.0468178 0.000110305
0.000560976 686.742 2074.52 0.67056 0.315242 -0.00045904 0.0561274 0.000117057
0.000585366 751.12 2118.24 0.686695 0.288223 -0.000383725 0.0638129 0.000121603
0.000609756 804.074 2154.86 0.695859 0.269242 -0.000334847 0.0703413 0.000124906
0.000634146 848.887 2186.17 0.701032 0.255028 -0.000300427 0.0759961 0.000127428
0.000658537 887.573 2213.35 0.703724 0.243913 -0.000274809 0.0809649 0.000129422
0.000682927 921.469 2237.22 0.704795 0.23494 -0.000254963 0.0853796 0.00013104
0.000707317 951.517 2258.4 0.704774 0.227521 -0.000239114 0.0893374 0.00013238
0.000731707 978.403 2277.34 0.703999 0.221269 -0.000226153 0.0929118 0.000133508
0.000756098 1002.65 2294.39 0.702701 0.215919 -0.000215349 0.0961604 0.00013447
0.000780488 1024.65 2309.84 0.701038 0.211282 -0.000206198 0.0991287 0.000135301
0.000804878 1044.74 2323.9 0.699121 0.20722 -0.000198346 0.101854 0.000136026
0.000829268 1063.16 2336.76 0.697032 0.203628 -0.000191531 0.104366 0.000136663
0.000853659 1080.14 2348.58 0.69483 0.200428 -0.000185558 0.10669 0.000137227
0.000878049 1095.84 2359.47 0.692557 0.197557 -0.00018028 0.108849 0.000137731
0.000902439 1110.4 2369.54 0.690246 0.194966 -0.000175581 0.110858 0.000138182
0.000926829 1123.96 2378.88 0.687921 0.192613 -0.00017137 0.112735 0.00013859
0.00095122 1136.62 2387.58 0.685601 0.190468 -0.000167573 0.114492 0.000138959
0.00097561 1148.47 2395.69 0.683298 0.188503 -0.000164133 0.11614 0.000139295
0.001 1159.59 2403.27 0.681022 0.186695 -0.000161001 0.117691 0.000139602
0.00102736 1171.28 2411.22 0.678511 0.184833 -0.000157805 0.119324 0.000139916
0.00105807 1183.49 2419.49 0.675754 0.182925 -0.000154564 0.121035 0.000140236
0.00109251 1196.2 2428.06 0.672747 0.180982 -0.000151298 0.122819 0.000140559
0.00113116 1209.33 2436.87 0.669486 0.179016 -0.000148029 0.124667 0.000140882
0.00117452 1222.84 2445.89 0.665975 0.177039 -0.000144778 0.126572 0.000141205
0.00122316 1236.63 2455.05 0.662221 0.175064 -0.000141565 0.128522 0.000141524
0.00127774 1250.65 2464.3 0.658236 0.173103 -0.000138411 0.130508 0.000141837
0.00133897 1264.79 2473.58 0.654039 0.171167 -0.000135333 0.132515 0.000142143
0.00140767 1278.97 2482.83 0.649654 0.169269 -0.000132348 0.134533 0.000142439
0.00148475 1293.1 2491.98 0.645108 0.167419 -0.000129471 0.136549 0.000142723
0.00157123 1307.1 2500.97 0.640433 0.165627 -0.000126713 0.138548 0.000142996
0.00166825 1320.87 2509.76 0.635666 0.163899 -0.000124084 0.14052 0.000143254
0.00177711 1334.35 2518.29 0.630844 0.162245 -0.000121591 0.142451 0.000143499
0.00189923 1347.44 2526.52 0.626004 0.160668 -0.000119239 0.144332 0.000143728
0.00203626 1360.1 2534.42 0.621186 0.159173 -0.00011703 0.146153 0.000143942
0.00218999 1372.26 2541.94 0.616425 0.157762 -0.000114965 0.147904 0.000144141
0.00236246 1383.88 2549.07 0.611757 0.156438 -0.000113043 0.14958 0.000144326
0.00255597 1394.91 2555.8 0.607213 0.1552 -0.000111261 0.151174 0.000144496
0.00277308 1405.35 2562.12 0.602821 0.154047 -0.000109615 0.152683 0.000144651
0.00301666 1415.17 2568.01 0.598603 0.152979 -0.000108099 0.154103 0.000144794
0.00328995 1424.35 2573.5 0.59458 0.151992 -0.000106709 0.155434 0.000144924
0.00359656 1432.91 2578.57 0.590766 0.151084 -0.000105438 0.156675 0.000145042
0.00394056 1440.85 2583.25 0.587172 0.150251 -0.000104279 0.157827 0.000145149
0.00432651 1448.19 2587.54 0.583805 0.149491 -0.000103226 0.158892 0.000145245
0.00475953 1454.93 2591.46 0.580669 0.148798 -0.000102272 0.159871 0.000145332
0.00524535 1461.09 2595.03 0.577764 0.14817 -0.00010141 0.160768 0.00014541
0.00579041 1466.71 2598.27 0.575091 0.147603 -0.000100635 0.161585 0.00014548
0.00640194 1471.8 2601.19 0.572645 0.147092 -9.99403e-05 0.162325 0.000145543
0.00708805 1476.38 2603.81 0.570422 0.146635 -9.93206e-05 0.162993 0.000145598
0.00785782 1480.49 2606.15 0.568419 0.146229 -9.87709e-05 0.16359 0.000145647
0.00872145 1484.13 2608.22 0.566628 0.14587 -9.82869e-05 0.16412 0.00014569
0.00969041 1487.33 2610.03 0.565045 0.145557 -9.78644e-05 0.164587 0.000145727
0.0107775 1490.1 2611.59 0.563664 0.145285 -9.75001e-05 0.164991 0.000145759
0.0119972 1492.48 2612.93 0.562479 0.145054 -9.71905e-05 0.165337 0.000145786
0.0133656 1494.46 2614.04 0.561484 0.144862 -9.69325e-05 0.165626 0.000145808
0.0149009 1496.08 2614.95 0.560671 0.144705 -9.67229e-05 0.165862 0.000145827
0.0166234 1497.35 2615.67 0.560028 0.144582 -9.65582e-05 0.166048 0.000145841
0.018556 1498.32 2616.21 0.559542 0.144489 -9.64343e-05 0.166189 0.000145852
0.0207242 1499 2616.59 0.559194 0.144423 -9.63459e-05 0.166289 0.00014586
0.0231568 1499.46 2616.84 0.558963 0.144379 -9.62872e-05 0.166355 0.000145865
0.0258861 1499.74 2617 0.558822 0.144352 -9.62516e-05 0.166396 0.000145868
0.0289482 1499.89 2617.08 0.558746 0.144338 -9.62323e-05 0.166418 0.000145869
0.0323837 1499.96 2617.12 0.55871 0.144331 -9.62231e-05 0.166428 0.00014587
0.0362382 1499.99 2617.14 0.558695 0.144328 -9.62195e-05 0.166432 0.000145871
0.0405626 1500 2617.14 0.558691 0.144327 -9.62183e-05 0.166434 0.000145871
0.0454145 1500 2617.15 0.558689 0.144327 -9.6218e-05 0.166434 0.000145871
0.0508579 1500 2617.15 0.558689 0.144327 -9.62179e-05 0.166434 0.000145871
0.0569652 1500 2617.15 0.558689 0.144327 -9.62179e-05 0.166434 0.000145871
0.0638172 1500 2617.15 0.558689 0.144327 -9.62179e-05 0.166434 0.000145871
0.0715049 1500 2617.15 0.558689 0.144327 -9.62179e-05 0.166434 0.000145871
0.0801299 1500 2617.15 0.558689 0.144327 -9.62179e-05 0.166434 0.000145871
0.0898068 1500 2617.15 0.558689 0.144327 -9.62179e-05 0.166434 0.000145871
0.100664 1500 2617.15 0.558689 0.144327 -9.62179e-05 0.166434 0.000145871
0.112844 1500 2617.15 0.558689 0.144327 -9.62179e-05 0.166434 0.000145871
0.126511 1500 2617.15 0.558689 0.144327 -9.62179e-05 0.166434 0.000145871
0.141843 1500 2617.15 0.558689 0.144327 -9.62179e-05 0.166434 0.000145871
0.159046 1500 2617.15 0.558689 0.144327 -9.62179e-05 0.166434 0.000145871
0.178346 1500 2617.15 0.558689 0.144327 -9.62179e-05 0.166434 0.000145871
0.2 1500 2617.15 0.558689 0.144327 -9.62179e-05 0.166434 0.000145871
