TITLE="Graphics"
VARIABLES= "rj, m", "T, K", "Cp, J/kg*K", "DfCp, J/kg*K^2", "rho, kg/m^3", "Dfrho, kg/m^3*K", "Lambda, Watt/m*K", "DfLambda, Watt/m*K^2"
0 300.66 4185.74 -0.635256 980 0 0.611115 0
1.25e-05 300.66 4185.74 -0.635256 980 0 0.611115 0
3.75e-05 304.643 4183.59 -0.445377 980 0 0.617659 0
6.25e-05 305.71 4183.14 -0.397661 980 0 0.619366 0
8.75e-05 306.3 4182.92 -0.371842 980 0 0.6203 0
0.0001125 306.769 4182.75 -0.351551 980 0 0.621038 0
0.0001375 307.222 4182.59 -0.332206 980 0 0.621745 0
0.0001625 307.698 4182.44 -0.312066 980 0 0.622486 0
0.0001875 308.219 4182.28 -0.290355 980 0 0.623288 0
0.0002125 308.793 4182.12 -0.266707 980 0 0.624167 0
0.0002375 309.428 4181.96 -0.240961 980 0 0.62513 0
0.0002625 310.127 4181.8 -0.21307 980 0 0.626179 0
0.0002875 310.892 4181.65 -0.183057 980 0 0.627315 0
0.0003125 311.726 4181.51 -0.150996 980 0 0.628538 0
0.0003375 312.629 4181.39 -0.116995 980 0 0.629843 0
0.0003625 313.602 4181.3 -0.0811915 980 0 0.631226 0
0.0003875 314.645 4181.23 -0.0437396 980 0 0.632683 0
0.0004125 315.756 4181.2 -0.00480948 980 0 0.634208 0
0.0004375 316.936 4181.22 0.0354196 980 0 0.635794 0
0.0004625 318.184 4181.29 0.076764 980 0 0.637435 0
0.0004875 319.497 4181.42 0.11904 980 0 0.639122 0
0.0005125 383.693 1896.03 0.44545 0.564228 -0.00147052 0.0250363 8.43255e-05
0.0005375 540.117 1980.36 0.606127 0.400821 -0.000742101 0.0398678 0.000104036
0.0005625 638.443 2042.51 0.654248 0.339091 -0.000531121 0.0505648 0.000113216
0.0005875 712.03 2091.57 0.677603 0.304046 -0.000427013 0.0591112 0.000118917
0.0006125 770.992 2131.93 0.69054 0.280794 -0.000364199 0.0662422 0.000122886
0.0006375 820.078 2166.01 0.697968 0.263988 -0.000321906 0.0723477 0.000125834
0.0006625 861.975 2195.35 0.702122 0.251156 -0.000291373 0.0776684 0.000128121
0.0006875 898.379 2220.95 0.704193 0.240979 -0.000268237 0.0823663 0.000129951
0.0007125 930.441 2243.55 0.704883 0.232675 -0.00025007 0.086557 0.000131449
0.0007375 958.979 2263.66 0.704629 0.225751 -0.000235407 0.0903264 0.000132699
0.0007625 984.603 2281.71 0.703721 0.219876 -0.000223314 0.0937405 0.000133759
0.0007875 1007.78 2298 0.702354 0.214819 -0.000213161 0.0968509 0.000134668
0.0008125 1028.87 2312.79 0.700667 0.210416 -0.000204513 0.0996991 0.000135456
0.0008375 1048.16 2326.29 0.698758 0.206544 -0.000197054 0.102319 0.000136146
0.0008625 1065.89 2338.66 0.696697 0.203108 -0.000190553 0.104738 0.000136755
0.0008875 1082.25 2350.05 0.694537 0.200037 -0.000184834 0.106981 0.000137296
0.0009125 1097.41 2360.56 0.692316 0.197274 -0.000179764 0.109065 0.00013778
0.0009375 1111.49 2370.29 0.690065 0.194774 -0.000175236 0.111009 0.000138216
0.0009625 1124.62 2379.34 0.687804 0.1925 -0.000171169 0.112826 0.000138609
0.0009875 1136.89 2387.77 0.685549 0.190422 -0.000167493 0.114529 0.000138967
0.0010125 1148.39 2395.64 0.683314 0.188516 -0.000164156 0.116129 0.000139292
0.00104053 1160.46 2403.86 0.68084 0.186556 -0.000160761 0.117812 0.000139625
0.00107197 1173.05 2412.42 0.678118 0.184553 -0.000157327 0.119572 0.000139963
0.00110723 1186.12 2421.27 0.675143 0.182519 -0.000153878 0.121404 0.000140303
0.00114676 1199.62 2430.36 0.671912 0.180466 -0.000150436 0.1233 0.000140644
0.0011911 1213.47 2439.64 0.668428 0.178406 -0.000147022 0.12525 0.000140982
0.00124081 1227.6 2449.05 0.664699 0.176353 -0.000143657 0.127244 0.000141316
0.00129656 1241.92 2458.55 0.660738 0.174319 -0.000140363 0.129271 0.000141643
0.00135908 1256.35 2468.06 0.656562 0.172316 -0.000137156 0.131318 0.000141962
0.00142919 1270.81 2477.52 0.652198 0.170356 -0.000134053 0.133372 0.00014227
0.00150781 1285.2 2486.87 0.647671 0.168449 -0.000131068 0.135421 0.000142565
0.00159598 1299.43 2496.05 0.643016 0.166604 -0.000128213 0.137452 0.000142848
0.00169485 1313.42 2505.01 0.638267 0.16483 -0.000125497 0.139452 0.000143115
0.00180572 1327.08 2513.7 0.633463 0.163132 -0.000122925 0.14141 0.000143368
0.00193005 1340.36 2522.08 0.628641 0.161517 -0.000120503 0.143314 0.000143605
0.00206947 1353.17 2530.1 0.62384 0.159987 -0.000118231 0.145156 0.000143826
0.00222582 1365.48 2537.75 0.619096 0.158545 -0.00011611 0.146927 0.000144031
0.00240114 1377.23 2545 0.614443 0.157193 -0.000114137 0.148621 0.000144221
0.00259776 1388.39 2551.83 0.609912 0.155929 -0.000112309 0.150231 0.000144396
0.00281824 1398.94 2558.24 0.605531 0.154753 -0.000110622 0.151755 0.000144556
0.00306548 1408.86 2564.23 0.601322 0.153663 -0.000109069 0.153191 0.000144703
0.00334275 1418.15 2569.8 0.597304 0.152657 -0.000107645 0.154536 0.000144837
0.00365367 1426.81 2574.96 0.59349 0.15173 -0.000106342 0.155791 0.000144958
0.00400233 1434.86 2579.71 0.589892 0.150879 -0.000105153 0.156957 0.000145068
0.00439333 1442.29 2584.09 0.586515 0.150102 -0.000104072 0.158036 0.000145168
0.00483178 1449.14 2588.1 0.583362 0.149392 -0.00010309 0.159031 0.000145258
0.00532347 1455.43 2591.75 0.580432 0.148747 -0.000102201 0.159944 0.000145339
0.00587484 1461.18 2595.08 0.577723 0.148161 -0.000101398 0.16078 0.000145411
0.00649315 1466.42 2598.1 0.57523 0.147632 -0.000100675 0.161542 0.000145477
0.00718653 1471.17 2600.83 0.572947 0.147155 -0.000100025 0.162234 0.000145535
0.00796407 1475.47 2603.29 0.570867 0.146726 -9.94437e-05 0.162859 0.000145587
0.00883601 1479.34 2605.49 0.568982 0.146343 -9.89247e-05 0.163422 0.000145633
0.0098138 1482.79 2607.46 0.567285 0.146002 -9.84638e-05 0.163926 0.000145674
0.0109103 1485.87 2609.2 0.565768 0.145699 -9.80567e-05 0.164374 0.00014571
0.0121399 1488.58 2610.73 0.564423 0.145434 -9.76998e-05 0.164769 0.000145741
0.0135188 1490.95 2612.07 0.563244 0.145203 -9.73898e-05 0.165114 0.000145768
0.015065 1492.99 2613.22 0.562223 0.145005 -9.71239e-05 0.165412 0.000145792
0.016799 1494.72 2614.19 0.561355 0.144837 -9.68992e-05 0.165664 0.000145811
0.0187435 1496.15 2614.99 0.560633 0.144698 -9.67134e-05 0.165873 0.000145828
0.020924 1497.31 2615.64 0.560049 0.144586 -9.65638e-05 0.166042 0.000145841
0.0233692 1498.21 2616.15 0.559594 0.144499 -9.64476e-05 0.166174 0.000145851
0.0261113 1498.88 2616.52 0.559255 0.144434 -9.63613e-05 0.166271 0.000145858
0.0291863 1499.35 2616.79 0.559017 0.144389 -9.63008e-05 0.16634 0.000145863
0.0326345 1499.66 2616.96 0.558862 0.14436 -9.62616e-05 0.166384 0.000145867
0.0365014 1499.84 2617.06 0.55877 0.144342 -9.62385e-05 0.166411 0.000145869
0.0408377 1499.93 2617.11 0.558722 0.144333 -9.62263e-05 0.166425 0.00014587
0.0457004 1499.98 2617.13 0.558701 0.144329 -9.62208e-05 0.166431 0.00014587
0.0511534 1499.99 2617.14 0.558692 0.144327 -9.62187e-05 0.166433 0.000145871
0.0572684 1500 2617.15 0.55869 0.144327 -9.62181e-05 0.166434 0.000145871
0.0641258 1500 2617.15 0.558689 0.144327 -9.62179e-05 0.166434 0.000145871
0.0718156 1500 2617.15 0.558689 0.144327 -9.62179e-05 0.166434 0.000145871
0.080439 1500 2617.15 0.558689 0.144327 -9.62179e-05 0.166434 0.000145871
0.0901092 1500 2617.15 0.558689 0.144327 -9.62179e-05 0.166434 0.000145871
0.100953 1500 2617.15 0.558689 0.144327 -9.62179e-05 0.166434 0.000145871
0.113114 1500 2617.15 0.558689 0.144327 -9.62179e-05 0.166434 0.000145871
0.126751 1500 2617.15 0.558689 0.144327 -9.62179e-05 0.166434 0.000145871
0.142043 1500 2617.15 0.558689 0.144327 -9.62179e-05 0.166434 0.000145871
0.159192 1500 2617.15 0.558689 0.144327 -9.62179e-05 0.166434 0.000145871
0.178422 1500 2617.15 0.558689 0.144327 -9.62179e-05 0.166434 0.000145871
0.199988 1500 2617.15 0.558689 0.144327 -9.62179e-05 0.166434 0.000145871
