TITLE="Graphics"
VARIABLES= "rj, m", "T, K", "Cp, J/kg*K", "DfCp, J/kg*K^2", "rho, kg/m^3", "Dfrho, kg/m^3*K", "Lambda, Watt/m*K", "DfLambda, Watt/m*K^2"
0 300.406 4185.9 -0.648028 980 0 0.61069 0
1.25e-05 300.406 4185.9 -0.648028 980 0 0.61069 0
3.75e-05 302.858 4184.46 -0.528146 980 0 0.614756 0
6.25e-05 303.539 4184.11 -0.49612 980 0 0.61587 0
8.75e-05 303.948 4183.91 -0.477149 980 0 0.616536 0
0.0001125 304.306 4183.75 -0.460724 980 0 0.617115 0
0.0001375 304.677 4183.58 -0.443854 980 0 0.617713 0
0.0001625 305.087 4183.4 -0.425378 980 0 0.618372 0
0.0001875 305.55 4183.21 -0.404762 980 0 0.619111 0
0.0002125 306.073 4183 -0.381743 980 0 0.619941 0
0.0002375 306.661 4182.79 -0.356196 980 0 0.620868 0
0.0002625 307.319 4182.56 -0.328083 980 0 0.621897 0
0.0002875 308.048 4182.33 -0.297428 980 0 0.623026 0
0.0003125 308.852 4182.11 -0.2643 980 0 0.624257 0
0.0003375 309.731 4181.89 -0.228811 980 0 0.625586 0
0.0003625 310.685 4181.69 -0.191109 980 0 0.62701 0
0.0003875 311.716 4181.51 -0.151369 980 0 0.628523 0
0.0004125 312.823 4181.37 -0.109794 980 0 0.63012 0
0.0004375 314.005 4181.27 -0.0666026 980 0 0.631793 0
0.0004625 315.261 4181.21 -0.0220289 980 0 0.633533 0
0.0004875 316.589 4181.21 0.0236888 980 0 0.635331 0
0.0005125 381.538 1895.07 0.441766 0.567415 -0.00148718 0.0248549 8.39943e-05
0.0005375 539.382 1979.91 0.605671 0.401367 -0.000744125 0.0397913 0.00010396
0.0005625 638.214 2042.36 0.65416 0.339213 -0.000531503 0.0505389 0.000113196
0.0005875 712.099 2091.61 0.677621 0.304017 -0.000426931 0.0591194 0.000118922
0.0006125 771.268 2132.12 0.69059 0.280694 -0.000363938 0.0662762 0.000122903
0.0006375 820.511 2166.32 0.698021 0.263848 -0.000321565 0.0724023 0.000125859
0.0006625 862.534 2195.74 0.702164 0.250993 -0.000290995 0.0777401 0.00012815
0.0006875 899.042 2221.42 0.704218 0.240801 -0.000267842 0.0824525 0.000129983
0.0007125 931.191 2244.07 0.704887 0.232487 -0.000249667 0.0866557 0.000131483
0.0007375 959.806 2264.24 0.70461 0.225556 -0.000235002 0.0904361 0.000132734
0.0007625 985.496 2282.33 0.703678 0.219676 -0.000222909 0.0938599 0.000133795
0.0007875 1008.73 2298.67 0.702287 0.214617 -0.00021276 0.096979 0.000134704
0.0008125 1029.87 2313.5 0.700576 0.210211 -0.000204115 0.0998351 0.000135493
0.0008375 1049.21 2327.03 0.698644 0.206337 -0.000196659 0.102462 0.000136183
0.0008625 1066.98 2339.43 0.69656 0.2029 -0.000190162 0.104888 0.000136792
0.0008875 1083.38 2350.83 0.694378 0.199828 -0.000184448 0.107136 0.000137333
0.0009125 1098.58 2361.37 0.692137 0.197064 -0.000179382 0.109226 0.000137817
0.0009375 1112.69 2371.12 0.689865 0.194564 -0.000174858 0.111175 0.000138252
0.0009625 1125.85 2380.19 0.687584 0.19229 -0.000170794 0.112997 0.000138645
0.0009875 1138.15 2388.63 0.68531 0.190212 -0.000167123 0.114705 0.000139003
0.0010125 1149.68 2396.51 0.683056 0.188305 -0.000163789 0.116308 0.000139328
0.00104053 1161.77 2404.76 0.680563 0.186345 -0.000160397 0.117995 0.000139661
0.00107197 1174.39 2413.33 0.67782 0.184342 -0.000156968 0.11976 0.000139998
0.00110723 1187.5 2422.19 0.674822 0.182308 -0.000153523 0.121597 0.000140338
0.00114676 1201.02 2431.3 0.671568 0.180255 -0.000150085 0.123497 0.000140679
0.0011911 1214.9 2440.59 0.668059 0.178196 -0.000146676 0.125452 0.000141017
0.00124081 1229.06 2450.03 0.664303 0.176143 -0.000143316 0.127451 0.00014135
0.00129656 1243.41 2459.53 0.660314 0.17411 -0.000140026 0.129482 0.000141677
0.00135908 1257.88 2469.06 0.656111 0.172107 -0.000136824 0.131534 0.000141995
0.00142919 1272.37 2478.53 0.651717 0.170148 -0.000133726 0.133593 0.000142302
0.00150781 1286.78 2487.89 0.647162 0.168241 -0.000130746 0.135647 0.000142597
0.00159598 1301.04 2497.09 0.642477 0.166397 -0.000127895 0.137683 0.000142879
0.00169485 1315.06 2506.06 0.637698 0.164624 -0.000125184 0.139687 0.000143146
0.00180572 1328.75 2514.76 0.632864 0.162927 -0.000122617 0.141649 0.000143398
0.00193005 1342.05 2523.15 0.628013 0.161313 -0.000120198 0.143558 0.000143634
0.00206947 1354.89 2531.18 0.623184 0.159784 -0.000117931 0.145404 0.000143855
0.00222582 1367.22 2538.83 0.618412 0.158343 -0.000115814 0.147179 0.00014406
0.00240114 1378.99 2546.08 0.613733 0.156991 -0.000113845 0.148875 0.000144249
0.00259776 1390.18 2552.92 0.609177 0.155729 -0.000112021 0.150489 0.000144423
0.00281824 1400.74 2559.34 0.604772 0.154554 -0.000110337 0.152016 0.000144583
0.00306548 1410.68 2565.32 0.600541 0.153465 -0.000108788 0.153454 0.000144729
0.00334275 1419.98 2570.89 0.596503 0.15246 -0.000107367 0.154801 0.000144863
0.00365367 1428.65 2576.05 0.592672 0.151534 -0.000106068 0.156057 0.000144984
0.00400233 1436.7 2580.8 0.589058 0.150686 -0.000104883 0.157225 0.000145093
0.00439333 1444.14 2585.17 0.585668 0.149909 -0.000103805 0.158304 0.000145192
0.00483178 1450.99 2589.17 0.582505 0.149202 -0.000102828 0.159299 0.000145282
0.00532347 1457.27 2592.82 0.579568 0.148559 -0.000101943 0.160212 0.000145362
0.00587484 1463.01 2596.14 0.576856 0.147976 -0.000101145 0.161046 0.000145434
0.00649315 1468.23 2599.14 0.574364 0.14745 -0.000100427 0.161805 0.000145499
0.00718653 1472.95 2601.85 0.572088 0.146977 -9.97839e-05 0.162493 0.000145557
0.00796407 1477.21 2604.29 0.570019 0.146553 -9.92093e-05 0.163113 0.000145608
0.00883601 1481.03 2606.46 0.568153 0.146176 -9.86986e-05 0.163669 0.000145653
0.0098138 1484.43 2608.38 0.566481 0.145841 -9.82474e-05 0.164164 0.000145693
0.0109103 1487.42 2610.08 0.564997 0.145547 -9.78517e-05 0.164601 0.000145728
0.0121399 1490.04 2611.56 0.563695 0.145291 -9.75081e-05 0.164982 0.000145758
0.0135188 1492.3 2612.83 0.562568 0.145072 -9.72135e-05 0.165311 0.000145784
0.015065 1494.21 2613.9 0.56161 0.144886 -9.69649e-05 0.16559 0.000145806
0.016799 1495.79 2614.79 0.560814 0.144733 -9.67596e-05 0.165821 0.000145824
0.0187435 1497.07 2615.51 0.56017 0.144609 -9.65948e-05 0.166007 0.000145838
0.020924 1498.06 2616.06 0.55967 0.144514 -9.6467e-05 0.166152 0.000145849
0.0233692 1498.8 2616.47 0.559299 0.144443 -9.63726e-05 0.166259 0.000145857
0.0261113 1499.31 2616.76 0.55904 0.144394 -9.63068e-05 0.166333 0.000145863
0.0291863 1499.64 2616.94 0.558873 0.144362 -9.62644e-05 0.166381 0.000145867
0.0326345 1499.83 2617.05 0.558775 0.144343 -9.62395e-05 0.16641 0.000145869
0.0365014 1499.93 2617.11 0.558724 0.144333 -9.62267e-05 0.166424 0.00014587
0.0408377 1499.98 2617.13 0.558701 0.144329 -9.62209e-05 0.166431 0.00014587
0.0457004 1499.99 2617.14 0.558692 0.144327 -9.62187e-05 0.166433 0.000145871
0.0511534 1500 2617.15 0.55869 0.144327 -9.62181e-05 0.166434 0.000145871
0.0572684 1500 2617.15 0.558689 0.144327 -9.62179e-05 0.166434 0.000145871
0.0641258 1500 2617.15 0.558689 0.144327 -9.62179e-05 0.166434 0.000145871
0.0718156 1500 2617.15 0.558689 0.144327 -9.62179e-05 0.166434 0.000145871
0.080439 1500 2617.15 0.558689 0.144327 -9.62179e-05 0.166434 0.000145871
0.0901092 1500 2617.15 0.558689 0.144327 -9.62179e-05 0.166434 0.000145871
0.100953 1500 2617.15 0.558689 0.144327 -9.62179e-05 0.166434 0.000145871
0.113114 1500 2617.15 0.558689 0.144327 -9.62179e-05 0.166434 0.000145871
0.126751 1500 2617.15 0.558689 0.144327 -9.62179e-05 0.166434 0.000145871
0.142043 1500 2617.15 0.558689 0.144327 -9.62179e-05 0.166434 0.000145871
0.159192 1500 2617.15 0.558689 0.144327 -9.62179e-05 0.166434 0.000145871
0.178422 1500 2617.15 0.558689 0.144327 -9.62179e-05 0.166434 0.000145871
0.199988 1500 2617.15 0.558689 0.144327 -9.62179e-05 0.166434 0.000145871
