TITLE="Graphics"
VARIABLES= "rj, m", "T, K", "Cp, J/kg*K", "DfCp, J/kg*K^2", "rho, kg/m^3", "Dfrho, kg/m^3*K", "Lambda, Watt/m*K", "DfLambda, Watt/m*K^2"
0 300.544 4185.81 -0.641079 980 0 0.610921 0
1.25e-05 300.544 4185.81 -0.641079 980 0 0.610921 0
3.75e-05 303.828 4183.97 -0.482702 980 0 0.616341 0
6.25e-05 304.72 4183.56 -0.441899 980 0 0.617783 0
8.75e-05 305.229 4183.34 -0.419031 980 0 0.618599 0
0.0001125 305.65 4183.17 -0.400343 980 0 0.61927 0
0.0001375 306.068 4183.01 -0.381965 980 0 0.619933 0
0.0001625 306.517 4182.84 -0.362415 980 0 0.620642 0
0.0001875 307.015 4182.66 -0.341032 980 0 0.621422 0
0.0002125 307.569 4182.48 -0.3175 980 0 0.622286 0
0.0002375 308.187 4182.29 -0.291682 980 0 0.623239 0
0.0002625 308.871 4182.1 -0.263541 980 0 0.624285 0
0.0002875 309.623 4181.92 -0.233104 980 0 0.625425 0
0.0003125 310.447 4181.74 -0.200451 980 0 0.626656 0
0.0003375 311.342 4181.57 -0.165693 980 0 0.627976 0
0.0003625 312.309 4181.43 -0.128975 980 0 0.629382 0
0.0003875 313.348 4181.32 -0.0904621 980 0 0.630867 0
0.0004125 314.459 4181.24 -0.0503378 980 0 0.632426 0
0.0004375 315.641 4181.2 -0.00879822 980 0 0.634052 0
0.0004625 316.893 4181.22 0.0339535 980 0 0.635736 0
0.0004875 318.213 4181.29 0.0777117 980 0 0.637473 0
0.0005125 382.737 1895.6 0.443823 0.565638 -0.00147788 0.0249557 8.41788e-05
0.0005375 539.781 1980.15 0.605919 0.401071 -0.000743026 0.0398328 0.000104002
0.0005625 638.328 2042.44 0.654204 0.339152 -0.000531313 0.0505517 0.000113206
0.0005875 712.045 2091.58 0.677607 0.30404 -0.000426996 0.0591129 0.000118918
0.0006125 771.097 2132 0.690559 0.280756 -0.0003641 0.0662551 0.000122892
0.0006375 820.251 2166.14 0.697989 0.263932 -0.00032177 0.0723695 0.000125844
0.0006625 862.202 2195.51 0.702139 0.25109 -0.000291219 0.0776976 0.000128133
0.0006875 898.652 2221.15 0.704204 0.240906 -0.000268075 0.0824018 0.000129964
0.0007125 930.751 2243.76 0.704885 0.232597 -0.000249903 0.0865979 0.000131463
0.0007375 959.323 2263.9 0.704621 0.22567 -0.000235239 0.090372 0.000132714
0.0007625 984.976 2281.97 0.703703 0.219793 -0.000223145 0.0937902 0.000133774
0.0007875 1008.18 2298.28 0.702327 0.214735 -0.000212993 0.0969044 0.000134683
0.0008125 1029.29 2313.09 0.700629 0.210331 -0.000204346 0.099756 0.000135471
0.0008375 1048.6 2326.6 0.69871 0.206457 -0.000196888 0.102379 0.000136162
0.0008625 1066.35 2338.98 0.696639 0.20302 -0.000190389 0.104801 0.000136771
0.0008875 1082.73 2350.38 0.69447 0.199949 -0.000184672 0.107046 0.000137312
0.0009125 1097.9 2360.9 0.692241 0.197186 -0.000179603 0.109133 0.000137796
0.0009375 1112 2370.64 0.689981 0.194686 -0.000175077 0.111079 0.000138231
0.0009625 1125.14 2379.69 0.687711 0.192412 -0.000171011 0.112898 0.000138624
0.0009875 1137.43 2388.13 0.685449 0.190334 -0.000167337 0.114603 0.000138982
0.0010125 1148.94 2396.01 0.683205 0.188427 -0.000164001 0.116205 0.000139308
0.00104053 1161.01 2404.24 0.680723 0.186467 -0.000160607 0.117889 0.00013964
0.00107197 1173.62 2412.81 0.677993 0.184464 -0.000157176 0.119652 0.000139978
0.00110723 1186.7 2421.66 0.675008 0.18243 -0.000153728 0.121485 0.000140318
0.00114676 1200.21 2430.75 0.671767 0.180377 -0.000150288 0.123383 0.000140659
0.0011911 1214.07 2440.04 0.668272 0.178317 -0.000146876 0.125335 0.000140997
0.00124081 1228.21 2449.47 0.664532 0.176264 -0.000143513 0.127331 0.00014133
0.00129656 1242.55 2458.96 0.660559 0.17423 -0.00014022 0.12936 0.000141658
0.00135908 1257 2468.48 0.656372 0.172228 -0.000137015 0.131409 0.000141976
0.00142919 1271.47 2477.94 0.651995 0.170268 -0.000133914 0.133466 0.000142284
0.00150781 1285.87 2487.3 0.647456 0.168361 -0.000130932 0.135517 0.000142579
0.00159598 1300.11 2496.49 0.642788 0.166517 -0.000128079 0.13755 0.000142861
0.00169485 1314.11 2505.46 0.638027 0.164743 -0.000125364 0.139552 0.000143128
0.00180572 1327.79 2514.15 0.63321 0.163045 -0.000122795 0.141511 0.000143381
0.00193005 1341.08 2522.53 0.628376 0.16143 -0.000120374 0.143417 0.000143617
0.00206947 1353.9 2530.56 0.623562 0.159901 -0.000118104 0.145261 0.000143838
0.00222582 1366.22 2538.21 0.618806 0.15846 -0.000115984 0.147034 0.000144043
0.00240114 1377.98 2545.46 0.614142 0.157107 -0.000114013 0.148729 0.000144233
0.00259776 1389.15 2552.29 0.609601 0.155844 -0.000112187 0.150341 0.000144407
0.00281824 1399.7 2558.71 0.60521 0.154669 -0.000110501 0.151866 0.000144568
0.00306548 1409.63 2564.69 0.600991 0.153579 -0.00010895 0.153302 0.000144714
0.00334275 1418.93 2570.26 0.596965 0.152573 -0.000107527 0.154648 0.000144848
0.00365367 1427.59 2575.42 0.593144 0.151647 -0.000106226 0.155904 0.000144969
0.00400233 1435.64 2580.18 0.58954 0.150797 -0.000105039 0.15707 0.000145079
0.00439333 1443.07 2584.55 0.586157 0.15002 -0.000103959 0.15815 0.000145178
0.00483178 1449.92 2588.55 0.583 0.149311 -0.000102979 0.159144 0.000145268
0.00532347 1456.21 2592.21 0.580067 0.148667 -0.000102092 0.160057 0.000145349
0.00587484 1461.95 2595.53 0.577357 0.148083 -0.000101291 0.160893 0.000145421
0.00649315 1467.18 2598.54 0.574864 0.147555 -0.00010057 0.161654 0.000145486
0.00718653 1471.93 2601.27 0.572583 0.147079 -9.9923e-05 0.162344 0.000145544
0.00796407 1476.21 2603.71 0.570508 0.146653 -9.93441e-05 0.162967 0.000145596
0.00883601 1480.06 2605.9 0.56863 0.146272 -9.88285e-05 0.163527 0.000145642
0.0098138 1483.49 2607.85 0.566942 0.145933 -9.83714e-05 0.164028 0.000145682
0.0109103 1486.54 2609.58 0.565438 0.145634 -9.79688e-05 0.164471 0.000145718
0.0121399 1489.21 2611.09 0.56411 0.145373 -9.76172e-05 0.164861 0.000145748
0.0135188 1491.53 2612.4 0.562951 0.145146 -9.73133e-05 0.1652 0.000145775
0.015065 1493.52 2613.52 0.561955 0.144953 -9.70543e-05 0.16549 0.000145798
0.016799 1495.19 2614.46 0.561116 0.144791 -9.68375e-05 0.165733 0.000145817
0.0187435 1496.56 2615.22 0.560426 0.144658 -9.66603e-05 0.165933 0.000145832
0.020924 1497.65 2615.83 0.559877 0.144553 -9.65199e-05 0.166092 0.000145844
0.0233692 1498.48 2616.3 0.559458 0.144473 -9.64129e-05 0.166213 0.000145854
0.0261113 1499.08 2616.63 0.559153 0.144415 -9.63355e-05 0.166301 0.00014586
0.0291863 1499.49 2616.86 0.558947 0.144376 -9.62832e-05 0.16636 0.000145865
0.0326345 1499.75 2617 0.558818 0.144351 -9.62506e-05 0.166397 0.000145868
0.0365014 1499.89 2617.08 0.558746 0.144338 -9.62323e-05 0.166418 0.000145869
0.0408377 1499.96 2617.12 0.558711 0.144331 -9.62234e-05 0.166428 0.00014587
0.0457004 1499.99 2617.14 0.558696 0.144328 -9.62196e-05 0.166432 0.000145871
0.0511534 1500 2617.14 0.558691 0.144327 -9.62183e-05 0.166434 0.000145871
0.0572684 1500 2617.15 0.558689 0.144327 -9.6218e-05 0.166434 0.000145871
0.0641258 1500 2617.15 0.558689 0.144327 -9.62179e-05 0.166434 0.000145871
0.0718156 1500 2617.15 0.558689 0.144327 -9.62179e-05 0.166434 0.000145871
0.080439 1500 2617.15 0.558689 0.144327 -9.62179e-05 0.166434 0.000145871
0.0901092 1500 2617.15 0.558689 0.144327 -9.62179e-05 0.166434 0.000145871
0.100953 1500 2617.15 0.558689 0.144327 -9.62179e-05 0.166434 0.000145871
0.113114 1500 2617.15 0.558689 0.144327 -9.62179e-05 0.166434 0.000145871
0.126751 1500 2617.15 0.558689 0.144327 -9.62179e-05 0.166434 0.000145871
0.142043 1500 2617.15 0.558689 0.144327 -9.62179e-05 0.166434 0.000145871
0.159192 1500 2617.15 0.558689 0.144327 -9.62179e-05 0.166434 0.000145871
0.178422 1500 2617.15 0.558689 0.144327 -9.62179e-05 0.166434 0.000145871
0.199988 1500 2617.15 0.558689 0.144327 -9.62179e-05 0.166434 0.000145871
