TITLE="Graphics"
VARIABLES= "rj, m", "T, K", "Cp, J/kg*K", "DfCp, J/kg*K^2", "rho, kg/m^3", "Dfrho, kg/m^3*K", "Lambda, Watt/m*K", "DfLambda, Watt/m*K^2"
0 303.566 4184.1 -0.49487 980 0 0.615914 0
1.25e-05 303.566 4184.1 -0.49487 980 0 0.615914 0
3.75e-05 324.881 4182.5 0.279904 980 0 0.645617 0
6.25e-05 330.136 4184.35 0.420218 980 0 0.651334 0
8.75e-05 332.567 4185.44 0.480404 980 0 0.653782 0
0.0001125 334.061 4186.19 0.516072 980 0 0.655225 0
0.0001375 335.157 4186.77 0.541671 980 0 0.656257 0
0.0001625 336.068 4187.27 0.562589 980 0 0.657096 0
0.0001875 336.894 4187.74 0.581275 980 0 0.657843 0
0.0002125 337.687 4188.21 0.598991 980 0 0.658547 0
0.0002375 338.478 4188.69 0.616444 980 0 0.659238 0
0.0002625 339.285 4189.2 0.63405 980 0 0.659931 0
0.0002875 340.121 4189.74 0.652066 980 0 0.660635 0
0.0003125 340.995 4190.31 0.67065 980 0 0.661357 0
0.0003375 341.911 4190.94 0.689902 980 0 0.662099 0
0.0003625 342.873 4191.61 0.709881 980 0 0.662861 0
0.0003875 343.884 4192.34 0.730622 980 0 0.663645 0
0.0004125 344.947 4193.13 0.752143 980 0 0.664448 0
0.0004375 346.062 4193.98 0.774453 980 0 0.665269 0
0.0004625 347.231 4194.9 0.797555 980 0 0.666106 0
0.0004875 348.454 4195.89 0.821446 980 0 0.666956 0
0.0005125 406.852 1906.77 0.481247 0.53211 -0.00130787 0.0270294 8.77612e-05
0.0005375 551.9 1987.54 0.613218 0.392264 -0.000710751 0.0411008 0.000105244
0.0005625 646.22 2047.61 0.657149 0.33501 -0.000518414 0.0514478 0.000113861
0.0005875 717.535 2095.3 0.679011 0.301714 -0.000420487 0.0597669 0.000119309
0.0006125 774.969 2134.67 0.69125 0.279353 -0.00036047 0.0667314 0.000123136
0.0006375 822.931 2168.01 0.698313 0.263072 -0.000319677 0.072707 0.000125997
0.0006625 863.954 2196.74 0.70227 0.250581 -0.00029004 0.0779221 0.000128224
0.0006875 899.652 2221.85 0.704241 0.240638 -0.000267479 0.0825317 0.000130012
0.0007125 931.126 2244.03 0.704887 0.232504 -0.000249702 0.0866471 0.00013148
0.0007375 959.166 2263.79 0.704625 0.225707 -0.000235315 0.0903513 0.000132707
0.0007625 984.361 2281.53 0.703733 0.21993 -0.000223424 0.093708 0.000133749
0.0007875 1007.16 2297.56 0.702398 0.214951 -0.000213423 0.0967676 0.000134644
0.0008125 1027.92 2312.13 0.700752 0.210611 -0.000204891 0.0995704 0.000135421
0.0008375 1046.91 2325.42 0.698891 0.206789 -0.000197523 0.102149 0.000136102
0.0008625 1064.38 2337.61 0.696884 0.203396 -0.000191094 0.104532 0.000136704
0.0008875 1080.5 2348.83 0.69478 0.200361 -0.000185434 0.10674 0.000137239
0.0009125 1095.44 2359.19 0.692617 0.197629 -0.000180411 0.108794 0.000137718
0.0009375 1109.32 2368.79 0.690424 0.195156 -0.000175923 0.110709 0.000138149
0.0009625 1122.27 2377.72 0.688221 0.192904 -0.000171888 0.1125 0.000138539
0.0009875 1134.37 2386.03 0.686025 0.190846 -0.00016824 0.114179 0.000138894
0.0010125 1145.71 2393.8 0.683846 0.188957 -0.000164926 0.115756 0.000139217
0.00104053 1157.61 2401.93 0.681435 0.187015 -0.000161552 0.117415 0.000139548
0.00107197 1170.04 2410.38 0.678783 0.185029 -0.000158139 0.119151 0.000139883
0.00110723 1182.94 2419.11 0.675882 0.183011 -0.000154709 0.120957 0.000140221
0.00114676 1196.26 2428.1 0.672733 0.180973 -0.000151283 0.122827 0.00014056
0.0011911 1209.93 2437.27 0.669335 0.178928 -0.000147884 0.124751 0.000140897
0.00124081 1223.87 2446.58 0.665698 0.176889 -0.000144532 0.126718 0.000141229
0.00129656 1238.02 2455.97 0.661834 0.174868 -0.000141249 0.128718 0.000141555
0.00135908 1252.27 2465.37 0.657761 0.172878 -0.000138051 0.130739 0.000141873
0.00142919 1266.55 2474.74 0.653502 0.170929 -0.000134956 0.132767 0.00014218
0.00150781 1280.77 2483.99 0.649085 0.169032 -0.000131977 0.13479 0.000142476
0.00159598 1294.83 2493.09 0.644541 0.167196 -0.000129126 0.136795 0.000142758
0.00169485 1308.65 2501.97 0.639905 0.16543 -0.000126413 0.13877 0.000143025
0.00180572 1322.16 2510.58 0.635213 0.16374 -0.000123843 0.140704 0.000143278
0.00193005 1335.28 2518.88 0.630504 0.162131 -0.000121421 0.142585 0.000143515
0.00206947 1347.95 2526.84 0.625814 0.160607 -0.000119149 0.144405 0.000143737
0.00222582 1360.12 2534.43 0.621178 0.15917 -0.000117027 0.146155 0.000143943
0.00240114 1371.74 2541.62 0.616631 0.157822 -0.000115052 0.147829 0.000144133
0.00259776 1382.78 2548.41 0.612201 0.156561 -0.000113222 0.149422 0.000144309
0.00281824 1393.22 2554.78 0.607916 0.155388 -0.000111531 0.15093 0.00014447
0.00306548 1403.05 2560.73 0.603798 0.1543 -0.000109975 0.152349 0.000144617
0.00334275 1412.25 2566.27 0.599865 0.153295 -0.000108546 0.153681 0.000144752
0.00365367 1420.83 2571.4 0.59613 0.152368 -0.000107239 0.154924 0.000144875
0.00400233 1428.81 2576.14 0.592602 0.151518 -0.000106045 0.15608 0.000144986
0.00439333 1436.19 2580.5 0.589287 0.150739 -0.000104957 0.157151 0.000145086
0.00483178 1443.01 2584.51 0.586188 0.150027 -0.000103968 0.15814 0.000145177
0.00532347 1449.27 2588.17 0.583303 0.149379 -0.000103072 0.159049 0.000145259
0.00587484 1455.01 2591.51 0.580628 0.148789 -0.00010226 0.159884 0.000145333
0.00649315 1460.26 2594.55 0.578158 0.148255 -0.000101526 0.160647 0.0001454
0.00718653 1465.05 2597.31 0.575886 0.14777 -0.000100864 0.161342 0.00014546
0.00796407 1469.4 2599.82 0.573803 0.147333 -0.000100268 0.161975 0.000145513
0.00883601 1473.34 2602.08 0.571899 0.146938 -9.97311e-05 0.16255 0.000145561
0.0098138 1476.91 2604.11 0.570166 0.146583 -9.92496e-05 0.163069 0.000145604
0.0109103 1480.13 2605.95 0.568592 0.146264 -9.88182e-05 0.163538 0.000145642
0.0121399 1483.03 2607.59 0.56717 0.145978 -9.84326e-05 0.16396 0.000145677
0.0135188 1485.63 2609.06 0.565888 0.145723 -9.80887e-05 0.164339 0.000145707
0.015065 1487.95 2610.38 0.564738 0.145496 -9.77832e-05 0.164677 0.000145734
0.016799 1490.01 2611.54 0.563712 0.145295 -9.75127e-05 0.164977 0.000145758
0.0187435 1491.83 2612.56 0.562803 0.145117 -9.72747e-05 0.165243 0.000145779
0.020924 1493.43 2613.46 0.562003 0.144962 -9.70667e-05 0.165476 0.000145797
0.0233692 1494.81 2614.24 0.561307 0.144828 -9.68867e-05 0.165678 0.000145812
0.0261113 1496 2614.91 0.560708 0.144712 -9.67326e-05 0.165851 0.000145826
0.0291863 1497.01 2615.47 0.560203 0.144615 -9.66031e-05 0.165998 0.000145837
0.0326345 1497.83 2615.94 0.559785 0.144536 -9.64964e-05 0.166118 0.000145846
0.0365014 1498.5 2616.31 0.55945 0.144472 -9.64109e-05 0.166215 0.000145854
0.0408377 1499.01 2616.59 0.55919 0.144422 -9.63449e-05 0.16629 0.00014586
0.0457004 1499.39 2616.8 0.558999 0.144386 -9.62963e-05 0.166345 0.000145864
0.0511534 1499.65 2616.95 0.558866 0.14436 -9.62627e-05 0.166383 0.000145867
0.0572684 1499.82 2617.05 0.558781 0.144344 -9.62411e-05 0.166408 0.000145869
0.0641258 1499.92 2617.1 0.558731 0.144335 -9.62286e-05 0.166422 0.00014587
0.0718156 1499.97 2617.13 0.558706 0.14433 -9.62222e-05 0.166429 0.00014587
0.080439 1499.99 2617.14 0.558695 0.144328 -9.62193e-05 0.166433 0.000145871
0.0901092 1500 2617.14 0.558691 0.144327 -9.62183e-05 0.166434 0.000145871
0.100953 1500 2617.15 0.558689 0.144327 -9.6218e-05 0.166434 0.000145871
0.113114 1500 2617.15 0.558689 0.144327 -9.62179e-05 0.166434 0.000145871
0.126751 1500 2617.15 0.558689 0.144327 -9.62179e-05 0.166434 0.000145871
0.142043 1500 2617.15 0.558689 0.144327 -9.62179e-05 0.166434 0.000145871
0.159192 1500 2617.15 0.558689 0.144327 -9.62179e-05 0.166434 0.000145871
0.178422 1500 2617.15 0.558689 0.144327 -9.62179e-05 0.166434 0.000145871
0.199988 1500 2617.15 0.558689 0.144327 -9.62179e-05 0.166434 0.000145871
