TITLE="Graphics"
VARIABLES= "rj, m", "T, K", "Cp, J/kg*K", "DfCp, J/kg*K^2", "rho, kg/m^3", "Dfrho, kg/m^3*K", "Lambda, Watt/m*K", "DfLambda, Watt/m*K^2"
0 301.608 4185.16 -0.588328 980 0 0.612694 0
1.25e-05 301.608 4185.16 -0.588328 980 0 0.612694 0
3.75e-05 311.28 4181.58 -0.168078 980 0 0.627885 0
6.25e-05 313.742 4181.28 -0.076132 980 0 0.631422 0
8.75e-05 314.95 4181.22 -0.0329408 980 0 0.633105 0
0.0001125 315.769 4181.2 -0.00436698 980 0 0.634226 0
0.0001375 316.447 4181.21 0.0188636 980 0 0.63514 0
0.0001625 317.08 4181.23 0.0402516 980 0 0.635986 0
0.0001875 317.715 4181.26 0.0613756 980 0 0.636823 0
0.0002125 318.376 4181.31 0.0830215 980 0 0.637684 0
0.0002375 319.075 4181.37 0.105597 980 0 0.638585 0
0.0002625 319.823 4181.46 0.129311 980 0 0.639534 0
0.0002875 320.623 4181.57 0.154255 980 0 0.640535 0
0.0003125 321.478 4181.72 0.180451 980 0 0.641589 0
0.0003375 322.392 4181.9 0.207877 980 0 0.642697 0
0.0003625 323.365 4182.11 0.236483 980 0 0.643854 0
0.0003875 324.397 4182.37 0.266198 980 0 0.64506 0
0.0004125 325.49 4182.68 0.29694 980 0 0.64631 0
0.0004375 326.643 4183.04 0.328621 980 0 0.6476 0
0.0004625 327.856 4183.46 0.361151 980 0 0.648926 0
0.0004875 329.129 4183.94 0.394439 980 0 0.650284 0
0.0005125 391.184 1899.41 0.457757 0.553423 -0.00141474 0.0256722 8.5461e-05
0.0005375 543.514 1982.42 0.608216 0.398316 -0.000732853 0.0402218 0.000104388
0.0005625 640.414 2043.8 0.654993 0.338047 -0.000527857 0.0507881 0.00011338
0.0005875 713.183 2092.35 0.677902 0.303555 -0.000425634 0.0592484 0.000118999
0.0006125 771.589 2132.34 0.690648 0.280577 -0.000363636 0.0663156 0.000122923
0.0006375 820.261 2166.14 0.69799 0.263928 -0.000321762 0.0723708 0.000125845
0.0006625 861.833 2195.25 0.702111 0.251197 -0.000291469 0.0776503 0.000128114
0.0006875 897.973 2220.67 0.704178 0.241088 -0.00026848 0.0823136 0.000129931
0.0007125 929.813 2243.1 0.70488 0.232832 -0.000250407 0.0864746 0.000131421
0.0007375 958.163 2263.08 0.704648 0.225943 -0.000235809 0.0902181 0.000132665
0.0007625 983.623 2281.02 0.703767 0.220095 -0.000223759 0.0936093 0.000133719
0.0007875 1006.65 2297.21 0.702433 0.215059 -0.000213638 0.0966994 0.000134625
0.0008125 1027.61 2311.92 0.700779 0.210673 -0.000205012 0.0995295 0.00013541
0.0008375 1046.79 2325.34 0.698904 0.206813 -0.000197569 0.102133 0.000136098
0.0008625 1064.42 2337.64 0.696879 0.203388 -0.000191079 0.104537 0.000136705
0.0008875 1080.69 2348.96 0.694754 0.200326 -0.00018537 0.106766 0.000137245
0.0009125 1095.76 2359.41 0.692568 0.197571 -0.000180305 0.108838 0.000137728
0.0009375 1109.77 2369.1 0.690351 0.195078 -0.000175783 0.11077 0.000138163
0.0009625 1122.82 2378.1 0.688123 0.192809 -0.000171718 0.112577 0.000138556
0.0009875 1135.03 2386.48 0.685901 0.190736 -0.000168045 0.11427 0.000138913
0.0010125 1146.46 2394.32 0.683697 0.188833 -0.000164709 0.115861 0.000139238
0.00104053 1158.46 2402.51 0.681258 0.186877 -0.000161314 0.117533 0.000139571
0.00107197 1170.99 2411.02 0.678573 0.184878 -0.000157882 0.119284 0.000139908
0.00110723 1184 2419.83 0.675638 0.182847 -0.000154432 0.121106 0.000140249
0.00114676 1197.42 2428.88 0.67245 0.180797 -0.000150989 0.122991 0.000140589
0.0011911 1211.2 2438.12 0.669011 0.178741 -0.000147574 0.12493 0.000140928
0.00124081 1225.25 2447.5 0.665329 0.17669 -0.000144207 0.126913 0.000141262
0.00129656 1239.51 2456.95 0.661418 0.174659 -0.00014091 0.128929 0.000141589
0.00135908 1253.87 2466.42 0.657294 0.172658 -0.0001377 0.130965 0.000141908
0.00142919 1268.25 2475.85 0.652983 0.170699 -0.000134594 0.133009 0.000142216
0.00150781 1282.57 2485.16 0.648511 0.168794 -0.000131606 0.135047 0.000142512
0.00159598 1296.73 2494.32 0.643911 0.16695 -0.000128747 0.137067 0.000142795
0.00169485 1310.66 2503.25 0.639218 0.165177 -0.000126026 0.139057 0.000143063
0.00180572 1324.26 2511.91 0.634469 0.16348 -0.00012345 0.141005 0.000143316
0.00193005 1337.47 2520.26 0.629703 0.161865 -0.000121024 0.1429 0.000143554
0.00206947 1350.23 2528.27 0.624955 0.160336 -0.000118747 0.144733 0.000143776
0.00222582 1362.48 2535.89 0.620264 0.158894 -0.000116621 0.146495 0.000143982
0.00240114 1374.18 2543.12 0.615661 0.157541 -0.000114644 0.148181 0.000144172
0.00259776 1385.29 2549.94 0.611179 0.156277 -0.000112812 0.149785 0.000144348
0.00281824 1395.8 2556.34 0.606843 0.155101 -0.00011112 0.151302 0.000144509
0.00306548 1405.69 2562.32 0.602677 0.15401 -0.000109562 0.152731 0.000144656
0.00334275 1414.95 2567.88 0.598698 0.153002 -0.000108133 0.154071 0.000144791
0.00365367 1423.58 2573.04 0.594921 0.152074 -0.000106825 0.155322 0.000144913
0.00400233 1431.6 2577.79 0.591354 0.151222 -0.000105631 0.156485 0.000145024
0.00439333 1439.03 2582.17 0.588004 0.150442 -0.000104544 0.157562 0.000145124
0.00483178 1445.87 2586.19 0.584873 0.14973 -0.000103557 0.158556 0.000145215
0.00532347 1452.16 2589.85 0.58196 0.149081 -0.000102662 0.159469 0.000145297
0.00587484 1457.92 2593.2 0.579262 0.148492 -0.000101852 0.160307 0.00014537
0.00649315 1463.18 2596.24 0.576773 0.147958 -0.000101121 0.161071 0.000145437
0.00718653 1467.97 2599 0.574487 0.147476 -0.000100462 0.161768 0.000145496
0.00796407 1472.32 2601.49 0.572396 0.147041 -9.98704e-05 0.1624 0.000145549
0.00883601 1476.24 2603.73 0.570491 0.146649 -9.93394e-05 0.162972 0.000145596
0.0098138 1479.79 2605.75 0.568762 0.146298 -9.88646e-05 0.163488 0.000145638
0.0109103 1482.96 2607.56 0.567202 0.145985 -9.84414e-05 0.163951 0.000145676
0.0121399 1485.8 2609.16 0.565802 0.145706 -9.80658e-05 0.164364 0.000145709
0.0135188 1488.32 2610.59 0.564552 0.145459 -9.7734e-05 0.164731 0.000145738
0.015065 1490.54 2611.84 0.563447 0.145243 -9.7443e-05 0.165055 0.000145764
0.016799 1492.48 2612.93 0.562478 0.145054 -9.719e-05 0.165337 0.000145786
0.0187435 1494.15 2613.87 0.561639 0.144892 -9.69725e-05 0.165581 0.000145805
0.020924 1495.57 2614.67 0.560925 0.144754 -9.67883e-05 0.165789 0.000145821
0.0233692 1496.76 2615.33 0.560329 0.14464 -9.66354e-05 0.165961 0.000145834
0.0261113 1497.72 2615.87 0.559845 0.144547 -9.65117e-05 0.166101 0.000145845
0.0291863 1498.47 2616.29 0.559465 0.144474 -9.64148e-05 0.166211 0.000145854
0.0326345 1499.03 2616.6 0.55918 0.14442 -9.63423e-05 0.166293 0.00014586
0.0365014 1499.43 2616.83 0.558978 0.144382 -9.6291e-05 0.166351 0.000145864
0.0408377 1499.69 2616.98 0.558844 0.144356 -9.62571e-05 0.16639 0.000145867
0.0457004 1499.85 2617.06 0.558764 0.144341 -9.62368e-05 0.166413 0.000145869
0.0511534 1499.94 2617.11 0.55872 0.144333 -9.62258e-05 0.166425 0.00014587
0.0572684 1499.98 2617.13 0.5587 0.144329 -9.62207e-05 0.166431 0.00014587
0.0641258 1499.99 2617.14 0.558692 0.144327 -9.62187e-05 0.166433 0.000145871
0.0718156 1500 2617.15 0.55869 0.144327 -9.62181e-05 0.166434 0.000145871
0.080439 1500 2617.15 0.558689 0.144327 -9.62179e-05 0.166434 0.000145871
0.0901092 1500 2617.15 0.558689 0.144327 -9.62179e-05 0.166434 0.000145871
0.100953 1500 2617.15 0.558689 0.144327 -9.62179e-05 0.166434 0.000145871
0.113114 1500 2617.15 0.558689 0.144327 -9.62179e-05 0.166434 0.000145871
0.126751 1500 2617.15 0.558689 0.144327 -9.62179e-05 0.166434 0.000145871
0.142043 1500 2617.15 0.558689 0.144327 -9.62179e-05 0.166434 0.000145871
0.159192 1500 2617.15 0.558689 0.144327 -9.62179e-05 0.166434 0.000145871
0.178422 1500 2617.15 0.558689 0.144327 -9.62179e-05 0.166434 0.000145871
0.199988 1500 2617.15 0.558689 0.144327 -9.62179e-05 0.166434 0.000145871
