TITLE="Graphics"
VARIABLES= "rj, m", "T, K", "Cp, J/kg*K", "DfCp, J/kg*K^2", "rho, kg/m^3", "Dfrho, kg/m^3*K", "Lambda, Watt/m*K", "DfLambda, Watt/m*K^2"
0 302.096 4184.88 -0.564587 980 0 0.613502 0
1.25e-05 302.096 4184.88 -0.564587 980 0 0.613502 0
3.75e-05 314.684 4181.23 -0.042335 980 0 0.632738 0
6.25e-05 317.851 4181.27 0.0658509 980 0 0.637001 0
8.75e-05 319.368 4181.41 0.114933 980 0 0.638958 0
0.0001125 320.357 4181.53 0.14603 980 0 0.640204 0
0.0001375 321.14 4181.66 0.170163 980 0 0.641175 0
0.0001625 321.843 4181.79 0.191478 980 0 0.642034 0
0.0001875 322.526 4181.92 0.211853 980 0 0.642857 0
0.0002125 323.219 4182.08 0.232234 980 0 0.643682 0
0.0002375 323.94 4182.25 0.253133 980 0 0.64453 0
0.0002625 324.702 4182.45 0.274826 980 0 0.645411 0
0.0002875 325.509 4182.68 0.297461 980 0 0.646331 0
0.0003125 326.367 4182.95 0.321105 980 0 0.647294 0
0.0003375 327.279 4183.25 0.345775 980 0 0.648299 0
0.0003625 328.247 4183.6 0.371456 980 0 0.649347 0
0.0003875 329.271 4183.99 0.398112 980 0 0.650433 0
0.0004125 330.353 4184.44 0.425693 980 0 0.651557 0
0.0004375 331.493 4184.94 0.454142 980 0 0.652715 0
0.0004625 332.691 4185.5 0.483398 980 0 0.653903 0
0.0004875 333.947 4186.13 0.5134 980 0 0.655117 0
0.0005125 395.024 1901.18 0.463783 0.548044 -0.00138737 0.0260015 8.60339e-05
0.0005375 545.442 1983.59 0.609385 0.396908 -0.000727682 0.0404232 0.000104586
0.0005625 641.672 2044.62 0.655465 0.337385 -0.00052579 0.0509307 0.000113485
0.0005875 714.061 2092.94 0.678128 0.303182 -0.000424588 0.0593529 0.000119062
0.0006125 772.211 2132.77 0.69076 0.280351 -0.00036305 0.066392 0.000122963
0.0006375 820.695 2166.45 0.698043 0.263789 -0.000321421 0.0724254 0.00012587
0.0006625 862.121 2195.45 0.702133 0.251114 -0.000291274 0.0776871 0.000128129
0.0006875 898.142 2220.79 0.704184 0.241042 -0.000268379 0.0823355 0.000129939
0.0007125 929.883 2243.15 0.70488 0.232814 -0.00025037 0.0864838 0.000131424
0.0007375 958.149 2263.07 0.704648 0.225946 -0.000235815 0.0902163 0.000132664
0.0007625 983.537 2280.95 0.703772 0.220114 -0.000223798 0.0935978 0.000133716
0.0007875 1006.5 2297.1 0.702443 0.215091 -0.000213701 0.0966794 0.000134619
0.0008125 1027.41 2311.77 0.700797 0.210715 -0.000205094 0.0995017 0.000135403
0.0008375 1046.54 2325.16 0.698931 0.206864 -0.000197665 0.102098 0.000136089
0.0008625 1064.12 2337.43 0.696915 0.203446 -0.000191187 0.104496 0.000136695
0.0008875 1080.35 2348.72 0.694801 0.20039 -0.000185486 0.106719 0.000137234
0.0009125 1095.38 2359.15 0.692626 0.197639 -0.00018043 0.108786 0.000137717
0.0009375 1109.35 2368.82 0.690419 0.19515 -0.000175913 0.110713 0.00013815
0.0009625 1122.38 2377.8 0.688201 0.192885 -0.000171853 0.112516 0.000138543
0.0009875 1134.56 2386.16 0.685989 0.190815 -0.000168185 0.114205 0.000138899
0.0010125 1145.97 2393.98 0.683795 0.188915 -0.000164852 0.115791 0.000139224
0.00104053 1157.94 2402.15 0.681367 0.186962 -0.000161461 0.11746 0.000139557
0.00107197 1170.44 2410.65 0.678695 0.184965 -0.000158031 0.119207 0.000139894
0.00110723 1183.41 2419.44 0.675773 0.182937 -0.000154584 0.121024 0.000140234
0.00114676 1196.81 2428.47 0.672599 0.18089 -0.000151143 0.122905 0.000140574
0.0011911 1210.56 2437.69 0.669175 0.178835 -0.00014773 0.12484 0.000140912
0.00124081 1224.58 2447.05 0.66551 0.176787 -0.000144366 0.126818 0.000141246
0.00129656 1238.8 2456.49 0.661615 0.174758 -0.00014107 0.128829 0.000141573
0.00135908 1253.14 2465.94 0.657509 0.172759 -0.000137861 0.130861 0.000141892
0.00142919 1267.49 2475.35 0.653216 0.170802 -0.000134756 0.1329 0.0001422
0.00150781 1281.78 2484.65 0.648763 0.168898 -0.000131769 0.134934 0.000142496
0.00159598 1295.91 2493.79 0.644183 0.167056 -0.00012891 0.13695 0.000142779
0.00169485 1309.81 2502.71 0.639509 0.165284 -0.00012619 0.138935 0.000143047
0.00180572 1323.38 2511.36 0.63478 0.163589 -0.000123614 0.140879 0.0001433
0.00193005 1336.57 2519.69 0.630033 0.161975 -0.000121187 0.14277 0.000143538
0.00206947 1349.3 2527.69 0.625305 0.160446 -0.000118911 0.144599 0.00014376
0.00222582 1361.53 2535.3 0.620632 0.159005 -0.000116784 0.146358 0.000143966
0.00240114 1373.21 2542.53 0.616049 0.157653 -0.000114807 0.148041 0.000144157
0.00259776 1384.3 2549.34 0.611584 0.15639 -0.000112974 0.149641 0.000144332
0.00281824 1394.79 2555.73 0.607265 0.155214 -0.000111281 0.151156 0.000144494
0.00306548 1404.66 2561.7 0.603115 0.154123 -0.000109723 0.152582 0.000144641
0.00334275 1413.9 2567.26 0.599151 0.153116 -0.000108293 0.15392 0.000144776
0.00365367 1422.52 2572.41 0.595388 0.152188 -0.000106984 0.155169 0.000144898
0.00400233 1430.53 2577.16 0.591834 0.151335 -0.00010579 0.15633 0.000145009
0.00439333 1437.94 2581.53 0.588495 0.150555 -0.000104702 0.157405 0.00014511
0.00483178 1444.78 2585.55 0.585374 0.149843 -0.000103713 0.158397 0.000145201
0.00532347 1451.06 2589.22 0.58247 0.149194 -0.000102817 0.15931 0.000145283
0.00587484 1456.82 2592.56 0.579779 0.148604 -0.000102006 0.160147 0.000145356
0.00649315 1462.08 2595.61 0.577296 0.14807 -0.000101273 0.160911 0.000145423
0.00718653 1466.87 2598.37 0.575013 0.147586 -0.000100613 0.161608 0.000145482
0.00796407 1471.22 2600.86 0.572923 0.14715 -0.000100019 0.162241 0.000145536
0.00883601 1475.16 2603.12 0.571017 0.146757 -9.94853e-05 0.162815 0.000145583
0.0098138 1478.72 2605.14 0.569285 0.146404 -9.90076e-05 0.163332 0.000145626
0.0109103 1481.91 2606.96 0.567718 0.146088 -9.85808e-05 0.163798 0.000145664
0.0121399 1484.78 2608.58 0.566307 0.145806 -9.82008e-05 0.164215 0.000145697
0.0135188 1487.33 2610.03 0.565043 0.145556 -9.78639e-05 0.164587 0.000145727
0.015065 1489.6 2611.31 0.563918 0.145335 -9.75667e-05 0.164917 0.000145753
0.016799 1491.59 2612.43 0.562924 0.145141 -9.73063e-05 0.165207 0.000145776
0.0187435 1493.32 2613.41 0.562055 0.144972 -9.70802e-05 0.165461 0.000145796
0.020924 1494.82 2614.25 0.561304 0.144827 -9.6886e-05 0.165679 0.000145813
0.0233692 1496.09 2614.96 0.560666 0.144704 -9.67219e-05 0.165864 0.000145827
0.0261113 1497.14 2615.55 0.560135 0.144602 -9.65858e-05 0.166017 0.000145839
0.0291863 1497.99 2616.02 0.559705 0.14452 -9.64759e-05 0.166141 0.000145848
0.0326345 1498.66 2616.4 0.559368 0.144456 -9.63902e-05 0.166239 0.000145856
0.0365014 1499.16 2616.67 0.559117 0.144408 -9.63262e-05 0.166311 0.000145861
0.0408377 1499.51 2616.87 0.558939 0.144374 -9.62812e-05 0.166362 0.000145865
0.0457004 1499.74 2617 0.558822 0.144352 -9.62516e-05 0.166396 0.000145868
0.0511534 1499.87 2617.08 0.558753 0.144339 -9.6234e-05 0.166416 0.000145869
0.0572684 1499.95 2617.12 0.558716 0.144332 -9.62246e-05 0.166427 0.00014587
0.0641258 1499.98 2617.14 0.558698 0.144329 -9.62203e-05 0.166432 0.00014587
0.0718156 1499.99 2617.14 0.558692 0.144327 -9.62186e-05 0.166433 0.000145871
0.080439 1500 2617.15 0.55869 0.144327 -9.62181e-05 0.166434 0.000145871
0.0901092 1500 2617.15 0.558689 0.144327 -9.62179e-05 0.166434 0.000145871
0.100953 1500 2617.15 0.558689 0.144327 -9.62179e-05 0.166434 0.000145871
0.113114 1500 2617.15 0.558689 0.144327 -9.62179e-05 0.166434 0.000145871
0.126751 1500 2617.15 0.558689 0.144327 -9.62179e-05 0.166434 0.000145871
0.142043 1500 2617.15 0.558689 0.144327 -9.62179e-05 0.166434 0.000145871
0.159192 1500 2617.15 0.558689 0.144327 -9.62179e-05 0.166434 0.000145871
0.178422 1500 2617.15 0.558689 0.144327 -9.62179e-05 0.166434 0.000145871
0.199988 1500 2617.15 0.558689 0.144327 -9.62179e-05 0.166434 0.000145871
