TITLE="Graphics"
VARIABLES= "rj, m", "T, K", "Cp, J/kg*K", "DfCp, J/kg*K^2", "rho, kg/m^3", "Dfrho, kg/m^3*K", "Lambda, Watt/m*K", "DfLambda, Watt/m*K^2"
0 310.087 4181.81 -0.214647 980 0 0.626119 0
2.43902e-05 310.087 4181.81 -0.214647 980 0 0.626119 0
4.87805e-05 310.36 4181.76 -0.203873 980 0 0.626526 0
7.31707e-05 310.855 4181.66 -0.184519 980 0 0.62726 0
9.7561e-05 311.57 4181.54 -0.15696 980 0 0.62831 0
0.000121951 312.511 4181.41 -0.121416 980 0 0.629672 0
0.000146341 313.687 4181.29 -0.0781203 980 0 0.631345 0
0.000170732 315.108 4181.21 -0.0273812 980 0 0.633323 0
0.000195122 316.787 4181.22 0.030394 980 0 0.635596 0
0.000219512 318.736 4181.34 0.0946829 980 0 0.638149 0
0.000243902 320.967 4181.63 0.164849 980 0 0.640961 0
0.000268293 323.491 4182.14 0.240161 980 0 0.644004 0
0.000292683 326.32 4182.93 0.319823 980 0 0.647242 0
0.000317073 329.462 4184.07 0.403032 980 0 0.650634 0
0.000341463 332.925 4185.62 0.489041 980 0 0.654132 0
0.000365854 336.714 4187.64 0.577234 980 0 0.657681 0
0.000390244 340.832 4190.2 0.667207 980 0 0.661224 0
0.000414634 345.281 4193.38 0.758848 980 0 0.664696 0
0.000439024 350.059 4197.23 0.852405 980 0 0.668033 0
0.000463415 355.166 4201.83 0.948543 980 0 0.671172 0
0.000487805 360.596 4207.25 1.04839 980 0 0.674055 0
0.0005 363.357 4207.25 1.04839 980 0 0.674055 0
0.000512195 495.252 1953.84 0.574673 0.437132 -0.000882646 0.0353084 9.91284e-05
0.000536585 606.706 2021.95 0.641188 0.356829 -0.000588142 0.0470148 0.000110466
0.000560976 687.831 2075.25 0.670883 0.314743 -0.000457588 0.0562549 0.000117139
0.000585366 751.754 2118.68 0.686825 0.28798 -0.000383077 0.06389 0.000121645
0.000609756 804.379 2155.07 0.695902 0.26914 -0.000334593 0.0703794 0.000124924
0.000634146 848.937 2186.2 0.701036 0.255013 -0.000300391 0.0760026 0.000127431
0.000658537 887.419 2213.24 0.703716 0.243955 -0.000274904 0.080945 0.000129415
0.000682927 921.147 2236.99 0.704791 0.235023 -0.000255141 0.0853373 0.000131025
0.000707317 951.051 2258.07 0.704781 0.227633 -0.000239349 0.0892757 0.00013236
0.000731707 977.813 2276.93 0.704024 0.221402 -0.000226426 0.0928331 0.000133484
0.000756098 1001.95 2293.9 0.702746 0.216069 -0.000215649 0.0960666 0.000134443
0.000780488 1023.86 2309.28 0.701106 0.211445 -0.000206518 0.0990214 0.000135272
0.000804878 1043.86 2323.29 0.699213 0.207394 -0.00019868 0.101734 0.000135995
0.000829268 1062.21 2336.1 0.697148 0.203811 -0.000191875 0.104236 0.000136631
0.000853659 1079.11 2347.87 0.69497 0.200618 -0.00018591 0.10655 0.000137194
0.000878049 1094.75 2358.72 0.692721 0.197753 -0.000180638 0.108699 0.000137697
0.000902439 1109.26 2368.75 0.690434 0.195166 -0.000175943 0.1107 0.000138147
0.000926829 1122.77 2378.06 0.688133 0.192818 -0.000171735 0.112569 0.000138554
0.00095122 1135.38 2386.73 0.685835 0.190677 -0.000167941 0.114319 0.000138923
0.00097561 1147.18 2394.81 0.683555 0.188715 -0.000164503 0.115961 0.000139259
0.001 1158.26 2402.37 0.681301 0.18691 -0.000161372 0.117505 0.000139565
0.00102736 1169.9 2410.28 0.678813 0.18505 -0.000158176 0.119131 0.000139879
0.00105807 1182.07 2418.53 0.676082 0.183145 -0.000154935 0.120836 0.000140199
0.00109251 1194.73 2427.07 0.673102 0.181204 -0.00015167 0.122613 0.000140522
0.00113116 1207.82 2435.86 0.66987 0.179241 -0.0001484 0.124454 0.000140846
0.00117452 1221.27 2444.85 0.66639 0.177266 -0.000145149 0.126351 0.000141168
0.00122316 1235.02 2453.98 0.662668 0.175293 -0.000141935 0.128294 0.000141487
0.00127774 1248.98 2463.21 0.658717 0.173333 -0.000138779 0.130272 0.000141801
0.00133897 1263.08 2472.46 0.654556 0.171399 -0.0001357 0.132272 0.000142106
0.00140767 1277.21 2481.68 0.650207 0.169502 -0.000132713 0.134283 0.000142403
0.00148475 1291.3 2490.81 0.645698 0.167653 -0.000129833 0.136291 0.000142688
0.00157123 1305.25 2499.79 0.641061 0.165861 -0.000127073 0.138284 0.00014296
0.00166825 1318.98 2508.56 0.636332 0.164135 -0.000124441 0.140248 0.000143219
0.00177711 1332.41 2517.07 0.631547 0.162481 -0.000121945 0.142173 0.000143464
0.00189923 1345.46 2525.28 0.626745 0.160904 -0.00011959 0.144048 0.000143694
0.00203626 1358.08 2533.16 0.621963 0.159409 -0.000117378 0.145862 0.000143909
0.00218999 1370.21 2540.68 0.617238 0.157998 -0.00011531 0.147608 0.000144108
0.00236246 1381.79 2547.8 0.612603 0.156674 -0.000113384 0.149279 0.000144293
0.00255597 1392.8 2554.52 0.608091 0.155435 -0.000111599 0.150869 0.000144464
0.00277308 1403.21 2560.83 0.603728 0.154282 -0.000109949 0.152374 0.00014462
0.00301666 1413.01 2566.72 0.599537 0.153212 -0.00010843 0.153791 0.000144763
0.00328995 1422.18 2572.2 0.595538 0.152224 -0.000107036 0.155119 0.000144894
0.00359656 1430.73 2577.28 0.591744 0.151314 -0.00010576 0.156359 0.000145012
0.00394056 1438.67 2581.96 0.588167 0.15048 -0.000104597 0.15751 0.00014512
0.00432651 1446 2586.26 0.584813 0.149716 -0.000103538 0.158575 0.000145217
0.00475953 1452.75 2590.2 0.581684 0.149021 -0.000102578 0.159555 0.000145304
0.00524535 1458.94 2593.79 0.578783 0.148389 -0.00010171 0.160454 0.000145383
0.00579041 1464.58 2597.05 0.576106 0.147817 -0.000100928 0.161275 0.000145454
0.00640194 1469.71 2600 0.57365 0.147301 -0.000100224 0.162022 0.000145517
0.00708805 1474.35 2602.65 0.57141 0.146837 -9.95945e-05 0.162697 0.000145573
0.00785782 1478.52 2605.03 0.569379 0.146423 -9.90334e-05 0.163304 0.000145623
0.00872145 1482.25 2607.15 0.567553 0.146055 -9.8536e-05 0.163847 0.000145667
0.00969041 1485.56 2609.02 0.565923 0.14573 -9.80982e-05 0.164328 0.000145706
0.0107775 1488.46 2610.66 0.564485 0.145446 -9.77161e-05 0.164751 0.00014574
0.0119972 1490.97 2612.08 0.563231 0.145201 -9.73865e-05 0.165118 0.000145769
0.0133656 1493.12 2613.29 0.562155 0.144992 -9.71062e-05 0.165431 0.000145793
0.0149009 1494.92 2614.3 0.561251 0.144817 -9.68724e-05 0.165694 0.000145814
0.0166234 1496.39 2615.13 0.560512 0.144675 -9.66821e-05 0.165908 0.00014583
0.018556 1497.56 2615.78 0.559926 0.144562 -9.65322e-05 0.166078 0.000145843
0.0207242 1498.44 2616.27 0.559481 0.144478 -9.64189e-05 0.166206 0.000145853
0.0231568 1499.07 2616.62 0.559162 0.144417 -9.63378e-05 0.166298 0.00014586
0.0258861 1499.49 2616.86 0.558948 0.144376 -9.62835e-05 0.16636 0.000145865
0.0289482 1499.75 2617.01 0.558817 0.144351 -9.62503e-05 0.166397 0.000145868
0.0323837 1499.89 2617.09 0.558745 0.144337 -9.6232e-05 0.166418 0.000145869
0.0362382 1499.96 2617.12 0.55871 0.144331 -9.62231e-05 0.166428 0.00014587
0.0405626 1499.99 2617.14 0.558696 0.144328 -9.62195e-05 0.166432 0.000145871
0.0454145 1500 2617.14 0.558691 0.144327 -9.62183e-05 0.166434 0.000145871
0.0508579 1500 2617.15 0.558689 0.144327 -9.6218e-05 0.166434 0.000145871
0.0569652 1500 2617.15 0.558689 0.144327 -9.62179e-05 0.166434 0.000145871
0.0638172 1500 2617.15 0.558689 0.144327 -9.62179e-05 0.166434 0.000145871
0.0715049 1500 2617.15 0.558689 0.144327 -9.62179e-05 0.166434 0.000145871
0.0801299 1500 2617.15 0.558689 0.144327 -9.62179e-05 0.166434 0.000145871
0.0898068 1500 2617.15 0.558689 0.144327 -9.62179e-05 0.166434 0.000145871
0.100664 1500 2617.15 0.558689 0.144327 -9.62179e-05 0.166434 0.000145871
0.112844 1500 2617.15 0.558689 0.144327 -9.62179e-05 0.166434 0.000145871
0.126511 1500 2617.15 0.558689 0.144327 -9.62179e-05 0.166434 0.000145871
0.141843 1500 2617.15 0.558689 0.144327 -9.62179e-05 0.166434 0.000145871
0.159046 1500 2617.15 0.558689 0.144327 -9.62179e-05 0.166434 0.000145871
0.178346 1500 2617.15 0.558689 0.144327 -9.62179e-05 0.166434 0.000145871
0.2 1500 2617.15 0.558689 0.144327 -9.62179e-05 0.166434 0.000145871
