TITLE="Graphics"
VARIABLES= "rj, m", "T, K", "Cp, J/kg*K", "DfCp, J/kg*K^2", "rho, kg/m^3", "Dfrho, kg/m^3*K", "Lambda, Watt/m*K", "DfLambda, Watt/m*K^2"
0 300 4186.17 -0.668592 980 0 0.61001 0
2.43902e-05 310.53 4181.72 -0.197192 980 0 0.626779 0
4.87805e-05 311.931 4181.48 -0.143204 980 0 0.628836 0
7.31707e-05 312.834 4181.37 -0.109399 980 0 0.630135 0
9.7561e-05 313.773 4181.28 -0.0750022 980 0 0.631466 0
0.000121951 314.872 4181.22 -0.0357003 980 0 0.632997 0
0.000146341 316.179 4181.2 0.00973204 980 0 0.63478 0
0.000170732 317.72 4181.26 0.0615451 980 0 0.63683 0
0.000195122 319.514 4181.42 0.119556 980 0 0.639143 0
0.000219512 321.573 4181.73 0.183336 980 0 0.641706 0
0.000243902 323.912 4182.24 0.252302 980 0 0.644496 0
0.000268293 326.538 4183.01 0.325777 980 0 0.647484 0
0.000292683 329.463 4184.07 0.403051 980 0 0.650635 0
0.000317073 332.693 4185.5 0.483438 980 0 0.653905 0
0.000341463 336.233 4187.36 0.566347 980 0 0.657247 0
0.000365854 340.088 4189.71 0.651352 980 0 0.660607 0
0.000390244 344.26 4192.61 0.73826 980 0 0.663931 0
0.000414634 348.75 4196.13 0.827178 980 0 0.667158 0
0.000439024 353.556 4200.33 0.918565 980 0 0.670229 0
0.000463415 358.678 4205.27 1.01328 980 0 0.673088 0
0.000487805 364.112 4211.05 1.11262 980 0 0.675686 0
0.0005 366.874 4211.05 1.11262 980 0 0.675686 0
0.000512195 496.298 1954.44 0.575499 0.436211 -0.000878929 0.0354121 9.92487e-05
0.000536585 607.301 2022.33 0.641452 0.356479 -0.00058699 0.0470805 0.000110519
0.000560976 688.181 2075.49 0.670987 0.314583 -0.000457122 0.0562959 0.000117166
0.000585366 751.943 2118.81 0.686864 0.287908 -0.000382885 0.063913 0.000121657
0.000609756 804.45 2155.12 0.695912 0.269116 -0.000334534 0.0703883 0.000124928
0.000634146 848.918 2186.19 0.701034 0.255019 -0.000300405 0.0760001 0.00012743
0.000658537 887.327 2213.17 0.703711 0.24398 -0.000274961 0.080933 0.00012941
0.000682927 920.994 2236.89 0.704788 0.235062 -0.000255226 0.0853173 0.000131018
0.000707317 950.847 2257.93 0.704784 0.227682 -0.000239451 0.0892487 0.000132351
0.000731707 977.564 2276.75 0.704034 0.221459 -0.000226541 0.0927999 0.000133473
0.000756098 1001.66 2293.7 0.702765 0.216131 -0.000215773 0.0960279 0.000134432
0.000780488 1023.54 2309.06 0.701133 0.211512 -0.000206648 0.0989779 0.00013526
0.000804878 1043.51 2323.04 0.69925 0.207464 -0.000198814 0.101686 0.000135982
0.000829268 1061.83 2335.83 0.697194 0.203884 -0.000192012 0.104184 0.000136618
0.000853659 1078.71 2347.59 0.695025 0.200694 -0.00018605 0.106494 0.000137181
0.000878049 1094.32 2358.42 0.692786 0.197831 -0.000180779 0.10864 0.000137683
0.000902439 1108.81 2368.44 0.690508 0.195245 -0.000176085 0.110638 0.000138134
0.000926829 1122.3 2377.74 0.688215 0.192899 -0.000171878 0.112504 0.00013854
0.00095122 1134.89 2386.39 0.685926 0.190758 -0.000168085 0.114251 0.000138909
0.00097561 1146.68 2394.47 0.683654 0.188797 -0.000164647 0.115891 0.000139244
0.001 1157.74 2402.01 0.681408 0.186994 -0.000161516 0.117433 0.000139551
0.00102736 1169.37 2409.92 0.678929 0.185135 -0.00015832 0.119057 0.000139865
0.00105807 1181.52 2418.16 0.676208 0.18323 -0.000155079 0.120759 0.000140185
0.00109251 1194.16 2426.69 0.673238 0.18129 -0.000151814 0.122533 0.000140507
0.00113116 1207.24 2435.47 0.670017 0.179327 -0.000148544 0.124372 0.000140831
0.00117452 1220.67 2444.45 0.666549 0.177353 -0.000145291 0.126266 0.000141154
0.00122316 1234.4 2453.57 0.662839 0.17538 -0.000142077 0.128207 0.000141473
0.00127774 1248.35 2462.79 0.658901 0.173421 -0.000138921 0.130182 0.000141787
0.00133897 1262.42 2472.03 0.654753 0.171488 -0.00013584 0.13218 0.000142092
0.00140767 1276.54 2481.25 0.650417 0.169592 -0.000132853 0.134187 0.000142389
0.00148475 1290.61 2490.37 0.645922 0.167743 -0.000129972 0.136193 0.000142674
0.00157123 1304.54 2499.33 0.6413 0.165951 -0.00012721 0.138183 0.000142947
0.00166825 1318.26 2508.1 0.636585 0.164225 -0.000124577 0.140145 0.000143206
0.00177711 1331.67 2516.6 0.631814 0.162571 -0.00012208 0.142067 0.000143451
0.00189923 1344.71 2524.81 0.627026 0.160994 -0.000119724 0.14394 0.000143681
0.00203626 1357.32 2532.69 0.622257 0.159499 -0.000117511 0.145752 0.000143896
0.00218999 1369.43 2540.19 0.617545 0.158088 -0.000115441 0.147496 0.000144096
0.00236246 1381 2547.31 0.612923 0.156763 -0.000113514 0.149165 0.000144281
0.00255597 1392 2554.03 0.608423 0.155525 -0.000111727 0.150753 0.000144451
0.00277308 1402.4 2560.34 0.604071 0.154371 -0.000110076 0.152256 0.000144608
0.00301666 1412.19 2566.23 0.599891 0.153301 -0.000108556 0.153672 0.000144751
0.00328995 1421.36 2571.71 0.5959 0.152312 -0.00010716 0.155 0.000144882
0.00359656 1429.9 2576.79 0.592115 0.151402 -0.000105883 0.156238 0.000145001
0.00394056 1437.84 2581.47 0.588545 0.150567 -0.000104718 0.157389 0.000145108
0.00432651 1445.17 2585.77 0.585196 0.149803 -0.000103658 0.158454 0.000145206
0.00475953 1451.92 2589.72 0.582071 0.149106 -0.000102696 0.159435 0.000145294
0.00524535 1458.11 2593.31 0.579171 0.148473 -0.000101825 0.160334 0.000145373
0.00579041 1463.77 2596.58 0.576494 0.147899 -0.00010104 0.161157 0.000145444
0.00640194 1468.91 2599.54 0.574036 0.147381 -0.000100334 0.161905 0.000145507
0.00708805 1473.57 2602.2 0.57179 0.146916 -9.97007e-05 0.162582 0.000145564
0.00785782 1477.76 2604.6 0.569752 0.146499 -9.91356e-05 0.163193 0.000145614
0.00872145 1481.52 2606.73 0.567914 0.146127 -9.86337e-05 0.16374 0.000145659
0.00969041 1484.86 2608.63 0.566269 0.145799 -9.81906e-05 0.164226 0.000145698
0.0107775 1487.8 2610.29 0.564811 0.14551 -9.78024e-05 0.164655 0.000145732
0.0119972 1490.37 2611.74 0.563533 0.14526 -9.74657e-05 0.16503 0.000145762
0.0133656 1492.58 2612.98 0.56243 0.145045 -9.71775e-05 0.165351 0.000145787
0.0149009 1494.44 2614.03 0.561494 0.144864 -9.69349e-05 0.165624 0.000145808
0.0166234 1495.98 2614.9 0.560719 0.144714 -9.67352e-05 0.165848 0.000145826
0.018556 1497.22 2615.59 0.560095 0.144595 -9.65755e-05 0.166029 0.00014584
0.0207242 1498.18 2616.13 0.559613 0.144503 -9.64524e-05 0.166168 0.00014585
0.0231568 1498.88 2616.52 0.559258 0.144435 -9.63621e-05 0.16627 0.000145858
0.0258861 1499.36 2616.79 0.559012 0.144388 -9.62998e-05 0.166341 0.000145864
0.0289482 1499.67 2616.96 0.558856 0.144358 -9.62601e-05 0.166386 0.000145867
0.0323837 1499.85 2617.06 0.558765 0.144341 -9.62372e-05 0.166412 0.000145869
0.0362382 1499.94 2617.11 0.558719 0.144333 -9.62255e-05 0.166426 0.00014587
0.0405626 1499.98 2617.14 0.558699 0.144329 -9.62204e-05 0.166431 0.00014587
0.0454145 1499.99 2617.14 0.558692 0.144327 -9.62186e-05 0.166433 0.000145871
0.0508579 1500 2617.15 0.55869 0.144327 -9.6218e-05 0.166434 0.000145871
0.0569652 1500 2617.15 0.558689 0.144327 -9.62179e-05 0.166434 0.000145871
0.0638172 1500 2617.15 0.558689 0.144327 -9.62179e-05 0.166434 0.000145871
0.0715049 1500 2617.15 0.558689 0.144327 -9.62179e-05 0.166434 0.000145871
0.0801299 1500 2617.15 0.558689 0.144327 -9.62179e-05 0.166434 0.000145871
0.0898068 1500 2617.15 0.558689 0.144327 -9.62179e-05 0.166434 0.000145871
0.100664 1500 2617.15 0.558689 0.144327 -9.62179e-05 0.166434 0.000145871
0.112844 1500 2617.15 0.558689 0.144327 -9.62179e-05 0.166434 0.000145871
0.126511 1500 2617.15 0.558689 0.144327 -9.62179e-05 0.166434 0.000145871
0.141843 1500 2617.15 0.558689 0.144327 -9.62179e-05 0.166434 0.000145871
0.159046 1500 2617.15 0.558689 0.144327 -9.62179e-05 0.166434 0.000145871
0.178346 1500 2617.15 0.558689 0.144327 -9.62179e-05 0.166434 0.000145871
0.2 1500 2617.15 0.558689 0.144327 -9.62179e-05 0.166434 0.000145871
