TITLE="Graphics"
VARIABLES= "rj, m", "T, K", "Cp, J/kg*K", "DfCp, J/kg*K^2", "rho, kg/m^3", "Dfrho, kg/m^3*K", "Lambda, Watt/m*K", "DfLambda, Watt/m*K^2"
0 300.366 4185.93 -0.650027 980 0 0.610624 0
1.25e-05 300.366 4185.93 -0.650027 980 0 0.610624 0
3.75e-05 302.579 4184.61 -0.541404 980 0 0.614298 0
6.25e-05 303.199 4184.29 -0.51202 980 0 0.615316 0
8.75e-05 303.579 4184.09 -0.494265 980 0 0.615935 0
0.0001125 303.917 4183.93 -0.478586 980 0 0.616485 0
0.0001375 304.273 4183.76 -0.462253 980 0 0.617061 0
0.0001625 304.669 4183.58 -0.444196 980 0 0.617701 0
0.0001875 305.12 4183.39 -0.423916 980 0 0.618424 0
0.0002125 305.631 4183.18 -0.401161 980 0 0.61924 0
0.0002375 306.209 4182.95 -0.375805 980 0 0.620156 0
0.0002625 306.856 4182.72 -0.347806 980 0 0.621174 0
0.0002875 307.577 4182.48 -0.317182 980 0 0.622297 0
0.0003125 308.372 4182.24 -0.283996 980 0 0.623524 0
0.0003375 309.244 4182.01 -0.248357 980 0 0.624853 0
0.0003625 310.194 4181.79 -0.210411 980 0 0.626279 0
0.0003875 311.221 4181.59 -0.170337 980 0 0.627799 0
0.0004125 312.326 4181.43 -0.128342 980 0 0.629406 0
0.0004375 313.507 4181.3 -0.0846542 980 0 0.631092 0
0.0004625 314.764 4181.23 -0.0395177 980 0 0.632848 0
0.0004875 316.094 4181.2 0.00681652 980 0 0.634666 0
0.0005125 381.175 1894.91 0.44114 0.567955 -0.00149001 0.0248245 8.39384e-05
0.0005375 539.268 1979.84 0.6056 0.401452 -0.000744439 0.0397795 0.000103948
0.0005625 638.189 2042.34 0.654151 0.339226 -0.000531545 0.050536 0.000113194
0.0005875 712.126 2091.63 0.677628 0.304006 -0.000426898 0.0591226 0.000118924
0.0006125 771.332 2132.16 0.690602 0.280671 -0.000363878 0.066284 0.000122907
0.0006375 820.603 2166.38 0.698032 0.263819 -0.000321493 0.0724139 0.000125864
0.0006625 862.648 2195.82 0.702173 0.25096 -0.000290918 0.0777547 0.000128156
0.0006875 899.175 2221.51 0.704223 0.240766 -0.000267763 0.0824697 0.000129989
0.0007125 931.339 2244.18 0.704887 0.23245 -0.000249587 0.0866752 0.00013149
0.0007375 959.967 2264.36 0.704606 0.225518 -0.000234923 0.0904576 0.000132741
0.0007625 985.67 2282.46 0.703669 0.219638 -0.000222831 0.0938831 0.000133802
0.0007875 1008.91 2298.8 0.702274 0.214578 -0.000212682 0.0970038 0.000134711
0.0008125 1030.06 2313.63 0.700559 0.210172 -0.000204038 0.0998613 0.0001355
0.0008375 1049.41 2327.17 0.698621 0.206297 -0.000196584 0.10249 0.00013619
0.0008625 1067.19 2339.57 0.696534 0.20286 -0.000190088 0.104917 0.000136799
0.0008875 1083.6 2350.98 0.694348 0.199788 -0.000184374 0.107166 0.00013734
0.0009125 1098.8 2361.52 0.692102 0.197024 -0.000179309 0.109257 0.000137824
0.0009375 1112.92 2371.28 0.689826 0.194524 -0.000174786 0.111207 0.000138259
0.0009625 1126.09 2380.35 0.687542 0.19225 -0.000170723 0.11303 0.000138652
0.0009875 1138.39 2388.79 0.685265 0.190172 -0.000167053 0.114738 0.00013901
0.0010125 1149.92 2396.68 0.683007 0.188265 -0.00016372 0.116342 0.000139335
0.00104053 1162.02 2404.93 0.68051 0.186305 -0.000160329 0.11803 0.000139668
0.00107197 1174.65 2413.5 0.677763 0.184302 -0.0001569 0.119796 0.000140005
0.00110723 1187.75 2422.37 0.674761 0.182269 -0.000153456 0.121633 0.000140345
0.00114676 1201.28 2431.47 0.671502 0.180216 -0.000150019 0.123534 0.000140685
0.0011911 1215.17 2440.77 0.667989 0.178157 -0.000146611 0.12549 0.000141023
0.00124081 1229.33 2450.21 0.664228 0.176104 -0.000143252 0.12749 0.000141356
0.00129656 1243.69 2459.72 0.660234 0.17407 -0.000139962 0.129522 0.000141683
0.00135908 1258.17 2469.24 0.656026 0.172068 -0.000136761 0.131575 0.000142001
0.00142919 1272.66 2478.72 0.651627 0.170109 -0.000133664 0.133635 0.000142308
0.00150781 1287.08 2488.09 0.647066 0.168203 -0.000130685 0.13569 0.000142603
0.00159598 1301.35 2497.28 0.642375 0.166359 -0.000127836 0.137726 0.000142885
0.00169485 1315.37 2506.26 0.637591 0.164585 -0.000125125 0.139731 0.000143152
0.00180572 1329.07 2514.96 0.632752 0.162889 -0.000122559 0.141694 0.000143404
0.00193005 1342.37 2523.34 0.627896 0.161275 -0.000120142 0.143604 0.00014364
0.00206947 1355.22 2531.38 0.623061 0.159746 -0.000117875 0.14545 0.00014386
0.00222582 1367.55 2539.03 0.618284 0.158305 -0.000115758 0.147225 0.000144065
0.00240114 1379.32 2546.29 0.6136 0.156954 -0.00011379 0.148923 0.000144254
0.00259776 1390.51 2553.12 0.60904 0.155691 -0.000111967 0.150537 0.000144428
0.00281824 1401.08 2559.54 0.604631 0.154517 -0.000110284 0.152065 0.000144588
0.00306548 1411.02 2565.53 0.600396 0.153429 -0.000108736 0.153503 0.000144734
0.00334275 1420.32 2571.09 0.596354 0.152423 -0.000107316 0.15485 0.000144867
0.00365367 1428.99 2576.25 0.59252 0.151498 -0.000106018 0.156107 0.000144988
0.00400233 1437.04 2581 0.588904 0.15065 -0.000104833 0.157274 0.000145098
0.00439333 1444.48 2585.37 0.585513 0.149874 -0.000103757 0.158354 0.000145197
0.00483178 1451.33 2589.37 0.582348 0.149167 -0.00010278 0.159348 0.000145286
0.00532347 1457.6 2593.02 0.579411 0.148525 -0.000101896 0.16026 0.000145366
0.00587484 1463.34 2596.33 0.5767 0.147943 -0.0001011 0.161094 0.000145438
0.00649315 1468.55 2599.33 0.574209 0.147418 -0.000100383 0.161852 0.000145503
0.00718653 1473.27 2602.03 0.571935 0.146945 -9.97411e-05 0.162539 0.00014556
0.00796407 1477.52 2604.46 0.56987 0.146523 -9.91681e-05 0.163158 0.000145611
0.00883601 1481.32 2606.62 0.568008 0.146146 -9.86593e-05 0.163712 0.000145657
0.0098138 1484.71 2608.54 0.566342 0.145813 -9.82103e-05 0.164205 0.000145696
0.0109103 1487.69 2610.23 0.564866 0.145521 -9.78171e-05 0.164639 0.000145731
0.0121399 1490.29 2611.7 0.563573 0.145268 -9.74763e-05 0.165018 0.000145761
0.0135188 1492.52 2612.95 0.562457 0.14505 -9.71847e-05 0.165343 0.000145786
0.015065 1494.41 2614.01 0.561512 0.144867 -9.69395e-05 0.165618 0.000145808
0.016799 1495.96 2614.89 0.560729 0.144716 -9.67379e-05 0.165845 0.000145825
0.0187435 1497.21 2615.59 0.5601 0.144596 -9.65768e-05 0.166027 0.000145839
0.020924 1498.17 2616.12 0.559615 0.144503 -9.64529e-05 0.166168 0.00014585
0.0233692 1498.88 2616.52 0.559258 0.144435 -9.63621e-05 0.16627 0.000145858
0.0261113 1499.36 2616.79 0.559012 0.144388 -9.62996e-05 0.166341 0.000145864
0.0291863 1499.67 2616.96 0.558855 0.144358 -9.62598e-05 0.166387 0.000145867
0.0326345 1499.85 2617.06 0.558765 0.144341 -9.6237e-05 0.166412 0.000145869
0.0365014 1499.94 2617.11 0.558719 0.144332 -9.62254e-05 0.166426 0.00014587
0.0408377 1499.98 2617.14 0.558699 0.144329 -9.62204e-05 0.166431 0.00014587
0.0457004 1499.99 2617.14 0.558692 0.144327 -9.62186e-05 0.166433 0.000145871
0.0511534 1500 2617.15 0.55869 0.144327 -9.6218e-05 0.166434 0.000145871
0.0572684 1500 2617.15 0.558689 0.144327 -9.62179e-05 0.166434 0.000145871
0.0641258 1500 2617.15 0.558689 0.144327 -9.62179e-05 0.166434 0.000145871
0.0718156 1500 2617.15 0.558689 0.144327 -9.62179e-05 0.166434 0.000145871
0.080439 1500 2617.15 0.558689 0.144327 -9.62179e-05 0.166434 0.000145871
0.0901092 1500 2617.15 0.558689 0.144327 -9.62179e-05 0.166434 0.000145871
0.100953 1500 2617.15 0.558689 0.144327 -9.62179e-05 0.166434 0.000145871
0.113114 1500 2617.15 0.558689 0.144327 -9.62179e-05 0.166434 0.000145871
0.126751 1500 2617.15 0.558689 0.144327 -9.62179e-05 0.166434 0.000145871
0.142043 1500 2617.15 0.558689 0.144327 -9.62179e-05 0.166434 0.000145871
0.159192 1500 2617.15 0.558689 0.144327 -9.62179e-05 0.166434 0.000145871
0.178422 1500 2617.15 0.558689 0.144327 -9.62179e-05 0.166434 0.000145871
0.199988 1500 2617.15 0.558689 0.144327 -9.62179e-05 0.166434 0.000145871
