TITLE="Graphics"
VARIABLES= "rj, m", "T, K", "Cp, J/kg*K", "DfCp, J/kg*K^2", "rho, kg/m^3", "Dfrho, kg/m^3*K", "Lambda, Watt/m*K", "DfLambda, Watt/m*K^2"
0 302.572 4184.62 -0.541756 980 0 0.614286 0
1.25e-05 302.572 4184.62 -0.541756 980 0 0.614286 0
3.75e-05 317.99 4181.28 0.0704169 980 0 0.637182 0
6.25e-05 321.837 4181.78 0.191284 980 0 0.642026 0
8.75e-05 323.652 4182.18 0.244805 980 0 0.644192 0
0.0001125 324.805 4182.48 0.277736 980 0 0.645529 0
0.0001375 325.689 4182.74 0.302462 980 0 0.646535 0
0.0001625 326.459 4182.98 0.323622 980 0 0.647397 0
0.0001875 327.188 4183.22 0.343324 980 0 0.6482 0
0.0002125 327.912 4183.48 0.362639 980 0 0.648987 0
0.0002375 328.655 4183.75 0.382155 980 0 0.649783 0
0.0002625 329.43 4184.06 0.402206 980 0 0.6506 0
0.0002875 330.246 4184.4 0.42298 980 0 0.651447 0
0.0003125 331.107 4184.77 0.444582 980 0 0.652326 0
0.0003375 332.019 4185.18 0.467059 980 0 0.65324 0
0.0003625 332.983 4185.65 0.490426 980 0 0.654188 0
0.0003875 334.001 4186.16 0.514674 980 0 0.655169 0
0.0004125 335.075 4186.72 0.539779 980 0 0.656181 0
0.0004375 336.205 4187.35 0.56571 980 0 0.657221 0
0.0004625 337.392 4188.04 0.592429 980 0 0.658287 0
0.0004875 338.635 4188.79 0.619896 980 0 0.659374 0
0.0005125 398.819 1902.95 0.469562 0.542828 -0.00136109 0.0263291 8.65942e-05
0.0005375 547.472 1984.83 0.610603 0.395436 -0.000722295 0.0406358 0.000104794
0.0005625 643.083 2045.55 0.655992 0.336644 -0.000523485 0.051091 0.000113602
0.0005875 715.124 2093.67 0.6784 0.302731 -0.000423326 0.0594795 0.000119138
0.0006125 773.043 2133.34 0.690909 0.280049 -0.000362269 0.0664944 0.000123015
0.0006375 821.358 2166.91 0.698124 0.263576 -0.000320903 0.0725089 0.000125907
0.0006625 862.653 2195.83 0.702173 0.250959 -0.000290915 0.0777553 0.000128157
0.0006875 898.569 2221.09 0.704201 0.240928 -0.000268124 0.082391 0.00012996
0.0007125 930.224 2243.39 0.704882 0.232729 -0.000250186 0.0865285 0.000131439
0.0007375 958.416 2263.26 0.704642 0.225883 -0.000235684 0.0902518 0.000132675
0.0007625 983.741 2281.1 0.703762 0.220068 -0.000223705 0.0936252 0.000133724
0.0007875 1006.65 2297.21 0.702433 0.215059 -0.000213638 0.0966995 0.000134625
0.0008125 1027.51 2311.84 0.700788 0.210694 -0.000205053 0.0995154 0.000135406
0.0008375 1046.59 2325.2 0.698925 0.206852 -0.000197643 0.102106 0.000136091
0.0008625 1064.14 2337.44 0.696913 0.203442 -0.00019118 0.104499 0.000136696
0.0008875 1080.33 2348.71 0.694803 0.200392 -0.000185491 0.106717 0.000137234
0.0009125 1095.33 2359.12 0.692633 0.197648 -0.000180445 0.10878 0.000137715
0.0009375 1109.28 2368.76 0.690431 0.195163 -0.000175937 0.110703 0.000138148
0.0009625 1122.28 2377.73 0.688219 0.192902 -0.000171884 0.112501 0.00013854
0.0009875 1134.43 2386.08 0.686013 0.190836 -0.000168222 0.114187 0.000138896
0.0010125 1145.82 2393.87 0.683825 0.188939 -0.000164895 0.115771 0.00013922
0.00104053 1157.77 2402.03 0.681403 0.186989 -0.000161508 0.117436 0.000139552
0.00107197 1170.24 2410.52 0.678738 0.184996 -0.000158084 0.119179 0.000139889
0.00110723 1183.19 2419.29 0.675823 0.182971 -0.000154642 0.120993 0.000140228
0.00114676 1196.56 2428.3 0.672658 0.180927 -0.000151205 0.12287 0.000140568
0.0011911 1210.29 2437.51 0.669244 0.178875 -0.000147796 0.124801 0.000140905
0.00124081 1224.29 2446.85 0.665589 0.17683 -0.000144435 0.126776 0.000141239
0.00129656 1238.48 2456.27 0.661705 0.174803 -0.000141143 0.128784 0.000141566
0.00135908 1252.79 2465.71 0.657611 0.172807 -0.000137937 0.130812 0.000141884
0.00142919 1267.12 2475.11 0.65333 0.170852 -0.000134835 0.132847 0.000142192
0.00150781 1281.38 2484.39 0.648889 0.16895 -0.00013185 0.134877 0.000142488
0.00159598 1295.49 2493.52 0.644321 0.16711 -0.000128994 0.13689 0.000142771
0.00169485 1309.36 2502.42 0.639661 0.16534 -0.000126275 0.138872 0.000143039
0.00180572 1322.92 2511.06 0.634945 0.163646 -0.000123701 0.140812 0.000143292
0.00193005 1336.08 2519.39 0.630211 0.162034 -0.000121275 0.1427 0.000143529
0.00206947 1348.79 2527.37 0.625496 0.160507 -0.000119 0.144526 0.000143751
0.00222582 1361 2534.98 0.620837 0.159067 -0.000116875 0.146283 0.000143957
0.00240114 1372.66 2542.19 0.616265 0.157716 -0.000114898 0.147962 0.000144148
0.00259776 1383.74 2548.99 0.611813 0.156453 -0.000113066 0.14956 0.000144324
0.00281824 1394.21 2555.38 0.607506 0.155278 -0.000111373 0.151072 0.000144485
0.00306548 1404.06 2561.34 0.603367 0.154188 -0.000109816 0.152497 0.000144633
0.00334275 1413.3 2566.89 0.599413 0.153181 -0.000108386 0.153832 0.000144767
0.00365367 1421.9 2572.04 0.59566 0.152254 -0.000107077 0.155079 0.00014489
0.00400233 1429.9 2576.79 0.592115 0.151402 -0.000105883 0.156239 0.000145001
0.00439333 1437.31 2581.16 0.588784 0.150622 -0.000104795 0.157312 0.000145101
0.00483178 1444.14 2585.17 0.585671 0.14991 -0.000103806 0.158304 0.000145192
0.00532347 1450.41 2588.84 0.582773 0.149261 -0.000102909 0.159215 0.000145274
0.00587484 1456.17 2592.18 0.580087 0.148671 -0.000102098 0.160051 0.000145348
0.00649315 1461.42 2595.22 0.577608 0.148137 -0.000101365 0.160816 0.000145415
0.00718653 1466.21 2597.99 0.575328 0.147653 -0.000100703 0.161512 0.000145474
0.00796407 1470.57 2600.49 0.57324 0.147216 -0.000100108 0.162146 0.000145528
0.00883601 1474.51 2602.74 0.571334 0.146822 -9.95734e-05 0.16272 0.000145575
0.0098138 1478.07 2604.77 0.5696 0.146468 -9.9094e-05 0.163238 0.000145618
0.0109103 1481.28 2606.6 0.56803 0.146151 -9.86652e-05 0.163706 0.000145656
0.0121399 1484.16 2608.23 0.566613 0.145867 -9.82828e-05 0.164125 0.00014569
0.0135188 1486.73 2609.69 0.56534 0.145615 -9.79429e-05 0.1645 0.00014572
0.015065 1489.02 2610.98 0.564204 0.145391 -9.76422e-05 0.164833 0.000145746
0.016799 1491.04 2612.12 0.563197 0.145194 -9.73777e-05 0.165128 0.00014577
0.0187435 1492.81 2613.12 0.562311 0.145022 -9.71467e-05 0.165386 0.00014579
0.020924 1494.35 2613.98 0.561541 0.144873 -9.69471e-05 0.16561 0.000145807
0.0233692 1495.66 2614.72 0.56088 0.144745 -9.67767e-05 0.165802 0.000145822
0.0261113 1496.77 2615.34 0.560323 0.144638 -9.66338e-05 0.165963 0.000145835
0.0291863 1497.68 2615.85 0.559865 0.144551 -9.65166e-05 0.166095 0.000145845
0.0326345 1498.4 2616.25 0.559498 0.144481 -9.64233e-05 0.166201 0.000145853
0.0365014 1498.96 2616.56 0.559217 0.144427 -9.63517e-05 0.166282 0.000145859
0.0408377 1499.36 2616.79 0.559011 0.144388 -9.62996e-05 0.166341 0.000145864
0.0457004 1499.64 2616.95 0.558871 0.144361 -9.62638e-05 0.166382 0.000145867
0.0511534 1499.82 2617.04 0.558782 0.144344 -9.62413e-05 0.166408 0.000145869
0.0572684 1499.92 2617.1 0.558731 0.144335 -9.62284e-05 0.166422 0.00014587
0.0641258 1499.97 2617.13 0.558705 0.14433 -9.6222e-05 0.16643 0.00014587
0.0718156 1499.99 2617.14 0.558694 0.144328 -9.62192e-05 0.166433 0.000145871
0.080439 1500 2617.14 0.558691 0.144327 -9.62183e-05 0.166434 0.000145871
0.0901092 1500 2617.15 0.558689 0.144327 -9.6218e-05 0.166434 0.000145871
0.100953 1500 2617.15 0.558689 0.144327 -9.62179e-05 0.166434 0.000145871
0.113114 1500 2617.15 0.558689 0.144327 -9.62179e-05 0.166434 0.000145871
0.126751 1500 2617.15 0.558689 0.144327 -9.62179e-05 0.166434 0.000145871
0.142043 1500 2617.15 0.558689 0.144327 -9.62179e-05 0.166434 0.000145871
0.159192 1500 2617.15 0.558689 0.144327 -9.62179e-05 0.166434 0.000145871
0.178422 1500 2617.15 0.558689 0.144327 -9.62179e-05 0.166434 0.000145871
0.199988 1500 2617.15 0.558689 0.144327 -9.62179e-05 0.166434 0.000145871
