TITLE="Graphics"
VARIABLES= "rj, m", "T, K", "Cp, J/kg*K", "DfCp, J/kg*K^2", "rho, kg/m^3", "Dfrho, kg/m^3*K", "Lambda, Watt/m*K", "DfLambda, Watt/m*K^2"
0 340.327 4189.87 0.656468 980 0 0.660807 0
1.38889e-05 340.327 4189.87 0.656468 980 0 0.660807 0
2.77778e-05 340.355 4189.89 0.657064 980 0 0.66083 0
4.16667e-05 340.406 4189.92 0.658135 980 0 0.660872 0
5.55556e-05 340.477 4189.97 0.659662 980 0 0.660931 0
6.94444e-05 340.57 4190.03 0.661639 980 0 0.661008 0
9.72222e-05 340.805 4190.19 0.666629 980 0 0.661201 0
0.000125 341.129 4190.4 0.67348 980 0 0.661466 0
0.000152778 341.538 4190.68 0.682105 980 0 0.661799 0
0.000180556 342.033 4191.02 0.692446 980 0 0.662196 0
0.000208333 342.61 4191.42 0.704453 980 0 0.662655 0
0.000236111 343.271 4191.89 0.718077 980 0 0.663172 0
0.000263889 344.014 4192.43 0.733268 980 0 0.663744 0
0.000291667 344.839 4193.04 0.749976 980 0 0.664367 0
0.000319444 345.746 4193.73 0.768154 980 0 0.665038 0
0.000347222 346.733 4194.5 0.787752 980 0 0.665752 0
0.000375 347.801 4195.35 0.808725 980 0 0.666505 0
0.000402778 348.949 4196.29 0.831034 980 0 0.667293 0
0.000430556 350.176 4197.33 0.85464 980 0 0.668109 0
0.000458333 351.482 4198.46 0.879516 980 0 0.668951 0
0.000486111 352.867 4199.7 0.905638 980 0 0.669812 0
0.0005 362.033 4199.7 0.905638 980 0 0.669812 0
0.000513889 416.157 1911.31 0.493924 0.520213 -0.00125004 0.0278521 8.90817e-05
0.000541667 569.841 1998.63 0.623227 0.379913 -0.0006667 0.0430051 0.000107024
0.000569444 667.838 2061.9 0.664646 0.324166 -0.000485396 0.0539282 0.000115601
0.000597222 741.237 2111.46 0.684592 0.292066 -0.000394025 0.0626143 0.000120944
0.000625 799.935 2151.98 0.695266 0.270635 -0.000338321 0.0698248 0.000124661
0.000652778 848.663 2186.01 0.701011 0.255096 -0.000300585 0.0759676 0.000127416
0.000680556 890.124 2215.14 0.703845 0.243213 -0.000273235 0.0812953 0.000129548
0.000708333 926.036 2240.44 0.70485 0.233782 -0.000252454 0.0859785 0.000131249
0.000736111 957.563 2262.66 0.704661 0.226085 -0.000236104 0.0901386 0.000132639
0.000763889 985.541 2282.37 0.703676 0.219666 -0.000222889 0.0938659 0.000133796
0.000791667 1010.59 2299.97 0.702154 0.214222 -0.000211977 0.0972296 0.000134775
0.000819444 1033.18 2315.81 0.700271 0.209538 -0.000202809 0.100284 0.000135613
0.000847222 1053.68 2330.15 0.698147 0.205461 -0.000194994 0.103071 0.000136338
0.000875 1072.39 2343.19 0.695868 0.201877 -0.00018825 0.105628 0.000136972
0.000902778 1089.54 2355.11 0.693495 0.198699 -0.000182369 0.107982 0.000137531
0.000930556 1105.33 2366.04 0.691072 0.19586 -0.000177195 0.110158 0.000138027
0.000958333 1119.93 2376.11 0.68863 0.193307 -0.000172606 0.112176 0.00013847
0.000986111 1133.47 2385.42 0.686193 0.190998 -0.000168508 0.114054 0.000138868
0.00101389 1146.06 2394.04 0.683776 0.188899 -0.000164824 0.115805 0.000139227
0.00104167 1157.81 2402.06 0.681394 0.186982 -0.000161496 0.117442 0.000139553
0.00106944 1168.8 2409.54 0.679053 0.185224 -0.000158474 0.118978 0.00013985
0.00110053 1180.29 2417.32 0.67649 0.183422 -0.000155404 0.120586 0.000140153
0.00113532 1192.23 2425.39 0.673701 0.181584 -0.000152306 0.122262 0.000140459
0.00117424 1204.59 2433.69 0.670682 0.179722 -0.000149198 0.123999 0.000140766
0.00121781 1217.29 2442.19 0.667436 0.177846 -0.0001461 0.125789 0.000141074
0.00126656 1230.28 2450.84 0.663969 0.175968 -0.00014303 0.127624 0.000141378
0.00132111 1243.49 2459.59 0.660292 0.174099 -0.000140008 0.129494 0.000141679
0.00138216 1256.84 2468.38 0.656419 0.172249 -0.000137049 0.131387 0.000141972
0.00145048 1270.25 2477.15 0.65237 0.170431 -0.000134171 0.133293 0.000142258
0.00152694 1283.64 2485.86 0.64817 0.168653 -0.000131387 0.135199 0.000142534
0.0016125 1296.93 2494.44 0.643846 0.166925 -0.000128708 0.137095 0.000142799
0.00170824 1310.04 2502.86 0.639429 0.165255 -0.000126145 0.138969 0.000143052
0.00181538 1322.9 2511.05 0.634952 0.163649 -0.000123705 0.14081 0.000143292
0.00193529 1335.43 2518.98 0.630448 0.162112 -0.000121393 0.142607 0.000143518
0.00206947 1347.59 2526.61 0.62595 0.16065 -0.000119214 0.144353 0.00014373
0.00221962 1359.3 2533.92 0.621493 0.159266 -0.000117167 0.146038 0.000143929
0.00238765 1370.54 2540.88 0.617107 0.15796 -0.000115254 0.147656 0.000144114
0.00257569 1381.25 2547.47 0.612821 0.156735 -0.000113473 0.149201 0.000144285
0.00278612 1391.43 2553.68 0.60866 0.155589 -0.000111819 0.15067 0.000144443
0.00302161 1401.04 2559.51 0.604647 0.154521 -0.00011029 0.152059 0.000144588
0.00328513 1410.08 2564.96 0.600799 0.153531 -0.000108881 0.153367 0.000144721
0.00358003 1418.55 2570.03 0.597132 0.152614 -0.000107585 0.154593 0.000144842
0.00391004 1426.44 2574.74 0.593655 0.151769 -0.000106397 0.155737 0.000144953
0.00427935 1433.78 2579.08 0.590375 0.150992 -0.00010531 0.156801 0.000145054
0.00469263 1440.58 2583.09 0.587296 0.15028 -0.000104319 0.157788 0.000145145
0.00515512 1446.86 2586.76 0.584419 0.149628 -0.000103416 0.158699 0.000145228
0.00567267 1452.63 2590.13 0.581741 0.149033 -0.000102596 0.159537 0.000145303
0.00625185 1457.93 2593.2 0.579259 0.148492 -0.000101851 0.160307 0.000145371
0.00689999 1462.78 2596.01 0.576966 0.148 -0.000101177 0.161012 0.000145431
0.0076253 1467.2 2598.55 0.574856 0.147553 -0.000100568 0.161656 0.000145486
0.00843697 1471.23 2600.87 0.572921 0.147149 -0.000100018 0.162242 0.000145536
0.00934528 1474.89 2602.96 0.571151 0.146784 -9.95225e-05 0.162774 0.00014558
0.0103617 1478.2 2604.85 0.569538 0.146455 -9.90768e-05 0.163257 0.00014562
0.0114992 1481.19 2606.55 0.568072 0.146159 -9.86767e-05 0.163693 0.000145655
0.0127722 1483.89 2608.08 0.566744 0.145894 -9.83182e-05 0.164086 0.000145687
0.0141967 1486.32 2609.45 0.565547 0.145656 -9.79979e-05 0.164439 0.000145715
0.0157908 1488.48 2610.68 0.564471 0.145444 -9.77126e-05 0.164755 0.00014574
0.0175747 1490.41 2611.77 0.563509 0.145255 -9.74595e-05 0.165037 0.000145762
0.019571 1492.13 2612.73 0.562655 0.145089 -9.72361e-05 0.165286 0.000145782
0.021805 1493.63 2613.58 0.561901 0.144942 -9.70403e-05 0.165505 0.000145799
0.024305 1494.94 2614.31 0.561243 0.144815 -9.68702e-05 0.165696 0.000145814
0.0271027 1496.07 2614.95 0.560675 0.144706 -9.6724e-05 0.165861 0.000145827
0.0302335 1497.03 2615.48 0.560192 0.144613 -9.66003e-05 0.166001 0.000145837
0.033737 1497.82 2615.93 0.559791 0.144537 -9.64978e-05 0.166117 0.000145846
0.0376577 1498.47 2616.29 0.559465 0.144474 -9.64148e-05 0.166211 0.000145854
0.0420453 1498.97 2616.57 0.55921 0.144426 -9.635e-05 0.166284 0.000145859
0.0469552 1499.35 2616.78 0.559019 0.14439 -9.63015e-05 0.166339 0.000145863
0.0524498 1499.62 2616.93 0.558884 0.144364 -9.62671e-05 0.166378 0.000145866
0.0585986 1499.79 2617.03 0.558794 0.144347 -9.62445e-05 0.166404 0.000145868
0.0654795 1499.9 2617.09 0.55874 0.144336 -9.62308e-05 0.16642 0.00014587
0.0731797 1499.96 2617.12 0.558711 0.144331 -9.62234e-05 0.166428 0.00014587
0.0817967 1499.98 2617.14 0.558697 0.144328 -9.62199e-05 0.166432 0.000145871
0.0914397 1500 2617.14 0.558692 0.144327 -9.62185e-05 0.166434 0.000145871
0.102231 1500 2617.15 0.55869 0.144327 -9.6218e-05 0.166434 0.000145871
0.114307 1500 2617.15 0.558689 0.144327 -9.62179e-05 0.166434 0.000145871
0.127821 1500 2617.15 0.558689 0.144327 -9.62179e-05 0.166434 0.000145871
0.142944 1500 2617.15 0.558689 0.144327 -9.62179e-05 0.166434 0.000145871
0.159868 1500 2617.15 0.558689 0.144327 -9.62179e-05 0.166434 0.000145871
0.178806 1500 2617.15 0.558689 0.144327 -9.62179e-05 0.166434 0.000145871
0.2 1500 2617.15 0.558689 0.144327 -9.62179e-05 0.166434 0.000145871
