TITLE="Graphics"
VARIABLES= "rj, m", "T, K", "Cp, J/kg*K", "DfCp, J/kg*K^2", "rho, kg/m^3", "Dfrho, kg/m^3*K", "Lambda, Watt/m*K", "DfLambda, Watt/m*K^2"
0 300.993 4185.53 -0.618646 980 0 0.611671 0
1.25e-05 300.993 4185.53 -0.618646 980 0 0.611671 0
3.75e-05 306.979 4182.68 -0.34257 980 0 0.621366 0
6.25e-05 308.541 4182.19 -0.277047 980 0 0.623782 0
8.75e-05 309.353 4181.98 -0.243969 980 0 0.625017 0
0.0001125 309.951 4181.84 -0.220024 980 0 0.625917 0
0.0001375 310.49 4181.73 -0.198762 980 0 0.62672 0
0.0001625 311.029 4181.63 -0.177743 980 0 0.627517 0
0.0001875 311.598 4181.53 -0.155875 980 0 0.628351 0
0.0002125 312.211 4181.44 -0.132636 980 0 0.629241 0
0.0002375 312.878 4181.36 -0.107778 980 0 0.630198 0
0.0002625 313.602 4181.3 -0.0811988 980 0 0.631226 0
0.0002875 314.388 4181.24 -0.0528878 980 0 0.632326 0
0.0003125 315.236 4181.21 -0.0228887 980 0 0.633499 0
0.0003375 316.149 4181.2 0.0087174 980 0 0.63474 0
0.0003625 317.127 4181.23 0.0418245 980 0 0.636048 0
0.0003875 318.17 4181.29 0.0763094 980 0 0.637417 0
0.0004125 319.277 4181.4 0.112038 980 0 0.638842 0
0.0004375 320.449 4181.55 0.148872 980 0 0.640318 0
0.0004625 321.684 4181.76 0.186667 980 0 0.64184 0
0.0004875 322.981 4182.02 0.225284 980 0 0.643401 0
0.0005125 386.363 1897.22 0.449924 0.560328 -0.00145026 0.025262 8.47331e-05
0.0005375 541.244 1981.04 0.606824 0.399987 -0.000739014 0.0399851 0.000104153
0.0005625 639.031 2042.9 0.654471 0.338779 -0.000530144 0.0506314 0.000113265
0.0005875 712.307 2091.76 0.677675 0.303928 -0.000426682 0.0591441 0.000118937
0.0006125 771.055 2131.97 0.690552 0.280771 -0.000364139 0.06625 0.00012289
0.0006375 819.981 2165.95 0.697956 0.264018 -0.000321981 0.0723356 0.000125829
0.0006625 861.753 2195.2 0.702105 0.251221 -0.000291523 0.07764 0.00012811
0.0006875 898.054 2220.72 0.704181 0.241066 -0.000268431 0.0823241 0.000129935
0.0007125 930.029 2243.25 0.704881 0.232778 -0.000250291 0.0865029 0.00013143
0.0007375 958.493 2263.32 0.70464 0.225865 -0.000235646 0.090262 0.000132679
0.0007625 984.053 2281.32 0.703747 0.219999 -0.000223564 0.0936669 0.000133737
0.0007875 1007.17 2297.57 0.702397 0.214949 -0.000213419 0.0967691 0.000134644
0.0008125 1028.21 2312.33 0.700726 0.210551 -0.000204775 0.09961 0.000135432
0.0008375 1047.45 2325.8 0.698833 0.206682 -0.000197319 0.102223 0.000136121
0.0008625 1065.14 2338.15 0.696789 0.20325 -0.000190819 0.104637 0.00013673
0.0008875 1081.47 2349.5 0.694645 0.200181 -0.000185101 0.106873 0.000137271
0.0009125 1096.59 2359.99 0.692441 0.197421 -0.000180031 0.108953 0.000137755
0.0009375 1110.65 2369.71 0.690205 0.194923 -0.000175504 0.110892 0.00013819
0.0009625 1123.75 2378.74 0.68796 0.19265 -0.000171435 0.112705 0.000138583
0.0009875 1135.99 2387.15 0.68572 0.190574 -0.00016776 0.114404 0.000138941
0.0010125 1147.47 2395 0.683498 0.188668 -0.000164421 0.116 0.000139266
0.00104053 1159.51 2403.22 0.68104 0.186709 -0.000161025 0.117679 0.000139599
0.00107197 1172.07 2411.76 0.678335 0.184707 -0.00015759 0.119435 0.000139937
0.00110723 1185.12 2420.59 0.675378 0.182674 -0.00015414 0.121263 0.000140277
0.00114676 1198.58 2429.66 0.672166 0.180622 -0.000150696 0.123154 0.000140618
0.0011911 1212.4 2438.93 0.668702 0.178563 -0.00014728 0.1251 0.000140957
0.00124081 1226.5 2448.33 0.664994 0.17651 -0.000143913 0.12709 0.000141291
0.00129656 1240.8 2457.81 0.661054 0.174476 -0.000140616 0.129112 0.000141618
0.00135908 1255.21 2467.3 0.656902 0.172474 -0.000137407 0.131155 0.000141937
0.00142919 1269.63 2476.75 0.65256 0.170514 -0.000134302 0.133205 0.000142245
0.00150781 1283.99 2486.09 0.648058 0.168607 -0.000131315 0.135249 0.000142541
0.00159598 1298.2 2495.26 0.643427 0.166762 -0.000128457 0.137276 0.000142824
0.00169485 1312.16 2504.21 0.638702 0.164988 -0.000125738 0.139272 0.000143092
0.00180572 1325.8 2512.89 0.633922 0.163291 -0.000123164 0.141225 0.000143345
0.00193005 1339.05 2521.25 0.629124 0.161675 -0.000120739 0.143126 0.000143582
0.00206947 1351.84 2529.27 0.624346 0.160145 -0.000118465 0.144964 0.000143803
0.00222582 1364.12 2536.91 0.619625 0.158703 -0.000116341 0.146732 0.000144009
0.00240114 1375.85 2544.15 0.614993 0.15735 -0.000114365 0.148422 0.000144199
0.00259776 1387 2550.98 0.610484 0.156086 -0.000112535 0.15003 0.000144374
0.00281824 1397.53 2557.39 0.606122 0.154909 -0.000110845 0.151552 0.000144535
0.00306548 1407.44 2563.37 0.601931 0.153819 -0.00010929 0.152984 0.000144682
0.00334275 1416.72 2568.94 0.59793 0.152811 -0.000107863 0.154328 0.000144816
0.00365367 1425.37 2574.1 0.594132 0.151884 -0.000106558 0.155581 0.000144938
0.00400233 1433.4 2578.86 0.590546 0.151032 -0.000105366 0.156746 0.000145049
0.00439333 1440.84 2583.23 0.58718 0.150253 -0.000104282 0.157825 0.000145149
0.00483178 1447.69 2587.25 0.584036 0.149542 -0.000103298 0.158819 0.000145239
0.00532347 1453.98 2590.91 0.581112 0.148895 -0.000102406 0.159733 0.00014532
0.00587484 1459.73 2594.25 0.578407 0.148308 -0.000101599 0.16057 0.000145393
0.00649315 1464.99 2597.28 0.575914 0.147776 -0.000100872 0.161334 0.000145459
0.00718653 1469.76 2600.02 0.573628 0.147296 -0.000100218 0.162028 0.000145518
0.00796407 1474.08 2602.5 0.57154 0.146864 -9.9631e-05 0.162658 0.00014557
0.00883601 1477.98 2604.72 0.569644 0.146477 -9.9106e-05 0.163225 0.000145617
0.0098138 1481.48 2606.72 0.56793 0.146131 -9.86381e-05 0.163735 0.000145658
0.0109103 1484.61 2608.49 0.56639 0.145823 -9.8223e-05 0.164191 0.000145695
0.0121399 1487.39 2610.06 0.565016 0.145551 -9.78568e-05 0.164595 0.000145727
0.0135188 1489.83 2611.44 0.563801 0.145312 -9.75361e-05 0.164951 0.000145756
0.015065 1491.96 2612.64 0.562739 0.145105 -9.72579e-05 0.165261 0.00014578
0.016799 1493.79 2613.67 0.561821 0.144927 -9.70197e-05 0.165528 0.000145801
0.0187435 1495.34 2614.54 0.561044 0.144777 -9.68188e-05 0.165754 0.000145818
0.020924 1496.62 2615.25 0.560399 0.144653 -9.66532e-05 0.165941 0.000145833
0.0233692 1497.65 2615.83 0.559879 0.144553 -9.65203e-05 0.166091 0.000145844
0.0261113 1498.45 2616.28 0.559475 0.144476 -9.64174e-05 0.166208 0.000145853
0.0291863 1499.04 2616.61 0.559177 0.14442 -9.63415e-05 0.166294 0.00014586
0.0326345 1499.45 2616.84 0.558969 0.14438 -9.62888e-05 0.166354 0.000145865
0.0365014 1499.71 2616.99 0.558835 0.144355 -9.62549e-05 0.166392 0.000145867
0.0408377 1499.87 2617.07 0.558757 0.14434 -9.6235e-05 0.166415 0.000145869
0.0457004 1499.95 2617.12 0.558716 0.144332 -9.62248e-05 0.166426 0.00014587
0.0511534 1499.98 2617.14 0.558698 0.144329 -9.62202e-05 0.166432 0.00014587
0.0572684 1499.99 2617.14 0.558692 0.144327 -9.62186e-05 0.166433 0.000145871
0.0641258 1500 2617.15 0.55869 0.144327 -9.6218e-05 0.166434 0.000145871
0.0718156 1500 2617.15 0.558689 0.144327 -9.62179e-05 0.166434 0.000145871
0.080439 1500 2617.15 0.558689 0.144327 -9.62179e-05 0.166434 0.000145871
0.0901092 1500 2617.15 0.558689 0.144327 -9.62179e-05 0.166434 0.000145871
0.100953 1500 2617.15 0.558689 0.144327 -9.62179e-05 0.166434 0.000145871
0.113114 1500 2617.15 0.558689 0.144327 -9.62179e-05 0.166434 0.000145871
0.126751 1500 2617.15 0.558689 0.144327 -9.62179e-05 0.166434 0.000145871
0.142043 1500 2617.15 0.558689 0.144327 -9.62179e-05 0.166434 0.000145871
0.159192 1500 2617.15 0.558689 0.144327 -9.62179e-05 0.166434 0.000145871
0.178422 1500 2617.15 0.558689 0.144327 -9.62179e-05 0.166434 0.000145871
0.199988 1500 2617.15 0.558689 0.144327 -9.62179e-05 0.166434 0.000145871
