TITLE="Graphics"
VARIABLES= "rj, m", "T, K", "Cp, J/kg*K", "DfCp, J/kg*K^2", "rho, kg/m^3", "Dfrho, kg/m^3*K", "Lambda, Watt/m*K", "DfLambda, Watt/m*K^2"
0 300.469 4185.86 -0.644864 980 0 0.610795 0
1.25e-05 300.469 4185.86 -0.644864 980 0 0.610795 0
3.75e-05 303.299 4184.23 -0.507332 980 0 0.615479 0
6.25e-05 304.077 4183.85 -0.471234 980 0 0.616744 0
8.75e-05 304.532 4183.64 -0.450431 980 0 0.61748 0
0.0001125 304.919 4183.47 -0.432919 980 0 0.618103 0
0.0001375 305.313 4183.31 -0.415303 980 0 0.618732 0
0.0001625 305.742 4183.13 -0.396275 980 0 0.619416 0
0.0001875 306.222 4182.95 -0.375244 980 0 0.620176 0
0.0002125 306.76 4182.75 -0.351926 980 0 0.621024 0
0.0002375 307.364 4182.55 -0.326192 980 0 0.621966 0
0.0002625 308.035 4182.34 -0.298007 980 0 0.623005 0
0.0002875 308.776 4182.13 -0.2674 980 0 0.624141 0
0.0003125 309.59 4181.92 -0.234445 980 0 0.625374 0
0.0003375 310.477 4181.73 -0.199257 980 0 0.626701 0
0.0003625 311.439 4181.56 -0.161982 980 0 0.628118 0
0.0003875 312.474 4181.41 -0.122792 980 0 0.629619 0
0.0004125 313.583 4181.3 -0.0818796 980 0 0.631199 0
0.0004375 314.766 4181.23 -0.0394537 980 0 0.632851 0
0.0004625 316.02 4181.2 0.00426792 980 0 0.634565 0
0.0004875 317.344 4181.24 0.0490636 980 0 0.636335 0
0.0005125 382.096 1895.32 0.442726 0.566587 -0.00148284 0.0249018 8.40803e-05
0.0005375 539.569 1980.02 0.605787 0.401228 -0.000743608 0.0398108 0.00010398
0.0005625 638.27 2042.4 0.654182 0.339183 -0.00053141 0.0505452 0.000113201
0.0005875 712.077 2091.6 0.677615 0.304026 -0.000426957 0.0591168 0.00011892
0.0006125 771.192 2132.06 0.690577 0.280721 -0.00036401 0.0662668 0.000122898
0.0006375 820.394 2166.24 0.698006 0.263886 -0.000321657 0.0723876 0.000125852
0.0006625 862.384 2195.64 0.702153 0.251037 -0.000291096 0.0777209 0.000128143
0.0006875 898.865 2221.3 0.704212 0.240848 -0.000267947 0.0824295 0.000129974
0.0007125 930.992 2243.93 0.704886 0.232537 -0.000249774 0.0866295 0.000131474
0.0007375 959.586 2264.09 0.704615 0.225608 -0.00023511 0.090407 0.000132725
0.0007625 985.26 2282.17 0.703689 0.219729 -0.000223016 0.0938282 0.000133785
0.0007875 1008.48 2298.49 0.702305 0.21467 -0.000212866 0.0969451 0.000134694
0.0008125 1029.6 2313.31 0.700601 0.210266 -0.00020422 0.0997991 0.000135483
0.0008375 1048.93 2326.83 0.698674 0.206391 -0.000196764 0.102424 0.000136173
0.0008625 1066.69 2339.22 0.696596 0.202955 -0.000190265 0.104848 0.000136782
0.0008875 1083.09 2350.63 0.69442 0.199883 -0.00018455 0.107095 0.000137323
0.0009125 1098.27 2361.15 0.692184 0.19712 -0.000179482 0.109184 0.000137807
0.0009375 1112.38 2370.9 0.689918 0.194619 -0.000174958 0.111131 0.000138242
0.0009625 1125.53 2379.96 0.687642 0.192345 -0.000170893 0.112952 0.000138636
0.0009875 1137.82 2388.4 0.685373 0.190267 -0.00016722 0.114658 0.000138993
0.0010125 1149.34 2396.28 0.683124 0.18836 -0.000163886 0.116261 0.000139319
0.00104053 1161.43 2404.52 0.680636 0.1864 -0.000160493 0.117947 0.000139652
0.00107197 1174.04 2413.09 0.677899 0.184398 -0.000157063 0.119711 0.000139989
0.00110723 1187.13 2421.95 0.674907 0.182364 -0.000153617 0.121546 0.000140329
0.00114676 1200.65 2431.05 0.671659 0.180311 -0.000150178 0.123445 0.000140669
0.0011911 1214.52 2440.34 0.668156 0.178251 -0.000146767 0.125399 0.000141008
0.00124081 1228.67 2449.77 0.664407 0.176199 -0.000143406 0.127396 0.000141341
0.00129656 1243.02 2459.27 0.660426 0.174165 -0.000140114 0.129427 0.000141668
0.00135908 1257.48 2468.79 0.65623 0.172162 -0.000136911 0.131477 0.000141986
0.00142919 1271.96 2478.26 0.651844 0.170203 -0.000133812 0.133535 0.000142294
0.00150781 1286.37 2487.62 0.647296 0.168296 -0.00013083 0.135588 0.000142589
0.00159598 1300.62 2496.82 0.642619 0.166452 -0.000127979 0.137622 0.000142871
0.00169485 1314.63 2505.79 0.637848 0.164678 -0.000125266 0.139625 0.000143138
0.00180572 1328.32 2514.48 0.633022 0.162981 -0.000122698 0.141586 0.00014339
0.00193005 1341.61 2522.87 0.628178 0.161366 -0.000120278 0.143494 0.000143627
0.00206947 1354.44 2530.9 0.623356 0.159837 -0.000118009 0.145339 0.000143847
0.00222582 1366.77 2538.55 0.618591 0.158396 -0.000115891 0.147113 0.000144052
0.00240114 1378.53 2545.8 0.613919 0.157044 -0.000113921 0.148809 0.000144242
0.00259776 1389.71 2552.64 0.609369 0.155781 -0.000112096 0.150422 0.000144416
0.00281824 1400.27 2559.05 0.60497 0.154606 -0.000110411 0.151948 0.000144576
0.00306548 1410.21 2565.04 0.600745 0.153517 -0.000108861 0.153385 0.000144722
0.00334275 1419.51 2570.61 0.596712 0.152511 -0.000107439 0.154732 0.000144856
0.00365367 1428.18 2575.76 0.592885 0.151585 -0.000106139 0.155988 0.000144977
0.00400233 1436.22 2580.52 0.589275 0.150736 -0.000104953 0.157155 0.000145087
0.00439333 1443.66 2584.89 0.585888 0.149959 -0.000103874 0.158235 0.000145186
0.00483178 1450.51 2588.89 0.582726 0.149251 -0.000102895 0.15923 0.000145276
0.00532347 1456.8 2592.55 0.579791 0.148607 -0.000102009 0.160143 0.000145356
0.00587484 1462.54 2595.87 0.577079 0.148024 -0.00010121 0.160978 0.000145428
0.00649315 1467.77 2598.88 0.574586 0.147496 -0.000100491 0.161738 0.000145493
0.00718653 1472.5 2601.59 0.572306 0.147022 -9.98451e-05 0.162427 0.000145551
0.00796407 1476.77 2604.04 0.570233 0.146597 -9.92683e-05 0.163049 0.000145602
0.00883601 1480.61 2606.22 0.56836 0.146217 -9.8755e-05 0.163607 0.000145648
0.0098138 1484.02 2608.16 0.56668 0.145881 -9.83009e-05 0.164105 0.000145688
0.0109103 1487.04 2609.87 0.565186 0.145584 -9.7902e-05 0.164545 0.000145723
0.0121399 1489.69 2611.36 0.563872 0.145326 -9.75546e-05 0.164931 0.000145754
0.0135188 1491.98 2612.65 0.56273 0.145103 -9.72557e-05 0.165264 0.00014578
0.015065 1493.92 2613.74 0.561755 0.144914 -9.70023e-05 0.165548 0.000145802
0.016799 1495.55 2614.65 0.560939 0.144757 -9.67919e-05 0.165785 0.000145821
0.0187435 1496.86 2615.39 0.560276 0.144629 -9.66217e-05 0.165977 0.000145836
0.020924 1497.9 2615.97 0.559754 0.14453 -9.64884e-05 0.166127 0.000145847
0.0233692 1498.67 2616.4 0.559362 0.144455 -9.63887e-05 0.16624 0.000145856
0.0261113 1499.22 2616.71 0.559085 0.144402 -9.63181e-05 0.16632 0.000145862
0.0291863 1499.58 2616.91 0.558901 0.144367 -9.62716e-05 0.166373 0.000145866
0.0326345 1499.8 2617.03 0.558791 0.144346 -9.62437e-05 0.166405 0.000145868
0.0365014 1499.92 2617.1 0.558732 0.144335 -9.62287e-05 0.166422 0.00014587
0.0408377 1499.97 2617.13 0.558704 0.14433 -9.62218e-05 0.16643 0.00014587
0.0457004 1499.99 2617.14 0.558694 0.144328 -9.6219e-05 0.166433 0.000145871
0.0511534 1500 2617.15 0.55869 0.144327 -9.62182e-05 0.166434 0.000145871
0.0572684 1500 2617.15 0.558689 0.144327 -9.62179e-05 0.166434 0.000145871
0.0641258 1500 2617.15 0.558689 0.144327 -9.62179e-05 0.166434 0.000145871
0.0718156 1500 2617.15 0.558689 0.144327 -9.62179e-05 0.166434 0.000145871
0.080439 1500 2617.15 0.558689 0.144327 -9.62179e-05 0.166434 0.000145871
0.0901092 1500 2617.15 0.558689 0.144327 -9.62179e-05 0.166434 0.000145871
0.100953 1500 2617.15 0.558689 0.144327 -9.62179e-05 0.166434 0.000145871
0.113114 1500 2617.15 0.558689 0.144327 -9.62179e-05 0.166434 0.000145871
0.126751 1500 2617.15 0.558689 0.144327 -9.62179e-05 0.166434 0.000145871
0.142043 1500 2617.15 0.558689 0.144327 -9.62179e-05 0.166434 0.000145871
0.159192 1500 2617.15 0.558689 0.144327 -9.62179e-05 0.166434 0.000145871
0.178422 1500 2617.15 0.558689 0.144327 -9.62179e-05 0.166434 0.000145871
0.199988 1500 2617.15 0.558689 0.144327 -9.62179e-05 0.166434 0.000145871
