TITLE="Graphics"
VARIABLES= "rj, m", "T, K", "Cp, J/kg*K", "DfCp, J/kg*K^2", "rho, kg/m^3", "Dfrho, kg/m^3*K", "Lambda, Watt/m*K", "DfLambda, Watt/m*K^2"
0 304.054 4183.86 -0.472271 980 0 0.616708 0
1.25e-05 304.054 4183.86 -0.472271 980 0 0.616708 0
3.75e-05 328.255 4183.6 0.371688 980 0 0.649356 0
6.25e-05 334.196 4186.26 0.51926 980 0 0.655354 0
8.75e-05 336.927 4187.76 0.582031 980 0 0.657873 0
0.0001125 338.587 4188.76 0.618839 980 0 0.659332 0
0.0001375 339.787 4189.52 0.644888 980 0 0.660355 0
0.0001625 340.768 4190.16 0.665844 980 0 0.661171 0
0.0001875 341.642 4190.75 0.684285 980 0 0.661883 0
0.0002125 342.47 4191.32 0.701547 980 0 0.662544 0
0.0002375 343.286 4191.9 0.718382 980 0 0.663183 0
0.0002625 344.111 4192.5 0.735241 980 0 0.663818 0
0.0002875 344.96 4193.14 0.752406 980 0 0.664457 0
0.0003125 345.841 4193.81 0.770057 980 0 0.665108 0
0.0003375 346.762 4194.52 0.788312 980 0 0.665772 0
0.0003625 347.726 4195.29 0.80725 980 0 0.666453 0
0.0003875 348.736 4196.12 0.826922 980 0 0.667149 0
0.0004125 349.796 4197.01 0.847364 980 0 0.667859 0
0.0004375 350.907 4197.96 0.868599 980 0 0.668584 0
0.0004625 352.07 4198.98 0.890645 980 0 0.66932 0
0.0004875 353.287 4200.08 0.913516 980 0 0.670067 0
0.0005125 410.85 1908.71 0.486801 0.526933 -0.00128255 0.0273814 8.83325e-05
0.0005375 554.178 1988.94 0.61454 0.390651 -0.000704919 0.0413408 0.000105474
0.0005625 647.872 2048.7 0.65775 0.334156 -0.000515775 0.0516359 0.000113997
0.0005875 718.832 2096.18 0.679337 0.301169 -0.00041897 0.0599218 0.0001194
0.0006125 776.031 2135.41 0.691437 0.278971 -0.000359484 0.0668623 0.000123203
0.0006375 823.822 2168.63 0.698419 0.262788 -0.000318986 0.0728193 0.000126047
0.0006625 864.713 2197.27 0.702326 0.250361 -0.00028953 0.0780195 0.000128264
0.0006875 900.306 2222.31 0.704265 0.240463 -0.000267091 0.0826168 0.000130044
0.0007125 931.693 2244.43 0.704889 0.232362 -0.000249398 0.0867217 0.000131505
0.0007375 959.661 2264.14 0.704614 0.22559 -0.000235073 0.0904169 0.000132728
0.0007625 984.793 2281.84 0.703712 0.219833 -0.000223228 0.0937657 0.000133766
0.0007875 1007.54 2297.83 0.702371 0.214871 -0.000213263 0.0968184 0.000134658
0.0008125 1028.25 2312.36 0.700723 0.210543 -0.00020476 0.0996151 0.000135433
0.0008375 1047.2 2325.62 0.698861 0.206733 -0.000197415 0.102188 0.000136112
0.0008625 1064.63 2337.78 0.696853 0.203349 -0.000191005 0.104566 0.000136712
0.0008875 1080.71 2348.98 0.69475 0.200321 -0.00018536 0.10677 0.000137246
0.0009125 1095.62 2359.32 0.692589 0.197596 -0.000180351 0.108819 0.000137724
0.0009375 1109.48 2368.9 0.690398 0.195128 -0.000175874 0.11073 0.000138154
0.0009625 1122.4 2377.81 0.688198 0.192882 -0.000171848 0.112518 0.000138543
0.0009875 1134.48 2386.11 0.686005 0.190828 -0.000168209 0.114193 0.000138897
0.0010125 1145.79 2393.86 0.683829 0.188943 -0.000164901 0.115767 0.00013922
0.00104053 1157.67 2401.97 0.681422 0.187004 -0.000161535 0.117423 0.000139549
0.00107197 1170.08 2410.4 0.678774 0.185022 -0.000158128 0.119156 0.000139884
0.00110723 1182.95 2419.12 0.675879 0.183008 -0.000154705 0.120959 0.000140222
0.00114676 1196.25 2428.09 0.672735 0.180975 -0.000151285 0.122826 0.00014056
0.0011911 1209.89 2437.25 0.669344 0.178933 -0.000147892 0.124746 0.000140896
0.00124081 1223.82 2446.54 0.665714 0.176898 -0.000144546 0.12671 0.000141228
0.00129656 1237.94 2455.91 0.661857 0.17488 -0.000141267 0.128707 0.000141554
0.00135908 1252.17 2465.3 0.657792 0.172892 -0.000138074 0.130724 0.000141871
0.00142919 1266.42 2474.65 0.653542 0.170946 -0.000134983 0.132748 0.000142177
0.00150781 1280.61 2483.89 0.649134 0.169052 -0.000132009 0.134768 0.000142472
0.00159598 1294.65 2492.97 0.644599 0.167219 -0.000129162 0.13677 0.000142754
0.00169485 1308.45 2501.84 0.639973 0.165455 -0.000126451 0.138742 0.000143021
0.00180572 1321.94 2510.44 0.635292 0.163768 -0.000123885 0.140672 0.000143274
0.00193005 1335.04 2518.73 0.630592 0.162161 -0.000121465 0.14255 0.000143511
0.00206947 1347.69 2526.68 0.625912 0.160638 -0.000119195 0.144367 0.000143732
0.00222582 1359.84 2534.25 0.621287 0.159203 -0.000117075 0.146115 0.000143938
0.00240114 1371.44 2541.44 0.616749 0.157856 -0.000115102 0.147786 0.000144128
0.00259776 1382.47 2548.21 0.612329 0.156597 -0.000113274 0.149377 0.000144304
0.00281824 1392.89 2554.57 0.608054 0.155425 -0.000111584 0.150882 0.000144465
0.00306548 1402.7 2560.52 0.603945 0.154338 -0.000110029 0.152299 0.000144612
0.00334275 1411.89 2566.05 0.60002 0.153334 -0.000108602 0.153629 0.000144747
0.00365367 1420.46 2571.18 0.596293 0.152408 -0.000107295 0.15487 0.000144869
0.00400233 1428.43 2575.91 0.592773 0.151559 -0.000106102 0.156025 0.00014498
0.00439333 1435.8 2580.27 0.589466 0.15078 -0.000105015 0.157094 0.000145081
0.00483178 1442.6 2584.27 0.586373 0.150069 -0.000104027 0.158081 0.000145172
0.00532347 1448.86 2587.93 0.583494 0.149421 -0.000103131 0.158989 0.000145254
0.00587484 1454.59 2591.27 0.580825 0.148832 -0.000102319 0.159822 0.000145328
0.00649315 1459.83 2594.31 0.57836 0.148298 -0.000101586 0.160584 0.000145395
0.00718653 1464.61 2597.06 0.576092 0.147814 -0.000100924 0.161279 0.000145454
0.00796407 1468.96 2599.56 0.574013 0.147377 -0.000100327 0.161912 0.000145508
0.00883601 1472.9 2601.82 0.572112 0.146982 -9.97908e-05 0.162486 0.000145556
0.0098138 1476.47 2603.86 0.570381 0.146627 -9.93091e-05 0.163005 0.000145599
0.0109103 1479.69 2605.7 0.568809 0.146308 -9.88773e-05 0.163474 0.000145637
0.0121399 1482.59 2607.34 0.567386 0.146022 -9.84909e-05 0.163896 0.000145671
0.0135188 1485.19 2608.82 0.566103 0.145766 -9.81461e-05 0.164275 0.000145702
0.015065 1487.52 2610.13 0.56495 0.145538 -9.78392e-05 0.164615 0.000145729
0.016799 1489.59 2611.3 0.563919 0.145335 -9.75671e-05 0.164917 0.000145753
0.0187435 1491.43 2612.34 0.563003 0.145156 -9.73269e-05 0.165184 0.000145774
0.020924 1493.05 2613.25 0.562194 0.144999 -9.71162e-05 0.16542 0.000145792
0.0233692 1494.46 2614.04 0.561486 0.144862 -9.69329e-05 0.165626 0.000145808
0.0261113 1495.68 2614.73 0.560874 0.144744 -9.67751e-05 0.165804 0.000145822
0.0291863 1496.71 2615.31 0.560352 0.144644 -9.66411e-05 0.165955 0.000145834
0.0326345 1497.58 2615.79 0.559915 0.14456 -9.65295e-05 0.166081 0.000145844
0.0365014 1498.28 2616.19 0.559559 0.144492 -9.64387e-05 0.166184 0.000145851
0.0408377 1498.84 2616.5 0.559278 0.144439 -9.63673e-05 0.166265 0.000145858
0.0457004 1499.26 2616.73 0.559066 0.144398 -9.63133e-05 0.166326 0.000145862
0.0511534 1499.56 2616.9 0.558913 0.144369 -9.62747e-05 0.16637 0.000145866
0.0572684 1499.76 2617.01 0.558812 0.14435 -9.62489e-05 0.166399 0.000145868
0.0641258 1499.88 2617.08 0.558749 0.144338 -9.62331e-05 0.166417 0.000145869
0.0718156 1499.95 2617.12 0.558715 0.144332 -9.62245e-05 0.166427 0.00014587
0.080439 1499.98 2617.14 0.558699 0.144329 -9.62203e-05 0.166431 0.00014587
0.0901092 1499.99 2617.14 0.558692 0.144327 -9.62186e-05 0.166433 0.000145871
0.100953 1500 2617.15 0.55869 0.144327 -9.62181e-05 0.166434 0.000145871
0.113114 1500 2617.15 0.558689 0.144327 -9.62179e-05 0.166434 0.000145871
0.126751 1500 2617.15 0.558689 0.144327 -9.62179e-05 0.166434 0.000145871
0.142043 1500 2617.15 0.558689 0.144327 -9.62179e-05 0.166434 0.000145871
0.159192 1500 2617.15 0.558689 0.144327 -9.62179e-05 0.166434 0.000145871
0.178422 1500 2617.15 0.558689 0.144327 -9.62179e-05 0.166434 0.000145871
0.199988 1500 2617.15 0.558689 0.144327 -9.62179e-05 0.166434 0.000145871
