TITLE="Graphics"
VARIABLES= "rj, m", "T, K", "Cp, J/kg*K", "DfCp, J/kg*K^2", "rho, kg/m^3", "Dfrho, kg/m^3*K", "Lambda, Watt/m*K", "DfLambda, Watt/m*K^2"
0 303.39 4184.19 -0.503074 980 0 0.615627 0
1.38889e-05 303.39 4184.19 -0.503074 980 0 0.615627 0
2.77778e-05 303.415 4184.18 -0.501935 980 0 0.615667 0
4.16667e-05 303.458 4184.15 -0.499885 980 0 0.615739 0
5.55556e-05 303.521 4184.12 -0.496954 980 0 0.615841 0
6.94444e-05 303.603 4184.08 -0.493149 980 0 0.615974 0
9.72222e-05 303.811 4183.98 -0.483503 980 0 0.616313 0
0.000125 304.101 4183.84 -0.470121 980 0 0.616783 0
0.000152778 304.474 4183.67 -0.453073 980 0 0.617386 0
0.000180556 304.932 4183.47 -0.432363 980 0 0.618122 0
0.000208333 305.477 4183.24 -0.40799 980 0 0.618995 0
0.000236111 306.113 4182.99 -0.37997 980 0 0.620005 0
0.000263889 306.844 4182.72 -0.34835 980 0 0.621155 0
0.000291667 307.671 4182.45 -0.313221 980 0 0.622443 0
0.000319444 308.597 4182.18 -0.274724 980 0 0.623869 0
0.000347222 309.625 4181.92 -0.233052 980 0 0.625427 0
0.000375 310.754 4181.68 -0.188451 980 0 0.627111 0
0.000402778 311.984 4181.48 -0.141214 980 0 0.628912 0
0.000430556 313.315 4181.32 -0.091673 980 0 0.63082 0
0.000458333 314.745 4181.23 -0.0401872 980 0 0.632822 0
0.000486111 316.271 4181.21 0.0128683 980 0 0.634904 0
0.0005 326.823 4181.21 0.0128683 980 0 0.634904 0
0.000513889 387.571 1897.77 0.451915 0.558582 -0.00144124 0.0253644 8.49163e-05
0.000541667 556.396 1990.3 0.615812 0.389094 -0.000699311 0.041575 0.000105697
0.000569444 659.451 2056.34 0.661833 0.328289 -0.000497822 0.0529614 0.000114935
0.000597222 735.704 2107.68 0.683358 0.294263 -0.000399975 0.0619461 0.00012057
0.000625 796.32 2149.47 0.694731 0.271863 -0.000341399 0.0693746 0.000124445
0.000652778 846.461 2184.47 0.700809 0.255759 -0.000302151 0.0756872 0.000127298
0.000680556 889.024 2214.37 0.703794 0.243515 -0.000273912 0.0811527 0.000129494
0.000708333 925.826 2240.29 0.704848 0.233835 -0.000252569 0.0859509 0.00013124
0.000736111 958.094 2263.04 0.704649 0.225959 -0.000235843 0.090209 0.000132662
0.000763889 986.701 2283.18 0.703619 0.219408 -0.000222365 0.0940211 0.000133843
0.000791667 1012.29 2301.17 0.702029 0.213862 -0.000211265 0.097459 0.000134839
0.000819444 1035.36 2317.34 0.700064 0.209098 -0.000201957 0.100579 0.000135691
0.000847222 1056.28 2331.96 0.69785 0.204956 -0.000194037 0.103425 0.000136428
0.000875 1075.36 2345.25 0.695477 0.201319 -0.000187212 0.106035 0.000137071
0.000902778 1092.85 2357.4 0.693007 0.198098 -0.000181268 0.108437 0.000137636
0.000930556 1108.94 2368.53 0.690486 0.195222 -0.000176044 0.110657 0.000138138
0.000958333 1123.82 2378.78 0.687947 0.192638 -0.000171415 0.112714 0.000138585
0.000986111 1137.61 2388.25 0.685414 0.190303 -0.000167284 0.114628 0.000138987
0.00101389 1150.43 2397.03 0.682905 0.188182 -0.000163575 0.116413 0.000139349
0.00104167 1162.4 2405.18 0.68043 0.186245 -0.000160225 0.118082 0.000139678
0.00106944 1173.58 2412.78 0.678 0.18447 -0.000157185 0.119647 0.000139977
0.00110053 1185.27 2420.69 0.675341 0.18265 -0.000154099 0.121285 0.000140281
0.00113532 1197.43 2428.88 0.672448 0.180796 -0.000150987 0.122992 0.000140589
0.00117424 1210 2437.32 0.669317 0.178918 -0.000147866 0.124761 0.000140898
0.00121781 1222.92 2445.95 0.665952 0.177027 -0.000144757 0.126584 0.000141207
0.00126656 1236.14 2454.72 0.662359 0.175135 -0.000141679 0.128452 0.000141513
0.00132111 1249.57 2463.59 0.658548 0.173252 -0.00013865 0.130355 0.000141814
0.00138216 1263.14 2472.5 0.654537 0.171391 -0.000135686 0.132281 0.000142108
0.00145048 1276.77 2481.4 0.650345 0.169561 -0.000132804 0.13422 0.000142394
0.00152694 1290.38 2490.22 0.645997 0.167773 -0.000130018 0.13616 0.000142669
0.0016125 1303.88 2498.91 0.641523 0.166035 -0.000127339 0.138088 0.000142934
0.00170824 1317.2 2507.42 0.636954 0.164356 -0.000124777 0.139994 0.000143186
0.00181538 1330.26 2515.71 0.632323 0.162743 -0.000122339 0.141865 0.000143425
0.00193529 1342.99 2523.73 0.627667 0.1612 -0.000120031 0.143692 0.000143651
0.00206947 1355.33 2531.45 0.623019 0.159733 -0.000117856 0.145466 0.000143862
0.00221962 1367.22 2538.83 0.618415 0.158344 -0.000115815 0.147178 0.00014406
0.00238765 1378.61 2545.85 0.613886 0.157035 -0.000113908 0.148821 0.000144243
0.00257569 1389.48 2552.5 0.609462 0.155806 -0.000112132 0.150389 0.000144413
0.00278612 1399.8 2558.76 0.60517 0.154658 -0.000110486 0.15188 0.000144569
0.00302161 1409.54 2564.64 0.601032 0.15359 -0.000108965 0.153288 0.000144713
0.00328513 1418.69 2570.12 0.597069 0.152599 -0.000107563 0.154613 0.000144844
0.00358003 1427.25 2575.22 0.593295 0.151683 -0.000106276 0.155854 0.000144964
0.00391004 1435.23 2579.94 0.589722 0.15084 -0.000105098 0.157012 0.000145073
0.00427935 1442.64 2584.29 0.586357 0.150066 -0.000104022 0.158086 0.000145173
0.00469263 1449.48 2588.29 0.583205 0.149357 -0.000103042 0.15908 0.000145262
0.00515512 1455.78 2591.96 0.580268 0.148711 -0.000102152 0.159995 0.000145343
0.00567267 1461.56 2595.3 0.577545 0.148123 -0.000101346 0.160835 0.000145416
0.00625185 1466.83 2598.34 0.575034 0.147591 -0.000100619 0.161602 0.000145482
0.00689999 1471.62 2601.09 0.572731 0.14711 -9.99644e-05 0.162299 0.00014554
0.0076253 1475.96 2603.57 0.570629 0.146678 -9.93778e-05 0.162931 0.000145593
0.00843697 1479.86 2605.79 0.568725 0.146291 -9.88545e-05 0.163499 0.000145639
0.00934528 1483.35 2607.77 0.567012 0.145947 -9.83901e-05 0.164007 0.00014568
0.0103617 1486.44 2609.53 0.565484 0.145643 -9.7981e-05 0.164458 0.000145716
0.0114992 1489.16 2611.06 0.564134 0.145377 -9.76237e-05 0.164854 0.000145748
0.0127722 1491.52 2612.39 0.562958 0.145148 -9.73153e-05 0.165197 0.000145775
0.0141967 1493.53 2613.52 0.56195 0.144952 -9.7053e-05 0.165491 0.000145798
0.0157908 1495.22 2614.47 0.561103 0.144788 -9.68341e-05 0.165737 0.000145817
0.0175747 1496.6 2615.24 0.560409 0.144655 -9.66558e-05 0.165938 0.000145833
0.019571 1497.69 2615.85 0.559859 0.14455 -9.65153e-05 0.166097 0.000145845
0.021805 1498.51 2616.32 0.559442 0.14447 -9.64089e-05 0.166217 0.000145854
0.024305 1499.11 2616.65 0.559141 0.144413 -9.63325e-05 0.166304 0.000145861
0.0271027 1499.51 2616.87 0.558939 0.144374 -9.62812e-05 0.166362 0.000145865
0.0302335 1499.75 2617.01 0.558814 0.144351 -9.62495e-05 0.166398 0.000145868
0.033737 1499.89 2617.09 0.558744 0.144337 -9.62319e-05 0.166418 0.000145869
0.0376577 1499.96 2617.12 0.55871 0.144331 -9.62232e-05 0.166428 0.00014587
0.0420453 1499.99 2617.14 0.558696 0.144328 -9.62196e-05 0.166432 0.000145871
0.0469552 1500 2617.14 0.558691 0.144327 -9.62183e-05 0.166434 0.000145871
0.0524498 1500 2617.15 0.558689 0.144327 -9.6218e-05 0.166434 0.000145871
0.0585986 1500 2617.15 0.558689 0.144327 -9.62179e-05 0.166434 0.000145871
0.0654795 1500 2617.15 0.558689 0.144327 -9.62179e-05 0.166434 0.000145871
0.0731797 1500 2617.15 0.558689 0.144327 -9.62179e-05 0.166434 0.000145871
0.0817967 1500 2617.15 0.558689 0.144327 -9.62179e-05 0.166434 0.000145871
0.0914397 1500 2617.15 0.558689 0.144327 -9.62179e-05 0.166434 0.000145871
0.102231 1500 2617.15 0.558689 0.144327 -9.62179e-05 0.166434 0.000145871
0.114307 1500 2617.15 0.558689 0.144327 -9.62179e-05 0.166434 0.000145871
0.127821 1500 2617.15 0.558689 0.144327 -9.62179e-05 0.166434 0.000145871
0.142944 1500 2617.15 0.558689 0.144327 -9.62179e-05 0.166434 0.000145871
0.159868 1500 2617.15 0.558689 0.144327 -9.62179e-05 0.166434 0.000145871
0.178806 1500 2617.15 0.558689 0.144327 -9.62179e-05 0.166434 0.000145871
0.2 1500 2617.15 0.558689 0.144327 -9.62179e-05 0.166434 0.000145871
