TITLE="Graphics"
VARIABLES= "rj, m", "T, K", "Cp, J/kg*K", "DfCp, J/kg*K^2", "rho, kg/m^3", "Dfrho, kg/m^3*K", "Lambda, Watt/m*K", "DfLambda, Watt/m*K^2"
0 334.116 4186.22 0.517371 980 0 0.655278 0
1.38889e-05 334.116 4186.22 0.517371 980 0 0.655278 0
2.77778e-05 334.144 4186.23 0.518039 980 0 0.655305 0
4.16667e-05 334.195 4186.26 0.519238 980 0 0.655353 0
5.55556e-05 334.268 4186.3 0.520948 980 0 0.655422 0
6.94444e-05 334.362 4186.35 0.52316 980 0 0.655511 0
9.72222e-05 334.601 4186.47 0.528741 980 0 0.655736 0
0.000125 334.929 4186.65 0.536394 980 0 0.656045 0
0.000152778 335.345 4186.87 0.546014 980 0 0.656431 0
0.000180556 335.846 4187.15 0.557527 980 0 0.656893 0
0.000208333 336.432 4187.48 0.570865 980 0 0.657427 0
0.000236111 337.102 4187.87 0.585958 980 0 0.658029 0
0.000263889 337.856 4188.31 0.602738 980 0 0.658696 0
0.000291667 338.692 4188.82 0.621131 980 0 0.659423 0
0.000319444 339.61 4189.4 0.641066 980 0 0.660206 0
0.000347222 340.609 4190.06 0.662471 980 0 0.66104 0
0.000375 341.689 4190.78 0.685274 980 0 0.661921 0
0.000402778 342.85 4191.59 0.709408 980 0 0.662843 0
0.000430556 344.09 4192.49 0.734811 980 0 0.663802 0
0.000458333 345.409 4193.48 0.761426 980 0 0.664791 0
0.000486111 346.807 4194.56 0.789206 980 0 0.665805 0
0.0005 356.142 4194.56 0.789206 980 0 0.665805 0
0.000513889 411.235 1908.89 0.487327 0.52644 -0.00128014 0.0274154 8.83873e-05
0.000541667 567.171 1996.97 0.621794 0.381702 -0.000672993 0.0427196 0.000106763
0.000569444 665.938 2060.64 0.664019 0.325091 -0.000488169 0.0537087 0.000115451
0.000597222 739.766 2110.46 0.684268 0.292647 -0.000395593 0.0624365 0.000120845
0.000625 798.748 2151.16 0.695092 0.271037 -0.000339327 0.0696769 0.00012459
0.000652778 847.682 2185.32 0.700922 0.255391 -0.000301282 0.0758426 0.000127364
0.000680556 889.301 2214.56 0.703807 0.243439 -0.000273741 0.0811887 0.000129508
0.000708333 925.339 2239.95 0.704843 0.233958 -0.000252835 0.085887 0.000131217
0.000736111 956.971 2262.24 0.704674 0.226225 -0.000236397 0.09006 0.000132614
0.000763889 985.036 2282.01 0.7037 0.219779 -0.000223118 0.0937983 0.000133776
0.000791667 1010.16 2299.67 0.702185 0.214313 -0.000212158 0.0971716 0.000134758
0.000819444 1032.81 2315.56 0.700305 0.209612 -0.000202953 0.100234 0.0001356
0.000847222 1053.37 2329.93 0.698182 0.205521 -0.000195108 0.103029 0.000136328
0.000875 1072.13 2343.01 0.695902 0.201926 -0.000188341 0.105593 0.000136964
0.000902778 1089.33 2354.96 0.693526 0.198738 -0.000182441 0.107953 0.000137524
0.000930556 1105.16 2365.92 0.6911 0.19589 -0.00017725 0.110134 0.000138022
0.000958333 1119.79 2376.02 0.688654 0.19333 -0.000172648 0.112157 0.000138466
0.000986111 1133.37 2385.34 0.686212 0.191015 -0.000168538 0.114039 0.000138865
0.00101389 1145.99 2393.99 0.683791 0.188911 -0.000164845 0.115795 0.000139225
0.00104167 1157.77 2402.03 0.681403 0.186989 -0.000161509 0.117436 0.000139552
0.00106944 1168.78 2409.52 0.679057 0.185227 -0.000158479 0.118975 0.00013985
0.00110053 1180.3 2417.33 0.676488 0.18342 -0.000155402 0.120587 0.000140153
0.00113532 1192.27 2425.41 0.673692 0.181578 -0.000152297 0.122267 0.00014046
0.00117424 1204.65 2433.73 0.670666 0.179712 -0.000149182 0.124008 0.000140768
0.00121781 1217.38 2442.25 0.667412 0.177832 -0.000146078 0.125802 0.000141076
0.00126656 1230.4 2450.92 0.663936 0.17595 -0.000143002 0.127641 0.000141381
0.00132111 1243.64 2459.69 0.660249 0.174078 -0.000139974 0.129515 0.000141682
0.00138216 1257.02 2468.49 0.656366 0.172225 -0.000137011 0.131412 0.000141976
0.00145048 1270.46 2477.29 0.652306 0.170403 -0.000134128 0.133322 0.000142262
0.00152694 1283.88 2486.01 0.648095 0.168623 -0.000131339 0.135233 0.000142539
0.0016125 1297.19 2494.61 0.64376 0.166892 -0.000128656 0.137132 0.000142804
0.00170824 1310.33 2503.04 0.639331 0.165218 -0.000126089 0.13901 0.000143057
0.00181538 1323.21 2511.25 0.634841 0.16361 -0.000123646 0.140855 0.000143297
0.00193529 1335.77 2519.19 0.630324 0.162071 -0.000121332 0.142656 0.000143524
0.00206947 1347.95 2526.84 0.625814 0.160607 -0.000119149 0.144405 0.000143737
0.00221962 1359.69 2534.16 0.621345 0.159221 -0.000117101 0.146093 0.000143935
0.00238765 1370.94 2541.13 0.616946 0.157913 -0.000115186 0.147714 0.00014412
0.00257569 1381.68 2547.73 0.612648 0.156686 -0.000113403 0.149263 0.000144291
0.00278612 1391.87 2553.95 0.608476 0.155539 -0.000111748 0.150734 0.000144449
0.00302161 1401.5 2559.79 0.604452 0.15447 -0.000110218 0.152126 0.000144595
0.00328513 1410.56 2565.25 0.600594 0.153478 -0.000108807 0.153436 0.000144728
0.00358003 1419.04 2570.33 0.596916 0.152561 -0.00010751 0.154664 0.000144849
0.00391004 1426.95 2575.04 0.593429 0.151715 -0.000106321 0.155811 0.00014496
0.00427935 1434.3 2579.39 0.590141 0.150938 -0.000105234 0.156877 0.000145061
0.00469263 1441.11 2583.4 0.587054 0.150224 -0.000104242 0.157865 0.000145152
0.00515512 1447.4 2587.08 0.58417 0.149572 -0.000103339 0.158777 0.000145235
0.00567267 1453.18 2590.45 0.581486 0.148977 -0.000102518 0.159617 0.00014531
0.00625185 1458.48 2593.52 0.578998 0.148435 -0.000101774 0.160388 0.000145378
0.00689999 1463.34 2596.33 0.576701 0.147943 -0.0001011 0.161094 0.000145438
0.0076253 1467.76 2598.88 0.574587 0.147497 -0.000100491 0.161738 0.000145493
0.00843697 1471.79 2601.19 0.572648 0.147093 -9.99413e-05 0.162324 0.000145542
0.00934528 1475.45 2603.28 0.570877 0.146728 -9.94464e-05 0.162857 0.000145587
0.0103617 1478.76 2605.17 0.569263 0.1464 -9.90014e-05 0.163339 0.000145626
0.0114992 1481.75 2606.87 0.567798 0.146104 -9.86023e-05 0.163774 0.000145662
0.0127722 1484.44 2608.39 0.566473 0.145839 -9.82452e-05 0.164166 0.000145693
0.0141967 1486.86 2609.76 0.565279 0.145603 -9.79266e-05 0.164518 0.000145721
0.0157908 1489.01 2610.98 0.564209 0.145392 -9.76435e-05 0.164832 0.000145746
0.0175747 1490.92 2612.05 0.563256 0.145205 -9.7393e-05 0.165111 0.000145768
0.019571 1492.61 2613 0.562412 0.145041 -9.71728e-05 0.165357 0.000145787
0.021805 1494.09 2613.84 0.561671 0.144898 -9.69807e-05 0.165572 0.000145804
0.024305 1495.37 2614.55 0.561028 0.144774 -9.68149e-05 0.165759 0.000145819
0.0271027 1496.46 2615.16 0.560479 0.144668 -9.66738e-05 0.165918 0.000145831
0.0302335 1497.37 2615.68 0.560018 0.14458 -9.65558e-05 0.166051 0.000145841
0.033737 1498.12 2616.1 0.55964 0.144508 -9.64594e-05 0.16616 0.00014585
0.0376577 1498.71 2616.43 0.55934 0.144451 -9.6383e-05 0.166247 0.000145856
0.0420453 1499.17 2616.68 0.559111 0.144407 -9.63248e-05 0.166313 0.000145861
0.0469552 1499.5 2616.86 0.558945 0.144375 -9.62827e-05 0.166361 0.000145865
0.0524498 1499.72 2616.99 0.558832 0.144354 -9.62541e-05 0.166393 0.000145868
0.0585986 1499.86 2617.07 0.558761 0.144341 -9.62362e-05 0.166413 0.000145869
0.0654795 1499.94 2617.11 0.558722 0.144333 -9.62261e-05 0.166425 0.00014587
0.0731797 1499.98 2617.13 0.558702 0.144329 -9.62211e-05 0.166431 0.00014587
0.0817967 1499.99 2617.14 0.558693 0.144328 -9.62189e-05 0.166433 0.000145871
0.0914397 1500 2617.15 0.55869 0.144327 -9.62182e-05 0.166434 0.000145871
0.102231 1500 2617.15 0.558689 0.144327 -9.6218e-05 0.166434 0.000145871
0.114307 1500 2617.15 0.558689 0.144327 -9.62179e-05 0.166434 0.000145871
0.127821 1500 2617.15 0.558689 0.144327 -9.62179e-05 0.166434 0.000145871
0.142944 1500 2617.15 0.558689 0.144327 -9.62179e-05 0.166434 0.000145871
0.159868 1500 2617.15 0.558689 0.144327 -9.62179e-05 0.166434 0.000145871
0.178806 1500 2617.15 0.558689 0.144327 -9.62179e-05 0.166434 0.000145871
0.2 1500 2617.15 0.558689 0.144327 -9.62179e-05 0.166434 0.000145871
