TITLE="Graphics"
VARIABLES= "rj, m", "T, K", "Cp, J/kg*K", "DfCp, J/kg*K^2", "rho, kg/m^3", "Dfrho, kg/m^3*K", "Lambda, Watt/m*K", "DfLambda, Watt/m*K^2"
0 303.791 4183.99 -0.484429 980 0 0.61628 0
1.25e-05 303.791 4183.99 -0.484429 980 0 0.61628 0
3.75e-05 326.436 4182.97 0.322984 980 0 0.647371 0
6.25e-05 332.007 4185.18 0.466771 980 0 0.653228 0
8.75e-05 334.576 4186.46 0.528177 980 0 0.655714 0
0.0001125 336.146 4187.32 0.564371 980 0 0.657167 0
0.0001375 337.29 4187.98 0.590166 980 0 0.658197 0
0.0001625 338.234 4188.54 0.611084 980 0 0.659026 0
0.0001875 339.082 4189.07 0.629634 980 0 0.659757 0
0.0002125 339.891 4189.59 0.647113 980 0 0.660442 0
0.0002375 340.693 4190.11 0.664249 980 0 0.661109 0
0.0002625 341.508 4190.66 0.681476 980 0 0.661775 0
0.0002875 342.35 4191.24 0.699062 980 0 0.662449 0
0.0003125 343.227 4191.86 0.717175 980 0 0.663138 0
0.0003375 344.145 4192.53 0.735924 980 0 0.663843 0
0.0003625 345.108 4193.25 0.755377 980 0 0.664567 0
0.0003875 346.119 4194.02 0.775578 980 0 0.66531 0
0.0004125 347.18 4194.85 0.796552 980 0 0.66607 0
0.0004375 348.293 4195.75 0.818316 980 0 0.666845 0
0.0004625 349.459 4196.72 0.840878 980 0 0.667635 0
0.0004875 350.679 4197.76 0.864247 980 0 0.668437 0
0.0005125 408.692 1907.66 0.483825 0.529714 -0.00129612 0.0271911 8.8025e-05
0.0005375 552.951 1988.18 0.61383 0.391518 -0.000708051 0.0412115 0.000105351
0.0005625 646.986 2048.11 0.657428 0.334614 -0.000517188 0.051535 0.000113924
0.0005875 718.14 2095.71 0.679164 0.30146 -0.000419779 0.0598391 0.000119351
0.0006125 775.467 2135.02 0.691338 0.279174 -0.000360007 0.0667928 0.000123167
0.0006375 823.352 2168.3 0.698363 0.262938 -0.000319351 0.07276 0.00012602
0.0006625 864.315 2196.99 0.702297 0.250476 -0.000289797 0.0779684 0.000128243
0.0006875 899.965 2222.07 0.704252 0.240554 -0.000267293 0.0825725 0.000130027
0.0007125 931.4 2244.22 0.704888 0.232435 -0.000249555 0.0866832 0.000131492
0.0007375 959.408 2263.96 0.70462 0.22565 -0.000235197 0.0903833 0.000132718
0.0007625 984.574 2281.68 0.703722 0.219882 -0.000223327 0.0937365 0.000133758
0.0007875 1007.35 2297.7 0.702384 0.214911 -0.000213343 0.096793 0.000134651
0.0008125 1028.08 2312.24 0.700737 0.210577 -0.000204824 0.0995931 0.000135427
0.0008375 1047.06 2325.53 0.698876 0.20676 -0.000197467 0.10217 0.000136108
0.0008625 1064.51 2337.7 0.696867 0.203371 -0.000191047 0.10455 0.000136709
0.0008875 1080.61 2348.91 0.694764 0.20034 -0.000185394 0.106756 0.000137243
0.0009125 1095.54 2359.26 0.692602 0.197611 -0.000180378 0.108808 0.000137721
0.0009375 1109.41 2368.86 0.690409 0.19514 -0.000175895 0.110721 0.000138152
0.0009625 1122.35 2377.77 0.688207 0.192891 -0.000171864 0.112511 0.000138542
0.0009875 1134.44 2386.08 0.686012 0.190835 -0.00016822 0.114188 0.000138896
0.0010125 1145.77 2393.84 0.683835 0.188948 -0.000164909 0.115764 0.000139219
0.00104053 1157.66 2401.96 0.681425 0.187007 -0.000161539 0.117421 0.000139549
0.00107197 1170.07 2410.4 0.678774 0.185023 -0.000158129 0.119156 0.000139884
0.00110723 1182.96 2419.13 0.675876 0.183007 -0.000154702 0.120961 0.000140222
0.00114676 1196.27 2428.11 0.672729 0.180971 -0.000151279 0.122829 0.00014056
0.0011911 1209.93 2437.27 0.669334 0.178928 -0.000147883 0.124752 0.000140897
0.00124081 1223.87 2446.58 0.6657 0.17689 -0.000144534 0.126718 0.000141229
0.00129656 1238 2455.96 0.661839 0.174871 -0.000141252 0.128716 0.000141555
0.00135908 1252.25 2465.36 0.657769 0.172881 -0.000138057 0.130735 0.000141872
0.00142919 1266.52 2474.71 0.653514 0.170934 -0.000134964 0.132761 0.000142179
0.00150781 1280.72 2483.96 0.6491 0.169038 -0.000131987 0.134783 0.000142475
0.00159598 1294.77 2493.05 0.64456 0.167204 -0.000129138 0.136786 0.000142756
0.00169485 1308.58 2501.92 0.639928 0.165439 -0.000126426 0.13876 0.000143024
0.00180572 1322.08 2510.53 0.635241 0.16375 -0.000123858 0.140692 0.000143276
0.00193005 1335.19 2518.83 0.630536 0.162142 -0.000121437 0.142573 0.000143514
0.00206947 1347.85 2526.78 0.62585 0.160619 -0.000119166 0.144391 0.000143735
0.00222582 1360.01 2534.36 0.621219 0.159182 -0.000117045 0.14614 0.000143941
0.00240114 1371.63 2541.55 0.616675 0.157835 -0.000115071 0.147813 0.000144131
0.00259776 1382.66 2548.33 0.61225 0.156575 -0.000113241 0.149405 0.000144307
0.00281824 1393.1 2554.7 0.607969 0.155402 -0.000111552 0.150911 0.000144468
0.00306548 1402.91 2560.65 0.603855 0.154315 -0.000109996 0.15233 0.000144615
0.00334275 1412.11 2566.18 0.599925 0.15331 -0.000108568 0.153661 0.00014475
0.00365367 1420.69 2571.31 0.596193 0.152384 -0.00010726 0.154903 0.000144873
0.00400233 1428.66 2576.05 0.592668 0.151534 -0.000106067 0.156059 0.000144984
0.00439333 1436.04 2580.41 0.589357 0.150755 -0.000104979 0.157129 0.000145084
0.00483178 1442.85 2584.42 0.58626 0.150044 -0.000103991 0.158117 0.000145175
0.00532347 1449.11 2588.08 0.583377 0.149395 -0.000103095 0.159026 0.000145257
0.00587484 1454.85 2591.42 0.580704 0.148806 -0.000102283 0.15986 0.000145331
0.00649315 1460.1 2594.46 0.578236 0.148271 -0.000101549 0.160623 0.000145398
0.00718653 1464.88 2597.22 0.575966 0.147787 -0.000100887 0.161318 0.000145458
0.00796407 1469.23 2599.72 0.573883 0.14735 -0.00010029 0.161951 0.000145511
0.00883601 1473.17 2601.98 0.571981 0.146955 -9.9754e-05 0.162525 0.000145559
0.0098138 1476.74 2604.02 0.570248 0.1466 -9.92723e-05 0.163045 0.000145602
0.0109103 1479.96 2605.85 0.568675 0.146281 -9.88406e-05 0.163514 0.00014564
0.0121399 1482.86 2607.5 0.567251 0.145995 -9.84546e-05 0.163936 0.000145675
0.0135188 1485.46 2608.97 0.565968 0.145739 -9.81102e-05 0.164315 0.000145705
0.015065 1487.79 2610.29 0.564817 0.145512 -9.7804e-05 0.164654 0.000145732
0.016799 1489.85 2611.45 0.563789 0.14531 -9.75329e-05 0.164955 0.000145756
0.0187435 1491.68 2612.48 0.562877 0.145132 -9.72939e-05 0.165221 0.000145777
0.020924 1493.29 2613.39 0.562073 0.144976 -9.70848e-05 0.165455 0.000145795
0.0233692 1494.68 2614.17 0.561372 0.14484 -9.69034e-05 0.165659 0.000145811
0.0261113 1495.89 2614.84 0.560768 0.144724 -9.67479e-05 0.165834 0.000145825
0.0291863 1496.9 2615.41 0.560256 0.144626 -9.66166e-05 0.165982 0.000145836
0.0326345 1497.74 2615.88 0.559831 0.144544 -9.65081e-05 0.166105 0.000145845
0.0365014 1498.42 2616.26 0.559488 0.144479 -9.64207e-05 0.166204 0.000145853
0.0408377 1498.95 2616.56 0.559221 0.144428 -9.63527e-05 0.166281 0.000145859
0.0457004 1499.34 2616.78 0.559022 0.14439 -9.63022e-05 0.166338 0.000145863
0.0511534 1499.62 2616.93 0.558882 0.144363 -9.62668e-05 0.166379 0.000145866
0.0572684 1499.8 2617.03 0.558791 0.144346 -9.62437e-05 0.166405 0.000145868
0.0641258 1499.91 2617.09 0.558737 0.144336 -9.62301e-05 0.16642 0.00014587
0.0718156 1499.96 2617.12 0.558709 0.144331 -9.62229e-05 0.166429 0.00014587
0.080439 1499.99 2617.14 0.558696 0.144328 -9.62196e-05 0.166432 0.000145871
0.0901092 1500 2617.14 0.558691 0.144327 -9.62184e-05 0.166434 0.000145871
0.100953 1500 2617.15 0.55869 0.144327 -9.6218e-05 0.166434 0.000145871
0.113114 1500 2617.15 0.558689 0.144327 -9.62179e-05 0.166434 0.000145871
0.126751 1500 2617.15 0.558689 0.144327 -9.62179e-05 0.166434 0.000145871
0.142043 1500 2617.15 0.558689 0.144327 -9.62179e-05 0.166434 0.000145871
0.159192 1500 2617.15 0.558689 0.144327 -9.62179e-05 0.166434 0.000145871
0.178422 1500 2617.15 0.558689 0.144327 -9.62179e-05 0.166434 0.000145871
0.199988 1500 2617.15 0.558689 0.144327 -9.62179e-05 0.166434 0.000145871
