TITLE="Graphics"
VARIABLES= "rj, m", "T, K", "Cp, J/kg*K", "DfCp, J/kg*K^2", "rho, kg/m^3", "Dfrho, kg/m^3*K", "Lambda, Watt/m*K", "DfLambda, Watt/m*K^2"
0 305.224 4183.34 -0.419275 980 0 0.61859 0
1.25e-05 305.224 4183.34 -0.419275 980 0 0.61859 0
3.75e-05 336.31 4187.41 0.56809 980 0 0.657316 0
6.25e-05 343.881 4192.33 0.730545 980 0 0.663642 0
8.75e-05 347.328 4194.97 0.79945 980 0 0.666174 0
0.0001125 349.384 4196.66 0.839438 980 0 0.667585 0
0.0001375 350.834 4197.9 0.8672 980 0 0.668537 0
0.0001625 351.983 4198.9 0.888995 980 0 0.669266 0
0.0001875 352.976 4199.8 0.907694 980 0 0.669878 0
0.0002125 353.89 4200.63 0.924801 980 0 0.670428 0
0.0002375 354.769 4201.45 0.941177 980 0 0.670943 0
0.0002625 355.641 4202.28 0.957347 980 0 0.671442 0
0.0002875 356.523 4203.13 0.973652 980 0 0.671935 0
0.0003125 357.428 4204.02 0.990321 980 0 0.672428 0
0.0003375 358.364 4204.96 1.00751 980 0 0.672925 0
0.0003625 359.337 4205.95 1.02534 980 0 0.673426 0
0.0003875 360.351 4207 1.0439 980 0 0.673935 0
0.0004125 361.41 4208.11 1.06326 980 0 0.674449 0
0.0004375 362.517 4209.3 1.08346 980 0 0.674968 0
0.0004625 363.672 4210.56 1.10457 980 0 0.675492 0
0.0004875 364.878 4211.91 1.12663 980 0 0.676018 0
0.0005125 420.533 1913.48 0.499593 0.5148 -0.00122416 0.0282433 8.96915e-05
0.0005375 559.853 1992.43 0.617767 0.386691 -0.000690702 0.041941 0.000106042
0.0005625 652.049 2051.45 0.659251 0.332015 -0.000509187 0.0521129 0.000114338
0.0005875 722.163 2098.45 0.680162 0.29978 -0.000415115 0.0603198 0.000119634
0.0006125 778.798 2137.32 0.691915 0.27798 -0.000356935 0.0672033 0.000123375
0.0006375 826.178 2170.28 0.698694 0.262038 -0.000317169 0.0731165 0.00012618
0.0006625 866.754 2198.71 0.702474 0.249771 -0.000288168 0.0782814 0.000128369
0.0006875 902.095 2223.57 0.704327 0.239986 -0.000266032 0.0828495 0.00013013
0.0007125 933.275 2245.54 0.704894 0.231968 -0.000248553 0.0869298 0.000131577
0.0007375 961.068 2265.13 0.704579 0.22526 -0.000234385 0.0906038 0.000132788
0.0007625 986.051 2282.72 0.703651 0.219553 -0.000222658 0.0939342 0.000133817
0.0007875 1008.67 2298.62 0.702292 0.21463 -0.000212786 0.0969706 0.000134702
0.0008125 1029.26 2313.07 0.700632 0.210335 -0.000204356 0.0997527 0.00013547
0.0008375 1048.11 2326.26 0.698762 0.206552 -0.00019707 0.102313 0.000136145
0.0008625 1065.45 2338.36 0.696751 0.203191 -0.000190709 0.104679 0.00013674
0.0008875 1081.46 2349.5 0.694647 0.200183 -0.000185105 0.106872 0.000137271
0.0009125 1096.29 2359.78 0.692487 0.197475 -0.000180129 0.108912 0.000137745
0.0009375 1110.08 2369.32 0.690299 0.195022 -0.000175682 0.110814 0.000138173
0.0009625 1122.94 2378.18 0.688102 0.192788 -0.000171681 0.112593 0.000138559
0.0009875 1134.96 2386.44 0.685913 0.190746 -0.000168064 0.114261 0.000138911
0.0010125 1146.23 2394.16 0.683743 0.188871 -0.000164776 0.115828 0.000139232
0.00104053 1158.06 2402.23 0.681342 0.186942 -0.000161427 0.117477 0.00013956
0.00107197 1170.41 2410.63 0.678702 0.18497 -0.00015804 0.119202 0.000139893
0.00110723 1183.23 2419.31 0.675816 0.182966 -0.000154633 0.120998 0.000140229
0.00114676 1196.46 2428.24 0.672682 0.180942 -0.00015123 0.122856 0.000140565
0.0011911 1210.05 2437.35 0.669303 0.17891 -0.000147853 0.124769 0.0001409
0.00124081 1223.92 2446.61 0.665687 0.176883 -0.000144522 0.126725 0.00014123
0.00129656 1237.98 2455.94 0.661845 0.174874 -0.000141257 0.128713 0.000141555
0.00135908 1252.15 2465.3 0.657796 0.172894 -0.000138077 0.130722 0.00014187
0.00142919 1266.35 2474.61 0.653563 0.170956 -0.000134998 0.132738 0.000142176
0.00150781 1280.49 2483.81 0.649173 0.169069 -0.000132034 0.13475 0.00014247
0.00159598 1294.47 2492.86 0.644658 0.167242 -0.000129197 0.136744 0.000142751
0.00169485 1308.22 2501.69 0.640052 0.165485 -0.000126496 0.138709 0.000143017
0.00180572 1321.66 2510.26 0.635391 0.163802 -0.000123937 0.140632 0.000143269
0.00193005 1334.71 2518.52 0.630712 0.1622 -0.000121525 0.142503 0.000143505
0.00206947 1347.31 2526.44 0.626052 0.160683 -0.000119262 0.144314 0.000143726
0.00222582 1359.42 2533.99 0.621448 0.159252 -0.000117147 0.146055 0.000143931
0.00240114 1370.98 2541.15 0.61693 0.157909 -0.000115179 0.14772 0.000144121
0.00259776 1381.97 2547.91 0.61253 0.156653 -0.000113355 0.149305 0.000144296
0.00281824 1392.36 2554.25 0.608274 0.155484 -0.00011167 0.150805 0.000144457
0.00306548 1402.14 2560.18 0.604184 0.1544 -0.000110118 0.152218 0.000144604
0.00334275 1411.3 2565.69 0.600276 0.153398 -0.000108693 0.153543 0.000144738
0.00365367 1419.84 2570.81 0.596566 0.152475 -0.000107389 0.15478 0.000144861
0.00400233 1427.78 2575.53 0.593061 0.151627 -0.000106198 0.155931 0.000144972
0.00439333 1435.13 2579.88 0.589768 0.150851 -0.000105113 0.156997 0.000145072
0.00483178 1441.91 2583.87 0.586689 0.150141 -0.000104126 0.157981 0.000145163
0.00532347 1448.15 2587.52 0.583821 0.149494 -0.000103231 0.158887 0.000145245
0.00587484 1453.87 2590.85 0.581163 0.148906 -0.000102421 0.159717 0.000145319
0.00649315 1459.1 2593.88 0.578707 0.148373 -0.000101688 0.160478 0.000145385
0.00718653 1463.87 2596.64 0.576447 0.147889 -0.000101026 0.161171 0.000145445
0.00796407 1468.21 2599.13 0.574373 0.147452 -0.00010043 0.161803 0.000145499
0.00883601 1472.15 2601.39 0.572477 0.147057 -9.98932e-05 0.162376 0.000145547
0.0098138 1475.71 2603.43 0.570749 0.146702 -9.94109e-05 0.162895 0.00014559
0.0109103 1478.94 2605.27 0.569178 0.146382 -9.89782e-05 0.163364 0.000145628
0.0121399 1481.84 2606.92 0.567754 0.146095 -9.85905e-05 0.163787 0.000145663
0.0135188 1484.45 2608.4 0.566468 0.145838 -9.8244e-05 0.164168 0.000145693
0.015065 1486.79 2609.72 0.56531 0.145609 -9.79349e-05 0.164509 0.000145721
0.016799 1488.88 2610.9 0.564272 0.145404 -9.76601e-05 0.164813 0.000145745
0.0187435 1490.74 2611.95 0.563345 0.145223 -9.74165e-05 0.165084 0.000145766
0.020924 1492.39 2612.88 0.562523 0.145063 -9.72017e-05 0.165324 0.000145785
0.0233692 1493.84 2613.69 0.561798 0.144922 -9.70135e-05 0.165535 0.000145801
0.0261113 1495.1 2614.4 0.561164 0.1448 -9.68499e-05 0.165719 0.000145816
0.0291863 1496.18 2615.01 0.560617 0.144695 -9.67093e-05 0.165878 0.000145828
0.0326345 1497.11 2615.53 0.560152 0.144606 -9.65901e-05 0.166012 0.000145838
0.0365014 1497.88 2615.96 0.559764 0.144532 -9.6491e-05 0.166124 0.000145847
0.0408377 1498.5 2616.31 0.559449 0.144471 -9.64107e-05 0.166215 0.000145854
0.0457004 1498.99 2616.58 0.559201 0.144424 -9.63477e-05 0.166287 0.000145859
0.0511534 1499.36 2616.79 0.559014 0.144389 -9.63003e-05 0.166341 0.000145864
0.0572684 1499.62 2616.93 0.558881 0.144363 -9.62666e-05 0.166379 0.000145866
0.0641258 1499.79 2617.03 0.558793 0.144347 -9.62442e-05 0.166404 0.000145868
0.0718156 1499.9 2617.09 0.55874 0.144336 -9.62307e-05 0.16642 0.00014587
0.080439 1499.96 2617.12 0.558711 0.144331 -9.62233e-05 0.166428 0.00014587
0.0901092 1499.98 2617.14 0.558697 0.144328 -9.62199e-05 0.166432 0.000145871
0.100953 1500 2617.14 0.558691 0.144327 -9.62185e-05 0.166434 0.000145871
0.113114 1500 2617.15 0.55869 0.144327 -9.6218e-05 0.166434 0.000145871
0.126751 1500 2617.15 0.558689 0.144327 -9.62179e-05 0.166434 0.000145871
0.142043 1500 2617.15 0.558689 0.144327 -9.62179e-05 0.166434 0.000145871
0.159192 1500 2617.15 0.558689 0.144327 -9.62179e-05 0.166434 0.000145871
0.178422 1500 2617.15 0.558689 0.144327 -9.62179e-05 0.166434 0.000145871
0.199988 1500 2617.15 0.558689 0.144327 -9.62179e-05 0.166434 0.000145871
