TITLE="Graphics"
VARIABLES= "rj, m", "T, K", "Cp, J/kg*K", "DfCp, J/kg*K^2", "rho, kg/m^3", "Dfrho, kg/m^3*K", "Lambda, Watt/m*K", "DfLambda, Watt/m*K^2"
0 300.457 4185.87 -0.645447 980 0 0.610776 0
1.25e-05 300.457 4185.87 -0.645447 980 0 0.610776 0
3.75e-05 303.218 4184.28 -0.511149 980 0 0.615346 0
6.25e-05 303.978 4183.9 -0.475791 980 0 0.616584 0
8.75e-05 304.425 4183.69 -0.455317 980 0 0.617307 0
0.0001125 304.807 4183.52 -0.437998 980 0 0.617922 0
0.0001375 305.196 4183.36 -0.420511 980 0 0.618546 0
0.0001625 305.622 4183.18 -0.401575 980 0 0.619225 0
0.0001875 306.099 4182.99 -0.380612 980 0 0.619982 0
0.0002125 306.635 4182.8 -0.357339 980 0 0.620827 0
0.0002375 307.235 4182.59 -0.331631 980 0 0.621766 0
0.0002625 307.904 4182.38 -0.303451 980 0 0.622804 0
0.0002875 308.644 4182.16 -0.272827 980 0 0.623939 0
0.0003125 309.456 4181.96 -0.239834 980 0 0.625172 0
0.0003375 310.342 4181.76 -0.204586 980 0 0.626499 0
0.0003625 311.302 4181.58 -0.167229 980 0 0.627918 0
0.0003875 312.337 4181.43 -0.127936 980 0 0.629422 0
0.0004125 313.446 4181.31 -0.0869022 980 0 0.631005 0
0.0004375 314.628 4181.23 -0.0443372 980 0 0.63266 0
0.0004625 315.882 4181.2 -0.000461953 980 0 0.634379 0
0.0004875 317.207 4181.23 0.0444991 980 0 0.636154 0
0.0005125 381.994 1895.27 0.442552 0.566737 -0.00148363 0.0248933 8.40646e-05
0.0005375 539.534 1980 0.605765 0.401254 -0.000743705 0.0398072 0.000103976
0.0005625 638.258 2042.39 0.654177 0.339189 -0.000531429 0.0505439 0.0001132
0.0005875 712.079 2091.6 0.677616 0.304025 -0.000426954 0.0591171 0.00011892
0.0006125 771.204 2132.07 0.690579 0.280717 -0.000363998 0.0662683 0.000122899
0.0006375 820.414 2166.25 0.698009 0.263879 -0.000321642 0.07239 0.000125853
0.0006625 862.409 2195.66 0.702155 0.25103 -0.000291079 0.0777241 0.000128144
0.0006875 898.895 2221.32 0.704213 0.24084 -0.000267929 0.0824334 0.000129976
0.0007125 931.026 2243.96 0.704886 0.232529 -0.000249755 0.086634 0.000131475
0.0007375 959.624 2264.11 0.704614 0.225599 -0.000235091 0.090412 0.000132727
0.0007625 985.3 2282.2 0.703687 0.21972 -0.000222998 0.0938337 0.000133787
0.0007875 1008.52 2298.52 0.702302 0.214661 -0.000212848 0.0969509 0.000134696
0.0008125 1029.65 2313.34 0.700596 0.210256 -0.000204202 0.0998053 0.000135485
0.0008375 1048.98 2326.87 0.698669 0.206382 -0.000196746 0.102431 0.000136175
0.0008625 1066.74 2339.26 0.69659 0.202945 -0.000190247 0.104855 0.000136784
0.0008875 1083.14 2350.66 0.694413 0.199873 -0.000184532 0.107102 0.000137325
0.0009125 1098.32 2361.19 0.692176 0.19711 -0.000179465 0.109191 0.000137809
0.0009375 1112.43 2370.94 0.689909 0.19461 -0.000174941 0.111139 0.000138244
0.0009625 1125.59 2380 0.687632 0.192336 -0.000170876 0.11296 0.000138638
0.0009875 1137.88 2388.44 0.685363 0.190258 -0.000167204 0.114666 0.000138995
0.0010125 1149.4 2396.32 0.683112 0.188351 -0.000163869 0.116269 0.000139321
0.00104053 1161.49 2404.56 0.680623 0.186391 -0.000160476 0.117955 0.000139653
0.00107197 1174.1 2413.13 0.677885 0.184388 -0.000157046 0.119719 0.000139991
0.00110723 1187.2 2421.99 0.674892 0.182354 -0.000153601 0.121555 0.000140331
0.00114676 1200.71 2431.09 0.671643 0.180301 -0.000150162 0.123454 0.000140671
0.0011911 1214.59 2440.39 0.668139 0.178242 -0.000146751 0.125408 0.000141009
0.00124081 1228.74 2449.81 0.664389 0.176189 -0.00014339 0.127406 0.000141343
0.00129656 1243.09 2459.32 0.660406 0.174155 -0.000140099 0.129436 0.00014167
0.00135908 1257.55 2468.84 0.656209 0.172153 -0.000136896 0.131487 0.000141988
0.00142919 1272.03 2478.31 0.651822 0.170193 -0.000133797 0.133545 0.000142295
0.00150781 1286.44 2487.67 0.647272 0.168286 -0.000130816 0.135598 0.00014259
0.00159598 1300.69 2496.86 0.642594 0.166442 -0.000127964 0.137633 0.000142872
0.00169485 1314.7 2505.83 0.637822 0.164668 -0.000125251 0.139636 0.00014314
0.00180572 1328.39 2514.53 0.632994 0.162972 -0.000122683 0.141597 0.000143392
0.00193005 1341.69 2522.91 0.62815 0.161357 -0.000120264 0.143505 0.000143628
0.00206947 1354.52 2530.95 0.623326 0.159828 -0.000117996 0.14535 0.000143849
0.00222582 1366.85 2538.6 0.61856 0.158387 -0.000115878 0.147124 0.000144054
0.00240114 1378.61 2545.85 0.613886 0.157035 -0.000113908 0.14882 0.000144243
0.00259776 1389.79 2552.69 0.609336 0.155772 -0.000112083 0.150434 0.000144417
0.00281824 1400.35 2559.1 0.604936 0.154597 -0.000110399 0.15196 0.000144577
0.00306548 1410.29 2565.09 0.600709 0.153508 -0.000108849 0.153397 0.000144724
0.00334275 1419.59 2570.66 0.596675 0.152502 -0.000107427 0.154744 0.000144857
0.00365367 1428.26 2575.81 0.592848 0.151576 -0.000106127 0.156 0.000144978
0.00400233 1436.31 2580.57 0.589237 0.150727 -0.000104941 0.157167 0.000145088
0.00439333 1443.75 2584.94 0.585849 0.14995 -0.000103862 0.158247 0.000145187
0.00483178 1450.6 2588.94 0.582688 0.149242 -0.000102883 0.159242 0.000145277
0.00532347 1456.88 2592.6 0.579752 0.148599 -0.000101998 0.160155 0.000145357
0.00587484 1462.62 2595.92 0.57704 0.148015 -0.000101199 0.16099 0.00014543
0.00649315 1467.85 2598.93 0.574547 0.147488 -0.000100479 0.16175 0.000145494
0.00718653 1472.58 2601.64 0.572268 0.147014 -9.98344e-05 0.162439 0.000145552
0.00796407 1476.85 2604.08 0.570196 0.146589 -9.92579e-05 0.16306 0.000145603
0.00883601 1480.68 2606.26 0.568324 0.14621 -9.87451e-05 0.163618 0.000145649
0.0098138 1484.09 2608.2 0.566645 0.145874 -9.82915e-05 0.164115 0.000145689
0.0109103 1487.11 2609.9 0.565153 0.145578 -9.78931e-05 0.164555 0.000145724
0.0121399 1489.75 2611.39 0.56384 0.14532 -9.75464e-05 0.16494 0.000145755
0.0135188 1492.03 2612.68 0.562701 0.145097 -9.72482e-05 0.165272 0.000145781
0.015065 1493.97 2613.77 0.561729 0.144909 -9.69957e-05 0.165555 0.000145803
0.016799 1495.59 2614.68 0.560917 0.144752 -9.67862e-05 0.165791 0.000145821
0.0187435 1496.9 2615.41 0.560257 0.144626 -9.66168e-05 0.165982 0.000145836
0.020924 1497.93 2615.99 0.559739 0.144527 -9.64846e-05 0.166132 0.000145848
0.0233692 1498.69 2616.42 0.559351 0.144453 -9.63858e-05 0.166244 0.000145856
0.0261113 1499.24 2616.72 0.559076 0.1444 -9.6316e-05 0.166323 0.000145862
0.0291863 1499.59 2616.92 0.558896 0.144366 -9.62703e-05 0.166375 0.000145866
0.0326345 1499.8 2617.04 0.558788 0.144346 -9.62429e-05 0.166406 0.000145869
0.0365014 1499.92 2617.1 0.55873 0.144335 -9.62283e-05 0.166422 0.00014587
0.0408377 1499.97 2617.13 0.558704 0.14433 -9.62216e-05 0.16643 0.00014587
0.0457004 1499.99 2617.14 0.558693 0.144328 -9.6219e-05 0.166433 0.000145871
0.0511534 1500 2617.15 0.55869 0.144327 -9.62181e-05 0.166434 0.000145871
0.0572684 1500 2617.15 0.558689 0.144327 -9.62179e-05 0.166434 0.000145871
0.0641258 1500 2617.15 0.558689 0.144327 -9.62179e-05 0.166434 0.000145871
0.0718156 1500 2617.15 0.558689 0.144327 -9.62179e-05 0.166434 0.000145871
0.080439 1500 2617.15 0.558689 0.144327 -9.62179e-05 0.166434 0.000145871
0.0901092 1500 2617.15 0.558689 0.144327 -9.62179e-05 0.166434 0.000145871
0.100953 1500 2617.15 0.558689 0.144327 -9.62179e-05 0.166434 0.000145871
0.113114 1500 2617.15 0.558689 0.144327 -9.62179e-05 0.166434 0.000145871
0.126751 1500 2617.15 0.558689 0.144327 -9.62179e-05 0.166434 0.000145871
0.142043 1500 2617.15 0.558689 0.144327 -9.62179e-05 0.166434 0.000145871
0.159192 1500 2617.15 0.558689 0.144327 -9.62179e-05 0.166434 0.000145871
0.178422 1500 2617.15 0.558689 0.144327 -9.62179e-05 0.166434 0.000145871
0.199988 1500 2617.15 0.558689 0.144327 -9.62179e-05 0.166434 0.000145871
