TITLE="Graphics"
VARIABLES= "rj, m", "T, K", "Cp, J/kg*K", "DfCp, J/kg*K^2", "rho, kg/m^3", "Dfrho, kg/m^3*K", "Lambda, Watt/m*K", "DfLambda, Watt/m*K^2"
0 312.48 4181.41 -0.122574 980 0 0.629628 0
2.43902e-05 312.48 4181.41 -0.122574 980 0 0.629628 0
4.87805e-05 312.725 4181.38 -0.113443 980 0 0.629979 0
7.31707e-05 313.168 4181.33 -0.0970751 980 0 0.630611 0
9.7561e-05 313.805 4181.28 -0.0738375 980 0 0.631511 0
0.000121951 314.638 4181.23 -0.0439765 980 0 0.632674 0
0.000146341 315.671 4181.2 -0.00774821 980 0 0.634093 0
0.000170732 316.91 4181.22 0.0345455 980 0 0.63576 0
0.000195122 318.361 4181.31 0.0825435 980 0 0.637665 0
0.000219512 320.03 4181.49 0.135822 980 0 0.639795 0
0.000243902 321.924 4181.8 0.193896 980 0 0.642132 0
0.000268293 324.049 4182.28 0.256235 980 0 0.644656 0
0.000292683 326.41 4182.96 0.322276 980 0 0.647342 0
0.000317073 329.013 4183.89 0.391454 980 0 0.650162 0
0.000341463 331.862 4185.11 0.463228 980 0 0.653084 0
0.000365854 334.961 4186.66 0.537125 980 0 0.656074 0
0.000390244 338.31 4188.59 0.612772 980 0 0.659093 0
0.000414634 341.912 4190.94 0.689937 980 0 0.6621 0
0.000439024 345.767 4193.75 0.768571 980 0 0.665053 0
0.000463415 349.873 4197.07 0.848835 980 0 0.66791 0
0.000487805 354.229 4200.95 0.931133 980 0 0.670628 0
0.0005 356.443 4200.95 0.931133 980 0 0.670628 0
0.000512195 492.349 1952.17 0.572356 0.439709 -0.000893084 0.0350211 9.87929e-05
0.000536585 604.31 2020.41 0.640117 0.358244 -0.000592814 0.0467504 0.00011025
0.000560976 685.666 2073.8 0.670238 0.315737 -0.000460482 0.0560015 0.000116976
0.000585366 749.717 2117.28 0.686404 0.288763 -0.000385162 0.0636423 0.00012151
0.000609756 802.42 2153.71 0.695625 0.269797 -0.000336229 0.0701348 0.000124808
0.000634146 847.029 2184.87 0.700862 0.255588 -0.000301746 0.0757595 0.000127328
0.000658537 885.546 2211.92 0.703622 0.244471 -0.000276068 0.0807027 0.000129322
0.000682927 919.298 2235.69 0.704762 0.235495 -0.000256168 0.0850952 0.00013094
0.000707317 949.22 2256.78 0.704807 0.228072 -0.000240273 0.0890334 0.00013228
0.000731707 975.995 2275.65 0.704097 0.221815 -0.00022727 0.0925905 0.000133409
0.000756098 1000.14 2292.63 0.702862 0.21646 -0.000216429 0.0958235 0.000134373
0.000780488 1022.06 2308.02 0.701258 0.211818 -0.000207247 0.0987777 0.000135205
0.000804878 1042.06 2322.03 0.699398 0.207751 -0.000199365 0.10149 0.000135931
0.000829268 1060.42 2334.85 0.697364 0.204156 -0.000192524 0.103991 0.00013657
0.000853659 1077.32 2346.62 0.695213 0.200952 -0.000186529 0.106304 0.000137135
0.000878049 1092.96 2357.48 0.69299 0.198077 -0.00018123 0.108453 0.00013764
0.000902439 1107.47 2367.52 0.690726 0.195482 -0.000176512 0.110453 0.000138093
0.000926829 1120.98 2376.83 0.688447 0.193126 -0.000172283 0.112321 0.000138501
0.00095122 1133.59 2385.5 0.68617 0.190977 -0.000168471 0.114071 0.000138871
0.00097561 1145.39 2393.59 0.683908 0.189009 -0.000165017 0.115712 0.000139208
0.001 1156.47 2401.15 0.681672 0.187199 -0.000161871 0.117255 0.000139516
0.00102736 1168.11 2409.07 0.679203 0.185334 -0.000158661 0.118881 0.000139832
0.00105807 1180.28 2417.32 0.676492 0.183423 -0.000155406 0.120585 0.000140153
0.00109251 1192.94 2425.86 0.673532 0.181477 -0.000152126 0.122361 0.000140477
0.00113116 1206.02 2434.66 0.670322 0.179507 -0.000148842 0.124201 0.000140802
0.00117452 1219.48 2443.65 0.666863 0.177527 -0.000145576 0.126098 0.000141126
0.00122316 1233.22 2452.79 0.663164 0.175548 -0.000142349 0.12804 0.000141446
0.00127774 1247.18 2462.02 0.659236 0.173583 -0.00013918 0.130017 0.000141761
0.00133897 1261.27 2471.28 0.655098 0.171644 -0.000136088 0.132016 0.000142068
0.00140767 1275.4 2480.51 0.650772 0.169742 -0.000133089 0.134026 0.000142365
0.00148475 1289.49 2489.64 0.646287 0.167889 -0.000130198 0.136033 0.000142652
0.00157123 1303.44 2498.62 0.641673 0.166092 -0.000127426 0.138024 0.000142925
0.00166825 1317.16 2507.4 0.636967 0.164361 -0.000124784 0.139988 0.000143186
0.00177711 1330.59 2515.92 0.632204 0.162703 -0.000122279 0.141912 0.000143431
0.00189923 1343.64 2524.14 0.627424 0.161122 -0.000119914 0.143786 0.000143662
0.00203626 1356.26 2532.03 0.622662 0.159623 -0.000117694 0.1456 0.000143878
0.00218999 1368.38 2539.55 0.617957 0.158209 -0.000115618 0.147345 0.000144079
0.00236246 1379.97 2546.68 0.613341 0.156881 -0.000113685 0.149016 0.000144264
0.00255597 1390.98 2553.41 0.608846 0.155639 -0.000111892 0.150605 0.000144436
0.00277308 1401.39 2559.73 0.604499 0.154483 -0.000110235 0.15211 0.000144593
0.00301666 1411.19 2565.63 0.600323 0.15341 -0.00010871 0.153527 0.000144737
0.00328995 1420.36 2571.12 0.596336 0.152419 -0.00010731 0.154856 0.000144868
0.00359656 1428.92 2576.21 0.592554 0.151506 -0.000106029 0.156096 0.000144987
0.00394056 1436.86 2580.9 0.588985 0.150669 -0.000104859 0.157248 0.000145095
0.00432651 1444.21 2585.21 0.585637 0.149902 -0.000103795 0.158314 0.000145193
0.00475953 1450.97 2589.16 0.582512 0.149203 -0.00010283 0.159297 0.000145282
0.00524535 1457.18 2592.77 0.57961 0.148568 -0.000101956 0.160199 0.000145361
0.00579041 1462.85 2596.05 0.576929 0.147992 -0.000101167 0.161024 0.000145432
0.00640194 1468.02 2599.02 0.574466 0.147471 -0.000100456 0.161775 0.000145496
0.00708805 1472.69 2601.71 0.572213 0.147003 -9.9819e-05 0.162455 0.000145553
0.00785782 1476.92 2604.12 0.570164 0.146583 -9.92493e-05 0.16307 0.000145604
0.00872145 1480.7 2606.27 0.568313 0.146208 -9.87422e-05 0.163621 0.000145649
0.00969041 1484.08 2608.19 0.566652 0.145875 -9.82934e-05 0.164113 0.000145689
0.0107775 1487.07 2609.88 0.565175 0.145582 -9.78988e-05 0.164549 0.000145724
0.0119972 1489.68 2611.36 0.563873 0.145326 -9.7555e-05 0.16493 0.000145754
0.0133656 1491.95 2612.63 0.562742 0.145105 -9.72588e-05 0.165261 0.00014578
0.0149009 1493.88 2613.72 0.561774 0.144918 -9.70073e-05 0.165542 0.000145802
0.0166234 1495.5 2614.63 0.560962 0.144761 -9.67979e-05 0.165778 0.00014582
0.018556 1496.81 2615.36 0.5603 0.144634 -9.66279e-05 0.165969 0.000145835
0.0207242 1497.85 2615.94 0.559778 0.144534 -9.64944e-05 0.16612 0.000145847
0.0231568 1498.63 2616.38 0.559383 0.144459 -9.63939e-05 0.166234 0.000145855
0.0258861 1499.19 2616.69 0.559101 0.144405 -9.63222e-05 0.166316 0.000145862
0.0289482 1499.56 2616.9 0.558913 0.144369 -9.62746e-05 0.16637 0.000145866
0.0323837 1499.78 2617.03 0.558798 0.144348 -9.62456e-05 0.166403 0.000145868
0.0362382 1499.91 2617.09 0.558736 0.144336 -9.62298e-05 0.166421 0.00014587
0.0405626 1499.97 2617.13 0.558706 0.14433 -9.62223e-05 0.166429 0.00014587
0.0454145 1499.99 2617.14 0.558694 0.144328 -9.62192e-05 0.166433 0.000145871
0.0508579 1500 2617.14 0.55869 0.144327 -9.62182e-05 0.166434 0.000145871
0.0569652 1500 2617.15 0.558689 0.144327 -9.6218e-05 0.166434 0.000145871
0.0638172 1500 2617.15 0.558689 0.144327 -9.62179e-05 0.166434 0.000145871
0.0715049 1500 2617.15 0.558689 0.144327 -9.62179e-05 0.166434 0.000145871
0.0801299 1500 2617.15 0.558689 0.144327 -9.62179e-05 0.166434 0.000145871
0.0898068 1500 2617.15 0.558689 0.144327 -9.62179e-05 0.166434 0.000145871
0.100664 1500 2617.15 0.558689 0.144327 -9.62179e-05 0.166434 0.000145871
0.112844 1500 2617.15 0.558689 0.144327 -9.62179e-05 0.166434 0.000145871
0.126511 1500 2617.15 0.558689 0.144327 -9.62179e-05 0.166434 0.000145871
0.141843 1500 2617.15 0.558689 0.144327 -9.62179e-05 0.166434 0.000145871
0.159046 1500 2617.15 0.558689 0.144327 -9.62179e-05 0.166434 0.000145871
0.178346 1500 2617.15 0.558689 0.144327 -9.62179e-05 0.166434 0.000145871
0.2 1500 2617.15 0.558689 0.144327 -9.62179e-05 0.166434 0.000145871
