TITLE="Graphics"
VARIABLES= "rj, m", "T, K", "Cp, J/kg*K", "DfCp, J/kg*K^2", "rho, kg/m^3", "Dfrho, kg/m^3*K", "Lambda, Watt/m*K", "DfLambda, Watt/m*K^2"
0 300.099 4186.1 -0.663542 980 0 0.610177 0
1.25e-05 300.099 4186.1 -0.663542 980 0 0.610177 0
3.75e-05 300.7 4185.72 -0.633259 980 0 0.611182 0
6.25e-05 300.893 4185.59 -0.623629 980 0 0.611504 0
8.75e-05 301.044 4185.5 -0.6161 980 0 0.611756 0
0.0001125 301.21 4185.4 -0.607863 980 0 0.612033 0
0.0001375 301.411 4185.28 -0.597985 980 0 0.612367 0
0.0001625 301.656 4185.13 -0.585969 980 0 0.612774 0
0.0001875 301.954 4184.96 -0.571454 980 0 0.613268 0
0.0002125 302.313 4184.76 -0.55414 980 0 0.61386 0
0.0002375 302.739 4184.53 -0.53376 980 0 0.614562 0
0.0002625 303.24 4184.26 -0.510093 980 0 0.615383 0
0.0002875 303.823 4183.98 -0.482965 980 0 0.616331 0
0.0003125 304.492 4183.66 -0.452269 980 0 0.617415 0
0.0003375 305.253 4183.33 -0.417969 980 0 0.618637 0
0.0003625 306.11 4182.99 -0.380116 980 0 0.62 0
0.0003875 307.066 4182.65 -0.33885 980 0 0.621502 0
0.0004125 308.121 4182.31 -0.294395 980 0 0.623138 0
0.0004375 309.277 4182 -0.247054 980 0 0.624901 0
0.0004625 310.53 4181.72 -0.197199 980 0 0.626779 0
0.0004875 311.877 4181.49 -0.145249 980 0 0.628758 0
0.0005125 378.25 1893.63 0.436017 0.572347 -0.00151315 0.0245796 8.34852e-05
0.0005375 538.765 1979.54 0.605286 0.401827 -0.000745831 0.0397272 0.000103896
0.0005625 638.574 2042.6 0.654297 0.339021 -0.000530904 0.0505796 0.000113227
0.0005875 713.05 2092.26 0.677867 0.303612 -0.000425793 0.0592325 0.00011899
0.0006125 772.64 2133.06 0.690837 0.280196 -0.000362647 0.0664448 0.00012299
0.0006375 822.206 2167.5 0.698226 0.263304 -0.000320241 0.0726157 0.000125955
0.0006625 864.49 2197.12 0.70231 0.250425 -0.00028968 0.0779909 0.000128252
0.0006875 901.216 2222.95 0.704297 0.24022 -0.000266551 0.0827353 0.000130087
0.0007125 933.552 2245.74 0.704895 0.2319 -0.000248406 0.0869662 0.000131589
0.0007375 962.328 2266.02 0.704547 0.224965 -0.000233772 0.0907711 0.000132841
0.0007625 988.161 2284.21 0.703545 0.219084 -0.000221709 0.0942165 0.000133901
0.0007875 1011.52 2300.63 0.702086 0.214025 -0.000211587 0.0973551 0.00013481
0.0008125 1032.77 2315.53 0.700308 0.20962 -0.000202968 0.100229 0.000135598
0.0008375 1052.22 2329.13 0.698312 0.205747 -0.000195537 0.102872 0.000136288
0.0008625 1070.08 2341.58 0.696166 0.202312 -0.000189062 0.105312 0.000136896
0.0008875 1086.57 2353.04 0.693926 0.199242 -0.000183368 0.107574 0.000137436
0.0009125 1101.84 2363.62 0.691628 0.196481 -0.00017832 0.109676 0.000137919
0.0009375 1116.03 2373.42 0.689301 0.193982 -0.000173814 0.111636 0.000138353
0.0009625 1129.26 2382.52 0.686968 0.19171 -0.000169767 0.113469 0.000138745
0.0009875 1141.62 2391 0.684645 0.189634 -0.00016611 0.115186 0.000139101
0.0010125 1153.2 2398.92 0.682343 0.18773 -0.00016279 0.116799 0.000139426
0.00104053 1165.35 2407.2 0.679798 0.185772 -0.000159412 0.118496 0.000139758
0.00107197 1178.04 2415.8 0.677001 0.183772 -0.000155998 0.120271 0.000140094
0.00110723 1191.21 2424.69 0.673946 0.181741 -0.000152569 0.122117 0.000140433
0.00114676 1204.8 2433.83 0.67063 0.17969 -0.000149146 0.124028 0.000140772
0.0011911 1218.74 2443.16 0.667057 0.177634 -0.000145752 0.125994 0.000141108
0.00124081 1232.97 2452.62 0.663234 0.175585 -0.000142408 0.128004 0.00014144
0.00129656 1247.39 2462.16 0.659176 0.173554 -0.000139134 0.130046 0.000141765
0.00135908 1261.93 2471.71 0.654902 0.171555 -0.000135947 0.132109 0.000142082
0.00142919 1276.48 2481.21 0.650435 0.169599 -0.000132865 0.134179 0.000142388
0.00150781 1290.97 2490.6 0.645806 0.167696 -0.0001299 0.136244 0.000142681
0.00159598 1305.29 2499.81 0.641047 0.165856 -0.000127065 0.13829 0.000142961
0.00169485 1319.37 2508.8 0.636195 0.164086 -0.000124367 0.140304 0.000143226
0.00180572 1333.12 2517.52 0.631288 0.162393 -0.000121814 0.142276 0.000143477
0.00193005 1346.48 2525.92 0.626366 0.160783 -0.00011941 0.144193 0.000143711
0.00206947 1359.37 2533.96 0.621467 0.159258 -0.000117156 0.146048 0.00014393
0.00222582 1371.74 2541.62 0.616629 0.157821 -0.000115051 0.14783 0.000144133
0.00240114 1383.56 2548.88 0.611887 0.156474 -0.000113095 0.149534 0.000144321
0.00259776 1394.77 2555.72 0.607272 0.155215 -0.000111283 0.151154 0.000144493
0.00281824 1405.37 2562.13 0.602813 0.154045 -0.000109612 0.152685 0.000144652
0.00306548 1415.33 2568.11 0.598533 0.152961 -0.000108075 0.154127 0.000144796
0.00334275 1424.64 2573.67 0.594452 0.151961 -0.000106666 0.155476 0.000144928
0.00365367 1433.31 2578.81 0.590586 0.151042 -0.000105379 0.156733 0.000145047
0.00400233 1441.35 2583.54 0.586944 0.150199 -0.000104207 0.1579 0.000145155
0.00439333 1448.77 2587.88 0.583535 0.149431 -0.000103143 0.158976 0.000145253
0.00483178 1455.58 2591.84 0.580362 0.148731 -0.00010218 0.159966 0.000145341
0.00532347 1461.8 2595.45 0.577427 0.148098 -0.000101312 0.160871 0.000145419
0.00587484 1467.47 2598.71 0.574729 0.147527 -0.000100531 0.161695 0.00014549
0.00649315 1472.59 2601.64 0.572265 0.147014 -9.98337e-05 0.16244 0.000145552
0.00718653 1477.19 2604.27 0.570032 0.146556 -9.92127e-05 0.163109 0.000145607
0.00796407 1481.29 2606.61 0.568025 0.14615 -9.86638e-05 0.163707 0.000145656
0.00883601 1484.92 2608.66 0.566239 0.145793 -9.81825e-05 0.164235 0.000145699
0.0098138 1488.09 2610.45 0.564669 0.145482 -9.77648e-05 0.164697 0.000145736
0.0109103 1490.82 2611.99 0.563309 0.145216 -9.7407e-05 0.165095 0.000145767
0.0121399 1493.13 2613.29 0.562154 0.144991 -9.71059e-05 0.165432 0.000145793
0.0135188 1495.03 2614.37 0.561196 0.144806 -9.68581e-05 0.16571 0.000145815
0.015065 1496.57 2615.22 0.560425 0.144658 -9.666e-05 0.165933 0.000145832
0.016799 1497.75 2615.89 0.559829 0.144544 -9.65075e-05 0.166106 0.000145846
0.0187435 1498.62 2616.37 0.55939 0.14446 -9.63957e-05 0.166232 0.000145855
0.020924 1499.21 2616.71 0.559087 0.144402 -9.63187e-05 0.16632 0.000145862
0.0233692 1499.6 2616.92 0.558894 0.144366 -9.62697e-05 0.166375 0.000145866
0.0261113 1499.82 2617.04 0.558783 0.144345 -9.62416e-05 0.166407 0.000145869
0.0291863 1499.93 2617.11 0.558726 0.144334 -9.62272e-05 0.166424 0.00014587
0.0326345 1499.98 2617.13 0.558701 0.144329 -9.6221e-05 0.166431 0.00014587
0.0365014 1499.99 2617.14 0.558692 0.144327 -9.62187e-05 0.166433 0.000145871
0.0408377 1500 2617.15 0.55869 0.144327 -9.62181e-05 0.166434 0.000145871
0.0457004 1500 2617.15 0.558689 0.144327 -9.62179e-05 0.166434 0.000145871
0.0511534 1500 2617.15 0.558689 0.144327 -9.62179e-05 0.166434 0.000145871
0.0572684 1500 2617.15 0.558689 0.144327 -9.62179e-05 0.166434 0.000145871
0.0641258 1500 2617.15 0.558689 0.144327 -9.62179e-05 0.166434 0.000145871
0.0718156 1500 2617.15 0.558689 0.144327 -9.62179e-05 0.166434 0.000145871
0.080439 1500 2617.15 0.558689 0.144327 -9.62179e-05 0.166434 0.000145871
0.0901092 1500 2617.15 0.558689 0.144327 -9.62179e-05 0.166434 0.000145871
0.100953 1500 2617.15 0.558689 0.144327 -9.62179e-05 0.166434 0.000145871
0.113114 1500 2617.15 0.558689 0.144327 -9.62179e-05 0.166434 0.000145871
0.126751 1500 2617.15 0.558689 0.144327 -9.62179e-05 0.166434 0.000145871
0.142043 1500 2617.15 0.558689 0.144327 -9.62179e-05 0.166434 0.000145871
0.159192 1500 2617.15 0.558689 0.144327 -9.62179e-05 0.166434 0.000145871
0.178422 1500 2617.15 0.558689 0.144327 -9.62179e-05 0.166434 0.000145871
0.199988 1500 2617.15 0.558689 0.144327 -9.62179e-05 0.166434 0.000145871
