TITLE="Graphics"
VARIABLES= "rj, m", "T, K", "Cp, J/kg*K", "DfCp, J/kg*K^2", "rho, kg/m^3", "Dfrho, kg/m^3*K", "Lambda, Watt/m*K", "DfLambda, Watt/m*K^2"
0 300.457 4185.87 -0.645469 980 0 0.610775 0
1.25e-05 300.457 4185.87 -0.645469 980 0 0.610775 0
3.75e-05 303.215 4184.28 -0.511295 980 0 0.615341 0
6.25e-05 303.974 4183.9 -0.475966 980 0 0.616578 0
8.75e-05 304.421 4183.69 -0.455505 980 0 0.6173 0
0.0001125 304.802 4183.52 -0.438193 980 0 0.617915 0
0.0001375 305.191 4183.36 -0.420711 980 0 0.618539 0
0.0001625 305.617 4183.18 -0.401779 980 0 0.619218 0
0.0001875 306.094 4183 -0.380818 980 0 0.619974 0
0.0002125 306.63 4182.8 -0.357547 980 0 0.620819 0
0.0002375 307.23 4182.59 -0.33184 980 0 0.621759 0
0.0002625 307.899 4182.38 -0.30366 980 0 0.622796 0
0.0002875 308.639 4182.17 -0.273036 980 0 0.623931 0
0.0003125 309.451 4181.96 -0.240042 980 0 0.625164 0
0.0003375 310.336 4181.76 -0.204792 980 0 0.626492 0
0.0003625 311.297 4181.58 -0.167431 980 0 0.62791 0
0.0003875 312.331 4181.43 -0.128135 980 0 0.629414 0
0.0004125 313.44 4181.31 -0.0870958 980 0 0.630997 0
0.0004375 314.622 4181.23 -0.0445255 980 0 0.632653 0
0.0004625 315.877 4181.2 -0.000644316 980 0 0.634372 0
0.0004875 317.202 4181.23 0.0443231 980 0 0.636147 0
0.0005125 381.99 1895.27 0.442545 0.566743 -0.00148366 0.0248929 8.4064e-05
0.0005375 539.533 1980 0.605765 0.401255 -0.000743709 0.039807 0.000103976
0.0005625 638.258 2042.39 0.654177 0.339189 -0.00053143 0.0505438 0.0001132
0.0005875 712.08 2091.6 0.677616 0.304025 -0.000426954 0.0591171 0.00011892
0.0006125 771.205 2132.07 0.690579 0.280717 -0.000363998 0.0662684 0.000122899
0.0006375 820.414 2166.25 0.698009 0.263879 -0.000321641 0.0723901 0.000125854
0.0006625 862.41 2195.66 0.702155 0.251029 -0.000291079 0.0777243 0.000128144
0.0006875 898.896 2221.32 0.704213 0.24084 -0.000267929 0.0824336 0.000129976
0.0007125 931.027 2243.96 0.704886 0.232528 -0.000249755 0.0866341 0.000131475
0.0007375 959.625 2264.12 0.704614 0.225599 -0.00023509 0.0904122 0.000132727
0.0007625 985.302 2282.2 0.703687 0.21972 -0.000222997 0.0938339 0.000133787
0.0007875 1008.52 2298.52 0.702302 0.214661 -0.000212847 0.0969511 0.000134696
0.0008125 1029.65 2313.34 0.700596 0.210256 -0.000204201 0.0998055 0.000135485
0.0008375 1048.98 2326.87 0.698668 0.206382 -0.000196745 0.102431 0.000136175
0.0008625 1066.74 2339.26 0.69659 0.202945 -0.000190247 0.104856 0.000136784
0.0008875 1083.14 2350.66 0.694412 0.199873 -0.000184531 0.107102 0.000137325
0.0009125 1098.32 2361.19 0.692176 0.19711 -0.000179464 0.109191 0.000137809
0.0009375 1112.43 2370.94 0.689908 0.194609 -0.00017494 0.111139 0.000138244
0.0009625 1125.59 2380 0.687632 0.192335 -0.000170875 0.11296 0.000138638
0.0009875 1137.88 2388.44 0.685362 0.190257 -0.000167203 0.114667 0.000138995
0.0010125 1149.4 2396.32 0.683112 0.18835 -0.000163868 0.11627 0.000139321
0.00104053 1161.49 2404.57 0.680623 0.18639 -0.000160476 0.117956 0.000139653
0.00107197 1174.1 2413.13 0.677885 0.184388 -0.000157046 0.11972 0.000139991
0.00110723 1187.2 2421.99 0.674892 0.182354 -0.0001536 0.121555 0.000140331
0.00114676 1200.72 2431.09 0.671642 0.180301 -0.000150161 0.123454 0.000140671
0.0011911 1214.59 2440.39 0.668139 0.178241 -0.00014675 0.125408 0.000141009
0.00124081 1228.74 2449.82 0.664389 0.176189 -0.000143389 0.127406 0.000141343
0.00129656 1243.09 2459.32 0.660406 0.174155 -0.000140098 0.129437 0.00014167
0.00135908 1257.55 2468.84 0.656209 0.172152 -0.000136895 0.131487 0.000141988
0.00142919 1272.03 2478.31 0.651821 0.170193 -0.000133796 0.133546 0.000142295
0.00150781 1286.44 2487.67 0.647271 0.168286 -0.000130815 0.135599 0.000142591
0.00159598 1300.7 2496.87 0.642593 0.166442 -0.000127964 0.137633 0.000142872
0.00169485 1314.71 2505.84 0.637821 0.164668 -0.000125251 0.139637 0.00014314
0.00180572 1328.39 2514.53 0.632993 0.162971 -0.000122683 0.141598 0.000143392
0.00193005 1341.69 2522.92 0.628149 0.161357 -0.000120264 0.143506 0.000143628
0.00206947 1354.52 2530.95 0.623325 0.159827 -0.000117995 0.145351 0.000143849
0.00222582 1366.85 2538.6 0.618559 0.158386 -0.000115877 0.147125 0.000144054
0.00240114 1378.62 2545.85 0.613885 0.157034 -0.000113907 0.148821 0.000144243
0.00259776 1389.79 2552.69 0.609335 0.155772 -0.000112083 0.150434 0.000144417
0.00281824 1400.36 2559.1 0.604935 0.154597 -0.000110398 0.15196 0.000144577
0.00306548 1410.29 2565.09 0.600708 0.153507 -0.000108848 0.153398 0.000144724
0.00334275 1419.59 2570.66 0.596674 0.152502 -0.000107426 0.154744 0.000144857
0.00365367 1428.26 2575.82 0.592846 0.151576 -0.000106126 0.156001 0.000144978
0.00400233 1436.31 2580.57 0.589236 0.150727 -0.00010494 0.157168 0.000145088
0.00439333 1443.75 2584.94 0.585848 0.14995 -0.000103862 0.158247 0.000145187
0.00483178 1450.6 2588.95 0.582686 0.149242 -0.000102883 0.159242 0.000145277
0.00532347 1456.88 2592.6 0.57975 0.148598 -0.000101997 0.160156 0.000145357
0.00587484 1462.62 2595.92 0.577038 0.148015 -0.000101198 0.16099 0.00014543
0.00649315 1467.85 2598.93 0.574545 0.147488 -0.000100479 0.16175 0.000145494
0.00718653 1472.58 2601.64 0.572266 0.147014 -9.98339e-05 0.162439 0.000145552
0.00796407 1476.85 2604.08 0.570194 0.146589 -9.92575e-05 0.163061 0.000145603
0.00883601 1480.68 2606.26 0.568322 0.14621 -9.87447e-05 0.163619 0.000145649
0.0098138 1484.1 2608.2 0.566644 0.145873 -9.82911e-05 0.164116 0.000145689
0.0109103 1487.11 2609.9 0.565152 0.145578 -9.78927e-05 0.164555 0.000145724
0.0121399 1489.75 2611.4 0.563839 0.14532 -9.7546e-05 0.16494 0.000145755
0.0135188 1492.04 2612.68 0.5627 0.145097 -9.72479e-05 0.165273 0.000145781
0.015065 1493.98 2613.77 0.561728 0.144909 -9.69954e-05 0.165556 0.000145803
0.016799 1495.59 2614.68 0.560916 0.144752 -9.67859e-05 0.165791 0.000145821
0.0187435 1496.9 2615.41 0.560256 0.144626 -9.66166e-05 0.165982 0.000145836
0.020924 1497.93 2615.99 0.559738 0.144527 -9.64844e-05 0.166132 0.000145848
0.0233692 1498.69 2616.42 0.559351 0.144453 -9.63857e-05 0.166244 0.000145856
0.0261113 1499.24 2616.72 0.559076 0.1444 -9.6316e-05 0.166323 0.000145862
0.0291863 1499.59 2616.92 0.558896 0.144366 -9.62702e-05 0.166375 0.000145866
0.0326345 1499.81 2617.04 0.558788 0.144346 -9.62429e-05 0.166406 0.000145869
0.0365014 1499.92 2617.1 0.55873 0.144335 -9.62283e-05 0.166422 0.00014587
0.0408377 1499.97 2617.13 0.558704 0.14433 -9.62216e-05 0.16643 0.00014587
0.0457004 1499.99 2617.14 0.558693 0.144328 -9.6219e-05 0.166433 0.000145871
0.0511534 1500 2617.15 0.55869 0.144327 -9.62181e-05 0.166434 0.000145871
0.0572684 1500 2617.15 0.558689 0.144327 -9.62179e-05 0.166434 0.000145871
0.0641258 1500 2617.15 0.558689 0.144327 -9.62179e-05 0.166434 0.000145871
0.0718156 1500 2617.15 0.558689 0.144327 -9.62179e-05 0.166434 0.000145871
0.080439 1500 2617.15 0.558689 0.144327 -9.62179e-05 0.166434 0.000145871
0.0901092 1500 2617.15 0.558689 0.144327 -9.62179e-05 0.166434 0.000145871
0.100953 1500 2617.15 0.558689 0.144327 -9.62179e-05 0.166434 0.000145871
0.113114 1500 2617.15 0.558689 0.144327 -9.62179e-05 0.166434 0.000145871
0.126751 1500 2617.15 0.558689 0.144327 -9.62179e-05 0.166434 0.000145871
0.142043 1500 2617.15 0.558689 0.144327 -9.62179e-05 0.166434 0.000145871
0.159192 1500 2617.15 0.558689 0.144327 -9.62179e-05 0.166434 0.000145871
0.178422 1500 2617.15 0.558689 0.144327 -9.62179e-05 0.166434 0.000145871
0.199988 1500 2617.15 0.558689 0.144327 -9.62179e-05 0.166434 0.000145871
