TITLE="Graphics"
VARIABLES= "rj, m", "T, K", "Cp, J/kg*K", "DfCp, J/kg*K^2", "rho, kg/m^3", "Dfrho, kg/m^3*K", "Lambda, Watt/m*K", "DfLambda, Watt/m*K^2"
0 301.033 4185.51 -0.616649 980 0 0.611738 0
1.25e-05 301.033 4185.51 -0.616649 980 0 0.611738 0
3.75e-05 307.26 4182.58 -0.330564 980 0 0.621806 0
6.25e-05 308.882 4182.1 -0.263073 980 0 0.624303 0
8.75e-05 309.721 4181.89 -0.229217 980 0 0.625571 0
0.0001125 310.334 4181.76 -0.2049 980 0 0.626488 0
0.0001375 310.882 4181.65 -0.183463 980 0 0.6273 0
0.0001625 311.428 4181.56 -0.162386 980 0 0.628102 0
0.0001875 312.002 4181.47 -0.140543 980 0 0.628938 0
0.0002125 312.619 4181.39 -0.117392 980 0 0.629827 0
0.0002375 313.288 4181.32 -0.0926738 980 0 0.630781 0
0.0002625 314.014 4181.27 -0.0662798 980 0 0.631805 0
0.0002875 314.801 4181.22 -0.0381934 980 0 0.6329 0
0.0003125 315.651 4181.2 -0.00845413 980 0 0.634065 0
0.0003375 316.564 4181.21 0.0228608 980 0 0.635298 0
0.0003625 317.542 4181.25 0.0556491 980 0 0.636596 0
0.0003875 318.584 4181.33 0.0897914 980 0 0.637954 0
0.0004125 319.691 4181.44 0.125158 980 0 0.639367 0
0.0004375 320.861 4181.61 0.161612 980 0 0.640831 0
0.0004625 322.095 4181.83 0.199016 980 0 0.642338 0
0.0004875 323.39 4182.12 0.237233 980 0 0.643885 0
0.0005125 386.678 1897.36 0.450445 0.559872 -0.0014479 0.0252887 8.47809e-05
0.0005375 541.378 1981.12 0.606907 0.399887 -0.000738647 0.0399991 0.000104167
0.0005625 639.102 2042.94 0.654498 0.338741 -0.000530026 0.0506394 0.000113271
0.0005875 712.341 2091.78 0.677684 0.303914 -0.000426641 0.0591482 0.000118939
0.0006125 771.065 2131.98 0.690554 0.280768 -0.00036413 0.0662511 0.00012289
0.0006375 819.972 2165.94 0.697955 0.264021 -0.000321988 0.0723345 0.000125828
0.0006625 861.728 2195.18 0.702103 0.251228 -0.00029154 0.0776369 0.000128108
0.0006875 898.018 2220.7 0.70418 0.241076 -0.000268453 0.0823194 0.000129933
0.0007125 929.982 2243.22 0.704881 0.23279 -0.000250316 0.0864968 0.000131428
0.0007375 958.438 2263.28 0.704642 0.225878 -0.000235673 0.0902547 0.000132676
0.0007625 983.99 2281.27 0.70375 0.220013 -0.000223592 0.0936585 0.000133734
0.0007875 1007.1 2297.52 0.702402 0.214964 -0.000213448 0.0967597 0.000134642
0.0008125 1028.13 2312.28 0.700733 0.210566 -0.000204805 0.0995998 0.000135429
0.0008375 1047.37 2325.74 0.698842 0.206698 -0.000197349 0.102212 0.000136119
0.0008625 1065.06 2338.09 0.696799 0.203266 -0.00019085 0.104625 0.000136727
0.0008875 1081.38 2349.44 0.694658 0.200198 -0.000185132 0.106861 0.000137268
0.0009125 1096.5 2359.93 0.692456 0.197438 -0.000180062 0.10894 0.000137752
0.0009375 1110.55 2369.64 0.690222 0.19494 -0.000175534 0.110879 0.000138187
0.0009625 1123.65 2378.67 0.687977 0.192668 -0.000171466 0.112691 0.00013858
0.0009875 1135.89 2387.08 0.685739 0.190591 -0.00016779 0.11439 0.000138938
0.0010125 1147.36 2394.93 0.683519 0.188686 -0.000164452 0.115985 0.000139263
0.00104053 1159.4 2403.14 0.681063 0.186727 -0.000161055 0.117663 0.000139596
0.00107197 1171.96 2411.68 0.67836 0.184725 -0.000157621 0.119419 0.000139934
0.00110723 1185 2420.51 0.675405 0.182692 -0.00015417 0.121247 0.000140274
0.00114676 1198.46 2429.58 0.672195 0.18064 -0.000150726 0.123138 0.000140615
0.0011911 1212.28 2438.84 0.668733 0.178581 -0.00014731 0.125083 0.000140954
0.00124081 1226.38 2448.24 0.665028 0.176528 -0.000143943 0.127072 0.000141288
0.00129656 1240.67 2457.72 0.661091 0.174495 -0.000140646 0.129094 0.000141615
0.00135908 1255.07 2467.21 0.656941 0.172492 -0.000137436 0.131136 0.000141934
0.00142919 1269.5 2476.66 0.652602 0.170532 -0.000134331 0.133185 0.000142242
0.00150781 1283.85 2485.99 0.648102 0.168626 -0.000131343 0.135229 0.000142538
0.00159598 1298.05 2495.16 0.643474 0.166781 -0.000128486 0.137255 0.000142821
0.00169485 1312.01 2504.11 0.638753 0.165007 -0.000125766 0.139251 0.000143089
0.00180572 1325.65 2512.79 0.633975 0.163309 -0.000123192 0.141204 0.000143342
0.00193005 1338.89 2521.16 0.62918 0.161693 -0.000120766 0.143104 0.000143579
0.00206947 1351.68 2529.18 0.624405 0.160163 -0.000118492 0.144942 0.000143801
0.00222582 1363.96 2536.81 0.619686 0.158721 -0.000116368 0.146709 0.000144006
0.00240114 1375.69 2544.06 0.615058 0.157368 -0.000114392 0.148399 0.000144197
0.00259776 1386.83 2550.88 0.61055 0.156104 -0.000112562 0.150007 0.000144372
0.00281824 1397.36 2557.29 0.606191 0.154928 -0.000110871 0.151528 0.000144533
0.00306548 1407.27 2563.27 0.602003 0.153837 -0.000109316 0.15296 0.00014468
0.00334275 1416.55 2568.84 0.598003 0.15283 -0.000107889 0.154303 0.000144814
0.00365367 1425.2 2574 0.594207 0.151902 -0.000106583 0.155556 0.000144936
0.00400233 1433.23 2578.76 0.590624 0.151051 -0.000105392 0.156721 0.000145046
0.00439333 1440.66 2583.13 0.587259 0.150271 -0.000104307 0.157799 0.000145146
0.00483178 1447.51 2587.14 0.584116 0.14956 -0.000103322 0.158794 0.000145237
0.00532347 1453.8 2590.81 0.581194 0.148913 -0.00010243 0.159708 0.000145318
0.00587484 1459.56 2594.15 0.578489 0.148326 -0.000101623 0.160545 0.000145391
0.00649315 1464.81 2597.18 0.575997 0.147794 -0.000100896 0.161309 0.000145457
0.00718653 1469.59 2599.92 0.573711 0.147314 -0.000100242 0.162003 0.000145516
0.00796407 1473.91 2602.4 0.571623 0.146881 -9.96541e-05 0.162633 0.000145568
0.00883601 1477.81 2604.63 0.569726 0.146494 -9.91286e-05 0.163201 0.000145615
0.0098138 1481.32 2606.62 0.568011 0.146147 -9.86601e-05 0.163711 0.000145656
0.0109103 1484.45 2608.4 0.566469 0.145839 -9.82443e-05 0.164167 0.000145693
0.0121399 1487.23 2609.97 0.565093 0.145566 -9.78772e-05 0.164573 0.000145726
0.0135188 1489.68 2611.35 0.563875 0.145327 -9.75554e-05 0.16493 0.000145754
0.015065 1491.82 2612.56 0.562808 0.145118 -9.72759e-05 0.165241 0.000145778
0.016799 1493.66 2613.6 0.561885 0.144939 -9.70361e-05 0.16551 0.000145799
0.0187435 1495.22 2614.47 0.561101 0.144788 -9.68335e-05 0.165738 0.000145817
0.020924 1496.52 2615.2 0.560448 0.144662 -9.66659e-05 0.165927 0.000145832
0.0233692 1497.57 2615.79 0.559921 0.144561 -9.65309e-05 0.166079 0.000145843
0.0261113 1498.38 2616.24 0.559509 0.144483 -9.64259e-05 0.166198 0.000145853
0.0291863 1498.99 2616.58 0.559202 0.144424 -9.63479e-05 0.166286 0.000145859
0.0326345 1499.41 2616.82 0.558987 0.144383 -9.62933e-05 0.166349 0.000145864
0.0365014 1499.69 2616.97 0.558846 0.144357 -9.62577e-05 0.166389 0.000145867
0.0408377 1499.85 2617.06 0.558763 0.144341 -9.62367e-05 0.166413 0.000145869
0.0457004 1499.94 2617.11 0.55872 0.144333 -9.62256e-05 0.166425 0.00014587
0.0511534 1499.98 2617.13 0.5587 0.144329 -9.62206e-05 0.166431 0.00014587
0.0572684 1499.99 2617.14 0.558692 0.144327 -9.62187e-05 0.166433 0.000145871
0.0641258 1500 2617.15 0.55869 0.144327 -9.62181e-05 0.166434 0.000145871
0.0718156 1500 2617.15 0.558689 0.144327 -9.62179e-05 0.166434 0.000145871
0.080439 1500 2617.15 0.558689 0.144327 -9.62179e-05 0.166434 0.000145871
0.0901092 1500 2617.15 0.558689 0.144327 -9.62179e-05 0.166434 0.000145871
0.100953 1500 2617.15 0.558689 0.144327 -9.62179e-05 0.166434 0.000145871
0.113114 1500 2617.15 0.558689 0.144327 -9.62179e-05 0.166434 0.000145871
0.126751 1500 2617.15 0.558689 0.144327 -9.62179e-05 0.166434 0.000145871
0.142043 1500 2617.15 0.558689 0.144327 -9.62179e-05 0.166434 0.000145871
0.159192 1500 2617.15 0.558689 0.144327 -9.62179e-05 0.166434 0.000145871
0.178422 1500 2617.15 0.558689 0.144327 -9.62179e-05 0.166434 0.000145871
0.199988 1500 2617.15 0.558689 0.144327 -9.62179e-05 0.166434 0.000145871
