TITLE="Graphics"
VARIABLES= "rj, m", "T, K", "Cp, J/kg*K", "DfCp, J/kg*K^2", "rho, kg/m^3", "Dfrho, kg/m^3*K", "Lambda, Watt/m*K", "DfLambda, Watt/m*K^2"
0 301.834 4185.03 -0.577287 980 0 0.613069 0
1.25e-05 301.834 4185.03 -0.577287 980 0 0.613069 0
3.75e-05 312.859 4181.37 -0.108473 980 0 0.630171 0
6.25e-05 315.648 4181.2 -0.00854433 980 0 0.634062 0
8.75e-05 317 4181.22 0.037572 980 0 0.63588 0
0.0001125 317.898 4181.27 0.0674127 980 0 0.637063 0
0.0001375 318.625 4181.33 0.0911102 980 0 0.638006 0
0.0001625 319.291 4181.4 0.112484 980 0 0.63886 0
0.0001875 319.948 4181.48 0.133259 980 0 0.639692 0
0.0002125 320.624 4181.57 0.154302 980 0 0.640537 0
0.0002375 321.334 4181.69 0.17607 980 0 0.641413 0
0.0002625 322.088 4181.83 0.198808 980 0 0.64233 0
0.0002875 322.891 4182 0.222632 980 0 0.643293 0
0.0003125 323.748 4182.2 0.247588 980 0 0.644305 0
0.0003375 324.661 4182.44 0.273672 980 0 0.645364 0
0.0003625 325.631 4182.72 0.300852 980 0 0.646469 0
0.0003875 326.66 4183.04 0.329073 980 0 0.647619 0
0.0004125 327.747 4183.42 0.358269 980 0 0.648809 0
0.0004375 328.894 4183.85 0.388366 980 0 0.650036 0
0.0004625 330.1 4184.33 0.419289 980 0 0.651296 0
0.0004875 331.364 4184.88 0.450961 980 0 0.652586 0
0.0005125 392.956 1900.22 0.460561 0.550928 -0.00140201 0.0258239 8.57261e-05
0.0005375 544.383 1982.95 0.608744 0.39768 -0.000730515 0.0403126 0.000104478
0.0005625 640.966 2044.16 0.655201 0.337756 -0.000526948 0.0508507 0.000113426
0.0005875 713.555 2092.6 0.677998 0.303397 -0.00042519 0.0592926 0.000119026
0.0006125 771.839 2132.51 0.690693 0.280486 -0.0003634 0.0663463 0.000122939
0.0006375 820.421 2166.25 0.69801 0.263877 -0.000321636 0.072391 0.000125854
0.0006625 861.924 2195.32 0.702118 0.251171 -0.000291408 0.0776619 0.000128119
0.0006875 898.007 2220.69 0.704179 0.241079 -0.00026846 0.0823179 0.000129933
0.0007125 929.799 2243.09 0.70488 0.232836 -0.000250415 0.0864727 0.00013142
0.0007375 958.108 2263.05 0.704649 0.225956 -0.000235835 0.0902109 0.000132662
0.0007625 983.534 2280.95 0.703772 0.220115 -0.0002238 0.0935974 0.000133716
0.0007875 1006.53 2297.12 0.702441 0.215085 -0.000213689 0.0966833 0.00013462
0.0008125 1027.47 2311.81 0.700792 0.210703 -0.00020507 0.0995096 0.000135405
0.0008375 1046.62 2325.22 0.698923 0.206847 -0.000197634 0.10211 0.000136092
0.0008625 1064.23 2337.5 0.696902 0.203425 -0.000191149 0.104511 0.000136699
0.0008875 1080.47 2348.81 0.694783 0.200366 -0.000185442 0.106737 0.000137238
0.0009125 1095.53 2359.25 0.692603 0.197613 -0.000180381 0.108806 0.000137721
0.0009375 1109.52 2368.93 0.690392 0.195121 -0.000175861 0.110736 0.000138155
0.0009625 1122.56 2377.92 0.68817 0.192854 -0.000171798 0.11254 0.000138548
0.0009875 1134.75 2386.3 0.685953 0.190782 -0.000168127 0.114232 0.000138905
0.0010125 1146.17 2394.12 0.683754 0.188881 -0.000164792 0.11582 0.00013923
0.00104053 1158.16 2402.3 0.681321 0.186926 -0.000161399 0.117491 0.000139563
0.00107197 1170.67 2410.81 0.678643 0.184928 -0.000157967 0.11924 0.0001399
0.00110723 1183.66 2419.61 0.675714 0.182898 -0.000154519 0.121059 0.00014024
0.00114676 1197.07 2428.65 0.672534 0.180849 -0.000151076 0.122942 0.00014058
0.0011911 1210.84 2437.88 0.669103 0.178794 -0.000147661 0.124879 0.000140919
0.00124081 1224.88 2447.25 0.66543 0.176744 -0.000144295 0.12686 0.000141253
0.00129656 1239.12 2456.69 0.661527 0.174713 -0.000140998 0.128874 0.00014158
0.00135908 1253.46 2466.16 0.657413 0.172713 -0.000137789 0.130908 0.000141899
0.00142919 1267.84 2475.57 0.653111 0.170756 -0.000134683 0.132949 0.000142207
0.00150781 1282.14 2484.88 0.648649 0.168851 -0.000131695 0.134985 0.000142503
0.00159598 1296.29 2494.03 0.644059 0.167008 -0.000128836 0.137003 0.000142786
0.00169485 1310.19 2502.95 0.639377 0.165235 -0.000126115 0.138991 0.000143055
0.00180572 1323.78 2511.61 0.634638 0.163539 -0.000123539 0.140937 0.000143308
0.00193005 1336.98 2519.96 0.629881 0.161925 -0.000121112 0.14283 0.000143545
0.00206947 1349.73 2527.95 0.625144 0.160395 -0.000118835 0.144661 0.000143767
0.00222582 1361.97 2535.58 0.620462 0.158954 -0.000116709 0.146422 0.000143973
0.00240114 1373.66 2542.8 0.61587 0.157602 -0.000114731 0.148106 0.000144164
0.00259776 1384.76 2549.62 0.611397 0.156338 -0.000112899 0.149707 0.00014434
0.00281824 1395.26 2556.01 0.60707 0.155161 -0.000111206 0.151223 0.000144501
0.00306548 1405.13 2561.99 0.602913 0.154071 -0.000109648 0.152651 0.000144648
0.00334275 1414.39 2567.55 0.598942 0.153063 -0.000108219 0.15399 0.000144783
0.00365367 1423.01 2572.7 0.595172 0.152135 -0.000106911 0.15524 0.000144905
0.00400233 1431.03 2577.45 0.591612 0.151283 -0.000105716 0.156402 0.000145016
0.00439333 1438.44 2581.83 0.588269 0.150503 -0.000104629 0.157477 0.000145117
0.00483178 1445.28 2585.84 0.585143 0.149791 -0.000103641 0.15847 0.000145207
0.00532347 1451.57 2589.51 0.582236 0.149142 -0.000102746 0.159383 0.000145289
0.00587484 1457.33 2592.85 0.579542 0.148553 -0.000101935 0.16022 0.000145363
0.00649315 1462.58 2595.9 0.577057 0.148019 -0.000101204 0.160984 0.000145429
0.00718653 1467.37 2598.65 0.574774 0.147536 -0.000100544 0.161681 0.000145488
0.00796407 1471.72 2601.15 0.572684 0.1471 -9.99514e-05 0.162313 0.000145542
0.00883601 1475.65 2603.39 0.570779 0.146708 -9.94194e-05 0.162886 0.000145589
0.0098138 1479.2 2605.42 0.56905 0.146357 -9.89432e-05 0.163402 0.000145631
0.0109103 1482.38 2607.23 0.567487 0.146042 -9.85182e-05 0.163866 0.000145669
0.0121399 1485.24 2608.84 0.566081 0.145762 -9.81404e-05 0.164282 0.000145702
0.0135188 1487.77 2610.28 0.564824 0.145513 -9.78059e-05 0.164651 0.000145732
0.015065 1490.02 2611.54 0.563708 0.145294 -9.75115e-05 0.164979 0.000145758
0.016799 1491.99 2612.65 0.562725 0.145102 -9.72544e-05 0.165265 0.00014578
0.0187435 1493.69 2613.61 0.561869 0.144936 -9.70321e-05 0.165515 0.0001458
0.020924 1495.16 2614.43 0.561134 0.144794 -9.68422e-05 0.165728 0.000145816
0.0233692 1496.39 2615.13 0.560515 0.144675 -9.66829e-05 0.165907 0.00014583
0.0261113 1497.4 2615.69 0.560004 0.144577 -9.65521e-05 0.166055 0.000145842
0.0291863 1498.21 2616.15 0.559595 0.144499 -9.64479e-05 0.166173 0.000145851
0.0326345 1498.83 2616.49 0.559281 0.144439 -9.6368e-05 0.166264 0.000145858
0.0365014 1499.29 2616.75 0.559051 0.144396 -9.63096e-05 0.16633 0.000145863
0.0408377 1499.6 2616.92 0.558893 0.144366 -9.62696e-05 0.166375 0.000145866
0.0457004 1499.79 2617.03 0.558793 0.144347 -9.62443e-05 0.166404 0.000145868
0.0511534 1499.91 2617.09 0.558736 0.144336 -9.62298e-05 0.166421 0.00014587
0.0572684 1499.96 2617.13 0.558708 0.14433 -9.62226e-05 0.166429 0.00014587
0.0641258 1499.99 2617.14 0.558695 0.144328 -9.62194e-05 0.166432 0.000145871
0.0718156 1500 2617.14 0.558691 0.144327 -9.62183e-05 0.166434 0.000145871
0.080439 1500 2617.15 0.558689 0.144327 -9.6218e-05 0.166434 0.000145871
0.0901092 1500 2617.15 0.558689 0.144327 -9.62179e-05 0.166434 0.000145871
0.100953 1500 2617.15 0.558689 0.144327 -9.62179e-05 0.166434 0.000145871
0.113114 1500 2617.15 0.558689 0.144327 -9.62179e-05 0.166434 0.000145871
0.126751 1500 2617.15 0.558689 0.144327 -9.62179e-05 0.166434 0.000145871
0.142043 1500 2617.15 0.558689 0.144327 -9.62179e-05 0.166434 0.000145871
0.159192 1500 2617.15 0.558689 0.144327 -9.62179e-05 0.166434 0.000145871
0.178422 1500 2617.15 0.558689 0.144327 -9.62179e-05 0.166434 0.000145871
0.199988 1500 2617.15 0.558689 0.144327 -9.62179e-05 0.166434 0.000145871
