TITLE="Graphics"
VARIABLES= "rj, m", "T, K", "Cp, J/kg*K", "DfCp, J/kg*K^2", "rho, kg/m^3", "Dfrho, kg/m^3*K", "Lambda, Watt/m*K", "DfLambda, Watt/m*K^2"
0 306.968 4182.68 -0.343044 980 0 0.621348 0
1.38889e-05 306.968 4182.68 -0.343044 980 0 0.621348 0
2.77778e-05 306.996 4182.67 -0.341817 980 0 0.621393 0
4.16667e-05 307.048 4182.65 -0.339615 980 0 0.621474 0
5.55556e-05 307.121 4182.63 -0.336474 980 0 0.621589 0
6.94444e-05 307.217 4182.6 -0.332408 980 0 0.621738 0
9.72222e-05 307.459 4182.52 -0.322146 980 0 0.622115 0
0.000125 307.794 4182.41 -0.308056 980 0 0.622634 0
0.000152778 308.22 4182.28 -0.290319 980 0 0.623289 0
0.000180556 308.735 4182.14 -0.269069 980 0 0.624079 0
0.000208333 309.341 4181.98 -0.244436 980 0 0.624999 0
0.000236111 310.038 4181.82 -0.21656 980 0 0.626047 0
0.000263889 310.827 4181.66 -0.185603 980 0 0.627219 0
0.000291667 311.706 4181.52 -0.151747 980 0 0.628509 0
0.000319444 312.678 4181.39 -0.115198 980 0 0.629912 0
0.000347222 313.74 4181.28 -0.0761813 980 0 0.63142 0
0.000375 314.893 4181.22 -0.0349396 980 0 0.633027 0
0.000402778 316.136 4181.2 0.00826983 980 0 0.634723 0
0.000430556 317.468 4181.25 0.053182 980 0 0.636498 0
0.000458333 318.886 4181.35 0.099529 980 0 0.638342 0
0.000486111 320.39 4181.54 0.147047 980 0 0.640245 0
0.0005 330.717 4181.54 0.147047 980 0 0.640245 0
0.000513889 390.547 1899.12 0.45674 0.554326 -0.00141936 0.0256178 8.53654e-05
0.000541667 557.297 1990.86 0.616325 0.388465 -0.000697052 0.0416703 0.000105787
0.000569444 659.652 2056.47 0.661902 0.328188 -0.000497517 0.0529845 0.000114951
0.000597222 735.496 2107.54 0.683311 0.294346 -0.000400201 0.0619211 0.000120556
0.000625 795.828 2149.13 0.694657 0.272031 -0.000341822 0.0693134 0.000124416
0.000652778 845.754 2183.97 0.700743 0.255973 -0.000302657 0.0755972 0.00012726
0.000680556 888.145 2213.75 0.703752 0.243756 -0.000274455 0.081039 0.00012945
0.000708333 924.806 2239.57 0.704837 0.234093 -0.000253126 0.085817 0.000131193
0.000736111 956.954 2262.23 0.704674 0.226228 -0.000236405 0.0900578 0.000132613
0.000763889 985.458 2282.31 0.70368 0.219685 -0.000222927 0.0938548 0.000133793
0.000791667 1010.96 2300.23 0.702127 0.214144 -0.000211822 0.0972794 0.000134789
0.000819444 1033.94 2316.35 0.700198 0.209383 -0.000202509 0.100387 0.00013564
0.000847222 1054.79 2330.93 0.69802 0.205244 -0.000194582 0.103223 0.000136377
0.000875 1073.81 2344.18 0.695682 0.201609 -0.000187751 0.105823 0.00013702
0.000902778 1091.24 2356.28 0.693245 0.198389 -0.000181801 0.108216 0.000137585
0.000930556 1107.29 2367.39 0.690756 0.195514 -0.000176571 0.110428 0.000138087
0.000958333 1122.11 2377.61 0.688248 0.192931 -0.000171936 0.112478 0.000138535
0.000986111 1135.86 2387.05 0.685745 0.190596 -0.000167799 0.114385 0.000138937
0.00101389 1148.64 2395.81 0.683264 0.188475 -0.000164085 0.116164 0.000139299
0.00104167 1160.57 2403.94 0.680816 0.186538 -0.00016073 0.117827 0.000139628
0.00106944 1171.72 2411.52 0.678412 0.184763 -0.000157685 0.119386 0.000139928
0.00110053 1183.38 2419.41 0.675781 0.182943 -0.000154594 0.121019 0.000140233
0.00113532 1195.49 2427.58 0.672917 0.181089 -0.000151476 0.12272 0.000140541
0.00117424 1208.02 2436 0.669818 0.17921 -0.00014835 0.124483 0.000140851
0.00121781 1220.91 2444.61 0.666486 0.177319 -0.000145235 0.1263 0.00014116
0.00126656 1234.08 2453.36 0.662927 0.175426 -0.000142151 0.128162 0.000141466
0.00132111 1247.48 2462.21 0.659152 0.173543 -0.000139115 0.130058 0.000141767
0.00138216 1261.01 2471.11 0.655178 0.17168 -0.000136145 0.131978 0.000142062
0.00145048 1274.6 2479.98 0.651024 0.16985 -0.000133257 0.133911 0.000142349
0.00152694 1288.17 2488.79 0.646715 0.168061 -0.000130465 0.135844 0.000142625
0.0016125 1301.63 2497.47 0.64228 0.166322 -0.00012778 0.137767 0.00014289
0.00170824 1314.91 2505.97 0.63775 0.164642 -0.000125212 0.139666 0.000143143
0.00181538 1327.93 2514.24 0.633158 0.163028 -0.000122768 0.141532 0.000143383
0.00193529 1340.63 2522.25 0.62854 0.161484 -0.000120454 0.143353 0.00014361
0.00206947 1352.93 2529.96 0.623931 0.160015 -0.000118273 0.145122 0.000143822
0.00221962 1364.79 2537.33 0.619363 0.158625 -0.000116226 0.146829 0.00014402
0.00238765 1376.16 2544.35 0.614869 0.157314 -0.000114314 0.148467 0.000144204
0.00257569 1387.01 2550.99 0.610478 0.156084 -0.000112533 0.150032 0.000144374
0.00278612 1397.3 2557.25 0.606218 0.154935 -0.000110882 0.151519 0.000144532
0.00302161 1407.02 2563.12 0.60211 0.153864 -0.000109355 0.152924 0.000144676
0.00328513 1416.16 2568.61 0.598173 0.152872 -0.000107948 0.154247 0.000144808
0.00358003 1424.71 2573.71 0.594423 0.151954 -0.000106656 0.155486 0.000144929
0.00391004 1432.68 2578.43 0.59087 0.151108 -0.000105472 0.156642 0.000145039
0.00427935 1440.09 2582.79 0.587522 0.150332 -0.000104391 0.157716 0.000145139
0.00469263 1446.93 2586.81 0.584383 0.14962 -0.000103405 0.15871 0.000145229
0.00515512 1453.24 2590.48 0.581455 0.14897 -0.000102509 0.159627 0.000145311
0.00567267 1459.04 2593.85 0.578736 0.148379 -0.000101696 0.160469 0.000145385
0.00625185 1464.34 2596.91 0.576222 0.147842 -0.000100961 0.16124 0.000145451
0.00689999 1469.17 2599.69 0.57391 0.147355 -0.000100298 0.161943 0.000145511
0.0076253 1473.56 2602.2 0.571794 0.146916 -9.97017e-05 0.162581 0.000145564
0.00843697 1477.53 2604.47 0.569866 0.146522 -9.9167e-05 0.163159 0.000145612
0.00934528 1481.1 2606.5 0.568119 0.146169 -9.86896e-05 0.163679 0.000145654
0.0103617 1484.29 2608.31 0.566548 0.145854 -9.82654e-05 0.164144 0.000145691
0.0114992 1487.13 2609.91 0.565144 0.145576 -9.78908e-05 0.164557 0.000145724
0.0127722 1489.63 2611.32 0.563902 0.145332 -9.75626e-05 0.164922 0.000145753
0.0141967 1491.81 2612.55 0.562815 0.14512 -9.72779e-05 0.165239 0.000145778
0.0157908 1493.68 2613.6 0.561877 0.144938 -9.70341e-05 0.165512 0.0001458
0.0175747 1495.26 2614.49 0.561083 0.144784 -9.68289e-05 0.165743 0.000145818
0.019571 1496.57 2615.23 0.560425 0.144658 -9.66598e-05 0.165934 0.000145832
0.021805 1497.62 2615.81 0.559895 0.144557 -9.65245e-05 0.166086 0.000145844
0.024305 1498.43 2616.27 0.559486 0.144478 -9.642e-05 0.166205 0.000145853
0.0271027 1499.02 2616.6 0.559183 0.144421 -9.63431e-05 0.166292 0.00014586
0.0302335 1499.44 2616.83 0.558973 0.144381 -9.62898e-05 0.166352 0.000145864
0.033737 1499.71 2616.98 0.558838 0.144355 -9.62555e-05 0.166391 0.000145867
0.0376577 1499.86 2617.07 0.558759 0.14434 -9.62355e-05 0.166414 0.000145869
0.0420453 1499.94 2617.12 0.558717 0.144332 -9.62251e-05 0.166426 0.00014587
0.0469552 1499.98 2617.14 0.558699 0.144329 -9.62204e-05 0.166431 0.00014587
0.0524498 1499.99 2617.14 0.558692 0.144327 -9.62186e-05 0.166433 0.000145871
0.0585986 1500 2617.15 0.55869 0.144327 -9.62181e-05 0.166434 0.000145871
0.0654795 1500 2617.15 0.558689 0.144327 -9.62179e-05 0.166434 0.000145871
0.0731797 1500 2617.15 0.558689 0.144327 -9.62179e-05 0.166434 0.000145871
0.0817967 1500 2617.15 0.558689 0.144327 -9.62179e-05 0.166434 0.000145871
0.0914397 1500 2617.15 0.558689 0.144327 -9.62179e-05 0.166434 0.000145871
0.102231 1500 2617.15 0.558689 0.144327 -9.62179e-05 0.166434 0.000145871
0.114307 1500 2617.15 0.558689 0.144327 -9.62179e-05 0.166434 0.000145871
0.127821 1500 2617.15 0.558689 0.144327 -9.62179e-05 0.166434 0.000145871
0.142944 1500 2617.15 0.558689 0.144327 -9.62179e-05 0.166434 0.000145871
0.159868 1500 2617.15 0.558689 0.144327 -9.62179e-05 0.166434 0.000145871
0.178806 1500 2617.15 0.558689 0.144327 -9.62179e-05 0.166434 0.000145871
0.2 1500 2617.15 0.558689 0.144327 -9.62179e-05 0.166434 0.000145871
