TITLE="Graphics"
VARIABLES= "rj, m", "T, K", "Cp, J/kg*K", "DfCp, J/kg*K^2", "rho, kg/m^3", "Dfrho, kg/m^3*K", "Lambda, Watt/m*K", "DfLambda, Watt/m*K^2"
0 301.478 4185.24 -0.594693 980 0 0.612478 0
1.25e-05 301.478 4185.24 -0.594693 980 0 0.612478 0
3.75e-05 310.373 4181.75 -0.203368 980 0 0.626545 0
6.25e-05 312.646 4181.39 -0.116394 980 0 0.629866 0
8.75e-05 313.771 4181.28 -0.0750549 980 0 0.631464 0
0.0001125 314.544 4181.23 -0.0472979 980 0 0.632544 0
0.0001375 315.194 4181.21 -0.0243836 980 0 0.63344 0
0.0001625 315.808 4181.2 -0.00301014 980 0 0.634279 0
0.0001875 316.43 4181.21 0.0183086 980 0 0.635119 0
0.0002125 317.082 4181.23 0.0403083 980 0 0.635988 0
0.0002375 317.776 4181.26 0.0633662 980 0 0.636902 0
0.0002625 318.519 4181.32 0.0876684 980 0 0.637869 0
0.0002875 319.317 4181.4 0.113291 980 0 0.638892 0
0.0003125 320.171 4181.51 0.140244 980 0 0.639972 0
0.0003375 321.086 4181.65 0.168492 980 0 0.641107 0
0.0003625 322.06 4181.83 0.197973 980 0 0.642296 0
0.0003875 323.095 4182.05 0.228607 980 0 0.643535 0
0.0004125 324.191 4182.32 0.260303 980 0 0.644821 0
0.0004375 325.347 4182.64 0.292962 980 0 0.646148 0
0.0004625 326.565 4183.01 0.326486 980 0 0.647513 0
0.0004875 327.842 4183.45 0.360774 980 0 0.648911 0
0.0005125 390.162 1898.94 0.456122 0.554873 -0.00142216 0.025585 8.53075e-05
0.0005375 543.005 1982.11 0.607905 0.398689 -0.000734228 0.0401687 0.000104336
0.0005625 640.083 2043.58 0.654868 0.338222 -0.000528404 0.0507505 0.000113353
0.0005875 712.952 2092.19 0.677842 0.303653 -0.00042591 0.0592209 0.000118983
0.0006125 771.425 2132.22 0.690619 0.280637 -0.00036379 0.0662955 0.000122913
0.0006375 820.147 2166.06 0.697976 0.263965 -0.000321851 0.0723565 0.000125838
0.0006625 861.758 2195.2 0.702105 0.251219 -0.00029152 0.0776407 0.00012811
0.0006875 897.929 2220.64 0.704176 0.2411 -0.000268506 0.0823079 0.000129929
0.0007125 929.795 2243.09 0.70488 0.232837 -0.000250417 0.0864722 0.00013142
0.0007375 958.167 2263.09 0.704648 0.225942 -0.000235807 0.0902186 0.000132665
0.0007625 983.646 2281.03 0.703766 0.22009 -0.000223749 0.0936124 0.00013372
0.0007875 1006.69 2297.24 0.70243 0.215051 -0.000213621 0.0967047 0.000134626
0.0008125 1027.67 2311.95 0.700774 0.210662 -0.00020499 0.0995368 0.000135412
0.0008375 1046.86 2325.38 0.698897 0.2068 -0.000197544 0.102142 0.000136101
0.0008625 1064.5 2337.69 0.696869 0.203373 -0.000191051 0.104548 0.000136708
0.0008875 1080.78 2349.02 0.694741 0.20031 -0.000185339 0.106778 0.000137248
0.0009125 1095.86 2359.48 0.692553 0.197553 -0.000180273 0.108852 0.000137732
0.0009375 1109.87 2369.17 0.690333 0.195058 -0.000175748 0.110785 0.000138166
0.0009625 1122.94 2378.18 0.688103 0.192789 -0.000171683 0.112593 0.000138559
0.0009875 1135.15 2386.57 0.685878 0.190715 -0.000168008 0.114287 0.000138916
0.0010125 1146.59 2394.41 0.683671 0.188812 -0.000164672 0.115879 0.000139242
0.00104053 1158.6 2402.6 0.681229 0.186855 -0.000161276 0.117553 0.000139575
0.00107197 1171.14 2411.12 0.678541 0.184855 -0.000157842 0.119304 0.000139912
0.00110723 1184.15 2419.93 0.675603 0.182824 -0.000154392 0.121127 0.000140253
0.00114676 1197.58 2428.99 0.672411 0.180773 -0.000150948 0.123013 0.000140593
0.0011911 1211.37 2438.23 0.668968 0.178716 -0.000147532 0.124954 0.000140932
0.00124081 1225.43 2447.61 0.665282 0.176665 -0.000144165 0.126938 0.000141266
0.00129656 1239.69 2457.07 0.661366 0.174632 -0.000140868 0.128955 0.000141593
0.00135908 1254.06 2466.55 0.657238 0.172631 -0.000137658 0.130992 0.000141912
0.00142919 1268.46 2475.98 0.652921 0.170672 -0.000134551 0.133037 0.00014222
0.00150781 1282.78 2485.3 0.648445 0.168766 -0.000131563 0.135077 0.000142517
0.00159598 1296.95 2494.46 0.64384 0.166923 -0.000128704 0.137098 0.000142799
0.00169485 1310.88 2503.39 0.639141 0.165149 -0.000125983 0.139089 0.000143068
0.00180572 1324.49 2512.06 0.634387 0.163452 -0.000123407 0.141038 0.000143321
0.00193005 1337.71 2520.41 0.629615 0.161837 -0.000120981 0.142934 0.000143558
0.00206947 1350.47 2528.42 0.624863 0.160307 -0.000118704 0.144768 0.00014378
0.00222582 1362.73 2536.05 0.620166 0.158865 -0.000116579 0.146531 0.000143986
0.00240114 1374.44 2543.28 0.615559 0.157512 -0.000114601 0.148218 0.000144176
0.00259776 1385.56 2550.1 0.611072 0.156248 -0.000112769 0.149822 0.000144352
0.00281824 1396.07 2556.5 0.606732 0.155071 -0.000111077 0.151341 0.000144513
0.00306548 1405.96 2562.48 0.602562 0.153981 -0.00010952 0.152771 0.00014466
0.00334275 1415.22 2568.05 0.598579 0.152973 -0.000108091 0.154111 0.000144795
0.00365367 1423.86 2573.2 0.594798 0.152045 -0.000106783 0.155363 0.000144917
0.00400233 1431.88 2577.96 0.591228 0.151193 -0.00010559 0.156526 0.000145028
0.00439333 1439.31 2582.34 0.587875 0.150413 -0.000104503 0.157603 0.000145128
0.00483178 1446.16 2586.35 0.584742 0.149701 -0.000103516 0.158597 0.000145219
0.00532347 1452.45 2590.02 0.581827 0.149052 -0.000102621 0.159511 0.000145301
0.00587484 1458.21 2593.37 0.579127 0.148463 -0.000101812 0.160348 0.000145374
0.00649315 1463.47 2596.4 0.576637 0.14793 -0.000101082 0.161113 0.00014544
0.00718653 1468.25 2599.16 0.574351 0.147447 -0.000100424 0.161809 0.000145499
0.00796407 1472.6 2601.65 0.57226 0.147013 -9.98322e-05 0.162441 0.000145552
0.00883601 1476.52 2603.89 0.570356 0.146622 -9.93021e-05 0.163013 0.000145599
0.0098138 1480.06 2605.91 0.568629 0.146272 -9.88283e-05 0.163527 0.000145642
0.0109103 1483.23 2607.71 0.567072 0.145959 -9.84063e-05 0.163989 0.000145679
0.0121399 1486.06 2609.31 0.565675 0.145681 -9.8032e-05 0.164401 0.000145712
0.0135188 1488.56 2610.72 0.564431 0.145436 -9.77019e-05 0.164767 0.000145741
0.015065 1490.77 2611.97 0.563331 0.14522 -9.74128e-05 0.165089 0.000145766
0.016799 1492.69 2613.05 0.56237 0.145033 -9.7162e-05 0.165369 0.000145788
0.0187435 1494.35 2613.98 0.56154 0.144873 -9.6947e-05 0.16561 0.000145807
0.020924 1495.75 2614.77 0.560837 0.144737 -9.67656e-05 0.165814 0.000145823
0.0233692 1496.91 2615.42 0.560252 0.144625 -9.66157e-05 0.165983 0.000145836
0.0261113 1497.84 2615.94 0.559781 0.144535 -9.64952e-05 0.16612 0.000145847
0.0291863 1498.57 2616.35 0.559414 0.144465 -9.64017e-05 0.166226 0.000145855
0.0326345 1499.11 2616.65 0.559141 0.144413 -9.63324e-05 0.166304 0.000145861
0.0365014 1499.49 2616.86 0.55895 0.144376 -9.6284e-05 0.166359 0.000145865
0.0408377 1499.73 2617 0.558826 0.144353 -9.62526e-05 0.166395 0.000145868
0.0457004 1499.87 2617.08 0.558753 0.144339 -9.62342e-05 0.166416 0.000145869
0.0511534 1499.95 2617.12 0.558715 0.144332 -9.62245e-05 0.166427 0.00014587
0.0572684 1499.98 2617.14 0.558698 0.144329 -9.62202e-05 0.166432 0.00014587
0.0641258 1499.99 2617.14 0.558692 0.144327 -9.62185e-05 0.166433 0.000145871
0.0718156 1500 2617.15 0.55869 0.144327 -9.6218e-05 0.166434 0.000145871
0.080439 1500 2617.15 0.558689 0.144327 -9.62179e-05 0.166434 0.000145871
0.0901092 1500 2617.15 0.558689 0.144327 -9.62179e-05 0.166434 0.000145871
0.100953 1500 2617.15 0.558689 0.144327 -9.62179e-05 0.166434 0.000145871
0.113114 1500 2617.15 0.558689 0.144327 -9.62179e-05 0.166434 0.000145871
0.126751 1500 2617.15 0.558689 0.144327 -9.62179e-05 0.166434 0.000145871
0.142043 1500 2617.15 0.558689 0.144327 -9.62179e-05 0.166434 0.000145871
0.159192 1500 2617.15 0.558689 0.144327 -9.62179e-05 0.166434 0.000145871
0.178422 1500 2617.15 0.558689 0.144327 -9.62179e-05 0.166434 0.000145871
0.199988 1500 2617.15 0.558689 0.144327 -9.62179e-05 0.166434 0.000145871
