TITLE="Graphics"
VARIABLES= "rj, m", "T, K", "Cp, J/kg*K", "DfCp, J/kg*K^2", "rho, kg/m^3", "Dfrho, kg/m^3*K", "Lambda, Watt/m*K", "DfLambda, Watt/m*K^2"
0 304.7 4183.57 -0.442818 980 0 0.61775 0
1.25e-05 304.7 4183.57 -0.442818 980 0 0.61775 0
3.75e-05 332.706 4185.51 0.483765 980 0 0.653918 0
6.25e-05 339.549 4189.37 0.63975 980 0 0.660154 0
8.75e-05 342.676 4191.47 0.705802 980 0 0.662706 0
0.0001125 344.554 4192.83 0.744223 980 0 0.664153 0
0.0001375 345.892 4193.85 0.771069 980 0 0.665145 0
0.0001625 346.966 4194.68 0.792334 980 0 0.665918 0
0.0001875 347.905 4195.44 0.810759 980 0 0.666578 0
0.0002125 348.78 4196.15 0.827767 980 0 0.667178 0
0.0002375 349.63 4196.87 0.844171 980 0 0.667749 0
0.0002625 350.481 4197.59 0.860462 980 0 0.668308 0
0.0002875 351.347 4198.34 0.876954 980 0 0.668865 0
0.0003125 352.241 4199.13 0.893854 980 0 0.669426 0
0.0003375 353.169 4199.97 0.911303 980 0 0.669995 0
0.0003625 354.137 4200.86 0.929402 980 0 0.670574 0
0.0003875 355.148 4201.81 0.948222 980 0 0.671162 0
0.0004125 356.207 4202.83 0.967817 980 0 0.67176 0
0.0004375 357.314 4203.91 0.98823 980 0 0.672367 0
0.0004625 358.472 4205.07 1.0095 980 0 0.672981 0
0.0004875 359.681 4206.3 1.03165 980 0 0.673601 0
0.0005125 416.171 1911.31 0.493942 0.520196 -0.00124996 0.0278534 8.90837e-05
0.0005375 557.259 1990.83 0.616303 0.388491 -0.000697147 0.0416662 0.000105783
0.0005625 650.12 2050.18 0.658562 0.333 -0.000512213 0.0518925 0.000114181
0.0005875 720.61 2097.39 0.679779 0.300426 -0.000416906 0.0601341 0.000119525
0.0006125 777.495 2136.42 0.691691 0.278446 -0.000358132 0.0670427 0.000123294
0.0006375 825.058 2169.49 0.698564 0.262394 -0.000318031 0.0729751 0.000126117
0.0006625 865.773 2198.02 0.702403 0.250054 -0.000288822 0.0781555 0.000128319
0.0006875 901.225 2222.96 0.704297 0.240218 -0.000266546 0.0827363 0.000130088
0.0007125 932.497 2244.99 0.704892 0.232162 -0.000248968 0.0868274 0.000131542
0.0007375 960.367 2264.64 0.704597 0.225425 -0.000234728 0.0905106 0.000132758
0.0007625 985.415 2282.28 0.703682 0.219694 -0.000222946 0.0938491 0.000133791
0.0007875 1008.09 2298.22 0.702333 0.214753 -0.000213031 0.0968925 0.00013468
0.0008125 1028.73 2312.7 0.700679 0.210444 -0.000204566 0.099681 0.000135451
0.0008375 1047.63 2325.92 0.698814 0.206648 -0.000197253 0.102247 0.000136128
0.0008625 1065.01 2338.05 0.696806 0.203276 -0.000190869 0.104618 0.000136725
0.0008875 1081.05 2349.21 0.694704 0.200259 -0.000185245 0.106816 0.000137257
0.0009125 1095.91 2359.52 0.692545 0.197543 -0.000180254 0.108859 0.000137733
0.0009375 1109.73 2369.08 0.690356 0.195083 -0.000175793 0.110766 0.000138162
0.0009625 1122.62 2377.96 0.688159 0.192844 -0.00017178 0.112549 0.00013855
0.0009875 1134.67 2386.24 0.685969 0.190796 -0.000168152 0.11422 0.000138902
0.0010125 1145.96 2393.97 0.683797 0.188917 -0.000164855 0.11579 0.000139224
0.00104053 1157.81 2402.06 0.681395 0.186983 -0.000161498 0.117442 0.000139553
0.00107197 1170.18 2410.47 0.678752 0.185006 -0.000158101 0.11917 0.000139887
0.00110723 1183.02 2419.17 0.675863 0.182998 -0.000154687 0.120969 0.000140223
0.00114676 1196.28 2428.11 0.672726 0.180969 -0.000151276 0.122831 0.000140561
0.0011911 1209.9 2437.25 0.669343 0.178933 -0.000147891 0.124747 0.000140896
0.00124081 1223.79 2446.52 0.665721 0.176902 -0.000144553 0.126706 0.000141227
0.00129656 1237.88 2455.87 0.661874 0.174889 -0.000141281 0.128698 0.000141552
0.00135908 1252.08 2465.24 0.657819 0.172905 -0.000138095 0.13071 0.000141869
0.00142919 1266.3 2474.57 0.65358 0.170963 -0.00013501 0.13273 0.000142175
0.00150781 1280.46 2483.79 0.649183 0.169073 -0.000132041 0.134745 0.000142469
0.00159598 1294.46 2492.85 0.64466 0.167243 -0.000129199 0.136743 0.00014275
0.00169485 1308.23 2501.7 0.640046 0.165483 -0.000126493 0.138711 0.000143017
0.00180572 1321.69 2510.28 0.635378 0.163798 -0.00012393 0.140637 0.000143269
0.00193005 1334.77 2518.56 0.630691 0.162193 -0.000121515 0.142512 0.000143506
0.00206947 1347.39 2526.49 0.626023 0.160674 -0.000119248 0.144325 0.000143727
0.00222582 1359.52 2534.05 0.621411 0.159241 -0.00011713 0.146069 0.000143933
0.00240114 1371.1 2541.23 0.616885 0.157896 -0.00011516 0.147737 0.000144123
0.00259776 1382.1 2547.99 0.612478 0.156638 -0.000113334 0.149324 0.000144298
0.00281824 1392.51 2554.34 0.608214 0.155468 -0.000111646 0.150826 0.000144459
0.00306548 1402.3 2560.27 0.604116 0.154383 -0.000110093 0.152241 0.000144606
0.00334275 1411.47 2565.8 0.600201 0.153379 -0.000108667 0.153568 0.000144741
0.00365367 1420.03 2570.92 0.596484 0.152455 -0.000107361 0.154807 0.000144863
0.00400233 1427.98 2575.65 0.592974 0.151606 -0.000106169 0.155959 0.000144974
0.00439333 1435.34 2580 0.589675 0.150829 -0.000105083 0.157027 0.000145075
0.00483178 1442.13 2583.99 0.58659 0.150119 -0.000104095 0.158012 0.000145166
0.00532347 1448.37 2587.65 0.583718 0.149471 -0.000103199 0.158919 0.000145248
0.00587484 1454.1 2590.98 0.581055 0.148883 -0.000102388 0.159751 0.000145322
0.00649315 1459.34 2594.02 0.578595 0.148348 -0.000101655 0.160512 0.000145388
0.00718653 1464.11 2596.78 0.576331 0.147865 -0.000100993 0.161206 0.000145448
0.00796407 1468.45 2599.27 0.574255 0.147427 -0.000100396 0.161838 0.000145502
0.00883601 1472.4 2601.53 0.572357 0.147033 -9.98595e-05 0.162412 0.00014555
0.0098138 1475.96 2603.57 0.570627 0.146677 -9.93772e-05 0.162931 0.000145593
0.0109103 1479.19 2605.41 0.569055 0.146358 -9.89446e-05 0.163401 0.000145631
0.0121399 1482.09 2607.06 0.567632 0.146071 -9.85574e-05 0.163824 0.000145666
0.0135188 1484.7 2608.54 0.566346 0.145814 -9.82113e-05 0.164204 0.000145696
0.015065 1487.04 2609.86 0.56519 0.145585 -9.7903e-05 0.164544 0.000145723
0.016799 1489.12 2611.04 0.564154 0.145381 -9.7629e-05 0.164848 0.000145747
0.0187435 1490.97 2612.08 0.563231 0.145201 -9.73865e-05 0.165118 0.000145769
0.020924 1492.61 2613 0.562413 0.145041 -9.71731e-05 0.165356 0.000145787
0.0233692 1494.04 2613.81 0.561693 0.144902 -9.69865e-05 0.165566 0.000145804
0.0261113 1495.29 2614.51 0.561067 0.144781 -9.68248e-05 0.165748 0.000145818
0.0291863 1496.36 2615.11 0.560528 0.144678 -9.66863e-05 0.165904 0.00014583
0.0326345 1497.27 2615.62 0.560072 0.14459 -9.65696e-05 0.166035 0.00014584
0.0365014 1498.01 2616.04 0.559694 0.144518 -9.64732e-05 0.166145 0.000145848
0.0408377 1498.62 2616.37 0.55939 0.14446 -9.63957e-05 0.166232 0.000145855
0.0457004 1499.08 2616.63 0.559154 0.144415 -9.63356e-05 0.1663 0.00014586
0.0511534 1499.43 2616.83 0.558978 0.144382 -9.62912e-05 0.166351 0.000145864
0.0572684 1499.67 2616.96 0.558856 0.144359 -9.62601e-05 0.166386 0.000145867
0.0641258 1499.83 2617.05 0.558777 0.144343 -9.624e-05 0.166409 0.000145869
0.0718156 1499.92 2617.1 0.55873 0.144335 -9.62283e-05 0.166422 0.00014587
0.080439 1499.97 2617.13 0.558706 0.14433 -9.62221e-05 0.166429 0.00014587
0.0901092 1499.99 2617.14 0.558695 0.144328 -9.62193e-05 0.166433 0.000145871
0.100953 1500 2617.14 0.558691 0.144327 -9.62183e-05 0.166434 0.000145871
0.113114 1500 2617.15 0.558689 0.144327 -9.6218e-05 0.166434 0.000145871
0.126751 1500 2617.15 0.558689 0.144327 -9.62179e-05 0.166434 0.000145871
0.142043 1500 2617.15 0.558689 0.144327 -9.62179e-05 0.166434 0.000145871
0.159192 1500 2617.15 0.558689 0.144327 -9.62179e-05 0.166434 0.000145871
0.178422 1500 2617.15 0.558689 0.144327 -9.62179e-05 0.166434 0.000145871
0.199988 1500 2617.15 0.558689 0.144327 -9.62179e-05 0.166434 0.000145871
