TITLE="Graphics"
VARIABLES= "rj, m", "T, K", "Cp, J/kg*K", "DfCp, J/kg*K^2", "rho, kg/m^3", "Dfrho, kg/m^3*K", "Lambda, Watt/m*K", "DfLambda, Watt/m*K^2"
0 301.42 4185.27 -0.597551 980 0 0.612381 0
1.25e-05 301.42 4185.27 -0.597551 980 0 0.612381 0
3.75e-05 309.966 4181.84 -0.219442 980 0 0.625939 0
6.25e-05 312.154 4181.45 -0.134794 980 0 0.629158 0
8.75e-05 313.243 4181.33 -0.0943289 980 0 0.630717 0
0.0001125 313.995 4181.27 -0.0669619 980 0 0.631779 0
0.0001375 314.632 4181.23 -0.0442029 980 0 0.632665 0
0.0001625 315.238 4181.21 -0.0228435 980 0 0.633501 0
0.0001875 315.854 4181.2 -0.00144065 980 0 0.634341 0
0.0002125 316.501 4181.21 0.0207179 980 0 0.635214 0
0.0002375 317.192 4181.23 0.0439948 980 0 0.636134 0
0.0002625 317.934 4181.27 0.0685665 980 0 0.637109 0
0.0002875 318.73 4181.34 0.0945016 980 0 0.638142 0
0.0003125 319.585 4181.43 0.121803 980 0 0.639233 0
0.0003375 320.499 4181.56 0.150431 980 0 0.640381 0
0.0003625 321.474 4181.72 0.180318 980 0 0.641584 0
0.0003875 322.51 4181.92 0.211379 980 0 0.642838 0
0.0004125 323.607 4182.17 0.243519 980 0 0.64414 0
0.0004375 324.766 4182.47 0.276635 980 0 0.645484 0
0.0004625 325.985 4182.83 0.310622 980 0 0.646867 0
0.0004875 327.264 4183.25 0.345378 980 0 0.648283 0
0.0005125 389.705 1898.74 0.455386 0.555524 -0.0014255 0.025546 8.52387e-05
0.0005375 542.78 1981.97 0.607768 0.398855 -0.000734837 0.0401452 0.000104312
0.0005625 639.938 2043.49 0.654814 0.338299 -0.000528644 0.0507341 0.00011334
0.0005875 712.853 2092.13 0.677816 0.303696 -0.000426028 0.0592091 0.000118976
0.0006125 771.357 2132.18 0.690606 0.280662 -0.000363855 0.066287 0.000122909
0.0006375 820.101 2166.03 0.697971 0.26398 -0.000321887 0.0723507 0.000125836
0.0006625 861.73 2195.18 0.702103 0.251228 -0.000291539 0.077637 0.000128108
0.0006875 897.915 2220.63 0.704176 0.241103 -0.000268515 0.082306 0.000129928
0.0007125 929.792 2243.09 0.704879 0.232837 -0.000250418 0.0864719 0.00013142
0.0007375 958.174 2263.09 0.704648 0.22594 -0.000235803 0.0902196 0.000132665
0.0007625 983.662 2281.04 0.703766 0.220086 -0.000223742 0.0936145 0.000133721
0.0007875 1006.72 2297.25 0.702428 0.215046 -0.000213611 0.0967079 0.000134627
0.0008125 1027.7 2311.97 0.700772 0.210656 -0.000204978 0.0995409 0.000135413
0.0008375 1046.89 2325.41 0.698893 0.206793 -0.00019753 0.102147 0.000136102
0.0008625 1064.54 2337.72 0.696864 0.203365 -0.000191036 0.104554 0.00013671
0.0008875 1080.82 2349.05 0.694735 0.200301 -0.000185323 0.106785 0.00013725
0.0009125 1095.91 2359.52 0.692545 0.197544 -0.000180256 0.108859 0.000137733
0.0009375 1109.93 2369.21 0.690324 0.195049 -0.000175731 0.110793 0.000138168
0.0009625 1123 2378.22 0.688092 0.192779 -0.000171664 0.112601 0.000138561
0.0009875 1135.21 2386.61 0.685866 0.190704 -0.00016799 0.114296 0.000138918
0.0010125 1146.66 2394.45 0.683658 0.188801 -0.000164653 0.115888 0.000139244
0.00104053 1158.67 2402.65 0.681214 0.186844 -0.000161257 0.117562 0.000139577
0.00107197 1171.21 2411.17 0.678525 0.184843 -0.000157823 0.119314 0.000139914
0.00110723 1184.22 2419.98 0.675585 0.182812 -0.000154373 0.121138 0.000140255
0.00114676 1197.66 2429.04 0.672391 0.180761 -0.000150928 0.123025 0.000140595
0.0011911 1211.45 2438.29 0.668947 0.178703 -0.000147512 0.124966 0.000140934
0.00124081 1225.52 2447.67 0.665259 0.176652 -0.000144145 0.126951 0.000141268
0.00129656 1239.78 2457.13 0.66134 0.17462 -0.000140847 0.128968 0.000141595
0.00135908 1254.16 2466.61 0.65721 0.172618 -0.000137637 0.131006 0.000141914
0.00142919 1268.55 2476.04 0.652891 0.170659 -0.000134531 0.133051 0.000142222
0.00150781 1282.88 2485.37 0.648412 0.168753 -0.000131542 0.135091 0.000142519
0.00159598 1297.06 2494.52 0.643805 0.166909 -0.000128683 0.137113 0.000142801
0.00169485 1310.99 2503.46 0.639104 0.165135 -0.000125962 0.139104 0.00014307
0.00180572 1324.6 2512.13 0.634348 0.163438 -0.000123387 0.141054 0.000143323
0.00193005 1337.82 2520.48 0.629573 0.161823 -0.00012096 0.14295 0.00014356
0.00206947 1350.59 2528.49 0.624819 0.160293 -0.000118684 0.144785 0.000143782
0.00222582 1362.85 2536.12 0.62012 0.158851 -0.000116558 0.146549 0.000143988
0.00240114 1374.56 2543.36 0.61551 0.157498 -0.000114581 0.148236 0.000144178
0.00259776 1385.68 2550.18 0.611021 0.156234 -0.000112749 0.14984 0.000144354
0.00281824 1396.2 2556.58 0.606679 0.155057 -0.000111057 0.151359 0.000144515
0.00306548 1406.09 2562.56 0.602507 0.153966 -0.0001095 0.152789 0.000144662
0.00334275 1415.35 2568.13 0.598522 0.152959 -0.000108071 0.15413 0.000144797
0.00365367 1423.99 2573.28 0.594739 0.15203 -0.000106763 0.155382 0.000144919
0.00400233 1432.02 2578.04 0.591168 0.151178 -0.00010557 0.156545 0.00014503
0.00439333 1439.44 2582.42 0.587814 0.150398 -0.000104484 0.157623 0.00014513
0.00483178 1446.29 2586.43 0.584679 0.149686 -0.000103497 0.158617 0.000145221
0.00532347 1452.58 2590.1 0.581763 0.149038 -0.000102602 0.159531 0.000145302
0.00587484 1458.34 2593.44 0.579063 0.148449 -0.000101793 0.160368 0.000145376
0.00649315 1463.6 2596.48 0.576573 0.147916 -0.000101063 0.161133 0.000145442
0.00718653 1468.39 2599.24 0.574286 0.147434 -0.000100405 0.161829 0.000145501
0.00796407 1472.73 2601.73 0.572195 0.146999 -9.98141e-05 0.162461 0.000145554
0.00883601 1476.65 2603.97 0.570292 0.146609 -9.92845e-05 0.163032 0.000145601
0.0098138 1480.19 2605.98 0.568566 0.146259 -9.88111e-05 0.163546 0.000145643
0.0109103 1483.35 2607.78 0.56701 0.145947 -9.83897e-05 0.164007 0.00014568
0.0121399 1486.18 2609.38 0.565616 0.145669 -9.80161e-05 0.164419 0.000145713
0.0135188 1488.68 2610.79 0.564374 0.145424 -9.76868e-05 0.164784 0.000145742
0.015065 1490.88 2612.03 0.563277 0.14521 -9.73987e-05 0.165104 0.000145768
0.016799 1492.79 2613.11 0.56232 0.145023 -9.71489e-05 0.165383 0.00014579
0.0187435 1494.44 2614.03 0.561495 0.144864 -9.69351e-05 0.165623 0.000145808
0.020924 1495.83 2614.81 0.560796 0.144729 -9.67551e-05 0.165826 0.000145824
0.0233692 1496.98 2615.46 0.560217 0.144618 -9.66067e-05 0.165994 0.000145837
0.0261113 1497.9 2615.97 0.559751 0.144529 -9.64877e-05 0.166128 0.000145847
0.0291863 1498.62 2616.37 0.55939 0.14446 -9.63957e-05 0.166232 0.000145855
0.0326345 1499.14 2616.67 0.559123 0.144409 -9.63279e-05 0.166309 0.000145861
0.0365014 1499.51 2616.87 0.558938 0.144374 -9.62809e-05 0.166363 0.000145865
0.0408377 1499.74 2617 0.558819 0.144351 -9.62507e-05 0.166397 0.000145868
0.0457004 1499.88 2617.08 0.558749 0.144338 -9.62331e-05 0.166417 0.000145869
0.0511534 1499.95 2617.12 0.558713 0.144331 -9.6224e-05 0.166427 0.00014587
0.0572684 1499.98 2617.14 0.558697 0.144328 -9.622e-05 0.166432 0.000145871
0.0641258 1500 2617.14 0.558691 0.144327 -9.62185e-05 0.166434 0.000145871
0.0718156 1500 2617.15 0.55869 0.144327 -9.6218e-05 0.166434 0.000145871
0.080439 1500 2617.15 0.558689 0.144327 -9.62179e-05 0.166434 0.000145871
0.0901092 1500 2617.15 0.558689 0.144327 -9.62179e-05 0.166434 0.000145871
0.100953 1500 2617.15 0.558689 0.144327 -9.62179e-05 0.166434 0.000145871
0.113114 1500 2617.15 0.558689 0.144327 -9.62179e-05 0.166434 0.000145871
0.126751 1500 2617.15 0.558689 0.144327 -9.62179e-05 0.166434 0.000145871
0.142043 1500 2617.15 0.558689 0.144327 -9.62179e-05 0.166434 0.000145871
0.159192 1500 2617.15 0.558689 0.144327 -9.62179e-05 0.166434 0.000145871
0.178422 1500 2617.15 0.558689 0.144327 -9.62179e-05 0.166434 0.000145871
0.199988 1500 2617.15 0.558689 0.144327 -9.62179e-05 0.166434 0.000145871
