TITLE="Graphics"
VARIABLES= "rj, m", "T, K", "Cp, J/kg*K", "DfCp, J/kg*K^2", "rho, kg/m^3", "Dfrho, kg/m^3*K", "Lambda, Watt/m*K", "DfLambda, Watt/m*K^2"
0 302.95 4184.41 -0.523768 980 0 0.614908 0
1.25e-05 302.95 4184.41 -0.523768 980 0 0.614908 0
3.75e-05 320.617 4181.57 0.154091 980 0 0.640528 0
6.25e-05 325.002 4182.54 0.283307 980 0 0.645756 0
8.75e-05 327.053 4183.18 0.339692 980 0 0.648051 0
0.0001125 328.335 4183.63 0.373789 980 0 0.649442 0
0.0001375 329.301 4184.01 0.398875 980 0 0.650465 0
0.0001625 330.124 4184.34 0.419913 980 0 0.651322 0
0.0001875 330.89 4184.67 0.439157 980 0 0.652105 0
0.0002125 331.64 4185.01 0.45776 980 0 0.652862 0
0.0002375 332.401 4185.36 0.476362 980 0 0.653618 0
0.0002625 333.187 4185.75 0.49533 980 0 0.654387 0
0.0002875 334.01 4186.16 0.514884 980 0 0.655177 0
0.0003125 334.876 4186.62 0.535148 980 0 0.655994 0
0.0003375 335.788 4187.11 0.556194 980 0 0.65684 0
0.0003625 336.751 4187.66 0.578055 980 0 0.657714 0
0.0003875 337.765 4188.26 0.600739 980 0 0.658616 0
0.0004125 338.834 4188.91 0.624241 980 0 0.659545 0
0.0004375 339.957 4189.63 0.648546 980 0 0.660498 0
0.0004625 341.136 4190.41 0.673632 980 0 0.661472 0
0.0004875 342.37 4191.25 0.699476 980 0 0.662465 0
0.0005125 401.851 1904.38 0.474057 0.538733 -0.00134063 0.0265923 8.70376e-05
0.0005375 549.094 1985.82 0.611568 0.394268 -0.000718033 0.0408059 0.00010496
0.0005625 644.202 2046.28 0.656406 0.33606 -0.000521668 0.0512182 0.000113695
0.0005875 715.959 2094.23 0.678613 0.302378 -0.00042234 0.059579 0.000119197
0.0006125 773.687 2133.79 0.691024 0.279816 -0.000361666 0.0665736 0.000123056
0.0006375 821.862 2167.26 0.698185 0.263414 -0.000320509 0.0725724 0.000125936
0.0006625 863.05 2196.11 0.702203 0.250843 -0.000290648 0.0778062 0.000128177
0.0006875 898.879 2221.31 0.704212 0.240845 -0.000267939 0.0824313 0.000129975
0.0007125 930.462 2243.56 0.704883 0.23267 -0.000250058 0.0865598 0.00013145
0.0007375 958.593 2263.39 0.704638 0.225842 -0.000235597 0.0902753 0.000132683
0.0007625 983.866 2281.19 0.703756 0.22004 -0.000223649 0.0936418 0.000133729
0.0007875 1006.73 2297.26 0.702427 0.215042 -0.000213604 0.0967101 0.000134628
0.0008125 1027.55 2311.87 0.700785 0.210686 -0.000205038 0.0995207 0.000135408
0.0008375 1046.6 2325.2 0.698925 0.206852 -0.000197642 0.102107 0.000136091
0.0008625 1064.11 2337.42 0.696917 0.203447 -0.00019119 0.104495 0.000136695
0.0008875 1080.27 2348.67 0.694811 0.200403 -0.000185511 0.106709 0.000137232
0.0009125 1095.25 2359.06 0.692645 0.197663 -0.000180473 0.108768 0.000137712
0.0009375 1109.17 2368.69 0.690449 0.195182 -0.000175971 0.110688 0.000138145
0.0009625 1122.15 2377.64 0.688242 0.192925 -0.000171924 0.112483 0.000138536
0.0009875 1134.28 2385.97 0.686041 0.190861 -0.000168267 0.114166 0.000138891
0.0010125 1145.65 2393.76 0.683858 0.188967 -0.000164944 0.115747 0.000139215
0.00104053 1157.58 2401.9 0.681442 0.18702 -0.000161561 0.11741 0.000139547
0.00107197 1170.03 2410.37 0.678783 0.185029 -0.00015814 0.11915 0.000139883
0.00110723 1182.96 2419.13 0.675877 0.183007 -0.000154702 0.120961 0.000140222
0.00114676 1196.31 2428.13 0.672719 0.180965 -0.000151269 0.122835 0.000140561
0.0011911 1210.01 2437.33 0.669313 0.178916 -0.000147863 0.124763 0.000140899
0.00124081 1223.99 2446.66 0.665667 0.176872 -0.000144505 0.126735 0.000141232
0.00129656 1238.17 2456.07 0.661793 0.174847 -0.000141215 0.128739 0.000141559
0.00135908 1252.45 2465.49 0.657709 0.172853 -0.000138012 0.130764 0.000141877
0.00142919 1266.76 2474.87 0.653439 0.1709 -0.000134911 0.132796 0.000142185
0.00150781 1281.01 2484.15 0.649009 0.169 -0.000131928 0.134824 0.00014248
0.00159598 1295.09 2493.26 0.644453 0.167162 -0.000129073 0.136833 0.000142763
0.00169485 1308.94 2502.15 0.639804 0.165393 -0.000126356 0.138812 0.000143031
0.00180572 1322.48 2510.78 0.6351 0.1637 -0.000123783 0.14075 0.000143284
0.00193005 1335.63 2519.1 0.630378 0.162089 -0.000121358 0.142635 0.000143521
0.00206947 1348.32 2527.07 0.625674 0.160563 -0.000119084 0.144458 0.000143743
0.00222582 1360.51 2534.67 0.621026 0.159124 -0.000116959 0.146212 0.000143949
0.00240114 1372.16 2541.88 0.616466 0.157774 -0.000114982 0.147889 0.00014414
0.00259776 1383.22 2548.67 0.612024 0.156512 -0.000113151 0.149485 0.000144315
0.00281824 1393.68 2555.05 0.607728 0.155337 -0.000111459 0.150995 0.000144477
0.00306548 1403.52 2561.01 0.603599 0.154248 -0.000109901 0.152418 0.000144624
0.00334275 1412.74 2566.56 0.599655 0.153242 -0.000108472 0.153751 0.000144759
0.00365367 1421.33 2571.7 0.59591 0.152315 -0.000107163 0.154997 0.000144882
0.00400233 1429.32 2576.44 0.592373 0.151463 -0.000105969 0.156155 0.000144993
0.00439333 1436.72 2580.81 0.589051 0.150684 -0.000104881 0.157227 0.000145093
0.00483178 1443.54 2584.82 0.585944 0.149972 -0.000103892 0.158217 0.000145184
0.00532347 1449.81 2588.49 0.583053 0.149323 -0.000102995 0.159128 0.000145267
0.00587484 1455.56 2591.83 0.580373 0.148734 -0.000102183 0.159963 0.00014534
0.00649315 1460.81 2594.87 0.577898 0.148199 -0.00010145 0.160726 0.000145407
0.00718653 1465.6 2597.63 0.575623 0.147715 -0.000100788 0.161423 0.000145466
0.00796407 1469.95 2600.13 0.573538 0.147278 -0.000100192 0.162056 0.00014552
0.00883601 1473.89 2602.39 0.571634 0.146883 -9.9657e-05 0.16263 0.000145568
0.0098138 1477.46 2604.42 0.569901 0.146529 -9.91766e-05 0.163149 0.000145611
0.0109103 1480.67 2606.25 0.568329 0.146211 -9.87466e-05 0.163617 0.000145649
0.0121399 1483.56 2607.89 0.56691 0.145927 -9.83627e-05 0.164037 0.000145683
0.0135188 1486.14 2609.35 0.565633 0.145673 -9.80209e-05 0.164414 0.000145713
0.015065 1488.44 2610.66 0.564491 0.145447 -9.77178e-05 0.164749 0.00014574
0.016799 1490.49 2611.81 0.563474 0.145248 -9.74502e-05 0.165047 0.000145763
0.0187435 1492.28 2612.82 0.562576 0.145073 -9.72155e-05 0.165309 0.000145784
0.020924 1493.85 2613.7 0.561789 0.144921 -9.70113e-05 0.165538 0.000145802
0.0233692 1495.21 2614.46 0.561109 0.144789 -9.68356e-05 0.165735 0.000145817
0.0261113 1496.36 2615.11 0.560529 0.144678 -9.66866e-05 0.165903 0.00014583
0.0291863 1497.32 2615.65 0.560044 0.144585 -9.65625e-05 0.166043 0.000145841
0.0326345 1498.1 2616.09 0.559649 0.14451 -9.64617e-05 0.166157 0.000145849
0.0365014 1498.72 2616.43 0.559338 0.14445 -9.63825e-05 0.166247 0.000145856
0.0408377 1499.18 2616.69 0.559103 0.144405 -9.63228e-05 0.166315 0.000145862
0.0457004 1499.52 2616.88 0.558935 0.144374 -9.62801e-05 0.166363 0.000145865
0.0511534 1499.74 2617 0.558823 0.144352 -9.62517e-05 0.166396 0.000145868
0.0572684 1499.87 2617.07 0.558754 0.144339 -9.62344e-05 0.166415 0.000145869
0.0641258 1499.94 2617.12 0.558717 0.144332 -9.6225e-05 0.166426 0.00014587
0.0718156 1499.98 2617.14 0.558699 0.144329 -9.62205e-05 0.166431 0.00014587
0.080439 1499.99 2617.14 0.558692 0.144327 -9.62187e-05 0.166433 0.000145871
0.0901092 1500 2617.15 0.55869 0.144327 -9.62181e-05 0.166434 0.000145871
0.100953 1500 2617.15 0.558689 0.144327 -9.62179e-05 0.166434 0.000145871
0.113114 1500 2617.15 0.558689 0.144327 -9.62179e-05 0.166434 0.000145871
0.126751 1500 2617.15 0.558689 0.144327 -9.62179e-05 0.166434 0.000145871
0.142043 1500 2617.15 0.558689 0.144327 -9.62179e-05 0.166434 0.000145871
0.159192 1500 2617.15 0.558689 0.144327 -9.62179e-05 0.166434 0.000145871
0.178422 1500 2617.15 0.558689 0.144327 -9.62179e-05 0.166434 0.000145871
0.199988 1500 2617.15 0.558689 0.144327 -9.62179e-05 0.166434 0.000145871
