TITLE="Graphics"
VARIABLES= "rj, m", "T, K", "Cp, J/kg*K", "DfCp, J/kg*K^2", "rho, kg/m^3", "Dfrho, kg/m^3*K", "Lambda, Watt/m*K", "DfLambda, Watt/m*K^2"
0 300.467 4185.86 -0.644932 980 0 0.610793 0
1.25e-05 300.467 4185.86 -0.644932 980 0 0.610793 0
3.75e-05 303.29 4184.24 -0.507773 980 0 0.615464 0
6.25e-05 304.065 4183.86 -0.471761 980 0 0.616726 0
8.75e-05 304.52 4183.65 -0.450995 980 0 0.61746 0
0.0001125 304.906 4183.48 -0.433505 980 0 0.618082 0
0.0001375 305.299 4183.31 -0.415904 980 0 0.618711 0
0.0001625 305.728 4183.14 -0.396886 980 0 0.619394 0
0.0001875 306.207 4182.95 -0.375863 980 0 0.620154 0
0.0002125 306.746 4182.76 -0.35255 980 0 0.621001 0
0.0002375 307.349 4182.55 -0.326819 980 0 0.621943 0
0.0002625 308.019 4182.34 -0.298635 980 0 0.622982 0
0.0002875 308.761 4182.13 -0.268025 980 0 0.624118 0
0.0003125 309.574 4181.93 -0.235066 980 0 0.625351 0
0.0003375 310.462 4181.73 -0.199871 980 0 0.626678 0
0.0003625 311.423 4181.56 -0.162586 980 0 0.628095 0
0.0003875 312.458 4181.41 -0.123384 980 0 0.629597 0
0.0004125 313.567 4181.3 -0.082458 980 0 0.631177 0
0.0004375 314.75 4181.23 -0.040016 980 0 0.632829 0
0.0004625 316.004 4181.2 0.0037233 980 0 0.634544 0
0.0004875 317.328 4181.24 0.048538 980 0 0.636314 0
0.0005125 382.084 1895.31 0.442706 0.566604 -0.00148293 0.0249008 8.40784e-05
0.0005375 539.565 1980.02 0.605785 0.401231 -0.00074362 0.0398104 0.000103979
0.0005625 638.268 2042.4 0.654181 0.339184 -0.000531412 0.050545 0.000113201
0.0005875 712.077 2091.6 0.677615 0.304026 -0.000426957 0.0591168 0.00011892
0.0006125 771.194 2132.06 0.690577 0.280721 -0.000364008 0.066267 0.000122898
0.0006375 820.397 2166.24 0.698007 0.263885 -0.000321655 0.0723879 0.000125853
0.0006625 862.387 2195.64 0.702153 0.251036 -0.000291094 0.0777213 0.000128143
0.0006875 898.869 2221.3 0.704212 0.240847 -0.000267945 0.08243 0.000129974
0.0007125 930.996 2243.94 0.704886 0.232536 -0.000249772 0.08663 0.000131474
0.0007375 959.591 2264.09 0.704615 0.225607 -0.000235107 0.0904076 0.000132725
0.0007625 985.264 2282.17 0.703689 0.219728 -0.000223014 0.0938289 0.000133785
0.0007875 1008.48 2298.49 0.702305 0.214669 -0.000212864 0.0969457 0.000134695
0.0008125 1029.61 2313.31 0.7006 0.210264 -0.000204218 0.0997998 0.000135483
0.0008375 1048.94 2326.84 0.698673 0.20639 -0.000196762 0.102425 0.000136173
0.0008625 1066.7 2339.23 0.696595 0.202953 -0.000190263 0.104849 0.000136782
0.0008875 1083.09 2350.63 0.694419 0.199882 -0.000184548 0.107096 0.000137324
0.0009125 1098.27 2361.16 0.692183 0.197119 -0.00017948 0.109185 0.000137807
0.0009375 1112.38 2370.91 0.689917 0.194618 -0.000174956 0.111132 0.000138243
0.0009625 1125.54 2379.97 0.687641 0.192344 -0.000170891 0.112953 0.000138636
0.0009875 1137.83 2388.41 0.685372 0.190266 -0.000167219 0.114659 0.000138993
0.0010125 1149.35 2396.29 0.683123 0.188359 -0.000163884 0.116262 0.000139319
0.00104053 1161.43 2404.53 0.680634 0.186399 -0.000160491 0.117948 0.000139652
0.00107197 1174.05 2413.1 0.677897 0.184397 -0.000157061 0.119712 0.000139989
0.00110723 1187.14 2421.95 0.674905 0.182363 -0.000153615 0.121547 0.000140329
0.00114676 1200.66 2431.05 0.671657 0.18031 -0.000150176 0.123446 0.00014067
0.0011911 1214.53 2440.35 0.668154 0.17825 -0.000146765 0.1254 0.000141008
0.00124081 1228.68 2449.78 0.664405 0.176197 -0.000143404 0.127397 0.000141341
0.00129656 1243.03 2459.28 0.660424 0.174164 -0.000140112 0.129428 0.000141668
0.00135908 1257.49 2468.8 0.656228 0.172161 -0.000136909 0.131478 0.000141986
0.00142919 1271.97 2478.27 0.651841 0.170201 -0.00013381 0.133536 0.000142294
0.00150781 1286.38 2487.63 0.647293 0.168295 -0.000130829 0.135589 0.000142589
0.00159598 1300.63 2496.82 0.642616 0.166451 -0.000127977 0.137623 0.000142871
0.00169485 1314.64 2505.79 0.637845 0.164677 -0.000125264 0.139627 0.000143138
0.00180572 1328.32 2514.49 0.633019 0.16298 -0.000122696 0.141588 0.00014339
0.00193005 1341.62 2522.87 0.628175 0.161365 -0.000120277 0.143495 0.000143627
0.00206947 1354.45 2530.9 0.623353 0.159836 -0.000118008 0.14534 0.000143848
0.00222582 1366.77 2538.55 0.618588 0.158395 -0.00011589 0.147114 0.000144052
0.00240114 1378.54 2545.81 0.613915 0.157043 -0.00011392 0.14881 0.000144242
0.00259776 1389.72 2552.64 0.609366 0.15578 -0.000112095 0.150423 0.000144416
0.00281824 1400.28 2559.06 0.604967 0.154605 -0.00011041 0.151949 0.000144576
0.00306548 1410.21 2565.04 0.600741 0.153516 -0.00010886 0.153386 0.000144723
0.00334275 1419.52 2570.61 0.596708 0.15251 -0.000107438 0.154733 0.000144856
0.00365367 1428.19 2575.77 0.592881 0.151584 -0.000106138 0.155989 0.000144977
0.00400233 1436.23 2580.53 0.589271 0.150735 -0.000104952 0.157157 0.000145087
0.00439333 1443.67 2584.9 0.585883 0.149958 -0.000103873 0.158236 0.000145186
0.00483178 1450.52 2588.9 0.582722 0.14925 -0.000102894 0.159231 0.000145276
0.00532347 1456.81 2592.55 0.579786 0.148606 -0.000102008 0.160144 0.000145356
0.00587484 1462.55 2595.87 0.577074 0.148023 -0.000101209 0.160979 0.000145429
0.00649315 1467.77 2598.88 0.574581 0.147496 -0.000100489 0.161739 0.000145493
0.00718653 1472.51 2601.6 0.572301 0.147021 -9.98439e-05 0.162429 0.000145551
0.00796407 1476.78 2604.04 0.570229 0.146596 -9.92671e-05 0.163051 0.000145603
0.00883601 1480.61 2606.22 0.568356 0.146216 -9.87539e-05 0.163609 0.000145648
0.0098138 1484.03 2608.16 0.566676 0.14588 -9.82998e-05 0.164106 0.000145688
0.0109103 1487.05 2609.87 0.565182 0.145584 -9.79009e-05 0.164546 0.000145724
0.0121399 1489.7 2611.36 0.563868 0.145325 -9.75536e-05 0.164932 0.000145754
0.0135188 1491.98 2612.65 0.562727 0.145102 -9.72548e-05 0.165265 0.00014578
0.015065 1493.93 2613.74 0.561752 0.144913 -9.70016e-05 0.165549 0.000145802
0.016799 1495.55 2614.66 0.560937 0.144756 -9.67913e-05 0.165785 0.000145821
0.0187435 1496.87 2615.39 0.560273 0.144629 -9.66211e-05 0.165977 0.000145836
0.020924 1497.9 2615.97 0.559752 0.144529 -9.6488e-05 0.166128 0.000145847
0.0233692 1498.67 2616.4 0.559361 0.144455 -9.63884e-05 0.166241 0.000145856
0.0261113 1499.22 2616.71 0.559084 0.144402 -9.63179e-05 0.166321 0.000145862
0.0291863 1499.58 2616.91 0.558901 0.144367 -9.62715e-05 0.166373 0.000145866
0.0326345 1499.8 2617.03 0.558791 0.144346 -9.62436e-05 0.166405 0.000145868
0.0365014 1499.92 2617.1 0.558732 0.144335 -9.62287e-05 0.166422 0.00014587
0.0408377 1499.97 2617.13 0.558704 0.14433 -9.62217e-05 0.16643 0.00014587
0.0457004 1499.99 2617.14 0.558694 0.144328 -9.6219e-05 0.166433 0.000145871
0.0511534 1500 2617.15 0.55869 0.144327 -9.62182e-05 0.166434 0.000145871
0.0572684 1500 2617.15 0.558689 0.144327 -9.62179e-05 0.166434 0.000145871
0.0641258 1500 2617.15 0.558689 0.144327 -9.62179e-05 0.166434 0.000145871
0.0718156 1500 2617.15 0.558689 0.144327 -9.62179e-05 0.166434 0.000145871
0.080439 1500 2617.15 0.558689 0.144327 -9.62179e-05 0.166434 0.000145871
0.0901092 1500 2617.15 0.558689 0.144327 -9.62179e-05 0.166434 0.000145871
0.100953 1500 2617.15 0.558689 0.144327 -9.62179e-05 0.166434 0.000145871
0.113114 1500 2617.15 0.558689 0.144327 -9.62179e-05 0.166434 0.000145871
0.126751 1500 2617.15 0.558689 0.144327 -9.62179e-05 0.166434 0.000145871
0.142043 1500 2617.15 0.558689 0.144327 -9.62179e-05 0.166434 0.000145871
0.159192 1500 2617.15 0.558689 0.144327 -9.62179e-05 0.166434 0.000145871
0.178422 1500 2617.15 0.558689 0.144327 -9.62179e-05 0.166434 0.000145871
0.199988 1500 2617.15 0.558689 0.144327 -9.62179e-05 0.166434 0.000145871
