TITLE="Graphics"
VARIABLES= "rj, m", "T, K", "Cp, J/kg*K", "DfCp, J/kg*K^2", "rho, kg/m^3", "Dfrho, kg/m^3*K", "Lambda, Watt/m*K", "DfLambda, Watt/m*K^2"
0 300 4186.17 -0.668592 980 0 0.61001 0
2.43902e-05 303.219 4184.28 -0.51111 980 0 0.615347 0
4.87805e-05 303.724 4184.02 -0.487512 980 0 0.616172 0
7.31707e-05 304.15 4183.82 -0.46786 980 0 0.616863 0
9.7561e-05 304.668 4183.58 -0.444241 980 0 0.6177 0
0.000121951 305.328 4183.3 -0.414627 980 0 0.618757 0
0.000146341 306.157 4182.97 -0.378063 980 0 0.620074 0
0.000170732 307.181 4182.61 -0.333932 980 0 0.621682 0
0.000195122 308.425 4182.22 -0.281819 980 0 0.623605 0
0.000219512 309.914 4181.85 -0.221512 980 0 0.625861 0
0.000243902 311.673 4181.52 -0.153029 980 0 0.62846 0
0.000268293 313.727 4181.29 -0.0766591 980 0 0.631402 0
0.000292683 316.1 4181.2 0.00702144 980 0 0.634674 0
0.000317073 318.813 4181.35 0.0971648 980 0 0.638248 0
0.000341463 321.884 4181.79 0.192701 980 0 0.642083 0
0.000365854 325.328 4182.63 0.29243 980 0 0.646127 0
0.000390244 329.156 4183.95 0.395142 980 0 0.650312 0
0.000414634 333.373 4185.84 0.499767 980 0 0.654566 0
0.000439024 337.982 4188.39 0.605528 980 0 0.658806 0
0.000463415 342.98 4191.68 0.712079 980 0 0.662945 0
0.000487805 348.361 4195.81 0.819629 980 0 0.666892 0
0.0005 351.101 4195.81 0.819629 980 0 0.666892 0
0.000512195 491.938 1951.94 0.572025 0.440077 -0.000894578 0.0349805 9.87452e-05
0.000536585 604.803 2020.73 0.640338 0.357952 -0.000591849 0.0468047 0.000110295
0.000560976 686.691 2074.49 0.670544 0.315266 -0.000459109 0.0561213 0.000117053
0.000585366 751.113 2118.24 0.686693 0.288226 -0.000383732 0.063812 0.000121602
0.000609756 804.1 2154.88 0.695863 0.269233 -0.000334825 0.0703446 0.000124908
0.000634146 848.938 2186.21 0.701036 0.255013 -0.000300391 0.0760026 0.000127431
0.000658537 887.645 2213.4 0.703727 0.243893 -0.000274764 0.0809742 0.000129426
0.000682927 921.559 2237.28 0.704796 0.234917 -0.000254913 0.0853913 0.000131044
0.000707317 951.621 2258.47 0.704772 0.227496 -0.000239062 0.0893512 0.000132384
0.000731707 978.519 2277.42 0.703994 0.221243 -0.000226099 0.0929274 0.000133512
0.000756098 1002.77 2294.48 0.702693 0.215891 -0.000215294 0.0961776 0.000134475
0.000780488 1024.79 2309.94 0.701026 0.211253 -0.000206143 0.0991473 0.000135306
0.000804878 1044.89 2324 0.699106 0.20719 -0.00019829 0.101874 0.000136031
0.000829268 1063.32 2336.87 0.697013 0.203599 -0.000191475 0.104387 0.000136668
0.000853659 1080.3 2348.69 0.694807 0.200398 -0.000185503 0.106713 0.000137233
0.000878049 1096 2359.58 0.692531 0.197527 -0.000180225 0.108872 0.000137736
0.000902439 1110.58 2369.66 0.690217 0.194935 -0.000175526 0.110882 0.000138188
0.000926829 1124.14 2379.01 0.687889 0.192582 -0.000171315 0.11276 0.000138595
0.00095122 1136.81 2387.71 0.685566 0.190437 -0.000167519 0.114518 0.000138964
0.00097561 1148.66 2395.82 0.68326 0.188471 -0.000164079 0.116167 0.0001393
0.001 1159.78 2403.41 0.680981 0.186664 -0.000160947 0.117718 0.000139607
0.00102736 1171.47 2411.35 0.678467 0.184802 -0.000157751 0.119352 0.000139921
0.00105807 1183.7 2419.63 0.675707 0.182893 -0.00015451 0.121064 0.000140241
0.00109251 1196.41 2428.2 0.672696 0.180951 -0.000151245 0.122848 0.000140564
0.00113116 1209.55 2437.01 0.669432 0.178985 -0.000147977 0.124697 0.000140888
0.00117452 1223.06 2446.03 0.665917 0.177008 -0.000144726 0.126603 0.00014121
0.00122316 1236.86 2455.2 0.662158 0.175032 -0.000141514 0.128554 0.000141529
0.00127774 1250.87 2464.45 0.658169 0.173071 -0.00013836 0.13054 0.000141842
0.00133897 1265.02 2473.73 0.653968 0.171136 -0.000135283 0.132549 0.000142148
0.00140767 1279.21 2482.98 0.649578 0.169238 -0.000132299 0.134568 0.000142444
0.00148475 1293.35 2492.13 0.645027 0.167388 -0.000129422 0.136584 0.000142728
0.00157123 1307.35 2501.13 0.640348 0.165595 -0.000126665 0.138584 0.000143
0.00166825 1321.13 2509.92 0.635577 0.163868 -0.000124036 0.140556 0.000143259
0.00177711 1334.6 2518.46 0.630749 0.162213 -0.000121544 0.142489 0.000143503
0.00189923 1347.71 2526.69 0.625905 0.160636 -0.000119192 0.14437 0.000143732
0.00203626 1360.37 2534.58 0.621082 0.159141 -0.000116984 0.146191 0.000143947
0.00218999 1372.53 2542.11 0.616318 0.157731 -0.00011492 0.147943 0.000144146
0.00236246 1384.15 2549.24 0.611646 0.156407 -0.000112998 0.149619 0.00014433
0.00255597 1395.19 2555.97 0.607098 0.155169 -0.000111217 0.151214 0.0001445
0.00277308 1405.63 2562.29 0.602702 0.154017 -0.000109571 0.152723 0.000144656
0.00301666 1415.45 2568.18 0.598481 0.152948 -0.000108056 0.154144 0.000144798
0.00328995 1424.64 2573.66 0.594455 0.151962 -0.000106667 0.155475 0.000144928
0.00359656 1433.2 2578.74 0.590639 0.151054 -0.000105397 0.156716 0.000145046
0.00394056 1441.14 2583.41 0.587043 0.150222 -0.000104238 0.157868 0.000145153
0.00432651 1448.47 2587.7 0.583674 0.149462 -0.000103186 0.158933 0.000145249
0.00475953 1455.2 2591.62 0.580538 0.14877 -0.000102233 0.159912 0.000145336
0.00524535 1461.37 2595.19 0.577634 0.148142 -0.000101372 0.160808 0.000145414
0.00579041 1466.98 2598.43 0.574961 0.147575 -0.000100598 0.161624 0.000145484
0.00640194 1472.06 2601.34 0.572517 0.147066 -9.99044e-05 0.162364 0.000145546
0.00708805 1476.64 2603.96 0.570298 0.14661 -9.9286e-05 0.16303 0.000145601
0.00785782 1480.73 2606.29 0.568298 0.146205 -9.8738e-05 0.163626 0.00014565
0.00872145 1484.36 2608.35 0.566513 0.145847 -9.82559e-05 0.164154 0.000145692
0.00969041 1487.55 2610.15 0.564936 0.145535 -9.78357e-05 0.164618 0.000145729
0.0107775 1490.31 2611.71 0.563564 0.145266 -9.74738e-05 0.165021 0.000145761
0.0119972 1492.66 2613.03 0.562389 0.145037 -9.7167e-05 0.165363 0.000145788
0.0133656 1494.62 2614.13 0.561405 0.144847 -9.69121e-05 0.165649 0.00014581
0.0149009 1496.21 2615.03 0.560604 0.144692 -9.67058e-05 0.165882 0.000145828
0.0166234 1497.46 2615.73 0.559974 0.144572 -9.65444e-05 0.166064 0.000145842
0.018556 1498.4 2616.25 0.5595 0.144481 -9.64237e-05 0.166201 0.000145853
0.0207242 1499.06 2616.62 0.559165 0.144417 -9.63384e-05 0.166297 0.00014586
0.0231568 1499.5 2616.87 0.558944 0.144375 -9.62823e-05 0.166361 0.000145865
0.0258861 1499.76 2617.01 0.558811 0.14435 -9.62487e-05 0.166399 0.000145868
0.0289482 1499.9 2617.09 0.55874 0.144337 -9.62308e-05 0.16642 0.00014587
0.0323837 1499.96 2617.13 0.558707 0.14433 -9.62225e-05 0.166429 0.00014587
0.0362382 1499.99 2617.14 0.558694 0.144328 -9.62192e-05 0.166433 0.000145871
0.0405626 1500 2617.15 0.55869 0.144327 -9.62182e-05 0.166434 0.000145871
0.0454145 1500 2617.15 0.558689 0.144327 -9.6218e-05 0.166434 0.000145871
0.0508579 1500 2617.15 0.558689 0.144327 -9.62179e-05 0.166434 0.000145871
0.0569652 1500 2617.15 0.558689 0.144327 -9.62179e-05 0.166434 0.000145871
0.0638172 1500 2617.15 0.558689 0.144327 -9.62179e-05 0.166434 0.000145871
0.0715049 1500 2617.15 0.558689 0.144327 -9.62179e-05 0.166434 0.000145871
0.0801299 1500 2617.15 0.558689 0.144327 -9.62179e-05 0.166434 0.000145871
0.0898068 1500 2617.15 0.558689 0.144327 -9.62179e-05 0.166434 0.000145871
0.100664 1500 2617.15 0.558689 0.144327 -9.62179e-05 0.166434 0.000145871
0.112844 1500 2617.15 0.558689 0.144327 -9.62179e-05 0.166434 0.000145871
0.126511 1500 2617.15 0.558689 0.144327 -9.62179e-05 0.166434 0.000145871
0.141843 1500 2617.15 0.558689 0.144327 -9.62179e-05 0.166434 0.000145871
0.159046 1500 2617.15 0.558689 0.144327 -9.62179e-05 0.166434 0.000145871
0.178346 1500 2617.15 0.558689 0.144327 -9.62179e-05 0.166434 0.000145871
0.2 1500 2617.15 0.558689 0.144327 -9.62179e-05 0.166434 0.000145871
