TITLE="Graphics"
VARIABLES= "rj, m", "T, K", "Cp, J/kg*K", "DfCp, J/kg*K^2", "rho, kg/m^3", "Dfrho, kg/m^3*K", "Lambda, Watt/m*K", "DfLambda, Watt/m*K^2"
0 303.268 4184.25 -0.508811 980 0 0.615427 0
1.25e-05 303.268 4184.25 -0.508811 980 0 0.615427 0
3.75e-05 322.817 4181.99 0.220464 980 0 0.643206 0
6.25e-05 327.652 4183.38 0.355731 980 0 0.648705 0
8.75e-05 329.899 4184.25 0.414181 980 0 0.651088 0
0.0001125 331.29 4184.85 0.449122 980 0 0.652511 0
0.0001375 332.323 4185.33 0.474474 980 0 0.653541 0
0.0001625 333.192 4185.75 0.495433 980 0 0.654391 0
0.0001875 333.988 4186.15 0.514357 980 0 0.655156 0
0.0002125 334.76 4186.56 0.53246 980 0 0.655886 0
0.0002375 335.536 4186.98 0.550417 980 0 0.656608 0
0.0002625 336.333 4187.42 0.568623 980 0 0.657338 0
0.0002875 337.163 4187.9 0.587316 980 0 0.658083 0
0.0003125 338.032 4188.42 0.60664 980 0 0.65885 0
0.0003375 338.946 4188.98 0.626681 980 0 0.659641 0
0.0003625 339.908 4189.6 0.647487 980 0 0.660457 0
0.0003875 340.921 4190.26 0.66908 980 0 0.661296 0
0.0004125 341.986 4190.99 0.691469 980 0 0.662159 0
0.0004375 343.104 4191.77 0.714649 980 0 0.663042 0
0.0004625 344.278 4192.63 0.738614 980 0 0.663944 0
0.0004875 345.506 4193.55 0.763352 980 0 0.664862 0
0.0005125 404.422 1905.6 0.477787 0.535308 -0.00132364 0.0268165 8.74108e-05
0.0005375 550.525 1986.7 0.612412 0.393243 -0.000714307 0.0409562 0.000105105
0.0005625 645.225 2046.96 0.656783 0.335527 -0.000520015 0.0513345 0.000113779
0.0005875 716.753 2094.77 0.678814 0.302043 -0.000421405 0.0596736 0.000119253
0.0006125 774.328 2134.23 0.691137 0.279585 -0.000361067 0.0666525 0.000123096
0.0006375 822.393 2167.63 0.698248 0.263244 -0.000320096 0.0726392 0.000125966
0.0006625 863.495 2196.42 0.702236 0.250714 -0.000290348 0.0778633 0.0001282
0.0006875 899.256 2221.57 0.704226 0.240744 -0.000267714 0.0824803 0.000129993
0.0007125 930.782 2243.79 0.704885 0.23259 -0.000249886 0.0866019 0.000131464
0.0007375 958.866 2263.58 0.704632 0.225777 -0.000235463 0.0903115 0.000132695
0.0007625 984.098 2281.35 0.703745 0.219988 -0.000223543 0.0936729 0.000133738
0.0007875 1006.93 2297.4 0.702414 0.215 -0.000213521 0.0967366 0.000134635
0.0008125 1027.71 2311.99 0.70077 0.210652 -0.000204972 0.0995431 0.000135414
0.0008375 1046.74 2325.3 0.69891 0.206824 -0.00019759 0.102125 0.000136096
0.0008625 1064.22 2337.5 0.696903 0.203426 -0.00019115 0.104511 0.000136699
0.0008875 1080.37 2348.74 0.694798 0.200386 -0.00018548 0.106722 0.000137235
0.0009125 1095.32 2359.11 0.692635 0.19765 -0.000180449 0.108778 0.000137715
0.0009375 1109.22 2368.73 0.69044 0.195173 -0.000175954 0.110695 0.000138146
0.0009625 1122.18 2377.66 0.688236 0.192919 -0.000171913 0.112488 0.000138537
0.0009875 1134.3 2385.99 0.686037 0.190858 -0.00016826 0.114169 0.000138892
0.0010125 1145.65 2393.76 0.683857 0.188966 -0.000164942 0.115748 0.000139216
0.00104053 1157.57 2401.9 0.681444 0.187021 -0.000161564 0.117409 0.000139546
0.00107197 1170.01 2410.36 0.678789 0.185033 -0.000158147 0.119147 0.000139882
0.00110723 1182.92 2419.11 0.675886 0.183013 -0.000154712 0.120955 0.000140221
0.00114676 1196.26 2428.1 0.672732 0.180973 -0.000151283 0.122827 0.00014056
0.0011911 1209.94 2437.28 0.669331 0.178926 -0.00014788 0.124753 0.000140897
0.00124081 1223.9 2446.6 0.66569 0.176885 -0.000144525 0.126723 0.00014123
0.00129656 1238.06 2456 0.661822 0.174862 -0.000141238 0.128725 0.000141556
0.00135908 1252.33 2465.41 0.657744 0.172869 -0.000138038 0.130747 0.000141874
0.00142919 1266.63 2474.78 0.65348 0.170919 -0.00013494 0.132777 0.000142182
0.00150781 1280.86 2484.05 0.649057 0.16902 -0.000131959 0.134802 0.000142477
0.00159598 1294.93 2493.15 0.644507 0.167183 -0.000129106 0.136809 0.00014276
0.00169485 1308.77 2502.04 0.639866 0.165416 -0.000126391 0.138786 0.000143027
0.00180572 1322.29 2510.66 0.635168 0.163724 -0.000123819 0.140722 0.00014328
0.00193005 1335.42 2518.97 0.630453 0.162114 -0.000121396 0.142605 0.000143518
0.00206947 1348.1 2526.94 0.625757 0.160589 -0.000119122 0.144427 0.000143739
0.00222582 1360.28 2534.53 0.621115 0.159151 -0.000116999 0.146179 0.000143945
0.00240114 1371.91 2541.73 0.616562 0.157802 -0.000115023 0.147854 0.000144136
0.00259776 1382.97 2548.52 0.612127 0.156541 -0.000113192 0.149448 0.000144312
0.00281824 1393.41 2554.89 0.607837 0.155367 -0.000111501 0.150957 0.000144473
0.00306548 1403.25 2560.85 0.603714 0.154278 -0.000109944 0.152378 0.00014462
0.00334275 1412.46 2566.39 0.599775 0.153272 -0.000108514 0.153711 0.000144755
0.00365367 1421.05 2571.53 0.596035 0.152345 -0.000107206 0.154955 0.000144878
0.00400233 1429.03 2576.27 0.592503 0.151494 -0.000106012 0.156112 0.000144989
0.00439333 1436.42 2580.64 0.589185 0.150715 -0.000104924 0.157184 0.000145089
0.00483178 1443.24 2584.64 0.586082 0.150003 -0.000103935 0.158173 0.00014518
0.00532347 1449.51 2588.31 0.583194 0.149355 -0.000103038 0.159084 0.000145263
0.00587484 1455.25 2591.65 0.580516 0.148765 -0.000102226 0.159918 0.000145336
0.00649315 1460.5 2594.69 0.578044 0.14823 -0.000101492 0.160682 0.000145403
0.00718653 1465.29 2597.45 0.57577 0.147746 -0.00010083 0.161378 0.000145463
0.00796407 1469.64 2599.96 0.573685 0.147308 -0.000100234 0.162011 0.000145516
0.00883601 1473.59 2602.22 0.571781 0.146914 -9.9698e-05 0.162585 0.000145564
0.0098138 1477.16 2604.25 0.570047 0.146559 -9.92169e-05 0.163105 0.000145607
0.0109103 1480.37 2606.08 0.568474 0.14624 -9.87861e-05 0.163573 0.000145645
0.0121399 1483.27 2607.73 0.567053 0.145955 -9.84011e-05 0.163995 0.000145679
0.0135188 1485.86 2609.2 0.565773 0.1457 -9.8058e-05 0.164373 0.00014571
0.015065 1488.17 2610.5 0.564626 0.145474 -9.77535e-05 0.16471 0.000145737
0.016799 1490.23 2611.66 0.563604 0.145274 -9.74843e-05 0.165009 0.00014576
0.0187435 1492.04 2612.68 0.562699 0.145097 -9.72477e-05 0.165273 0.000145781
0.020924 1493.62 2613.57 0.561905 0.144943 -9.70414e-05 0.165504 0.000145799
0.0233692 1494.99 2614.34 0.561216 0.14481 -9.68633e-05 0.165704 0.000145815
0.0261113 1496.17 2615 0.560626 0.144697 -9.67115e-05 0.165875 0.000145828
0.0291863 1497.15 2615.55 0.56013 0.144601 -9.65844e-05 0.166019 0.000145839
0.0326345 1497.96 2616 0.559722 0.144524 -9.64803e-05 0.166136 0.000145848
0.0365014 1498.6 2616.36 0.559398 0.144462 -9.63977e-05 0.16623 0.000145855
0.0408377 1499.09 2616.64 0.559149 0.144414 -9.63345e-05 0.166302 0.000145861
0.0457004 1499.45 2616.84 0.558968 0.14438 -9.62887e-05 0.166354 0.000145865
0.0511534 1499.69 2616.97 0.558845 0.144356 -9.62574e-05 0.166389 0.000145867
0.0572684 1499.84 2617.06 0.558768 0.144342 -9.62379e-05 0.166411 0.000145869
0.0641258 1499.93 2617.11 0.558724 0.144334 -9.62268e-05 0.166424 0.00014587
0.0718156 1499.97 2617.13 0.558703 0.144329 -9.62213e-05 0.16643 0.00014587
0.080439 1499.99 2617.14 0.558693 0.144328 -9.6219e-05 0.166433 0.000145871
0.0901092 1500 2617.15 0.55869 0.144327 -9.62182e-05 0.166434 0.000145871
0.100953 1500 2617.15 0.558689 0.144327 -9.6218e-05 0.166434 0.000145871
0.113114 1500 2617.15 0.558689 0.144327 -9.62179e-05 0.166434 0.000145871
0.126751 1500 2617.15 0.558689 0.144327 -9.62179e-05 0.166434 0.000145871
0.142043 1500 2617.15 0.558689 0.144327 -9.62179e-05 0.166434 0.000145871
0.159192 1500 2617.15 0.558689 0.144327 -9.62179e-05 0.166434 0.000145871
0.178422 1500 2617.15 0.558689 0.144327 -9.62179e-05 0.166434 0.000145871
0.199988 1500 2617.15 0.558689 0.144327 -9.62179e-05 0.166434 0.000145871
