TITLE="Graphics"
VARIABLES= "rj, m", "T, K", "Cp, J/kg*K", "DfCp, J/kg*K^2", "rho, kg/m^3", "Dfrho, kg/m^3*K", "Lambda, Watt/m*K", "DfLambda, Watt/m*K^2"
0 305.391 4183.27 -0.4118 980 0 0.618858 0
1.38889e-05 305.391 4183.27 -0.4118 980 0 0.618858 0
2.77778e-05 305.419 4183.26 -0.410581 980 0 0.618902 0
4.16667e-05 305.468 4183.24 -0.408391 980 0 0.61898 0
5.55556e-05 305.538 4183.21 -0.405264 980 0 0.619093 0
6.94444e-05 305.63 4183.18 -0.401214 980 0 0.619238 0
9.72222e-05 305.862 4183.08 -0.390979 980 0 0.619607 0
0.000125 306.184 4182.96 -0.376885 980 0 0.620117 0
0.000152778 306.594 4182.81 -0.359083 980 0 0.620763 0
0.000180556 307.093 4182.64 -0.337673 980 0 0.621545 0
0.000208333 307.682 4182.45 -0.312746 980 0 0.622461 0
0.000236111 308.362 4182.24 -0.284412 980 0 0.623509 0
0.000263889 309.135 4182.03 -0.252803 980 0 0.624686 0
0.000291667 310 4181.83 -0.218078 980 0 0.62599 0
0.000319444 310.96 4181.64 -0.180431 980 0 0.627415 0
0.000347222 312.014 4181.47 -0.140084 980 0 0.628955 0
0.000375 313.162 4181.33 -0.0972857 980 0 0.630603 0
0.000402778 314.404 4181.24 -0.0523106 980 0 0.632349 0
0.000430556 315.738 4181.2 -0.00544875 980 0 0.634183 0
0.000458333 317.162 4181.23 0.0429997 980 0 0.636094 0
0.000486111 318.675 4181.33 0.0927333 980 0 0.638071 0
0.0005 329.092 4181.33 0.0927333 980 0 0.638071 0
0.000513889 389.29 1898.55 0.454717 0.556115 -0.00142854 0.0255107 8.51762e-05
0.000541667 556.873 1990.6 0.616084 0.38876 -0.000698112 0.0416255 0.000105745
0.000569444 659.507 2056.37 0.661853 0.328261 -0.000497736 0.0529679 0.00011494
0.000597222 735.513 2107.55 0.683315 0.294339 -0.000400182 0.0619231 0.000120557
0.000625 795.957 2149.22 0.694676 0.271987 -0.000341711 0.0693294 0.000124423
0.000652778 845.967 2184.12 0.700763 0.255909 -0.000302504 0.0756243 0.000127271
0.000680556 888.425 2213.95 0.703765 0.243679 -0.000274282 0.0810752 0.000129464
0.000708333 925.14 2239.81 0.704841 0.234008 -0.000252943 0.085861 0.000131208
0.000736111 957.336 2262.5 0.704666 0.226138 -0.000236216 0.0901084 0.000132629
0.000763889 985.879 2282.6 0.703659 0.219591 -0.000222736 0.0939112 0.00013381
0.000791667 1011.41 2300.55 0.702094 0.214047 -0.000211631 0.0973408 0.000134806
0.000819444 1034.43 2316.69 0.700152 0.209285 -0.000202319 0.100453 0.000135658
0.000847222 1055.31 2331.28 0.697962 0.205144 -0.000194393 0.103293 0.000136395
0.000875 1074.35 2344.55 0.695611 0.201508 -0.000187563 0.105897 0.000137037
0.000902778 1091.8 2356.67 0.693162 0.198287 -0.000181615 0.108293 0.000137603
0.000930556 1107.87 2367.79 0.690662 0.195412 -0.000176386 0.110508 0.000138105
0.000958333 1122.71 2378.02 0.688143 0.192828 -0.000171752 0.112561 0.000138553
0.000986111 1136.47 2387.48 0.685629 0.190493 -0.000167618 0.114471 0.000138954
0.00101389 1149.27 2396.24 0.683137 0.188371 -0.000163904 0.116252 0.000139317
0.00104167 1161.21 2404.38 0.68068 0.186434 -0.000160551 0.117917 0.000139646
0.00106944 1172.38 2411.97 0.678267 0.184659 -0.000157508 0.119478 0.000139945
0.00110053 1184.05 2419.87 0.675626 0.182839 -0.000154418 0.121113 0.00014025
0.00113532 1196.18 2428.04 0.672751 0.180985 -0.000151302 0.122817 0.000140558
0.00117424 1208.73 2436.47 0.66964 0.179106 -0.000148178 0.124582 0.000140868
0.00121781 1221.63 2445.08 0.666296 0.177215 -0.000145065 0.126401 0.000141176
0.00126656 1234.82 2453.85 0.662725 0.175322 -0.000141982 0.128265 0.000141483
0.00132111 1248.22 2462.71 0.658937 0.173439 -0.000138948 0.130164 0.000141784
0.00138216 1261.77 2471.61 0.654949 0.171577 -0.000135981 0.132087 0.000142078
0.00145048 1275.38 2480.49 0.650781 0.169746 -0.000133095 0.134022 0.000142365
0.00152694 1288.96 2489.3 0.646458 0.167957 -0.000130305 0.135958 0.000142641
0.0016125 1302.44 2497.98 0.642009 0.166219 -0.000127622 0.137882 0.000142906
0.00170824 1315.73 2506.49 0.637464 0.16454 -0.000125055 0.139784 0.000143159
0.00181538 1328.77 2514.77 0.632859 0.162925 -0.000122614 0.141652 0.000143398
0.00193529 1341.48 2522.78 0.628227 0.161382 -0.000120302 0.143475 0.000143624
0.00206947 1353.8 2530.49 0.623603 0.159914 -0.000118122 0.145246 0.000143836
0.00221962 1365.67 2537.87 0.619021 0.158523 -0.000116078 0.146954 0.000144034
0.00238765 1377.05 2544.89 0.614514 0.157213 -0.000114167 0.148595 0.000144218
0.00257569 1387.9 2551.54 0.610112 0.155984 -0.000112388 0.150161 0.000144388
0.00278612 1398.2 2557.8 0.605839 0.154835 -0.000110738 0.151649 0.000144545
0.00302161 1407.93 2563.67 0.60172 0.153765 -0.000109213 0.153056 0.000144689
0.00328513 1417.07 2569.16 0.597774 0.152773 -0.000107809 0.154379 0.000144821
0.00358003 1425.63 2574.25 0.594014 0.151856 -0.000106518 0.155619 0.000144942
0.00391004 1433.61 2578.98 0.590454 0.151011 -0.000105336 0.156776 0.000145051
0.00427935 1441.01 2583.34 0.587099 0.150235 -0.000104256 0.15785 0.000145151
0.00469263 1447.86 2587.35 0.583955 0.149524 -0.000103273 0.158844 0.000145241
0.00515512 1454.17 2591.02 0.581023 0.148876 -0.000102379 0.159761 0.000145323
0.00567267 1459.96 2594.38 0.578302 0.148285 -0.000101568 0.160602 0.000145396
0.00625185 1465.25 2597.43 0.575788 0.14775 -0.000100836 0.161372 0.000145462
0.00689999 1470.07 2600.2 0.573478 0.147265 -0.000100176 0.162074 0.000145521
0.0076253 1474.44 2602.7 0.571366 0.146829 -9.95825e-05 0.16271 0.000145575
0.00843697 1478.39 2604.96 0.569446 0.146437 -9.90515e-05 0.163284 0.000145622
0.00934528 1481.93 2606.97 0.56771 0.146087 -9.85785e-05 0.1638 0.000145664
0.0103617 1485.09 2608.76 0.566152 0.145776 -9.81594e-05 0.164261 0.000145701
0.0114992 1487.89 2610.34 0.564766 0.145502 -9.77907e-05 0.164668 0.000145733
0.0127722 1490.34 2611.73 0.563546 0.145262 -9.74692e-05 0.165026 0.000145761
0.0141967 1492.46 2612.92 0.562486 0.145056 -9.71921e-05 0.165335 0.000145786
0.0157908 1494.27 2613.94 0.561579 0.14488 -9.6957e-05 0.165599 0.000145806
0.0175747 1495.78 2614.79 0.56082 0.144734 -9.67612e-05 0.165819 0.000145823
0.019571 1497.01 2615.48 0.5602 0.144615 -9.66023e-05 0.165998 0.000145837
0.021805 1497.98 2616.02 0.559711 0.144521 -9.64775e-05 0.16614 0.000145848
0.024305 1498.71 2616.43 0.559342 0.144451 -9.63836e-05 0.166246 0.000145856
0.0271027 1499.23 2616.72 0.559078 0.144401 -9.63165e-05 0.166322 0.000145862
0.0302335 1499.58 2616.91 0.558902 0.144367 -9.62718e-05 0.166373 0.000145866
0.033737 1499.79 2617.03 0.558794 0.144347 -9.62445e-05 0.166404 0.000145868
0.0376577 1499.91 2617.1 0.558735 0.144336 -9.62295e-05 0.166421 0.00014587
0.0420453 1499.97 2617.13 0.558706 0.14433 -9.62222e-05 0.166429 0.00014587
0.0469552 1499.99 2617.14 0.558695 0.144328 -9.62193e-05 0.166433 0.000145871
0.0524498 1500 2617.14 0.558691 0.144327 -9.62182e-05 0.166434 0.000145871
0.0585986 1500 2617.15 0.558689 0.144327 -9.6218e-05 0.166434 0.000145871
0.0654795 1500 2617.15 0.558689 0.144327 -9.62179e-05 0.166434 0.000145871
0.0731797 1500 2617.15 0.558689 0.144327 -9.62179e-05 0.166434 0.000145871
0.0817967 1500 2617.15 0.558689 0.144327 -9.62179e-05 0.166434 0.000145871
0.0914397 1500 2617.15 0.558689 0.144327 -9.62179e-05 0.166434 0.000145871
0.102231 1500 2617.15 0.558689 0.144327 -9.62179e-05 0.166434 0.000145871
0.114307 1500 2617.15 0.558689 0.144327 -9.62179e-05 0.166434 0.000145871
0.127821 1500 2617.15 0.558689 0.144327 -9.62179e-05 0.166434 0.000145871
0.142944 1500 2617.15 0.558689 0.144327 -9.62179e-05 0.166434 0.000145871
0.159868 1500 2617.15 0.558689 0.144327 -9.62179e-05 0.166434 0.000145871
0.178806 1500 2617.15 0.558689 0.144327 -9.62179e-05 0.166434 0.000145871
0.2 1500 2617.15 0.558689 0.144327 -9.62179e-05 0.166434 0.000145871
