TITLE="Graphics"
VARIABLES= "rj, m", "T, K", "Cp, J/kg*K", "DfCp, J/kg*K^2", "rho, kg/m^3", "Dfrho, kg/m^3*K", "Lambda, Watt/m*K", "DfLambda, Watt/m*K^2"
0 304.835 4183.51 -0.43672 980 0 0.617967 0
1.25e-05 304.835 4183.51 -0.43672 980 0 0.617967 0
3.75e-05 333.636 4185.97 0.506021 980 0 0.654819 0
6.25e-05 340.666 4190.09 0.663681 980 0 0.661087 0
8.75e-05 343.876 4192.33 0.73044 980 0 0.663638 0
0.0001125 345.8 4193.77 0.769236 980 0 0.665078 0
0.0001375 347.167 4194.84 0.796292 980 0 0.66606 0
0.0001625 348.26 4195.73 0.817667 980 0 0.666823 0
0.0001875 349.213 4196.51 0.836136 980 0 0.667471 0
0.0002125 350.098 4197.26 0.853144 980 0 0.668058 0
0.0002375 350.955 4198 0.869513 980 0 0.668615 0
0.0002625 351.811 4198.75 0.885744 980 0 0.669158 0
0.0002875 352.681 4199.53 0.902157 980 0 0.669698 0
0.0003125 353.578 4200.35 0.918966 980 0 0.670242 0
0.0003375 354.508 4201.21 0.936317 980 0 0.670791 0
0.0003625 355.477 4202.12 0.954313 980 0 0.67135 0
0.0003875 356.489 4203.1 0.97303 980 0 0.671917 0
0.0004125 357.548 4204.14 0.992527 980 0 0.672493 0
0.0004375 358.655 4205.25 1.01285 980 0 0.673076 0
0.0004625 359.812 4206.43 1.03404 980 0 0.673666 0
0.0004875 361.02 4207.7 1.05613 980 0 0.674261 0
0.0005125 417.292 1911.87 0.495412 0.518798 -0.00124325 0.0279534 8.92406e-05
0.0005375 557.922 1991.24 0.616679 0.38803 -0.000695491 0.0417364 0.00010585
0.0005625 650.612 2050.5 0.658738 0.332749 -0.000511439 0.0519487 0.000114221
0.0005875 721.005 2097.66 0.679877 0.300262 -0.000416449 0.0601814 0.000119553
0.0006125 777.826 2136.65 0.691748 0.278327 -0.000357827 0.0670835 0.000123315
0.0006375 825.342 2169.69 0.698597 0.262304 -0.000317812 0.0730109 0.000126133
0.0006625 866.021 2198.19 0.702421 0.249983 -0.000288656 0.0781873 0.000128332
0.0006875 901.444 2223.11 0.704305 0.240159 -0.000266416 0.0827649 0.000130098
0.0007125 932.693 2245.13 0.704893 0.232113 -0.000248864 0.0868532 0.00013155
0.0007375 960.543 2264.76 0.704592 0.225383 -0.000234641 0.090534 0.000132766
0.0007625 985.575 2282.39 0.703674 0.219659 -0.000222874 0.0938704 0.000133798
0.0007875 1008.23 2298.32 0.702323 0.214723 -0.000212969 0.096912 0.000134685
0.0008125 1028.86 2312.79 0.700667 0.210417 -0.000204514 0.0996989 0.000135456
0.0008375 1047.75 2326.01 0.698801 0.206624 -0.000197207 0.102263 0.000136132
0.0008625 1065.12 2338.13 0.696792 0.203255 -0.000190829 0.104633 0.000136729
0.0008875 1081.15 2349.28 0.69469 0.200241 -0.000185211 0.106829 0.00013726
0.0009125 1096.01 2359.59 0.69253 0.197526 -0.000180223 0.108872 0.000137736
0.0009375 1109.82 2369.14 0.690342 0.195068 -0.000175765 0.110778 0.000138165
0.0009625 1122.7 2378.01 0.688145 0.19283 -0.000171756 0.11256 0.000138552
0.0009875 1134.74 2386.29 0.685955 0.190784 -0.000168131 0.11423 0.000138904
0.0010125 1146.02 2394.02 0.683784 0.188906 -0.000164836 0.115799 0.000139226
0.00104053 1157.87 2402.1 0.681382 0.186973 -0.000161481 0.11745 0.000139555
0.00107197 1170.23 2410.51 0.67874 0.184998 -0.000158087 0.119178 0.000139888
0.00110723 1183.07 2419.2 0.675852 0.18299 -0.000154674 0.120976 0.000140225
0.00114676 1196.33 2428.14 0.672716 0.180963 -0.000151265 0.122837 0.000140562
0.0011911 1209.93 2437.27 0.669334 0.178928 -0.000147882 0.124752 0.000140897
0.00124081 1223.82 2446.54 0.665714 0.176898 -0.000144546 0.12671 0.000141228
0.00129656 1237.9 2455.89 0.661868 0.174885 -0.000141276 0.128701 0.000141553
0.00135908 1252.09 2465.25 0.657815 0.172903 -0.000138091 0.130713 0.000141869
0.00142919 1266.31 2474.58 0.653577 0.170962 -0.000135008 0.132732 0.000142175
0.00150781 1280.46 2483.79 0.649182 0.169072 -0.00013204 0.134746 0.000142469
0.00159598 1294.46 2492.85 0.644661 0.167244 -0.000129199 0.136743 0.00014275
0.00169485 1308.23 2501.69 0.640049 0.165484 -0.000126495 0.138709 0.000143017
0.00180572 1321.68 2510.27 0.635383 0.163799 -0.000123933 0.140635 0.000143269
0.00193005 1334.75 2518.55 0.630698 0.162196 -0.000121518 0.142509 0.000143506
0.00206947 1347.37 2526.48 0.626033 0.160677 -0.000119252 0.144321 0.000143727
0.00222582 1359.49 2534.04 0.621422 0.159244 -0.000117135 0.146065 0.000143932
0.00240114 1371.06 2541.2 0.616899 0.1579 -0.000115166 0.147732 0.000144122
0.00259776 1382.06 2547.97 0.612493 0.156643 -0.00011334 0.149318 0.000144297
0.00281824 1392.46 2554.31 0.608231 0.155473 -0.000111653 0.15082 0.000144458
0.00306548 1402.25 2560.25 0.604135 0.154388 -0.0001101 0.152234 0.000144606
0.00334275 1411.42 2565.77 0.600223 0.153385 -0.000108674 0.153561 0.00014474
0.00365367 1419.97 2570.89 0.596507 0.152461 -0.000107369 0.154799 0.000144862
0.00400233 1427.92 2575.61 0.592998 0.151612 -0.000106177 0.155951 0.000144973
0.00439333 1435.28 2579.96 0.589701 0.150835 -0.000105091 0.157018 0.000145074
0.00483178 1442.07 2583.96 0.586617 0.150125 -0.000104104 0.158004 0.000145165
0.00532347 1448.31 2587.61 0.583746 0.149478 -0.000103208 0.15891 0.000145247
0.00587484 1454.04 2590.95 0.581084 0.148889 -0.000102397 0.159742 0.000145321
0.00649315 1459.27 2593.98 0.578626 0.148355 -0.000101664 0.160503 0.000145387
0.00718653 1464.04 2596.74 0.576363 0.147871 -0.000101002 0.161197 0.000145447
0.00796407 1468.39 2599.24 0.574287 0.147434 -0.000100405 0.161829 0.000145501
0.00883601 1472.33 2601.5 0.57239 0.147039 -9.98687e-05 0.162402 0.000145549
0.0098138 1475.9 2603.53 0.57066 0.146684 -9.93864e-05 0.162921 0.000145592
0.0109103 1479.12 2605.37 0.569088 0.146364 -9.89537e-05 0.163391 0.00014563
0.0121399 1482.02 2607.02 0.567665 0.146078 -9.85663e-05 0.163814 0.000145665
0.0135188 1484.63 2608.5 0.566379 0.145821 -9.82201e-05 0.164194 0.000145695
0.015065 1486.97 2609.82 0.565222 0.145592 -9.79115e-05 0.164534 0.000145723
0.016799 1489.06 2611 0.564186 0.145387 -9.76373e-05 0.164839 0.000145747
0.0187435 1490.91 2612.05 0.563262 0.145207 -9.73945e-05 0.165109 0.000145768
0.020924 1492.55 2612.97 0.562442 0.145047 -9.71807e-05 0.165348 0.000145787
0.0233692 1493.99 2613.78 0.561721 0.144908 -9.69937e-05 0.165558 0.000145803
0.0261113 1495.24 2614.48 0.561093 0.144786 -9.68314e-05 0.16574 0.000145817
0.0291863 1496.32 2615.08 0.560552 0.144682 -9.66924e-05 0.165897 0.000145829
0.0326345 1497.22 2615.59 0.560093 0.144594 -9.6575e-05 0.166029 0.00014584
0.0365014 1497.98 2616.02 0.559713 0.144522 -9.64779e-05 0.166139 0.000145848
0.0408377 1498.59 2616.36 0.559405 0.144463 -9.63996e-05 0.166228 0.000145855
0.0457004 1499.06 2616.62 0.559166 0.144417 -9.63388e-05 0.166297 0.00014586
0.0511534 1499.41 2616.82 0.558988 0.144384 -9.62935e-05 0.166348 0.000145864
0.0572684 1499.66 2616.96 0.558862 0.14436 -9.62618e-05 0.166384 0.000145867
0.0641258 1499.82 2617.05 0.558781 0.144344 -9.62411e-05 0.166408 0.000145869
0.0718156 1499.91 2617.1 0.558732 0.144335 -9.62289e-05 0.166422 0.00014587
0.080439 1499.96 2617.13 0.558707 0.14433 -9.62224e-05 0.166429 0.00014587
0.0901092 1499.99 2617.14 0.558695 0.144328 -9.62195e-05 0.166432 0.000145871
0.100953 1500 2617.14 0.558691 0.144327 -9.62183e-05 0.166434 0.000145871
0.113114 1500 2617.15 0.55869 0.144327 -9.6218e-05 0.166434 0.000145871
0.126751 1500 2617.15 0.558689 0.144327 -9.62179e-05 0.166434 0.000145871
0.142043 1500 2617.15 0.558689 0.144327 -9.62179e-05 0.166434 0.000145871
0.159192 1500 2617.15 0.558689 0.144327 -9.62179e-05 0.166434 0.000145871
0.178422 1500 2617.15 0.558689 0.144327 -9.62179e-05 0.166434 0.000145871
0.199988 1500 2617.15 0.558689 0.144327 -9.62179e-05 0.166434 0.000145871
