TITLE="Graphics"
VARIABLES= "rj, m", "q, W", "rho, kg/m^3", "u_r, m/s" 
0.000525 108953 0.49223 0
0.00055 231910 0.377533 0
0.000575 193202 0.326146 0
0.0006 170822 0.295317 0
0.000625 154152 0.274271 0
0.00065 140606 0.258787 0
0.000675 129146 0.246821 0
0.0007 119231 0.237247 0
0.000725 110530 0.229382 0
0.00075 102818 0.222788 0
0.000775 95931.3 0.217169 0
0.0008 89743.6 0.212315 0
0.000825 84156.4 0.208076 0
0.00085 79089.6 0.204337 0
0.000875 74477.5 0.201013 0
0.0009 70265.1 0.198035 0
0.000925 66405.8 0.195352 0
0.00095 62860.4 0.19292 0
0.000975 59594.8 0.190705 0
0.001 56579.8 0.188678 0
0.001025 53789.9 0.186816 0
0.00105303 51091.5 0.184899 0
0.00108447 48297.7 0.182939 0
0.00111973 45426.4 0.180946 0
0.00115926 42498.5 0.178932 0
0.0012036 39537.3 0.176909 0
0.00125331 36568.2 0.17489 0
0.00130906 33617.6 0.172888 0
0.00137158 30712.4 0.170914 0
0.00144169 27879.1 0.16898 0
0.00152031 25142.4 0.167097 0
0.00160848 22525 0.165274 0
0.00170735 20046.3 0.163519 0
0.00181822 17722.1 0.161838 0
0.00194255 15564 0.160238 0
0.00208197 13579.5 0.158722 0
0.00223832 11771.8 0.157293 0
0.00241364 10140.5 0.155951 0
0.00261026 8681.27 0.154699 0
0.00283074 7387.16 0.153533 0
0.00307798 6248.78 0.152454 0
0.00335525 5255.07 0.151459 0
0.00366617 4393.88 0.150545 0
0.00401483 3652.52 0.149709 0
0.00440583 3018.23 0.148948 0
0.00484428 2478.6 0.148258 0
0.00533597 2021.85 0.147636 0
0.00588734 1637.01 0.147078 0
0.00650565 1314.16 0.146582 0
0.00719903 1044.39 0.146144 0
0.00797657 819.937 0.145762 0
0.00884851 634.091 0.145434 0
0.0098263 481.194 0.145156 0
0.0109228 356.542 0.144926 0
0.0121524 256.268 0.144742 0
0.0135313 177.189 0.1446 0
0.0150775 116.602 0.144495 0
0.0168115 72.0564 0.144423 0
0.018756 41.1249 0.144376 0
0.0209365 21.2419 0.14435 0
0.0233817 9.6941 0.144336 0
0.0261238 3.80367 0.14433 0
0.0291988 1.24618 0.144328 0
0.032647 0.331156 0.144327 0
0.0365139 0.0695222 0.144327 0
0.0408502 0.0112837 0.144327 0
0.0457129 0.00139326 0.144327 0
0.0511659 0.000129476 0.144327 0
0.0572809 8.99844e-06 0.144327 0
0.0641383 4.66208e-07 0.144327 0
0.0718281 1.79031e-08 0.144327 0
0.0804515 3.81792e-10 0.144327 0
0.0901217 0 0.144327 0
0.100966 0 0.144327 0
0.113126 0 0.144327 0
0.126763 0 0.144327 0
0.142056 0 0.144327 0
0.159204 0 0.144327 0
0.178435 0 0.144327 0
