TITLE="Graphics"
VARIABLES= "rj, m", "q, W", "rho, kg/m^3", "u_r, m/s" 
0.000525 110472 0.501084 0
0.00055 237436 0.379799 0
0.000575 196545 0.32691 0
0.0006 173521 0.295479 0
0.000625 156498 0.274127 0
0.00065 142705 0.258467 0
0.000675 131052 0.246391 0
0.0007 120978 0.236743 0
0.000725 112142 0.228827 0
0.00075 104312 0.222196 0
0.000775 97320.2 0.216549 0
0.0008 91039.6 0.211675 0
0.000825 85368.9 0.20742 0
0.00085 80226.8 0.203669 0
0.000875 75546.3 0.200335 0
0.0009 71271.4 0.19735 0
0.000925 67355.2 0.19466 0
0.00095 63757.3 0.192223 0
0.000975 60443.5 0.190004 0
0.001 57384 0.187974 0
0.001025 54552.9 0.18611 0
0.00105303 51814.8 0.184191 0
0.00108447 48979.8 0.182229 0
0.00111973 46066.2 0.180234 0
0.00115926 43095 0.178219 0
0.0012036 40090 0.176195 0
0.00125331 37076.7 0.174176 0
0.00130906 34082.2 0.172174 0
0.00137158 31133.6 0.170201 0
0.00144169 28257.8 0.168268 0
0.00152031 25479.8 0.166387 0
0.00160848 22822.7 0.164566 0
0.00170735 20306.1 0.162813 0
0.00181822 17946 0.161136 0
0.00194255 15754.2 0.15954 0
0.00208197 13738.3 0.158028 0
0.00223832 11901.6 0.156604 0
0.00241364 10243.5 0.155269 0
0.00261026 8759.61 0.154023 0
0.00283074 7442.96 0.152866 0
0.00307798 6283.99 0.151797 0
0.00335525 5271.49 0.150813 0
0.00366617 4393.14 0.149912 0
0.00401483 3636.13 0.149091 0
0.00440583 2987.59 0.148347 0
0.00484428 2435.04 0.147678 0
0.00533597 1966.7 0.14708 0
0.00588734 1571.68 0.146552 0
0.00650565 1240.21 0.146089 0
0.00719903 963.65 0.145689 0
0.00797657 734.56 0.14535 0
0.00884851 546.639 0.145069 0
0.0098263 394.626 0.144843 0
0.0109228 274.118 0.144668 0
0.0121524 181.316 0.144538 0
0.0135313 112.717 0.144448 0
0.0150775 64.7926 0.14439 0
0.0168115 33.761 0.144356 0
0.018756 15.5751 0.144339 0
0.0209365 6.19332 0.144331 0
0.0233817 2.06228 0.144328 0
0.0261238 0.558696 0.144327 0
0.0291988 0.119936 0.144327 0
0.032647 0.01996 0.144327 0
0.0365139 0.00253321 0.144327 0
0.0408502 0.000242457 0.144327 0
0.0457129 1.7384e-05 0.144327 0
0.0511659 9.30568e-07 0.144327 0
0.0572809 3.71125e-08 0.144327 0
0.0641383 9.93341e-10 0.144327 0
0.0718281 0 0.144327 0
0.0804515 0 0.144327 0
0.0901217 0 0.144327 0
0.100966 0 0.144327 0
0.113126 0 0.144327 0
0.126763 0 0.144327 0
0.142056 0 0.144327 0
0.159204 0 0.144327 0
0.178435 0 0.144327 0
