TITLE="Graphics"
VARIABLES= "rj, m", "q, W", "rho, kg/m^3", "u_r, m/s" 
0.000525 143237 0.504571 0
0.00055 323982 0.359087 0
0.000575 257125 0.304184 0
0.0006 224982 0.272921 0
0.000625 202024 0.252137 0
0.00065 183633 0.237096 0
0.000675 168161 0.225607 0
0.0007 154802 0.216493 0
0.000725 143085 0.209059 0
0.00075 132695 0.202865 0
0.000775 123408 0.197614 0
0.0008 115055 0.193101 0
0.000825 107503 0.189177 0
0.00085 100643 0.185732 0
0.000875 94389.9 0.182682 0
0.0009 88669 0.179962 0
0.000925 83419.1 0.177522 0
0.00095 78587.8 0.17532 0
0.000975 74130.3 0.173323 0
0.001 70007.7 0.171505 0
0.001025 66186.4 0.169842 0
0.00105303 62476.6 0.16814 0
0.00108447 58628.6 0.16641 0
0.00111973 54666.1 0.164663 0
0.00115926 50616.7 0.162913 0
0.0012036 46512 0.161173 0
0.00125331 42386.5 0.159457 0
0.00130906 38277.2 0.15778 0
0.00137158 34222.5 0.156156 0
0.00144169 30261.2 0.154599 0
0.00152031 26431.6 0.153123 0
0.00160848 22770.7 0.151739 0
0.00170735 19313.1 0.150461 0
0.00181822 16091.1 0.149298 0
0.00194255 13133.2 0.148259 0
0.00208197 10464.4 0.14735 0
0.00223832 8105.18 0.146575 0
0.00241364 6070.22 0.145934 0
0.00261026 4367.07 0.145423 0
0.00283074 2993.83 0.145034 0
0.00307798 1936.78 0.144754 0
0.00335525 1168.69 0.144565 0
0.00366617 648.891 0.144448 0
0.00401483 326.404 0.144382 0
0.00440583 146.212 0.144349 0
0.00484428 57.264 0.144335 0
0.00533597 19.243 0.144329 0
0.00588734 5.44675 0.144327 0
0.00650565 1.2764 0.144327 0
0.00719903 0.243871 0.144327 0
0.00797657 0.0374985 0.144327 0
0.00884851 0.00459192 0.144327 0
0.0098263 0.000444212 0.144327 0
0.0109228 3.37459e-05 0.144327 0
0.0121524 2.00481e-06 0.144327 0
0.0135313 9.29279e-08 0.144327 0
0.0150775 3.32843e-09 0.144327 0
0.0168115 6.54729e-11 0.144327 0
0.018756 0 0.144327 0
0.0209365 0 0.144327 0
0.0233817 0 0.144327 0
0.0261238 0 0.144327 0
0.0291988 0 0.144327 0
0.032647 0 0.144327 0
0.0365139 0 0.144327 0
0.0408502 0 0.144327 0
0.0457129 0 0.144327 0
0.0511659 0 0.144327 0
0.0572809 0 0.144327 0
0.0641383 0 0.144327 0
0.0718281 0 0.144327 0
0.0804515 0 0.144327 0
0.0901217 0 0.144327 0
0.100966 0 0.144327 0
0.113126 0 0.144327 0
0.126763 0 0.144327 0
0.142056 0 0.144327 0
0.159204 0 0.144327 0
0.178435 0 0.144327 0
