TITLE="Graphics"
VARIABLES= "rj, m", "q, W", "rho, kg/m^3", "u_r, m/s" 
0.000525 109207 0.494042 0
0.00055 232894 0.37805 0
0.000575 193784 0.326357 0
0.0006 171287 0.295403 0
0.000625 154554 0.274291 0
0.00065 140965 0.258769 0
0.000675 129471 0.246779 0
0.0007 119529 0.237188 0
0.000725 110805 0.229311 0
0.00075 103073 0.222709 0
0.000775 96167.8 0.217083 0
0.0008 89964.3 0.212225 0
0.000825 84362.9 0.207981 0
0.00085 79283.3 0.204239 0
0.000875 74659.6 0.200912 0
0.0009 70436.5 0.197933 0
0.000925 66567.6 0.195248 0
0.00095 63013.3 0.192814 0
0.000975 59739.5 0.190598 0
0.001 56716.9 0.18857 0
0.001025 53920.1 0.186707 0
0.00105303 51214.9 0.18479 0
0.00108447 48414.2 0.182829 0
0.00111973 45535.7 0.180835 0
0.00115926 42600.5 0.17882 0
0.0012036 39631.9 0.176797 0
0.00125331 36655.3 0.174777 0
0.00130906 33697.3 0.172775 0
0.00137158 30784.8 0.170801 0
0.00144169 27944.3 0.168867 0
0.00152031 25200.7 0.166983 0
0.00160848 22576.6 0.16516 0
0.00170735 20091.5 0.163405 0
0.00181822 17761.2 0.161725 0
0.00194255 15597.5 0.160125 0
0.00208197 13607.8 0.158609 0
0.00223832 11795.3 0.157181 0
0.00241364 10159.5 0.15584 0
0.00261026 8696.22 0.154588 0
0.00283074 7398.4 0.153424 0
0.00307798 6256.65 0.152346 0
0.00335525 5259.88 0.151352 0
0.00366617 4395.91 0.15044 0
0.00401483 3652.02 0.149606 0
0.00440583 3015.43 0.148847 0
0.00484428 2473.71 0.14816 0
0.00533597 2015.06 0.147541 0
0.00588734 1628.53 0.146988 0
0.00650565 1304.19 0.146496 0
0.00719903 1033.17 0.146064 0
0.00797657 807.729 0.145688 0
0.00884851 621.228 0.145367 0
0.0098263 468.065 0.145097 0
0.0109228 343.596 0.144876 0
0.0121524 244.002 0.144701 0
0.0135313 166.108 0.144568 0
0.0150775 107.158 0.144472 0
0.0168115 64.5671 0.144407 0
0.018756 35.6941 0.144367 0
0.0209365 17.7182 0.144344 0
0.0233817 7.70077 0.144333 0
0.0261238 2.84928 0.144329 0
0.0291988 0.871475 0.144327 0
0.032647 0.214184 0.144327 0
0.0365139 0.0412606 0.144327 0
0.0408502 0.00610836 0.144327 0
0.0457129 0.00068517 0.144327 0
0.0511659 5.77027e-05 0.144327 0
0.0572809 3.62998e-06 0.144327 0
0.0641383 1.70126e-07 0.144327 0
0.0718281 5.86601e-09 0.144327 0
0.0804515 3.07189e-11 0.144327 0
0.0901217 0 0.144327 0
0.100966 0 0.144327 0
0.113126 0 0.144327 0
0.126763 0 0.144327 0
0.142056 0 0.144327 0
0.159204 0 0.144327 0
0.178435 0 0.144327 0
