TITLE="Graphics"
VARIABLES= "rj, m", "q, W", "rho, kg/m^3", "u_r, m/s" 
0.000525 108051 0.484404 0
0.00055 228173 0.375084 0
0.000575 191042 0.325023 0
0.0006 169116 0.294749 0
0.000625 152685 0.273994 0
0.00065 139301 0.258684 0
0.000675 127965 0.246832 0
0.0007 118151 0.237335 0
0.000725 109536 0.229526 0
0.00075 101897 0.222974 0
0.000775 95075.1 0.217387 0
0.0008 88944.9 0.212558 0
0.000825 83409.2 0.208339 0
0.00085 78388.9 0.204617 0
0.000875 73818.9 0.201305 0
0.0009 69644.7 0.198339 0
0.000925 65820.5 0.195665 0
0.00095 62307.1 0.193241 0
0.000975 59071 0.191033 0
0.001 56083.2 0.189012 0
0.001025 53318.5 0.187155 0
0.00105303 50644.3 0.185243 0
0.00108447 47875.5 0.183288 0
0.00111973 45030 0.181299 0
0.00115926 42128.4 0.179289 0
0.0012036 39193.9 0.17727 0
0.00125331 36251.6 0.175255 0
0.00130906 33327.7 0.173255 0
0.00137158 30448.8 0.171284 0
0.00144169 27641.2 0.169353 0
0.00152031 24929.5 0.167472 0
0.00160848 22336 0.16565 0
0.00170735 19880.1 0.163896 0
0.00181822 17577.3 0.162216 0
0.00194255 15439.3 0.160616 0
0.00208197 13473.5 0.1591 0
0.00223832 11683.1 0.15767 0
0.00241364 10067.4 0.156328 0
0.00261026 8622.57 0.155074 0
0.00283074 7341.46 0.153906 0
0.00307798 6214.85 0.152824 0
0.00335525 5231.77 0.151826 0
0.00366617 4380.18 0.150907 0
0.00401483 3647.5 0.150066 0
0.00440583 3021.08 0.149298 0
0.00484428 2488.58 0.148599 0
0.00533597 2038.28 0.147967 0
0.00588734 1659.28 0.147398 0
0.00650565 1341.63 0.146888 0
0.00719903 1076.39 0.146434 0
0.00797657 855.711 0.146033 0
0.00884851 672.756 0.145682 0
0.0098263 521.691 0.145379 0
0.0109228 397.614 0.145122 0
0.0121524 296.472 0.144908 0
0.0135313 214.955 0.144735 0
0.0150775 150.37 0.1446 0
0.0168115 100.483 0.144499 0
0.018756 63.3393 0.144427 0
0.0209365 37.0748 0.14438 0
0.0233817 19.7674 0.144352 0
0.0261238 9.38186 0.144337 0
0.0291988 3.85995 0.144331 0
0.032647 1.33734 0.144328 0
0.0365139 0.378842 0.144327 0
0.0408502 0.0853661 0.144327 0
0.0457129 0.0149493 0.144327 0
0.0511659 0.00199864 0.144327 0
0.0572809 0.000201511 0.144327 0
0.0641383 1.52073e-05 0.144327 0
0.0718281 8.55596e-07 0.144327 0
0.0804515 3.57611e-08 0.144327 0
0.0901217 9.47028e-10 0.144327 0
0.100966 0 0.144327 0
0.113126 0 0.144327 0
0.126763 0 0.144327 0
0.142056 0 0.144327 0
0.159204 0 0.144327 0
0.178435 0 0.144327 0
