TITLE="Graphics"
VARIABLES= "rj, m", "q, W", "rho, kg/m^3", "u_r, m/s" 
0.000525 109032 0.492811 0
0.00055 232219 0.377701 0
0.000575 193385 0.326216 0
0.0006 170967 0.295347 0
0.000625 154278 0.274279 0
0.00065 140718 0.258783 0
0.000675 129247 0.24681 0
0.0007 119324 0.23723 0
0.000725 110616 0.229361 0
0.00075 102898 0.222765 0
0.000775 96005.1 0.217143 0
0.0008 89812.4 0.212288 0
0.000825 84220.8 0.208047 0
0.00085 79150.1 0.204307 0
0.000875 74534.3 0.200982 0
0.0009 70318.5 0.198004 0
0.000925 66456.3 0.19532 0
0.00095 62908.1 0.192888 0
0.000975 59639.9 0.190672 0
0.001 56622.6 0.188645 0
0.001025 53830.5 0.186782 0
0.00105303 51130 0.184866 0
0.00108447 48334 0.182905 0
0.00111973 45460.5 0.180912 0
0.00115926 42530.3 0.178897 0
0.0012036 39566.8 0.176874 0
0.00125331 36595.4 0.174855 0
0.00130906 33642.4 0.172853 0
0.00137158 30735 0.170879 0
0.00144169 27899.4 0.168945 0
0.00152031 25160.6 0.167062 0
0.00160848 22541.1 0.165239 0
0.00170735 20060.4 0.163484 0
0.00181822 17734.3 0.161803 0
0.00194255 15574.5 0.160203 0
0.00208197 13588.3 0.158687 0
0.00223832 11779.2 0.157258 0
0.00241364 10146.5 0.155917 0
0.00261026 8686 0.154664 0
0.00283074 7390.73 0.153499 0
0.00307798 6251.31 0.152421 0
0.00335525 5256.65 0.151426 0
0.00366617 4394.6 0.150513 0
0.00401483 3652.45 0.149677 0
0.00440583 3017.46 0.148917 0
0.00484428 2477.18 0.148227 0
0.00533597 2019.84 0.147606 0
0.00588734 1634.48 0.14705 0
0.00650565 1311.16 0.146555 0
0.00719903 1041 0.146119 0
0.00797657 816.235 0.145739 0
0.00884851 630.176 0.145413 0
0.0098263 477.182 0.145137 0
0.0109228 352.568 0.14491 0
0.0121524 252.483 0.144729 0
0.0135313 173.747 0.14459 0
0.0150775 113.646 0.144488 0
0.0168115 69.6898 0.144418 0
0.018756 39.3885 0.144373 0
0.0209365 20.0989 0.144348 0
0.0233817 9.03611 0.144335 0
0.0261238 3.48202 0.14433 0
0.0291988 1.11683 0.144328 0
0.032647 0.289684 0.144327 0
0.0365139 0.0592102 0.144327 0
0.0408502 0.00933807 0.144327 0
0.0457129 0.00111888 0.144327 0
0.0511659 0.000100817 0.144327 0
0.0572809 6.7909e-06 0.144327 0
0.0641383 3.40937e-07 0.144327 0
0.0718281 1.2672e-08 0.144327 0
0.0804515 2.15032e-10 0.144327 0
0.0901217 0 0.144327 0
0.100966 0 0.144327 0
0.113126 0 0.144327 0
0.126763 0 0.144327 0
0.142056 0 0.144327 0
0.159204 0 0.144327 0
0.178435 0 0.144327 0
