TITLE="Graphics"
VARIABLES= "rj, m", "q, W", "rho, kg/m^3", "u_r, m/s" 
0.0005 13323.7 0.569644 -0.00111021
0.000525 258600 0.399734 -0.00143502
0.00055 203860 0.337393 -0.00154913
0.000575 177658 0.302288 -0.00158194
0.0006 159087 0.279093 -0.00157361
0.000625 144320 0.262372 -0.00154266
0.00065 131983 0.24963 -0.00149908
0.000675 121402 0.239538 -0.00144865
0.0007 112177 0.231314 -0.00139492
0.000725 104046 0.224463 -0.00134007
0.00075 96819.1 0.218655 -0.00128548
0.000775 90353.1 0.21366 -0.00123203
0.0008 84536.8 0.209313 -0.00118024
0.000825 79280.5 0.205492 -0.00113043
0.00085 74511.1 0.202103 -0.00108277
0.000875 70167.9 0.199076 -0.00103732
0.0009 66200 0.196354 -0.000994082
0.000925 62564.1 0.193892 -0.000953025
0.00095 59223.4 0.191653 -0.000914081
0.000975 56146.2 0.189608 -0.000877166
0.001 53304.9 0.187732 -0.000842188
0.001025 50675.7 0.186005 -0.000809052
0.00105303 48130.2 0.184223 -0.00077396
0.00108447 45495.3 0.182396 -0.000737046
0.00111973 42788 0.180534 -0.000698495
0.00115926 40027.9 0.178648 -0.000658544
0.0012036 37237.1 0.17675 -0.000617484
0.00125331 34439.5 0.174851 -0.000575651
0.00130906 31659.9 0.172964 -0.00053342
0.00137158 28923.8 0.1711 -0.000491194
0.00144169 26256 0.169269 -0.00044939
0.00152031 23679.8 0.167483 -0.000408423
0.00160848 21216.5 0.16575 -0.000368692
0.00170735 18884.3 0.164078 -0.000330562
0.00181822 16698.1 0.162475 -0.000294354
0.00194255 14668.9 0.160945 -0.000260332
0.00208197 12803.6 0.159493 -0.000228695
0.00223832 11105.2 0.158121 -0.000199579
0.00241364 9573.19 0.156832 -0.000173048
0.00261026 8203.64 0.155624 -0.000149109
0.00283074 6989.91 0.154499 -0.000127709
0.00307798 5923.15 0.153454 -0.000108752
0.00335525 4992.97 0.152487 -9.21012e-05
0.00366617 4187.89 0.151596 -7.75954e-05
0.00401483 3495.98 0.150777 -6.50547e-05
0.00440583 2905.22 0.150026 -5.42908e-05
0.00484428 2403.87 0.14934 -4.5114e-05
0.00533597 1980.8 0.148716 -3.73391e-05
0.00588734 1625.6 0.148149 -3.07901e-05
0.00650565 1328.78 0.147635 -2.53033e-05
0.00719903 1081.76 0.147171 -2.0729e-05
0.00797657 876.957 0.146753 -1.69328e-05
0.00884851 707.688 0.146378 -1.37953e-05
0.0098263 568.175 0.146043 -1.12121e-05
0.0109228 453.453 0.145746 -9.09252e-06
0.0121524 359.306 0.145483 -7.35888e-06
0.0135313 282.187 0.145253 -5.94492e-06
0.0150775 219.145 0.145054 -4.79468e-06
0.0168115 167.756 0.144883 -3.86116e-06
0.018756 126.051 0.14474 -3.10514e-06
0.0209365 92.4559 0.144622 -2.49404e-06
0.0233817 65.7219 0.144529 -2.00096e-06
0.0261238 44.8593 0.144458 -1.60374e-06
0.0291988 29.0573 0.144406 -1.2842e-06
0.032647 17.6007 0.144371 -1.0275e-06
0.0365139 9.79088 0.144349 -8.21519e-07
0.0408502 4.89421 0.144337 -6.56422e-07
0.0457129 2.14333 0.144331 -5.24218e-07
0.0511659 0.799352 0.144328 -4.18442e-07
0.0572809 0.246441 0.144327 -3.33871e-07
0.0641383 0.0610253 0.144327 -2.66296e-07
0.0718281 0.0118337 0.144327 -2.1233e-07
0.0804515 0.00176112 0.144327 -1.69251e-07
0.0901217 0.000198254 0.144327 -1.34878e-07
0.100966 1.67259e-05 0.144327 -1.07461e-07
0.113126 1.05197e-06 0.144327 -8.55998e-08
0.126763 4.90321e-08 0.144327 -6.81732e-08
0.142056 1.42043e-09 0.144327 -5.42855e-08
0.159204 0 0.144327 -4.32206e-08
0.178435 0 0.144327 -3.44065e-08
