TITLE="Graphics"
VARIABLES= "rj, m", "q, W", "rho, kg/m^3", "u_r, m/s" 
0.000525 110879 0.502803 0
0.00055 238802 0.380137 0
0.000575 197399 0.326953 0
0.0006 174221 0.295409 0
0.000625 157110 0.274003 0
0.00065 143255 0.258312 0
0.000675 131552 0.246218 0
0.0007 121437 0.236558 0
0.000725 112565 0.228635 0
0.00075 104704 0.221999 0
0.000775 97685.4 0.216349 0
0.0008 91380.3 0.211472 0
0.000825 85687.7 0.207215 0
0.00085 80525.7 0.203463 0
0.000875 75827.1 0.200128 0
0.0009 71535.8 0.197142 0
0.000925 67604.4 0.194453 0
0.00095 63992.7 0.192016 0
0.000975 60666.1 0.189796 0
0.001 57594.8 0.187767 0
0.001025 54752.8 0.185902 0
0.00105303 52004.2 0.183984 0
0.00108447 49158.3 0.182022 0
0.00111973 46233.4 0.180028 0
0.00115926 43250.7 0.178013 0
0.0012036 40234 0.17599 0
0.00125331 37209 0.173972 0
0.00130906 34202.8 0.171971 0
0.00137158 31242.6 0.169998 0
0.00144169 28355.4 0.168067 0
0.00152031 25566.4 0.166187 0
0.00160848 22898.7 0.164367 0
0.00170735 20371.9 0.162616 0
0.00181822 18002.1 0.16094 0
0.00194255 15801.3 0.159346 0
0.00208197 13776.8 0.157836 0
0.00223832 11932.2 0.156414 0
0.00241364 10266.7 0.155081 0
0.00261026 8776.05 0.153838 0
0.00283074 7453.15 0.152684 0
0.00307798 6288.44 0.151618 0
0.00335525 5270.66 0.150638 0
0.00366617 4387.48 0.149741 0
0.00401483 3626.05 0.148926 0
0.00440583 2973.5 0.148189 0
0.00484428 2417.36 0.147527 0
0.00533597 1945.87 0.146937 0
0.00588734 1548.21 0.146418 0
0.00650565 1214.67 0.145966 0
0.00719903 936.749 0.145578 0
0.00797657 707.121 0.145253 0
0.00884851 519.611 0.144986 0
0.0098263 369.048 0.144775 0
0.0109228 251.039 0.144615 0
0.0121524 161.669 0.144499 0
0.0135313 97.1488 0.144422 0
0.0150775 53.5075 0.144374 0
0.0168115 26.4366 0.144347 0
0.018756 11.4263 0.144335 0
0.0209365 4.20137 0.144329 0
0.0233817 1.27654 0.144327 0
0.0261238 0.311682 0.144327 0
0.0291988 0.0596775 0.144327 0
0.032647 0.00878853 0.144327 0
0.0365139 0.000981722 0.144327 0
0.0408502 8.24396e-05 0.144327 0
0.0457129 5.17826e-06 0.144327 0
0.0511659 2.42718e-07 0.144327 0
0.0572809 8.41636e-09 0.144327 0
0.0641383 1.32446e-10 0.144327 0
0.0718281 0 0.144327 0
0.0804515 0 0.144327 0
0.0901217 0 0.144327 0
0.100966 0 0.144327 0
0.113126 0 0.144327 0
0.126763 0 0.144327 0
0.142056 0 0.144327 0
0.159204 0 0.144327 0
0.178435 0 0.144327 0
