TITLE="Graphics"
VARIABLES= "rj, m", "q, W", "rho, kg/m^3", "u_r, m/s" 
0.0005 98012 0.483578 -0.0164723
0.000525 247334 0.369498 -0.0195538
0.00055 202195 0.319452 -0.0206078
0.000575 176721 0.28965 -0.0207947
0.0006 158024 0.269391 -0.0205341
0.000625 143023 0.254531 -0.0200291
0.00065 130478 0.243073 -0.0193909
0.000675 119736 0.233921 -0.0186846
0.0007 110398 0.226415 -0.0179498
0.000725 102192 0.22013 -0.017211
0.00075 94919.8 0.214781 -0.0164833
0.000775 88432.8 0.210165 -0.0157761
0.0008 82613.7 0.206137 -0.0150948
0.000825 77368.6 0.202587 -0.0144425
0.00085 72620.9 0.199433 -0.0138206
0.000875 68307.2 0.196611 -0.0132294
0.0009 64374.5 0.194068 -0.0126684
0.000925 60778 0.191765 -0.0121369
0.00095 57479.5 0.189669 -0.0116337
0.000975 54446.2 0.187752 -0.0111576
0.001 51650.1 0.185991 -0.0107071
0.001025 49066.6 0.184368 -0.0102808
0.00105303 46566.6 0.182693 -0.00983002
0.00108447 43982.9 0.180974 -0.0093564
0.00111973 41332.5 0.17922 -0.00886238
0.00115926 38635 0.177442 -0.00835107
0.0012036 35912.3 0.17565 -0.00782621
0.00125331 33187.7 0.173856 -0.0072921
0.00130906 30485.6 0.172071 -0.00675354
0.00137158 27830.5 0.170306 -0.00621566
0.00144169 25246.2 0.168571 -0.00568373
0.00152031 22755.1 0.166876 -0.00516299
0.00160848 20377.2 0.16523 -0.00465847
0.00170735 18129.7 0.16364 -0.00417473
0.00181822 16026.1 0.162113 -0.0037158
0.00194255 14076.4 0.160655 -0.00328493
0.00208197 12286.5 0.159268 -0.00288459
0.00223832 10658.8 0.157957 -0.00251641
0.00241364 9192 0.156722 -0.00218115
0.00261026 7881.82 0.155564 -0.00187883
0.00283074 6721.39 0.154482 -0.00160873
0.00307798 5701.84 0.153476 -0.00136958
0.00335525 4812.9 0.152543 -0.00115963
0.00366617 4043.38 0.151681 -0.0009768
0.00401483 3381.71 0.150887 -0.000818795
0.00440583 2816.33 0.150157 -0.00068322
0.00484428 2336.03 0.149489 -0.000567667
0.00533597 1930.18 0.148878 -0.00046979
0.00588734 1588.92 0.148322 -0.000387363
0.00650565 1303.26 0.147816 -0.000318317
0.00719903 1065.11 0.147357 -0.000260762
0.00797657 867.296 0.146942 -0.000213002
0.00884851 703.523 0.146568 -0.000173533
0.0098263 568.326 0.146231 -0.00014104
0.0109228 457.001 0.14593 -0.00011438
0.0121524 365.534 0.145662 -9.25748e-05
0.0135313 290.525 0.145424 -7.4791e-05
0.0150775 229.12 0.145215 -6.03242e-05
0.0168115 178.943 0.145032 -4.85831e-05
0.018756 138.035 0.144875 -3.90742e-05
0.0209365 104.797 0.144741 -3.13878e-05
0.0233817 77.9431 0.14463 -2.51854e-05
0.0261238 56.4459 0.14454 -2.01883e-05
0.0291988 39.4915 0.14447 -1.6168e-05
0.032647 26.4254 0.144417 -1.29377e-05
0.0365139 16.6977 0.14438 -1.03452e-05
0.0408502 9.80603 0.144355 -8.26688e-06
0.0457129 5.24858 0.14434 -6.60232e-06
0.0511659 2.50121 0.144333 -5.27031e-06
0.0572809 1.03305 0.144329 -4.20522e-06
0.0641383 0.359075 0.144327 -3.35412e-06
0.0718281 0.101947 0.144327 -2.6744e-06
0.0804515 0.0229939 0.144327 -2.1318e-06
0.0901217 0.00402455 0.144327 -1.69886e-06
0.100966 0.000536938 0.144327 -1.35353e-06
0.113126 5.3939e-05 0.144327 -1.07817e-06
0.126763 4.04944e-06 0.144327 -8.58674e-07
0.142056 2.26126e-07 0.144327 -6.83752e-07
0.159204 9.18884e-09 0.144327 -5.44384e-07
0.178435 0 0.144327 -4.33367e-07
