TITLE="Graphics"
VARIABLES= "rj, m", "T, K", "Lambda, W/m*K" 
0 300 0.61001
2.43902e-05 300 0.61001
4.87805e-05 300 0.61001
7.31707e-05 300 0.61001
9.7561e-05 300 0.61001
0.000121951 300 0.61001
0.000146341 300 0.61001
0.000170732 300 0.61001
0.000195122 300 0.61001
0.000219512 300 0.61001
0.000243902 300 0.61001
0.000268293 300 0.61001
0.000292683 300 0.61001
0.000317073 300 0.61001
0.000341463 300 0.61001
0.000365854 300 0.61001
0.000390244 300 0.61001
0.000414634 300 0.61001
0.000439024 300 0.610011
0.000463415 300.015 0.610036
0.000487805 300.619 0.61105
0.0005 321.633 0.61105
0.000512195 936.771 0.087389
0.000536585 1060.01 0.103933
0.000560976 1147.08 0.115943
0.000585366 1212.35 0.125087
0.000609756 1263.03 0.13226
0.000634146 1303.32 0.138003
0.000658537 1335.91 0.142671
0.000682927 1362.62 0.146512
0.000707317 1384.74 0.149703
0.000731707 1403.24 0.152377
0.000756098 1418.82 0.154636
0.000780488 1432.05 0.156557
0.000804878 1443.35 0.158203
0.000829268 1453.09 0.159622
0.000853659 1461.53 0.160856
0.000878049 1468.91 0.161937
0.000902439 1475.42 0.162893
0.000926829 1481.21 0.163746
0.00095122 1486.42 0.164516
0.00097561 1491.16 0.165218
0.001 1495.53 0.165869
0.00102439 1499.62 0.166478
0.00104878 1503.49 0.167059
0.00107317 1507.22 0.16762
0.00109756 1510.87 0.16817
0.00112195 1514.49 0.168718
0.00114634 1518.14 0.169271
0.00117073 1521.85 0.169836
0.00119512 1525.69 0.170421
0.00121951 1529.7 0.171032
0.0012439 1533.91 0.171677
0.00126829 1538.39 0.172361
0.00129268 1543.17 0.173092
0.00131707 1548.29 0.173877
0.00134146 1553.82 0.174723
0.00136585 1559.79 0.175638
0.00139024 1566.26 0.17663
0.00141463 1573.29 0.177707
0.00143902 1580.91 0.178877
0.00146341 1589.21 0.180149
0.0014878 1598.22 0.181533
0.0015122 1608.01 0.183038
0.00153659 1618.64 0.184674
0.00156098 1630.19 0.186452
0.00158537 1642.7 0.188382
0.00160976 1656.24 0.190475
0.00163415 1670.89 0.192741
0.00165854 1686.7 0.195192
0.00168293 1703.73 0.197839
0.00170732 1722.05 0.200692
0.00173171 1741.71 0.203761
0.0017561 1762.77 0.207057
0.00178049 1785.29 0.21059
0.00180488 1809.29 0.214367
0.00182927 1834.83 0.218397
0.00185366 1861.95 0.222686
0.00187805 1890.65 0.227241
0.00190244 1920.97 0.232066
0.00192683 1952.92 0.237164
0.00195122 1986.51 0.242537
0.00197561 2021.72 0.248185
0.002 2058.55 0.254108
0.00202439 2096.97 0.260302
0.00204878 2136.96 0.266763
0.00207317 2178.48 0.273485
0.00209756 2221.49 0.28046
0.00212195 2265.92 0.287681
0.00214634 2311.71 0.295135
0.00217073 2358.81 0.302812
0.00219512 2407.12 0.310697
0.00221951 2456.55 0.318776
0.0022439 2507.03 0.327033
0.00226829 2558.44 0.335451
0.00229268 2610.67 0.344012
0.00231707 2663.62 0.352695
0.00234146 2717.15 0.361482
0.00236585 2771.14 0.370349
0.00239024 2825.45 0.379276
0.00241463 2879.93 0.38824
0.00243902 2934.45 0.397216
0.00246341 2988.84 0.406181
0.0024878 3042.95 0.41511
0.0025122 3096.61 0.423978
0.00253659 3149.66 0.43276
0.00256098 3201.93 0.441429
0.00258537 3253.25 0.449961
0.00260976 3303.43 0.458328
0.00263415 3352.32 0.466507
0.00265854 3399.73 0.47447
0.00268293 3445.49 0.482193
0.00270732 3489.43 0.489651
0.00273171 3531.38 0.49682
0.0027561 3571.19 0.503677
0.00278049 3608.69 0.510198
0.00280488 3643.75 0.516362
0.00282927 3676.22 0.522149
0.00285366 3705.96 0.527539
0.00287805 3732.88 0.532514
0.00290244 3756.85 0.537058
0.00292683 3777.78 0.541155
0.00295122 3795.6 0.544794
0.00297561 3810.24 0.547962
0.003 3821.66 0.550651
0.00302439 3829.81 0.552852
0.00304878 3834.69 0.554561
0.00307317 3836.28 0.555776
0.00309756 3834.6 0.556494
0.00312195 3829.64 0.55672
0.00314634 3821.18 0.556464
0.00317073 3809.82 0.555717
0.00319512 3795.55 0.554489
0.00321951 3778.43 0.552791
0.0032439 3758.58 0.550636
0.00326829 3736.13 0.548037
0.00329268 3711.21 0.545011
0.00331707 3684 0.541576
0.00334146 3654.66 0.537752
0.00336585 3623.36 0.533561
0.00339024 3590.29 0.529026
0.00341463 3555.61 0.524172
0.00343902 3519.51 0.519028
0.00346341 3482.24 0.513618
0.0034878 3443.69 0.507983
0.0035122 3404.36 0.502141
0.00353659 3364.46 0.496124
0.00356098 3324.19 0.489961
0.00358537 3283.72 0.483687
0.00360976 3243.18 0.477334
0.00363415 3202.8 0.470936
0.00365854 3162.76 0.464524
0.00368293 3123.22 0.458133
0.00370732 3084.34 0.451796
0.00373171 3046.09 0.445554
0.0037561 3008.67 0.439437
0.00378049 2972.4 0.433474
0.00380488 2937.47 0.427692
0.00382927 2904.09 0.422118
0.00385366 2872.4 0.416781
0.00387805 2842.54 0.411707
0.00390244 2814.65 0.406922
0.00392683 2788.82 0.40245
0.00395122 2765.16 0.398314
0.00397561 2743.73 0.394536
0.004 2724.6 0.391134
0.00402439 2707.83 0.388127
0.00404878 2693.44 0.385531
0.00407317 2681.47 0.383357
0.00409756 2671.9 0.381617
0.00412195 2664.75 0.380319
0.00414634 2659.97 0.379466
0.00417073 2657.52 0.379062
0.00419512 2657.37 0.379106
0.00421951 2659.43 0.379594
0.0042439 2663.62 0.380519
0.00426829 2669.85 0.381873
0.00429268 2678 0.383645
0.00431707 2687.97 0.385821
0.00434146 2699.61 0.388387
0.00436585 2712.79 0.391328
0.00439024 2727.36 0.394626
0.00441463 2743.16 0.398268
0.00443902 2760.02 0.40224
0.00446341 2777.77 0.406531
0.0044878 2796.22 0.411138
0.0045122 2815.17 0.416064
0.00453659 2834.42 0.421326
0.00456098 2853.75 0.426957
0.00458537 2872.91 0.433016
0.00460976 2891.63 0.439601
0.00463415 2909.61 0.446863
0.00465854 2926.51 0.45503
0.00468293 2941.92 0.464451
0.00470732 2955.37 0.475649
0.00473171 2966.27 0.489418
0.0047561 2973.92 0.506977
0.00478049 2977.41 0.530237
0.00480488 2975.66 0.562278
0.00482927 2967.37 0.608292
0.00485366 2951.26 0.677702
0.00487805 2927.33 0.790224
0.00490244 2906.81 1.00754
0.00492683 2752.57 0.934214
0.00495122 2505.88 0.838767
0.00497561 2121.23 1.01965
0.005 1500 0.166435
