TITLE="Graphics"
VARIABLES= "rj, m", "T, K", "Lambda, W/m*K" 
0 300 0.61001
2.43902e-05 300 0.61001
4.87805e-05 300 0.61001
7.31707e-05 300 0.61001
9.7561e-05 300 0.61001
0.000121951 300 0.61001
0.000146341 300 0.61001
0.000170732 300 0.61001
0.000195122 300 0.61001
0.000219512 300 0.61001
0.000243902 300 0.61001
0.000268293 300 0.61001
0.000292683 300 0.61001
0.000317073 300 0.61001
0.000341463 300 0.61001
0.000365854 300 0.61001
0.000390244 300 0.61001
0.000414634 300 0.61001
0.000439024 300 0.610011
0.000463415 300.016 0.610037
0.000487805 300.622 0.611052
0.0005 321.633 0.611052
0.000512195 936.758 0.0873884
0.000536585 1059.99 0.103932
0.000560976 1147.04 0.115941
0.000585366 1212.3 0.125085
0.000609756 1262.97 0.132257
0.000634146 1303.26 0.137999
0.000658537 1335.85 0.142667
0.000682927 1362.56 0.146508
0.000707317 1384.7 0.149699
0.000731707 1403.21 0.152373
0.000756098 1418.81 0.154631
0.000780488 1432.07 0.156552
0.000804878 1443.41 0.158198
0.000829268 1453.18 0.159617
0.000853659 1461.66 0.16085
0.000878049 1469.09 0.161931
0.000902439 1475.65 0.162886
0.000926829 1481.51 0.163738
0.00095122 1486.78 0.164507
0.00097561 1491.59 0.165208
0.001 1496.04 0.165857
0.00102439 1500.21 0.166465
0.00104878 1504.17 0.167043
0.00107317 1507.99 0.167601
0.00109756 1511.74 0.168148
0.00112195 1515.46 0.168691
0.00114634 1519.22 0.16924
0.00117073 1523.05 0.1698
0.00119512 1527.01 0.170378
0.00121951 1531.14 0.170982
0.0012439 1535.49 0.171618
0.00126829 1540.11 0.172293
0.00129268 1545.03 0.173014
0.00131707 1550.31 0.173787
0.00134146 1556 0.17462
0.00136585 1562.15 0.175521
0.00139024 1568.81 0.176496
0.00141463 1576.04 0.177555
0.00143902 1583.88 0.178706
0.00146341 1592.41 0.179958
0.0014878 1601.69 0.18132
0.0015122 1611.78 0.182801
0.00153659 1622.75 0.184413
0.00156098 1634.66 0.186165
0.00158537 1647.6 0.188068
0.00160976 1661.63 0.190134
0.00163415 1676.83 0.192373
0.00165854 1693.28 0.194797
0.00168293 1711.06 0.197419
0.00170732 1730.23 0.200248
0.00173171 1750.88 0.203297
0.0017561 1773.08 0.206578
0.00178049 1796.91 0.210099
0.00180488 1822.42 0.213872
0.00182927 1849.69 0.217907
0.00185366 1878.77 0.222211
0.00187805 1909.72 0.226793
0.00190244 1942.58 0.231659
0.00192683 1977.4 0.236814
0.00195122 2014.2 0.242263
0.00197561 2053.02 0.248008
0.002 2093.85 0.25405
0.00202439 2136.72 0.260389
0.00204878 2181.62 0.267022
0.00207317 2228.53 0.273946
0.00209756 2277.44 0.281154
0.00212195 2328.3 0.288641
0.00214634 2381.08 0.296396
0.00217073 2435.72 0.30441
0.00219512 2492.17 0.31267
0.00221951 2550.34 0.321164
0.0022439 2610.17 0.329874
0.00226829 2671.55 0.338787
0.00229268 2734.39 0.347882
0.00231707 2798.58 0.357142
0.00234146 2864 0.366547
0.00236585 2930.52 0.376074
0.00239024 2998.01 0.385703
0.00241463 3066.31 0.395408
0.00243902 3135.28 0.405167
0.00246341 3204.75 0.414954
0.0024878 3274.55 0.424744
0.0025122 3344.5 0.434511
0.00253659 3414.41 0.444228
0.00256098 3484.1 0.453867
0.00258537 3553.35 0.463402
0.00260976 3621.96 0.472804
0.00263415 3689.72 0.482046
0.00265854 3756.41 0.4911
0.00268293 3821.81 0.499938
0.00270732 3885.7 0.508532
0.00273171 3947.85 0.516855
0.0027561 4008.04 0.52488
0.00278049 4066.04 0.532581
0.00280488 4121.63 0.539932
0.00282927 4174.59 0.546908
0.00285366 4224.7 0.553485
0.00287805 4271.77 0.55964
0.00290244 4315.59 0.565353
0.00292683 4355.98 0.570601
0.00295122 4392.75 0.575367
0.00297561 4425.75 0.579633
0.003 4454.83 0.583384
0.00302439 4479.85 0.586606
0.00304878 4500.71 0.589286
0.00307317 4517.29 0.591414
0.00309756 4529.53 0.592984
0.00312195 4537.37 0.593988
0.00314634 4540.77 0.594424
0.00317073 4539.72 0.594288
0.00319512 4534.21 0.593583
0.00321951 4524.28 0.592311
0.0032439 4509.98 0.590476
0.00326829 4491.37 0.588086
0.00329268 4468.54 0.58515
0.00331707 4441.6 0.581678
0.00334146 4410.67 0.577684
0.00336585 4375.89 0.573183
0.00339024 4337.42 0.568191
0.00341463 4295.42 0.562726
0.00343902 4250.09 0.556808
0.00346341 4201.61 0.550457
0.0034878 4150.18 0.543696
0.0035122 4096.01 0.536547
0.00353659 4039.31 0.529035
0.00356098 3980.3 0.521185
0.00358537 3919.19 0.51302
0.00360976 3856.2 0.504568
0.00363415 3791.55 0.495854
0.00365854 3725.45 0.486903
0.00368293 3658.12 0.477741
0.00370732 3589.74 0.468395
0.00373171 3520.53 0.458889
0.0037561 3450.67 0.449249
0.00378049 3380.35 0.4395
0.00380488 3309.75 0.429665
0.00382927 3239.03 0.419768
0.00385366 3168.36 0.409833
0.00387805 3097.9 0.399883
0.00390244 3027.79 0.389939
0.00392683 2958.19 0.380026
0.00395122 2889.24 0.370165
0.00397561 2821.08 0.36038
0.004 2753.86 0.350693
0.00402439 2687.72 0.34113
0.00404878 2622.82 0.331714
0.00407317 2559.32 0.322472
0.00409756 2497.37 0.313431
0.00412195 2437.15 0.30462
0.00414634 2378.85 0.296069
0.00417073 2322.65 0.28781
0.00419512 2268.76 0.279875
0.00421951 2217.38 0.2723
0.0042439 2168.73 0.265118
0.00426829 2123.04 0.258366
0.00429268 2080.55 0.252083
0.00431707 2041.51 0.246305
0.00434146 2006.16 0.241072
0.00436585 1974.75 0.236422
0.00439024 1947.53 0.232392
0.00441463 1924.76 0.229021
0.00443902 1906.67 0.226342
0.00446341 1893.5 0.224391
0.0044878 1885.43 0.223197
0.0045122 1882.67 0.222789
0.00453659 1885.38 0.22319
0.00456098 1893.66 0.224416
0.00458537 1907.59 0.226478
0.00460976 1927.15 0.229375
0.00463415 1952.25 0.233091
0.00465854 1982.67 0.237595
0.00468293 2018.03 0.242831
0.00470732 2057.76 0.24871
0.00473171 2100.91 0.255095
0.0047561 2146.03 0.261765
0.00478049 2199.61 0.269678
0.00480488 2257.92 0.278279
0.00482927 2318.6 0.287213
0.00485366 2379 0.296091
0.00487805 2433.49 0.304083
0.00490244 2460.06 0.307974
0.00492683 2434.37 0.304212
0.00495122 2340.82 0.290482
0.00497561 2120.09 0.25793
0.005 1500 0.166435
