TITLE="Graphics"
VARIABLES= "rj, m", "T, K", "Lambda, W/m*K" 
0 300 0.61001
2.43902e-05 300 0.61001
4.87805e-05 300 0.61001
7.31707e-05 300 0.61001
9.7561e-05 300 0.61001
0.000121951 300 0.61001
0.000146341 300 0.61001
0.000170732 300 0.61001
0.000195122 300 0.61001
0.000219512 300 0.61001
0.000243902 300 0.61001
0.000268293 300 0.61001
0.000292683 300 0.61001
0.000317073 300 0.61001
0.000341463 300 0.610011
0.000365854 300.001 0.610012
0.000390244 300.004 0.610017
0.000414634 300.021 0.610045
0.000439024 300.114 0.610201
0.000463415 300.627 0.61106
0.000487805 303.455 0.615733
0.0005 315.114 0.615733
0.000512195 696.89 0.0573191
0.000536585 826.092 0.0731055
0.000560976 920.501 0.0852527
0.000585366 994.576 0.0950762
0.000609756 1055.09 0.103263
0.000634146 1105.84 0.110229
0.000658537 1149.22 0.116245
0.000682927 1186.83 0.121503
0.000707317 1219.81 0.126144
0.000731707 1248.99 0.130272
0.000756098 1275.01 0.133969
0.000780488 1298.37 0.1373
0.000804878 1319.46 0.140318
0.000829268 1338.61 0.143064
0.000853659 1356.07 0.145573
0.000878049 1372.07 0.147876
0.000902439 1386.77 0.149997
0.000926829 1400.34 0.151958
0.00095122 1412.9 0.153776
0.00097561 1424.58 0.155466
0.001 1435.46 0.157044
0.00102439 1445.62 0.158519
0.00104878 1455.15 0.159904
0.00107317 1464.11 0.161206
0.00109756 1472.56 0.162435
0.00112195 1480.54 0.163597
0.00114634 1488.1 0.164699
0.00117073 1495.28 0.165746
0.00119512 1502.12 0.166744
0.00121951 1508.66 0.167697
0.0012439 1514.91 0.16861
0.00126829 1520.91 0.169486
0.00129268 1526.68 0.17033
0.00131707 1532.24 0.171143
0.00134146 1537.62 0.171929
0.00136585 1542.83 0.172692
0.00139024 1547.89 0.173432
0.00141463 1552.81 0.174153
0.00143902 1557.62 0.174856
0.00146341 1562.31 0.175544
0.0014878 1566.91 0.176218
0.0015122 1571.43 0.176879
0.00153659 1575.87 0.177531
0.00156098 1580.25 0.178173
0.00158537 1584.57 0.178807
0.00160976 1588.85 0.179435
0.00163415 1593.1 0.180058
0.00165854 1597.31 0.180676
0.00168293 1601.5 0.181292
0.00170732 1605.68 0.181905
0.00173171 1609.85 0.182517
0.0017561 1614.01 0.183129
0.00178049 1618.18 0.183741
0.00180488 1622.36 0.184355
0.00182927 1626.55 0.184972
0.00185366 1630.76 0.185591
0.00187805 1635 0.186214
0.00190244 1639.26 0.186841
0.00192683 1643.56 0.187473
0.00195122 1647.89 0.188111
0.00197561 1652.27 0.188755
0.002 1656.69 0.189406
0.00202439 1661.16 0.190064
0.00204878 1665.69 0.190731
0.00207317 1670.27 0.191406
0.00209756 1674.91 0.19209
0.00212195 1679.62 0.192783
0.00214634 1684.4 0.193487
0.00217073 1689.24 0.194201
0.00219512 1694.16 0.194926
0.00221951 1699.15 0.195663
0.0022439 1704.23 0.196411
0.00226829 1709.39 0.197172
0.00229268 1714.63 0.197946
0.00231707 1719.96 0.198733
0.00234146 1725.39 0.199533
0.00236585 1730.91 0.200347
0.00239024 1736.52 0.201176
0.00241463 1742.23 0.20202
0.00243902 1748.05 0.202879
0.00246341 1753.97 0.203753
0.0024878 1759.99 0.204643
0.0025122 1766.13 0.205549
0.00253659 1772.37 0.206472
0.00256098 1778.73 0.207412
0.00258537 1785.21 0.20837
0.00260976 1791.8 0.209344
0.00263415 1798.52 0.210337
0.00265854 1805.36 0.211348
0.00268293 1812.32 0.212378
0.00270732 1819.41 0.213426
0.00273171 1826.62 0.214494
0.0027561 1833.97 0.215581
0.00278049 1841.45 0.216687
0.00280488 1849.06 0.217814
0.00282927 1856.81 0.218961
0.00285366 1864.7 0.220128
0.00287805 1872.73 0.221316
0.00290244 1880.9 0.222526
0.00292683 1889.21 0.223756
0.00295122 1897.67 0.225008
0.00297561 1906.27 0.226281
0.003 1915.02 0.227576
0.00302439 1923.91 0.228894
0.00304878 1932.96 0.230233
0.00307317 1942.16 0.231595
0.00309756 1951.51 0.23298
0.00312195 1961.02 0.234388
0.00314634 1970.68 0.235818
0.00317073 1980.49 0.237271
0.00319512 1990.46 0.238748
0.00321951 2000.59 0.240248
0.0032439 2010.88 0.241771
0.00326829 2021.33 0.243318
0.00329268 2031.94 0.244888
0.00331707 2042.71 0.246482
0.00334146 2053.64 0.2481
0.00336585 2064.74 0.249741
0.00339024 2075.99 0.251407
0.00341463 2087.41 0.253096
0.00343902 2099 0.254809
0.00346341 2110.74 0.256546
0.0034878 2122.65 0.258307
0.0035122 2134.73 0.260092
0.00353659 2146.97 0.261901
0.00356098 2159.37 0.263734
0.00358537 2171.94 0.26559
0.00360976 2184.67 0.267471
0.00363415 2197.57 0.269374
0.00365854 2210.63 0.271302
0.00368293 2223.85 0.273253
0.00370732 2237.24 0.275227
0.00373171 2250.78 0.277225
0.0037561 2264.5 0.279246
0.00378049 2278.37 0.28129
0.00380488 2292.4 0.283356
0.00382927 2306.6 0.285446
0.00385366 2320.95 0.287557
0.00387805 2335.46 0.289692
0.00390244 2350.13 0.291848
0.00392683 2364.95 0.294026
0.00395122 2379.94 0.296226
0.00397561 2395.07 0.298448
0.004 2410.36 0.30069
0.00402439 2425.8 0.302954
0.00404878 2441.39 0.305238
0.00407317 2457.13 0.307543
0.00409756 2473.02 0.309868
0.00412195 2489.05 0.312212
0.00414634 2505.23 0.314576
0.00417073 2521.55 0.31696
0.00419512 2538.01 0.319362
0.00421951 2554.61 0.321783
0.0042439 2571.35 0.324222
0.00426829 2588.22 0.326678
0.00429268 2605.22 0.329153
0.00431707 2622.36 0.331644
0.00434146 2639.63 0.334152
0.00436585 2657.02 0.336676
0.00439024 2674.53 0.339216
0.00441463 2692.17 0.341771
0.00443902 2709.93 0.344341
0.00446341 2727.8 0.346926
0.0044878 2745.79 0.349525
0.0045122 2763.89 0.352138
0.00453659 2782.1 0.354764
0.00456098 2800.41 0.357402
0.00458537 2818.83 0.360053
0.00460976 2837.35 0.362716
0.00463415 2855.96 0.365389
0.00465854 2874.67 0.368074
0.00468293 2893.47 0.370769
0.00470732 2912.36 0.373473
0.00473171 2931.33 0.376187
0.0047561 2950.38 0.378909
0.00478049 2969.51 0.381639
0.00480488 2988.7 0.384375
0.00482927 3007.89 0.387111
0.00485366 3026.93 0.38983
0.00487805 3045.19 0.392458
0.00490244 3060.33 0.394707
0.00492683 3063.55 0.395438
0.00495122 3021.19 0.390081
0.00497561 2796.12 0.359016
0.005 1500.03 0.166438
