TITLE="Graphics"
VARIABLES= "rj, m", "T, K", "Lambda, W/m*K" 
0 300 0.61001
2.43902e-05 300 0.61001
4.87805e-05 300 0.61001
7.31707e-05 300 0.61001
9.7561e-05 300 0.61001
0.000121951 300 0.61001
0.000146341 300 0.61001
0.000170732 300 0.61001
0.000195122 300 0.61001
0.000219512 300 0.61001
0.000243902 300 0.61001
0.000268293 300 0.61001
0.000292683 300 0.61001
0.000317073 300 0.610011
0.000341463 300.001 0.610011
0.000365854 300.003 0.610016
0.000390244 300.015 0.610037
0.000414634 300.074 0.610138
0.000439024 300.346 0.6106
0.000463415 301.521 0.612572
0.000487805 306.068 0.619964
0.0005 315.114 0.619964
0.000512195 655.142 0.0524226
0.000536585 787.013 0.0681366
0.000560976 884.549 0.0804637
0.000585366 962.091 0.0906076
0.000609756 1026.29 0.0992002
0.000634146 1080.86 0.106624
0.000658537 1128.11 0.113132
0.000682927 1169.62 0.118903
0.000707317 1206.49 0.124066
0.000731707 1239.53 0.128722
0.000756098 1269.37 0.132948
0.000780488 1296.49 0.136805
0.000804878 1321.28 0.140343
0.000829268 1344.06 0.143603
0.000853659 1365.07 0.146618
0.000878049 1384.54 0.149418
0.000902439 1402.63 0.152026
0.000926829 1419.52 0.154463
0.00095122 1435.32 0.156747
0.00097561 1450.14 0.158893
0.001 1464.09 0.160915
0.00102439 1477.25 0.162824
0.00104878 1489.7 0.164631
0.00107317 1501.5 0.166345
0.00109756 1512.7 0.167975
0.00112195 1523.37 0.169526
0.00114634 1533.54 0.171007
0.00117073 1543.25 0.172423
0.00119512 1552.56 0.173778
0.00121951 1561.48 0.175079
0.0012439 1570.05 0.176329
0.00126829 1578.3 0.177531
0.00129268 1586.25 0.178691
0.00131707 1593.92 0.17981
0.00134146 1601.33 0.180893
0.00136585 1608.51 0.181941
0.00139024 1615.47 0.182957
0.00141463 1622.23 0.183943
0.00143902 1628.8 0.184902
0.00146341 1635.2 0.185836
0.0014878 1641.43 0.186746
0.0015122 1647.51 0.187633
0.00153659 1653.45 0.1885
0.00156098 1659.26 0.189349
0.00158537 1664.95 0.190179
0.00160976 1670.52 0.190992
0.00163415 1675.99 0.191791
0.00165854 1681.36 0.192574
0.00168293 1686.64 0.193345
0.00170732 1691.83 0.194102
0.00173171 1696.95 0.194848
0.0017561 1701.99 0.195583
0.00178049 1706.96 0.196308
0.00180488 1711.87 0.197023
0.00182927 1716.71 0.197729
0.00185366 1721.5 0.198427
0.00187805 1726.24 0.199117
0.00190244 1730.93 0.1998
0.00192683 1735.57 0.200475
0.00195122 1740.16 0.201144
0.00197561 1744.72 0.201807
0.002 1749.24 0.202464
0.00202439 1753.72 0.203116
0.00204878 1758.16 0.203762
0.00207317 1762.58 0.204404
0.00209756 1766.96 0.20504
0.00212195 1771.31 0.205672
0.00214634 1775.63 0.2063
0.00217073 1779.93 0.206923
0.00219512 1784.2 0.207543
0.00221951 1788.44 0.208158
0.0022439 1792.66 0.208769
0.00226829 1796.85 0.209377
0.00229268 1801.02 0.209981
0.00231707 1805.17 0.210581
0.00234146 1809.29 0.211177
0.00236585 1813.38 0.211769
0.00239024 1817.46 0.212358
0.00241463 1821.51 0.212943
0.00243902 1825.53 0.213524
0.00246341 1829.53 0.2141
0.0024878 1833.5 0.214673
0.0025122 1837.44 0.215241
0.00253659 1841.36 0.215805
0.00256098 1845.25 0.216365
0.00258537 1849.11 0.21692
0.00260976 1852.94 0.21747
0.00263415 1856.73 0.218015
0.00265854 1860.5 0.218554
0.00268293 1864.22 0.219088
0.00270732 1867.92 0.219617
0.00273171 1871.57 0.220139
0.0027561 1875.18 0.220655
0.00278049 1878.75 0.221164
0.00280488 1882.28 0.221667
0.00282927 1885.77 0.222162
0.00285366 1889.2 0.22265
0.00287805 1892.58 0.22313
0.00290244 1895.91 0.223601
0.00292683 1899.19 0.224064
0.00295122 1902.41 0.224518
0.00297561 1905.56 0.224962
0.003 1908.66 0.225396
0.00302439 1911.68 0.22582
0.00304878 1914.64 0.226233
0.00307317 1917.52 0.226634
0.00309756 1920.33 0.227024
0.00312195 1923.06 0.227401
0.00314634 1925.7 0.227765
0.00317073 1928.26 0.228116
0.00319512 1930.73 0.228452
0.00321951 1933.1 0.228774
0.0032439 1935.37 0.22908
0.00326829 1937.54 0.22937
0.00329268 1939.6 0.229643
0.00331707 1941.55 0.229899
0.00334146 1943.38 0.230137
0.00336585 1945.09 0.230355
0.00339024 1946.67 0.230554
0.00341463 1948.12 0.230732
0.00343902 1949.43 0.230888
0.00346341 1950.59 0.231022
0.0034878 1951.61 0.231133
0.0035122 1952.47 0.23122
0.00353659 1953.17 0.231281
0.00356098 1953.7 0.231316
0.00358537 1954.05 0.231324
0.00360976 1954.22 0.231303
0.00363415 1954.2 0.231252
0.00365854 1953.98 0.231171
0.00368293 1953.55 0.231057
0.00370732 1952.91 0.23091
0.00373171 1952.04 0.230728
0.0037561 1950.94 0.230509
0.00378049 1949.6 0.230253
0.00380488 1948.01 0.229957
0.00382927 1946.14 0.22962
0.00385366 1944.01 0.22924
0.00387805 1941.59 0.228816
0.00390244 1938.86 0.228344
0.00392683 1935.83 0.227824
0.00395122 1932.46 0.227253
0.00397561 1928.76 0.226628
0.004 1924.7 0.225948
0.00402439 1920.27 0.225209
0.00404878 1915.45 0.224409
0.00407317 1910.21 0.223546
0.00409756 1904.55 0.222615
0.00412195 1898.44 0.221614
0.00414634 1891.86 0.220538
0.00417073 1884.78 0.219385
0.00419512 1877.18 0.21815
0.00421951 1869.03 0.216828
0.0042439 1860.29 0.215415
0.00426829 1850.94 0.213906
0.00429268 1840.94 0.212294
0.00431707 1830.25 0.210574
0.00434146 1818.83 0.208739
0.00436585 1806.62 0.206782
0.00439024 1793.59 0.204693
0.00441463 1779.66 0.202465
0.00443902 1764.77 0.200086
0.00446341 1748.86 0.197547
0.0044878 1731.84 0.194833
0.0045122 1713.6 0.191931
0.00453659 1694.06 0.188824
0.00456098 1673.09 0.185494
0.00458537 1650.53 0.181918
0.00460976 1626.23 0.178073
0.00463415 1600 0.173927
0.00465854 1571.59 0.169447
0.00468293 1540.73 0.16459
0.00470732 1507.09 0.159308
0.00473171 1470.28 0.153541
0.0047561 1429.85 0.14722
0.00478049 1385.28 0.140266
0.00480488 1336.12 0.132603
0.00482927 1282.12 0.124183
0.00485366 1223.86 0.115071
0.00487805 1164.3 0.10567
0.00490244 1112.51 0.0973202
0.00492683 1090.48 0.0935358
0.00495122 1133.54 0.100637
0.00497561 1267.86 0.124232
0.005 1500.03 0.166438
