TITLE="Graphics"
VARIABLES= "rj, m", "T, K", "Lambda, W/m*K" 
0 300 0.61001
2.43902e-05 300 0.61001
4.87805e-05 300 0.61001
7.31707e-05 300 0.61001
9.7561e-05 300 0.61001
0.000121951 300 0.61001
0.000146341 300 0.61001
0.000170732 300 0.61001
0.000195122 300 0.61001
0.000219512 300 0.61001
0.000243902 300 0.61001
0.000268293 300 0.61001
0.000292683 300 0.61001
0.000317073 300 0.61001
0.000341463 300 0.61001
0.000365854 300 0.61001
0.000390244 300 0.61001
0.000414634 300 0.61001
0.000439024 300 0.610011
0.000463415 300.015 0.610036
0.000487805 300.618 0.611049
0.0005 321.633 0.611049
0.000512195 936.779 0.0873893
0.000536585 1060.03 0.103934
0.000560976 1147.1 0.115944
0.000585366 1212.37 0.125089
0.000609756 1263.06 0.132262
0.000634146 1303.35 0.138005
0.000658537 1335.93 0.142673
0.000682927 1362.63 0.146514
0.000707317 1384.75 0.149706
0.000731707 1403.22 0.15238
0.000756098 1418.78 0.154639
0.000780488 1431.98 0.15656
0.000804878 1443.26 0.158206
0.000829268 1452.95 0.159625
0.000853659 1461.35 0.160859
0.000878049 1468.67 0.161941
0.000902439 1475.12 0.162897
0.000926829 1480.84 0.16375
0.00095122 1485.98 0.164521
0.00097561 1490.63 0.165224
0.001 1494.91 0.165876
0.00102439 1498.89 0.166487
0.00104878 1502.66 0.16707
0.00107317 1506.26 0.167633
0.00109756 1509.78 0.168187
0.00112195 1513.25 0.168738
0.00114634 1516.74 0.169296
0.00117073 1520.29 0.169867
0.00119512 1523.94 0.170458
0.00121951 1527.74 0.171076
0.0012439 1531.75 0.171729
0.00126829 1535.99 0.172423
0.00129268 1540.51 0.173165
0.00131707 1545.36 0.173963
0.00134146 1550.59 0.174824
0.00136585 1556.24 0.175755
0.00139024 1562.37 0.176764
0.00141463 1569.01 0.17786
0.00143902 1576.22 0.179052
0.00146341 1584.06 0.180347
0.0014878 1592.58 0.181756
0.0015122 1601.84 0.183289
0.00153659 1611.89 0.184954
0.00156098 1622.79 0.186762
0.00158537 1634.6 0.188724
0.00160976 1647.37 0.19085
0.00163415 1661.17 0.19315
0.00165854 1676.05 0.195635
0.00168293 1692.07 0.198315
0.00170732 1709.27 0.2012
0.00173171 1727.7 0.204299
0.0017561 1747.42 0.207623
0.00178049 1768.46 0.211178
0.00180488 1790.85 0.214974
0.00182927 1814.63 0.219016
0.00185366 1839.81 0.22331
0.00187805 1866.42 0.227861
0.00190244 1894.47 0.232673
0.00192683 1923.95 0.237746
0.00195122 1954.87 0.243081
0.00197561 1987.2 0.248679
0.002 2020.94 0.254535
0.00202439 2056.04 0.260647
0.00204878 2092.48 0.267008
0.00207317 2130.22 0.273613
0.00209756 2169.19 0.280452
0.00212195 2209.35 0.287515
0.00214634 2250.62 0.294792
0.00217073 2292.93 0.30227
0.00219512 2336.2 0.309934
0.00221951 2380.35 0.31777
0.0022439 2425.28 0.325762
0.00226829 2470.88 0.333891
0.00229268 2517.06 0.342139
0.00231707 2563.69 0.350487
0.00234146 2610.67 0.358915
0.00236585 2657.86 0.367401
0.00239024 2705.13 0.375923
0.00241463 2752.34 0.384458
0.00243902 2799.37 0.392984
0.00246341 2846.06 0.401475
0.0024878 2892.27 0.409909
0.0025122 2937.84 0.41826
0.00253659 2982.63 0.426504
0.00256098 3026.48 0.434615
0.00258537 3069.25 0.442568
0.00260976 3110.76 0.450339
0.00263415 3150.88 0.457902
0.00265854 3189.45 0.465232
0.00268293 3226.33 0.472306
0.00270732 3261.37 0.4791
0.00273171 3294.43 0.48559
0.0027561 3325.4 0.491755
0.00278049 3354.14 0.497573
0.00280488 3380.53 0.503024
0.00282927 3404.49 0.508089
0.00285366 3425.91 0.51275
0.00287805 3444.71 0.516991
0.00290244 3460.82 0.520797
0.00292683 3474.18 0.524156
0.00295122 3484.76 0.527056
0.00297561 3492.52 0.529487
0.003 3497.45 0.531444
0.00302439 3499.54 0.53292
0.00304878 3498.8 0.533913
0.00307317 3495.25 0.534423
0.00309756 3488.89 0.534453
0.00312195 3479.69 0.534011
0.00314634 3467.05 0.533131
0.00317073 3452.38 0.531764
0.00319512 3435.49 0.529933
0.00321951 3416.44 0.527649
0.0032439 3395.35 0.524928
0.00326829 3372.34 0.521787
0.00329268 3347.56 0.518242
0.00331707 3321.16 0.514313
0.00334146 3293.31 0.510023
0.00336585 3264.18 0.505394
0.00339024 3233.94 0.50045
0.00341463 3202.71 0.495222
0.00343902 3170.58 0.489741
0.00346341 3137.91 0.484026
0.0034878 3104.07 0.478149
0.0035122 3069.96 0.472106
0.00353659 3035.78 0.465928
0.00356098 3001.69 0.459647
0.00358537 2967.73 0.453301
0.00360976 2933.94 0.446929
0.00363415 2900.51 0.440564
0.00365854 2867.58 0.434242
0.00368293 2835.22 0.427996
0.00370732 2803.47 0.421868
0.00373171 2771.99 0.415912
0.0037561 2740.94 0.410161
0.00378049 2710.78 0.404631
0.00380488 2681.78 0.399346
0.00382927 2654.11 0.394329
0.00385366 2627.92 0.389604
0.00387805 2603.33 0.385194
0.00390244 2580.41 0.381119
0.00392683 2559.24 0.377402
0.00395122 2539.86 0.374059
0.00397561 2522.3 0.371107
0.004 2506.58 0.36856
0.00402439 2492.68 0.366429
0.00404878 2480.59 0.364724
0.00407317 2470.29 0.363451
0.00409756 2461.74 0.362612
0.00412195 2454.87 0.362209
0.00414634 2449.63 0.362238
0.00417073 2445.95 0.362695
0.00419512 2443.72 0.36357
0.00421951 2442.87 0.364854
0.0042439 2443.29 0.366533
0.00426829 2444.85 0.36859
0.00429268 2447.46 0.371009
0.00431707 2450.96 0.373768
0.00434146 2455.25 0.376846
0.00436585 2460.16 0.38022
0.00439024 2465.57 0.383862
0.00441463 2471.31 0.387747
0.00443902 2477.24 0.391844
0.00446341 2483.19 0.396121
0.0044878 2488.98 0.400546
0.0045122 2494.44 0.40508
0.00453659 2499.38 0.409683
0.00456098 2503.57 0.414311
0.00458537 2506.79 0.41891
0.00460976 2508.78 0.423422
0.00463415 2509.25 0.427776
0.00465854 2507.87 0.431889
0.00468293 2504.23 0.435655
0.00470732 2497.86 0.438946
0.00473171 2488.18 0.441595
0.0047561 2474.48 0.443388
0.00478049 2455.87 0.444043
0.00480488 2431.19 0.443178
0.00482927 2398.93 0.440273
0.00485366 2357.07 0.434595
0.00487805 2302.77 0.425081
0.00490244 2231.94 0.41012
0.00492683 2138.21 0.387097
0.00495122 2010.56 0.351277
0.00497561 1825.68 0.292076
0.005 1500 0.166435
