TITLE="Graphics"
VARIABLES= "rj, m", "T, K", "Lambda, W/m*K" 
0 300 0.61001
2.43902e-05 300 0.61001
4.87805e-05 300 0.61001
7.31707e-05 300 0.61001
9.7561e-05 300 0.61001
0.000121951 300 0.61001
0.000146341 300 0.61001
0.000170732 300 0.61001
0.000195122 300 0.61001
0.000219512 300 0.61001
0.000243902 300 0.61001
0.000268293 300 0.61001
0.000292683 300 0.61001
0.000317073 300 0.61001
0.000341463 300 0.610011
0.000365854 300.001 0.610012
0.000390244 300.004 0.610017
0.000414634 300.02 0.610045
0.000439024 300.112 0.6102
0.000463415 300.624 0.611058
0.000487805 303.452 0.615731
0.0005 315.114 0.615731
0.000512195 696.966 0.0573233
0.000536585 826.237 0.073114
0.000560976 920.708 0.0852653
0.000585366 994.835 0.0950926
0.000609756 1055.39 0.103283
0.000634146 1106.19 0.110251
0.000658537 1149.6 0.11627
0.000682927 1187.23 0.121531
0.000707317 1220.23 0.126174
0.000731707 1249.43 0.130304
0.000756098 1275.47 0.134003
0.000780488 1298.85 0.137336
0.000804878 1319.96 0.140355
0.000829268 1339.12 0.143102
0.000853659 1356.6 0.145613
0.000878049 1372.6 0.147918
0.000902439 1387.32 0.15004
0.000926829 1400.9 0.152002
0.00095122 1413.47 0.153821
0.00097561 1425.15 0.155513
0.001 1436.04 0.157091
0.00102439 1446.22 0.158568
0.00104878 1455.76 0.159954
0.00107317 1464.72 0.161257
0.00109756 1473.18 0.162487
0.00112195 1481.17 0.16365
0.00114634 1488.74 0.164752
0.00117073 1495.93 0.165801
0.00119512 1502.78 0.1668
0.00121951 1509.32 0.167754
0.0012439 1515.58 0.168668
0.00126829 1521.59 0.169545
0.00129268 1527.37 0.17039
0.00131707 1532.94 0.171204
0.00134146 1538.33 0.171992
0.00136585 1543.55 0.172755
0.00139024 1548.62 0.173497
0.00141463 1553.55 0.174219
0.00143902 1558.37 0.174923
0.00146341 1563.07 0.175612
0.0014878 1567.68 0.176287
0.0015122 1572.21 0.17695
0.00153659 1576.66 0.177603
0.00156098 1581.05 0.178246
0.00158537 1585.39 0.178882
0.00160976 1589.68 0.179511
0.00163415 1593.94 0.180135
0.00165854 1598.16 0.180755
0.00168293 1602.37 0.181372
0.00170732 1606.56 0.181987
0.00173171 1610.74 0.1826
0.0017561 1614.92 0.183214
0.00178049 1619.1 0.183828
0.00180488 1623.29 0.184443
0.00182927 1627.5 0.185061
0.00185366 1631.72 0.185682
0.00187805 1635.98 0.186306
0.00190244 1640.25 0.186935
0.00192683 1644.57 0.187569
0.00195122 1648.92 0.188209
0.00197561 1653.31 0.188855
0.002 1657.75 0.189507
0.00202439 1662.24 0.190168
0.00204878 1666.78 0.190836
0.00207317 1671.38 0.191513
0.00209756 1676.05 0.192199
0.00212195 1680.77 0.192894
0.00214634 1685.56 0.1936
0.00217073 1690.43 0.194316
0.00219512 1695.37 0.195044
0.00221951 1700.38 0.195782
0.0022439 1705.48 0.196533
0.00226829 1710.65 0.197296
0.00229268 1715.92 0.198072
0.00231707 1721.27 0.198861
0.00234146 1726.71 0.199664
0.00236585 1732.25 0.200481
0.00239024 1737.89 0.201312
0.00241463 1743.62 0.202158
0.00243902 1749.46 0.203019
0.00246341 1755.4 0.203896
0.0024878 1761.44 0.204789
0.0025122 1767.6 0.205698
0.00253659 1773.87 0.206624
0.00256098 1780.25 0.207566
0.00258537 1786.75 0.208526
0.00260976 1793.36 0.209504
0.00263415 1800.1 0.2105
0.00265854 1806.96 0.211513
0.00268293 1813.94 0.212546
0.00270732 1821.05 0.213597
0.00273171 1828.29 0.214668
0.0027561 1835.65 0.215758
0.00278049 1843.15 0.216867
0.00280488 1850.79 0.217997
0.00282927 1858.56 0.219147
0.00285366 1866.47 0.220318
0.00287805 1874.51 0.221509
0.00290244 1882.7 0.222721
0.00292683 1891.03 0.223955
0.00295122 1899.5 0.22521
0.00297561 1908.12 0.226487
0.003 1916.89 0.227785
0.00302439 1925.8 0.229106
0.00304878 1934.86 0.230449
0.00307317 1944.08 0.231814
0.00309756 1953.44 0.233202
0.00312195 1962.96 0.234613
0.00314634 1972.63 0.236046
0.00317073 1982.46 0.237503
0.00319512 1992.44 0.238983
0.00321951 2002.58 0.240486
0.0032439 2012.87 0.242013
0.00326829 2023.33 0.243563
0.00329268 2033.94 0.245136
0.00331707 2044.71 0.246733
0.00334146 2055.64 0.248354
0.00336585 2066.74 0.249999
0.00339024 2077.99 0.251668
0.00341463 2089.41 0.25336
0.00343902 2100.98 0.255076
0.00346341 2112.72 0.256816
0.0034878 2124.62 0.25858
0.0035122 2136.69 0.260368
0.00353659 2148.91 0.26218
0.00356098 2161.3 0.264015
0.00358537 2173.85 0.265874
0.00360976 2186.56 0.267757
0.00363415 2199.43 0.269663
0.00365854 2212.46 0.271593
0.00368293 2225.65 0.273546
0.00370732 2239.01 0.275522
0.00373171 2252.52 0.277522
0.0037561 2266.19 0.279545
0.00378049 2280.02 0.28159
0.00380488 2294.01 0.283658
0.00382927 2308.15 0.285749
0.00385366 2322.45 0.287862
0.00387805 2336.9 0.289997
0.00390244 2351.51 0.292155
0.00392683 2366.27 0.294333
0.00395122 2381.18 0.296534
0.00397561 2396.24 0.298756
0.004 2411.45 0.300998
0.00402439 2426.81 0.303262
0.00404878 2442.31 0.305545
0.00407317 2457.95 0.307849
0.00409756 2473.74 0.310173
0.00412195 2489.67 0.312517
0.00414634 2505.74 0.31488
0.00417073 2521.94 0.317261
0.00419512 2538.28 0.319661
0.00421951 2554.75 0.32208
0.0042439 2571.35 0.324516
0.00426829 2588.08 0.32697
0.00429268 2604.94 0.32944
0.00431707 2621.92 0.331928
0.00434146 2639.02 0.334432
0.00436585 2656.24 0.336951
0.00439024 2673.57 0.339486
0.00441463 2691.02 0.342036
0.00443902 2708.57 0.344601
0.00446341 2726.23 0.34718
0.0044878 2744 0.349772
0.0045122 2761.86 0.352377
0.00453659 2779.82 0.354996
0.00456098 2797.86 0.357626
0.00458537 2815.99 0.360268
0.00460976 2834.19 0.362921
0.00463415 2852.44 0.365584
0.00465854 2870.74 0.368256
0.00468293 2889.05 0.370935
0.00470732 2907.31 0.37362
0.00473171 2925.44 0.376303
0.0047561 2943.26 0.378974
0.00478049 2960.45 0.381607
0.00480488 2976.42 0.384147
0.00482927 2989.98 0.386479
0.00485366 2998.81 0.388347
0.00487805 2998.34 0.389198
0.00490244 2979.3 0.387819
0.00492683 2922.47 0.381498
0.00495122 2785.76 0.363878
0.00497561 2463.52 0.317907
0.005 1500.03 0.166438
