TITLE="Graphics"
VARIABLES= "rj, m", "T, K", "Lambda, W/m*K" 
0 300 0.61001
2.43902e-05 300 0.61001
4.87805e-05 300 0.61001
7.31707e-05 300 0.61001
9.7561e-05 300 0.61001
0.000121951 300 0.61001
0.000146341 300 0.61001
0.000170732 300 0.61001
0.000195122 300 0.61001
0.000219512 300 0.61001
0.000243902 300 0.61001
0.000268293 300 0.61001
0.000292683 300 0.61001
0.000317073 300 0.61001
0.000341463 300 0.610011
0.000365854 300.001 0.610012
0.000390244 300.004 0.610017
0.000414634 300.02 0.610044
0.000439024 300.112 0.610199
0.000463415 300.622 0.611057
0.000487805 303.449 0.615729
0.0005 315.114 0.615729
0.000512195 697.021 0.0573264
0.000536585 826.344 0.0731203
0.000560976 920.859 0.0852746
0.000585366 995.022 0.0951046
0.000609756 1055.61 0.103297
0.000634146 1106.42 0.110268
0.000658537 1149.85 0.116289
0.000682927 1187.5 0.121551
0.000707317 1220.51 0.126195
0.000731707 1249.72 0.130327
0.000756098 1275.77 0.134027
0.000780488 1299.15 0.137361
0.000804878 1320.27 0.14038
0.000829268 1339.44 0.143129
0.000853659 1356.91 0.145641
0.000878049 1372.92 0.147946
0.000902439 1387.64 0.150069
0.000926829 1401.22 0.152031
0.00095122 1413.79 0.153851
0.00097561 1425.48 0.155543
0.001 1436.36 0.157122
0.00102439 1446.54 0.1586
0.00104878 1456.08 0.159986
0.00107317 1465.05 0.16129
0.00109756 1473.5 0.16252
0.00112195 1481.49 0.163684
0.00114634 1489.06 0.164787
0.00117073 1496.25 0.165836
0.00119512 1503.1 0.166836
0.00121951 1509.64 0.167791
0.0012439 1515.9 0.168705
0.00126829 1521.91 0.169583
0.00129268 1527.69 0.170428
0.00131707 1533.27 0.171243
0.00134146 1538.65 0.172032
0.00136585 1543.88 0.172796
0.00139024 1548.94 0.173538
0.00141463 1553.88 0.17426
0.00143902 1558.69 0.174966
0.00146341 1563.4 0.175655
0.0014878 1568.01 0.176331
0.0015122 1572.54 0.176995
0.00153659 1577 0.177648
0.00156098 1581.39 0.178292
0.00158537 1585.73 0.178929
0.00160976 1590.02 0.179559
0.00163415 1594.28 0.180184
0.00165854 1598.51 0.180804
0.00168293 1602.71 0.181422
0.00170732 1606.91 0.182038
0.00173171 1611.09 0.182652
0.0017561 1615.27 0.183267
0.00178049 1619.46 0.183882
0.00180488 1623.65 0.184498
0.00182927 1627.86 0.185117
0.00185366 1632.09 0.185739
0.00187805 1636.34 0.186364
0.00190244 1640.63 0.186994
0.00192683 1644.94 0.187629
0.00195122 1649.3 0.18827
0.00197561 1653.69 0.188917
0.002 1658.14 0.189571
0.00202439 1662.63 0.190232
0.00204878 1667.18 0.190901
0.00207317 1671.78 0.19158
0.00209756 1676.44 0.192267
0.00212195 1681.17 0.192963
0.00214634 1685.97 0.19367
0.00217073 1690.84 0.194388
0.00219512 1695.78 0.195116
0.00221951 1700.79 0.195856
0.0022439 1705.89 0.196608
0.00226829 1711.07 0.197373
0.00229268 1716.34 0.19815
0.00231707 1721.69 0.19894
0.00234146 1727.14 0.199744
0.00236585 1732.68 0.200563
0.00239024 1738.32 0.201395
0.00241463 1744.05 0.202243
0.00243902 1749.89 0.203105
0.00246341 1755.83 0.203984
0.0024878 1761.88 0.204878
0.0025122 1768.04 0.205788
0.00253659 1774.3 0.206715
0.00256098 1780.68 0.20766
0.00258537 1787.18 0.208621
0.00260976 1793.79 0.2096
0.00263415 1800.53 0.210597
0.00265854 1807.38 0.211612
0.00268293 1814.36 0.212646
0.00270732 1821.47 0.213699
0.00273171 1828.7 0.214771
0.0027561 1836.06 0.215862
0.00278049 1843.56 0.216974
0.00280488 1851.18 0.218105
0.00282927 1858.94 0.219256
0.00285366 1866.84 0.220428
0.00287805 1874.88 0.221621
0.00290244 1883.06 0.222834
0.00292683 1891.37 0.224069
0.00295122 1899.83 0.225326
0.00297561 1908.44 0.226603
0.003 1917.19 0.227903
0.00302439 1926.08 0.229225
0.00304878 1935.13 0.230569
0.00307317 1944.32 0.231936
0.00309756 1953.67 0.233325
0.00312195 1963.16 0.234736
0.00314634 1972.81 0.236171
0.00317073 1982.61 0.237628
0.00319512 1992.57 0.239109
0.00321951 2002.68 0.240613
0.0032439 2012.94 0.24214
0.00326829 2023.36 0.243691
0.00329268 2033.94 0.245265
0.00331707 2044.68 0.246863
0.00334146 2055.57 0.248484
0.00336585 2066.62 0.250129
0.00339024 2077.83 0.251798
0.00341463 2089.2 0.25349
0.00343902 2100.73 0.255206
0.00346341 2112.42 0.256946
0.0034878 2124.27 0.25871
0.0035122 2136.28 0.260497
0.00353659 2148.45 0.262308
0.00356098 2160.77 0.264143
0.00358537 2173.26 0.266001
0.00360976 2185.9 0.267883
0.00363415 2198.7 0.269788
0.00365854 2211.66 0.271717
0.00368293 2224.78 0.273668
0.00370732 2238.05 0.275643
0.00373171 2251.48 0.277641
0.0037561 2265.07 0.279662
0.00378049 2278.81 0.281705
0.00380488 2292.7 0.283771
0.00382927 2306.75 0.285859
0.00385366 2320.95 0.287969
0.00387805 2335.3 0.290102
0.00390244 2349.8 0.292255
0.00392683 2364.44 0.294431
0.00395122 2379.24 0.296628
0.00397561 2394.17 0.298845
0.004 2409.26 0.301084
0.00402439 2424.48 0.303343
0.00404878 2439.85 0.305622
0.00407317 2455.35 0.307921
0.00409756 2471 0.310239
0.00412195 2486.77 0.312577
0.00414634 2502.69 0.314934
0.00417073 2518.73 0.317309
0.00419512 2534.9 0.319703
0.00421951 2551.2 0.322114
0.0042439 2567.62 0.324543
0.00426829 2584.16 0.326989
0.00429268 2600.82 0.329452
0.00431707 2617.6 0.331931
0.00434146 2634.5 0.334427
0.00436585 2651.5 0.336937
0.00439024 2668.61 0.339463
0.00441463 2685.82 0.342003
0.00443902 2703.13 0.344557
0.00446341 2720.54 0.347125
0.0044878 2738.04 0.349706
0.0045122 2755.62 0.3523
0.00453659 2773.27 0.354906
0.00456098 2790.99 0.357523
0.00458537 2808.77 0.360152
0.00460976 2826.58 0.36279
0.00463415 2844.4 0.365437
0.00465854 2862.2 0.368091
0.00468293 2879.91 0.370749
0.00470732 2897.43 0.373405
0.00473171 2914.6 0.37605
0.0047561 2931.14 0.37866
0.00478049 2946.54 0.381197
0.00480488 2959.94 0.383575
0.00482927 2969.75 0.385631
0.00485366 2973.14 0.387033
0.00487805 2964.83 0.387114
0.00490244 2934.99 0.384524
0.00492683 2864.53 0.376448
0.00495122 2714.07 0.356681
0.00497561 2389.36 0.309413
0.005 1500.03 0.166438
