TITLE="Graphics"
VARIABLES= "rj, cm", "T, K", "Cp, J/kg*K", "rho, kg/cm^3", "Lambda, Watt/cm*K"
0 317.177 4181.23 0.00098 0.00636114
0.0025 317.401 4181.24 0.00098 0.00636409
0.005 318.019 4181.28 0.00098 0.0063722
0.0075 319.091 4181.37 0.00098 0.00638604
0.01 320.601 4181.57 0.00098 0.00640508
0.0125 322.533 4181.92 0.00098 0.00642866
0.015 324.866 4182.5 0.00098 0.00645599
0.0175 327.575 4183.36 0.00098 0.00648622
0.02 330.63 4184.56 0.00098 0.00651841
0.0225 333.993 4186.15 0.00098 0.00655161
0.025 337.622 4188.17 0.00098 0.0065849
0.0275 341.467 4190.63 0.00098 0.00661742
0.03 345.475 4193.53 0.00098 0.00664839
0.0325 349.583 4196.83 0.00098 0.00667718
0.035 353.73 4200.49 0.00098 0.00670332
0.0375 357.847 4204.44 0.00098 0.00672652
0.04 361.868 4208.6 0.00098 0.00674666
0.0425 365.727 4212.87 0.00098 0.00676376
0.045 369.361 4217.14 0.00098 0.00677798
0.0475 375.838 1892.58 5.76021e-07 0.000243786
0.0477476 373 4221.67 0.00098 0.00679049
0.0477476 373 4221.67 0.00098 0.000241434
0.05 552.987 1988.21 3.91492e-07 0.000412153
0.0525 650.687 2050.55 3.32711e-07 0.000519571
0.055 727.102 2101.81 2.97744e-07 0.000609116
0.0575 789.895 2145.01 2.74075e-07 0.000685762
0.06 843.081 2182.1 2.56785e-07 0.000752572
0.0625 889.073 2214.4 2.43501e-07 0.000811592
0.065 929.451 2242.85 2.32923e-07 0.00086427
0.0675 965.317 2268.12 2.24269e-07 0.000911683
0.07 997.472 2290.76 2.17039e-07 0.00095465
0.0725 1026.52 2311.15 2.10897e-07 0.000993818
0.075 1052.94 2329.63 2.05606e-07 0.0010297
0.0775 1077.09 2346.46 2.00995e-07 0.00106272
0.08 1099.28 2361.85 1.96938e-07 0.00109323
0.0825 1119.75 2375.98 1.93338e-07 0.00112151
0.085 1138.71 2389.01 1.90119e-07 0.00114781
0.0875 1156.32 2401.05 1.87223e-07 0.00117234
0.09 1172.74 2412.21 1.84603e-07 0.00119528
0.0925 1188.08 2422.59 1.82219e-07 0.00121678
0.095 1202.45 2432.26 1.80041e-07 0.00123698
0.0975 1215.95 2441.3 1.78042e-07 0.001256
0.1 1228.65 2449.76 1.76201e-07 0.00127393
0.1025 1240.63 2457.7 1.745e-07 0.00129088
0.105 1251.95 2465.16 1.72923e-07 0.00130692
0.1075 1262.65 2472.19 1.71457e-07 0.00132212
0.11 1272.8 2478.81 1.70089e-07 0.00133656
0.1125 1282.44 2485.08 1.68812e-07 0.00135028
0.115 1291.6 2491 1.67614e-07 0.00136334
0.1175 1300.32 2496.62 1.66491e-07 0.00137579
0.12 1308.62 2501.95 1.65433e-07 0.00138766
0.1225 1316.55 2507.01 1.64437e-07 0.00139901
0.125 1324.13 2511.83 1.63496e-07 0.00140986
0.1275 1331.37 2516.42 1.62607e-07 0.00142025
0.13 1338.31 2520.79 1.61764e-07 0.0014302
0.1325 1344.96 2524.97 1.60965e-07 0.00143975
0.135 1351.33 2528.95 1.60205e-07 0.00144891
0.1375 1357.45 2532.77 1.59483e-07 0.00145771
0.14 1363.33 2536.42 1.58795e-07 0.00146618
0.1425 1368.98 2539.92 1.58139e-07 0.00147432
0.145 1374.43 2543.28 1.57513e-07 0.00148216
0.1475 1379.67 2546.5 1.56915e-07 0.00148972
0.15 1384.72 2549.59 1.56343e-07 0.00149701
0.1525 1389.59 2552.56 1.55795e-07 0.00150404
0.155 1394.29 2555.42 1.55269e-07 0.00151083
0.1575 1398.83 2558.18 1.54765e-07 0.0015174
0.16 1403.22 2560.83 1.54282e-07 0.00152374
0.1625 1407.46 2563.39 1.53817e-07 0.00152987
0.165 1411.56 2565.85 1.53369e-07 0.00153581
0.1675 1415.53 2568.23 1.52939e-07 0.00154156
0.17 1419.38 2570.53 1.52525e-07 0.00154713
0.1725 1423.11 2572.75 1.52125e-07 0.00155253
0.175 1426.72 2574.9 1.5174e-07 0.00155777
0.1775 1430.22 2576.98 1.51368e-07 0.00156285
0.18 1433.63 2578.99 1.51009e-07 0.00156778
0.1825 1436.93 2580.94 1.50662e-07 0.00157258
0.185 1440.14 2582.82 1.50326e-07 0.00157723
0.1875 1443.25 2584.65 1.50002e-07 0.00158175
0.19 1446.28 2586.42 1.49688e-07 0.00158615
0.1925 1449.23 2588.14 1.49383e-07 0.00159043
0.195 1452.09 2589.81 1.49089e-07 0.00159459
0.1975 1454.88 2591.44 1.48803e-07 0.00159865
0.2 1457.6 2593.01 1.48526e-07 0.00160259
0.2025 1460.24 2594.54 1.48257e-07 0.00160644
0.205 1462.82 2596.03 1.47995e-07 0.00161018
0.2075 1465.33 2597.48 1.47742e-07 0.00161384
0.21 1467.78 2598.89 1.47495e-07 0.0016174
0.2125 1470.16 2600.26 1.47256e-07 0.00162087
0.215 1472.49 2601.59 1.47023e-07 0.00162426
0.2175 1474.77 2602.89 1.46796e-07 0.00162757
0.22 1476.99 2604.16 1.46576e-07 0.0016308
0.2225 1479.15 2605.39 1.46361e-07 0.00163395
0.225 1481.27 2606.59 1.46152e-07 0.00163704
0.2275 1483.33 2607.77 1.45948e-07 0.00164005
0.23 1485.35 2608.91 1.4575e-07 0.00164299
0.2325 1487.33 2610.03 1.45556e-07 0.00164587
0.235 1489.26 2611.12 1.45368e-07 0.00164868
0.2375 1491.15 2612.18 1.45184e-07 0.00165143
0.24 1493 2613.22 1.45004e-07 0.00165413
0.2425 1494.8 2614.24 1.44829e-07 0.00165676
0.245 1496.57 2615.23 1.44657e-07 0.00165934
0.2475 1496.71 2615.3 1.44644e-07 0.00165954
0.25 1500 2617.15 1.44327e-07 0.00166434
