TITLE="Graphics"
VARIABLES= "rj, cm", "T, K", "Cp, J/kg*K", "rho, kg/cm^3", "Lambda, Watt/cm*K"
0 352.815 4199.65 0.00098 0.0066978
0.0025 352.838 4199.67 0.00098 0.00669794
0.005 352.901 4199.73 0.00098 0.00669833
0.0075 353.011 4199.83 0.00098 0.006699
0.01 353.167 4199.97 0.00098 0.00669994
0.0125 353.367 4200.15 0.00098 0.00670115
0.015 353.61 4200.38 0.00098 0.00670261
0.0175 353.896 4200.64 0.00098 0.00670431
0.02 354.223 4200.94 0.00098 0.00670624
0.0225 354.589 4201.28 0.00098 0.00670839
0.025 354.994 4201.67 0.00098 0.00671073
0.0275 355.434 4202.08 0.00098 0.00671325
0.03 355.91 4202.54 0.00098 0.00671594
0.0325 356.417 4203.03 0.00098 0.00671877
0.035 356.955 4203.56 0.00098 0.00672172
0.0375 357.521 4204.11 0.00098 0.00672478
0.04 358.113 4204.7 0.00098 0.00672793
0.0425 358.729 4205.33 0.00098 0.00673115
0.045 359.366 4205.98 0.00098 0.00673441
0.0475 360.021 4206.65 0.00098 0.00673771
0.04775 373.023 1891.37 5.80367e-07 0.000241453
0.04775 373.023 1891.37 5.80367e-07 0.000241453
0.05 525.491 1971.56 4.11977e-07 0.000383574
0.0525 620.332 2030.73 3.48991e-07 0.000485282
0.055 695.735 2080.56 3.11168e-07 0.00057183
0.0575 758.375 2123.23 2.85466e-07 0.000646968
0.06 811.868 2160.29 2.66657e-07 0.000713166
0.0625 858.426 2192.86 2.52194e-07 0.000772141
0.065 899.522 2221.76 2.40673e-07 0.000825149
0.0675 936.192 2247.6 2.31245e-07 0.000873138
0.07 969.2 2270.86 2.2337e-07 0.00091685
0.0725 999.126 2291.92 2.1668e-07 0.000956871
0.075 1026.42 2311.08 2.10918e-07 0.000993681
0.0775 1051.45 2328.59 2.05897e-07 0.00102767
0.08 1074.5 2344.66 2.0148e-07 0.00105917
0.0825 1095.81 2359.45 1.97561e-07 0.00108845
0.085 1115.59 2373.12 1.94059e-07 0.00111576
0.0875 1134.01 2385.78 1.90907e-07 0.00114128
0.09 1151.2 2397.55 1.88056e-07 0.0011652
0.0925 1167.29 2408.51 1.85463e-07 0.00118767
0.095 1182.4 2418.75 1.83095e-07 0.00120881
0.0975 1196.6 2428.33 1.80921e-07 0.00122875
0.1 1209.98 2437.31 1.7892e-07 0.00124759
0.1025 1222.62 2445.74 1.77071e-07 0.00126541
0.105 1234.57 2453.68 1.75357e-07 0.0012823
0.1075 1245.89 2461.17 1.73763e-07 0.00129834
0.11 1256.64 2468.24 1.72277e-07 0.00131358
0.1125 1266.85 2474.93 1.70889e-07 0.00132808
0.115 1276.56 2481.26 1.69589e-07 0.0013419
0.1175 1285.82 2487.27 1.68368e-07 0.00135509
0.12 1294.64 2492.97 1.6722e-07 0.00136769
0.1225 1303.08 2498.39 1.66138e-07 0.00137973
0.125 1311.14 2503.56 1.65116e-07 0.00139126
0.1275 1318.85 2508.48 1.64151e-07 0.0014023
0.13 1326.24 2513.17 1.63236e-07 0.00141289
0.1325 1333.33 2517.65 1.62368e-07 0.00142306
0.135 1340.13 2521.94 1.61544e-07 0.00143282
0.1375 1346.67 2526.04 1.6076e-07 0.00144221
0.14 1352.95 2529.97 1.60014e-07 0.00145124
0.1425 1358.99 2533.73 1.59302e-07 0.00145994
0.145 1364.81 2537.34 1.58622e-07 0.00146832
0.1475 1370.42 2540.81 1.57973e-07 0.0014764
0.15 1375.83 2544.14 1.57352e-07 0.00148419
0.1525 1381.05 2547.34 1.56758e-07 0.00149172
0.155 1386.09 2550.43 1.56188e-07 0.00149899
0.1575 1390.96 2553.4 1.55641e-07 0.00150602
0.16 1395.66 2556.26 1.55117e-07 0.00151282
0.1625 1400.21 2559.02 1.54612e-07 0.0015194
0.165 1404.62 2561.68 1.54127e-07 0.00152577
0.1675 1408.89 2564.25 1.53661e-07 0.00153194
0.17 1413.02 2566.73 1.53211e-07 0.00153792
0.1725 1417.03 2569.13 1.52778e-07 0.00154372
0.175 1420.91 2571.45 1.5236e-07 0.00154935
0.1775 1424.68 2573.69 1.51957e-07 0.00155482
0.18 1428.34 2575.86 1.51568e-07 0.00156012
0.1825 1431.89 2577.97 1.51191e-07 0.00156527
0.185 1435.35 2580.01 1.50828e-07 0.00157028
0.1875 1438.7 2581.98 1.50476e-07 0.00157515
0.19 1441.97 2583.9 1.50135e-07 0.00157989
0.1925 1445.14 2585.76 1.49806e-07 0.0015845
0.195 1448.23 2587.56 1.49486e-07 0.00158898
0.1975 1451.24 2589.32 1.49176e-07 0.00159335
0.2 1454.17 2591.02 1.48876e-07 0.00159761
0.2025 1457.02 2592.68 1.48584e-07 0.00160175
0.205 1459.8 2594.29 1.48301e-07 0.0016058
0.2075 1462.51 2595.85 1.48026e-07 0.00160974
0.21 1465.15 2597.38 1.47759e-07 0.00161358
0.2125 1467.73 2598.86 1.475e-07 0.00161733
0.215 1470.25 2600.3 1.47247e-07 0.00162099
0.2175 1472.7 2601.71 1.47002e-07 0.00162457
0.22 1475.1 2603.08 1.46763e-07 0.00162806
0.2225 1477.44 2604.42 1.4653e-07 0.00163147
0.225 1479.73 2605.72 1.46304e-07 0.0016348
0.2275 1481.97 2606.99 1.46083e-07 0.00163805
0.23 1484.15 2608.23 1.45868e-07 0.00164124
0.2325 1486.29 2609.44 1.45659e-07 0.00164435
0.235 1488.37 2610.62 1.45454e-07 0.00164739
0.2375 1490.42 2611.77 1.45255e-07 0.00165037
0.24 1492.42 2612.9 1.4506e-07 0.00165328
0.2425 1494.37 2613.99 1.4487e-07 0.00165614
0.245 1496.29 2615.07 1.44685e-07 0.00165893
0.2475 1499.76 2617.01 1.4435e-07 0.00166399
0.25 1500 2617.15 1.44327e-07 0.00166434
