TITLE="Graphics"
VARIABLES= "rj, cm", "T, K", "Cp, J/kg*K", "rho, kg/cm^3", "Lambda, Watt/cm*K"
0 333.145 4185.73 0.00098 0.00654345
0.0025 333.321 4185.81 0.00098 0.00654516
0.005 333.81 4186.06 0.00098 0.00654986
0.0075 334.654 4186.5 0.00098 0.00655787
0.01 335.835 4187.14 0.00098 0.00656883
0.0125 337.333 4188 0.00098 0.00658235
0.015 339.124 4189.1 0.00098 0.00659793
0.0175 341.179 4190.44 0.00098 0.00661507
0.02 343.467 4192.03 0.00098 0.00663323
0.0225 345.952 4193.89 0.00098 0.00665189
0.025 348.598 4196 0.00098 0.00667054
0.0275 351.363 4198.36 0.00098 0.00668875
0.03 354.206 4200.93 0.00098 0.00670614
0.0325 357.084 4203.68 0.00098 0.00672243
0.035 359.956 4206.58 0.00098 0.00673738
0.0375 362.778 4209.58 0.00098 0.00675088
0.04 365.51 4212.62 0.00098 0.00676286
0.0425 368.115 4215.65 0.00098 0.00677331
0.045 370.556 4218.6 0.00098 0.00678228
0.0475 374.897 1892.18 5.77467e-07 0.000243005
0.04775 373 4221.67 0.00098 0.00679049
0.04775 373 4221.67 0.00098 0.000241434
0.05 541.108 1980.96 4.00087e-07 0.00039971
0.0525 637.817 2042.1 3.39424e-07 0.000504939
0.055 713.924 2092.85 3.0324e-07 0.000593366
0.0575 776.724 2135.89 2.78722e-07 0.000669476
0.06 830.085 2173.01 2.60805e-07 0.000736098
0.0625 876.345 2205.45 2.47038e-07 0.00079515
0.065 917.045 2234.1 2.36074e-07 0.000848003
0.0675 953.262 2259.63 2.27105e-07 0.000895685
0.07 985.784 2282.54 2.19612e-07 0.000938984
0.0725 1015.21 2303.21 2.13247e-07 0.000978524
0.075 1041.99 2321.98 2.07765e-07 0.00101481
0.0775 1066.51 2339.1 2.02989e-07 0.00104824
0.08 1089.06 2354.77 1.98786e-07 0.00107917
0.0825 1109.89 2369.18 1.95056e-07 0.00110787
0.085 1129.19 2382.48 1.91722e-07 0.00113459
0.0875 1147.13 2394.77 1.88723e-07 0.00115954
0.09 1163.87 2406.19 1.86009e-07 0.00118289
0.0925 1179.53 2416.81 1.8354e-07 0.00120479
0.095 1194.2 2426.71 1.81285e-07 0.00122538
0.0975 1207.99 2435.97 1.79215e-07 0.00124478
0.1 1220.97 2444.65 1.7731e-07 0.00126309
0.1025 1233.22 2452.79 1.75548e-07 0.0012804
0.105 1244.8 2460.45 1.73916e-07 0.00129679
0.1075 1255.76 2467.67 1.72397e-07 0.00131234
0.11 1266.16 2474.48 1.70982e-07 0.0013271
0.1125 1276.03 2480.91 1.69659e-07 0.00134115
0.115 1285.42 2487.01 1.6842e-07 0.00135452
0.1175 1294.36 2492.78 1.67257e-07 0.00136727
0.12 1302.88 2498.27 1.66163e-07 0.00137945
0.1225 1311.01 2503.48 1.65132e-07 0.00139108
0.125 1318.79 2508.44 1.64158e-07 0.00140221
0.1275 1326.23 2513.16 1.63238e-07 0.00141287
0.13 1333.35 2517.66 1.62366e-07 0.00142308
0.1325 1340.18 2521.97 1.61539e-07 0.00143288
0.135 1346.73 2526.08 1.60753e-07 0.00144229
0.1375 1353.02 2530.01 1.60006e-07 0.00145134
0.14 1359.06 2533.77 1.59294e-07 0.00146003
0.1425 1364.88 2537.38 1.58615e-07 0.00146841
0.145 1370.47 2540.84 1.57967e-07 0.00147647
0.1475 1375.87 2544.16 1.57348e-07 0.00148424
0.15 1381.06 2547.35 1.56756e-07 0.00149174
0.1525 1386.08 2550.42 1.56189e-07 0.00149897
0.155 1390.92 2553.37 1.55646e-07 0.00150596
0.1575 1395.59 2556.21 1.55124e-07 0.00151272
0.16 1400.11 2558.95 1.54624e-07 0.00151925
0.1625 1404.48 2561.59 1.54143e-07 0.00152556
0.165 1408.71 2564.14 1.5368e-07 0.00153168
0.1675 1412.8 2566.6 1.53235e-07 0.0015376
0.17 1416.76 2568.97 1.52806e-07 0.00154334
0.1725 1420.6 2571.26 1.52393e-07 0.00154891
0.175 1424.33 2573.48 1.51994e-07 0.00155431
0.1775 1427.94 2575.63 1.5161e-07 0.00155955
0.18 1431.45 2577.7 1.51238e-07 0.00156463
0.1825 1434.86 2579.72 1.50879e-07 0.00156957
0.185 1438.17 2581.66 1.50532e-07 0.00157437
0.1875 1441.38 2583.55 1.50197e-07 0.00157904
0.19 1444.51 2585.39 1.49872e-07 0.00158357
0.1925 1447.55 2587.16 1.49557e-07 0.00158799
0.195 1450.5 2588.89 1.49252e-07 0.00159228
0.1975 1453.38 2590.57 1.48956e-07 0.00159647
0.2 1456.19 2592.19 1.48669e-07 0.00160054
0.2025 1458.92 2593.77 1.48391e-07 0.00160451
0.205 1461.58 2595.31 1.48121e-07 0.00160838
0.2075 1464.17 2596.81 1.47859e-07 0.00161215
0.21 1466.7 2598.26 1.47604e-07 0.00161583
0.2125 1469.16 2599.68 1.47356e-07 0.00161941
0.215 1471.57 2601.06 1.47115e-07 0.00162292
0.2175 1473.92 2602.4 1.46881e-07 0.00162633
0.22 1476.21 2603.71 1.46653e-07 0.00162967
0.2225 1478.45 2604.99 1.46431e-07 0.00163293
0.225 1480.63 2606.23 1.46215e-07 0.00163611
0.2275 1482.77 2607.45 1.46004e-07 0.00163923
0.23 1484.86 2608.63 1.45799e-07 0.00164227
0.2325 1486.9 2609.78 1.45598e-07 0.00164524
0.235 1488.9 2610.91 1.45403e-07 0.00164815
0.2375 1490.85 2612.01 1.45213e-07 0.001651
0.24 1492.76 2613.09 1.45027e-07 0.00165378
0.2425 1494.63 2614.14 1.44846e-07 0.00165651
0.245 1496.46 2615.16 1.44669e-07 0.00165917
0.2475 1496.65 2615.27 1.4465e-07 0.00165945
0.25 1500 2617.15 1.44327e-07 0.00166434
