TITLE="Graphics"
VARIABLES= "rj, m", "T, K", "Cp, J/kg*K", "rho, kg/m^3", "Lambda, Watt/m*K"
0 300.344 2e+07 4e-07 0.0005
0.0025 300.358 2e+07 4e-07 0.0005
0.005 300.399 2e+07 4e-07 0.0005
0.0075 300.475 2e+07 4e-07 0.0005
0.01 300.596 2e+07 4e-07 0.0005
0.0125 300.775 2e+07 4e-07 0.0005
0.015 301.032 2e+07 4e-07 0.0005
0.0175 301.392 2e+07 4e-07 0.0005
0.02 301.891 2e+07 4e-07 0.0005
0.0225 302.572 2e+07 4e-07 0.0005
0.025 303.489 2e+07 4e-07 0.0005
0.0275 304.704 2e+07 4e-07 0.0005
0.03 306.287 2e+07 4e-07 0.0005
0.0325 308.311 2e+07 4e-07 0.0005
0.035 310.852 2e+07 4e-07 0.0005
0.0375 313.983 2e+07 4e-07 0.0005
0.04 317.769 2e+07 4e-07 0.0005
0.0425 322.27 2e+07 4e-07 0.0005
0.045 327.537 2e+07 4e-07 0.0005
0.0475 333.606 2e+07 4e-07 0.0005
0.04875 340.304 2e+07 4e-07 0.0005
0.04875 340.304 2e+07 4e-07 0.0005
0.05 345.601 2e+07 4e-07 0.0005
0.0525 356.557 2e+07 4e-07 0.0005
0.055 368.019 2e+07 4e-07 0.0005
0.0575 379.967 2e+07 4e-07 0.0005
0.06 392.362 2e+07 4e-07 0.0005
0.0625 405.16 2e+07 4e-07 0.0005
0.065 418.312 2e+07 4e-07 0.0005
0.0675 431.768 2e+07 4e-07 0.0005
0.07 445.475 2e+07 4e-07 0.0005
0.0725 459.385 2e+07 4e-07 0.0005
0.075 473.454 2e+07 4e-07 0.0005
0.0775 487.647 2e+07 4e-07 0.0005
0.08 501.936 2e+07 4e-07 0.0005
0.0825 516.296 2e+07 4e-07 0.0005
0.085 530.713 2e+07 4e-07 0.0005
0.0875 545.174 2e+07 4e-07 0.0005
0.09 559.67 2e+07 4e-07 0.0005
0.0925 574.195 2e+07 4e-07 0.0005
0.095 588.744 2e+07 4e-07 0.0005
0.0975 603.315 2e+07 4e-07 0.0005
0.1 617.903 2e+07 4e-07 0.0005
0.1025 632.508 2e+07 4e-07 0.0005
0.105 647.128 2e+07 4e-07 0.0005
0.1075 661.762 2e+07 4e-07 0.0005
0.11 676.408 2e+07 4e-07 0.0005
0.1125 691.066 2e+07 4e-07 0.0005
0.115 705.735 2e+07 4e-07 0.0005
0.1175 720.414 2e+07 4e-07 0.0005
0.12 735.103 2e+07 4e-07 0.0005
0.1225 749.8 2e+07 4e-07 0.0005
0.125 764.506 2e+07 4e-07 0.0005
0.1275 779.22 2e+07 4e-07 0.0005
0.13 793.941 2e+07 4e-07 0.0005
0.1325 808.669 2e+07 4e-07 0.0005
0.135 823.404 2e+07 4e-07 0.0005
0.1375 838.145 2e+07 4e-07 0.0005
0.14 852.892 2e+07 4e-07 0.0005
0.1425 867.644 2e+07 4e-07 0.0005
0.145 882.402 2e+07 4e-07 0.0005
0.1475 897.165 2e+07 4e-07 0.0005
0.15 911.933 2e+07 4e-07 0.0005
0.1525 926.705 2e+07 4e-07 0.0005
0.155 941.482 2e+07 4e-07 0.0005
0.1575 956.263 2e+07 4e-07 0.0005
0.16 971.047 2e+07 4e-07 0.0005
0.1625 985.836 2e+07 4e-07 0.0005
0.165 1000.63 2e+07 4e-07 0.0005
0.1675 1015.42 2e+07 4e-07 0.0005
0.17 1030.22 2e+07 4e-07 0.0005
0.1725 1045.02 2e+07 4e-07 0.0005
0.175 1059.83 2e+07 4e-07 0.0005
0.1775 1074.64 2e+07 4e-07 0.0005
0.18 1089.45 2e+07 4e-07 0.0005
0.1825 1104.26 2e+07 4e-07 0.0005
0.185 1119.08 2e+07 4e-07 0.0005
0.1875 1133.89 2e+07 4e-07 0.0005
0.19 1148.71 2e+07 4e-07 0.0005
0.1925 1163.54 2e+07 4e-07 0.0005
0.195 1178.36 2e+07 4e-07 0.0005
0.1975 1193.19 2e+07 4e-07 0.0005
0.2 1208.02 2e+07 4e-07 0.0005
0.2025 1222.85 2e+07 4e-07 0.0005
0.205 1237.68 2e+07 4e-07 0.0005
0.2075 1252.51 2e+07 4e-07 0.0005
0.21 1267.34 2e+07 4e-07 0.0005
0.2125 1282.17 2e+07 4e-07 0.0005
0.215 1297 2e+07 4e-07 0.0005
0.2175 1311.83 2e+07 4e-07 0.0005
0.22 1326.65 2e+07 4e-07 0.0005
0.2225 1341.46 2e+07 4e-07 0.0005
0.225 1356.25 2e+07 4e-07 0.0005
0.2275 1371.02 2e+07 4e-07 0.0005
0.23 1385.75 2e+07 4e-07 0.0005
0.2325 1400.43 2e+07 4e-07 0.0005
0.235 1415.05 2e+07 4e-07 0.0005
0.2375 1429.58 2e+07 4e-07 0.0005
0.24 1444 2e+07 4e-07 0.0005
0.2425 1458.29 2e+07 4e-07 0.0005
0.245 1472.4 2e+07 4e-07 0.0005
0.2475 1486.32 2e+07 4e-07 0.0005
0.25 1500 2e+07 4e-07 0.0005
