TITLE="Graphics"
VARIABLES= "rj, cm", "T, K", "Cp, J/kg*K", "rho, kg/cm^3", "Lambda, Watt/cm*K"
0 359.853 4206.48 0.00098 0.00673687
0.0025 359.913 4206.54 0.00098 0.00673717
0.005 360.078 4206.71 0.00098 0.006738
0.0075 360.364 4207.01 0.00098 0.00673941
0.01 360.763 4207.43 0.00098 0.00674136
0.0125 361.268 4207.96 0.00098 0.0067438
0.015 361.87 4208.6 0.00098 0.00674667
0.0175 362.559 4209.34 0.00098 0.00674988
0.02 363.325 4210.18 0.00098 0.00675336
0.0225 364.154 4211.1 0.00098 0.00675704
0.025 365.034 4212.08 0.00098 0.00676084
0.0275 365.95 4213.13 0.00098 0.00676468
0.03 366.889 4214.21 0.00098 0.0067685
0.0325 367.836 4215.32 0.00098 0.00677223
0.035 368.779 4216.44 0.00098 0.00677582
0.0375 369.702 4217.56 0.00098 0.00677923
0.04 370.594 4218.65 0.00098 0.00678241
0.0425 371.443 4219.7 0.00098 0.00678534
0.045 372.237 4220.7 0.00098 0.00678801
0.0475 373.648 1891.64 5.79397e-07 0.00024197
0.0476329 373 4221.67 0.00098 0.00679049
0.0476329 373 4221.67 0.00098 0.000241434
0.05 532.443 1975.72 4.06598e-07 0.000390725
0.0525 625.995 2034.4 3.45834e-07 0.00049162
0.055 700.584 2083.83 3.09014e-07 0.000577548
0.0575 762.649 2126.17 2.83866e-07 0.000652192
0.06 815.705 2162.96 2.65403e-07 0.00071798
0.0625 861.915 2195.31 2.51173e-07 0.000776609
0.065 902.725 2224.01 2.39819e-07 0.000829315
0.0675 939.153 2249.69 2.30516e-07 0.00087704
0.07 971.953 2272.8 2.22737e-07 0.000920516
0.0725 1001.7 2293.73 2.16124e-07 0.000960325
0.075 1028.83 2312.77 2.10424e-07 0.000996943
0.0775 1053.71 2330.17 2.05455e-07 0.00103076
0.08 1076.63 2346.14 2.01081e-07 0.0010621
0.0825 1097.83 2360.85 1.97199e-07 0.00109123
0.085 1117.5 2374.44 1.93727e-07 0.0011184
0.0875 1135.82 2387.03 1.90603e-07 0.0011438
0.09 1152.92 2398.72 1.87776e-07 0.0011676
0.0925 1168.93 2409.62 1.85204e-07 0.00118995
0.095 1183.95 2419.8 1.82854e-07 0.00121099
0.0975 1198.08 2429.32 1.80698e-07 0.00123083
0.1 1211.39 2438.25 1.78712e-07 0.00124958
0.1025 1223.97 2446.64 1.76876e-07 0.00126732
0.105 1235.86 2454.54 1.75174e-07 0.00128413
0.1075 1247.12 2461.98 1.73592e-07 0.00130008
0.11 1257.81 2469.01 1.72116e-07 0.00131525
0.1125 1267.97 2475.66 1.70737e-07 0.00132968
0.115 1277.64 2481.96 1.69446e-07 0.00134344
0.1175 1286.85 2487.93 1.68233e-07 0.00135656
0.12 1295.63 2493.61 1.67092e-07 0.0013691
0.1225 1304.02 2499 1.66017e-07 0.00138109
0.125 1312.05 2504.14 1.65002e-07 0.00139256
0.1275 1319.72 2509.03 1.64042e-07 0.00140355
0.13 1327.08 2513.7 1.63133e-07 0.00141409
0.1325 1334.13 2518.16 1.6227e-07 0.00142421
0.135 1340.9 2522.42 1.61451e-07 0.00143393
0.1375 1347.41 2526.5 1.60672e-07 0.00144327
0.14 1353.66 2530.41 1.5993e-07 0.00145226
0.1425 1359.67 2534.15 1.59222e-07 0.00146091
0.145 1365.47 2537.75 1.58547e-07 0.00146926
0.1475 1371.05 2541.2 1.57901e-07 0.0014773
0.15 1376.43 2544.51 1.57284e-07 0.00148506
0.1525 1381.63 2547.7 1.56692e-07 0.00149255
0.155 1386.64 2550.77 1.56126e-07 0.00149979
0.1575 1391.49 2553.72 1.55582e-07 0.00150678
0.16 1396.17 2556.56 1.5506e-07 0.00151355
0.1625 1400.7 2559.31 1.54559e-07 0.0015201
0.165 1405.08 2561.96 1.54076e-07 0.00152644
0.1675 1409.33 2564.51 1.53612e-07 0.00153258
0.17 1413.44 2566.98 1.53165e-07 0.00153854
0.1725 1417.43 2569.37 1.52734e-07 0.00154431
0.175 1421.3 2571.68 1.52319e-07 0.00154991
0.1775 1425.05 2573.91 1.51918e-07 0.00155535
0.18 1428.69 2576.07 1.5153e-07 0.00156063
0.1825 1432.23 2578.16 1.51156e-07 0.00156576
0.185 1435.66 2580.19 1.50794e-07 0.00157074
0.1875 1439 2582.16 1.50444e-07 0.00157559
0.19 1442.25 2584.07 1.50106e-07 0.0015803
0.1925 1445.41 2585.92 1.49778e-07 0.00158489
0.195 1448.49 2587.71 1.4946e-07 0.00158935
0.1975 1451.48 2589.46 1.49152e-07 0.0015937
0.2 1454.39 2591.15 1.48853e-07 0.00159794
0.2025 1457.23 2592.8 1.48563e-07 0.00160206
0.205 1460 2594.4 1.48281e-07 0.00160609
0.2075 1462.7 2595.96 1.48008e-07 0.00161001
0.21 1465.33 2597.48 1.47742e-07 0.00161383
0.2125 1467.89 2598.95 1.47484e-07 0.00161756
0.215 1470.4 2600.39 1.47233e-07 0.00162121
0.2175 1472.84 2601.79 1.46988e-07 0.00162476
0.22 1475.22 2603.15 1.46751e-07 0.00162824
0.2225 1477.55 2604.48 1.46519e-07 0.00163163
0.225 1479.83 2605.78 1.46294e-07 0.00163494
0.2275 1482.05 2607.04 1.46074e-07 0.00163818
0.23 1484.23 2608.27 1.4586e-07 0.00164135
0.2325 1486.35 2609.48 1.45652e-07 0.00164445
0.235 1488.43 2610.65 1.45449e-07 0.00164748
0.2375 1490.47 2611.8 1.4525e-07 0.00165044
0.24 1492.45 2612.92 1.45057e-07 0.00165334
0.2425 1494.4 2614.01 1.44868e-07 0.00165618
0.245 1496.31 2615.08 1.44683e-07 0.00165896
0.2475 1496.57 2615.23 1.44657e-07 0.00165935
0.25 1500 2617.15 1.44327e-07 0.00166434
