TITLE="Graphics"
VARIABLES= "rj, cm", "T, K", "Cp, J/kg*K", "rho, kg/cm^3", "Lambda, Watt/cm*K"
0 373 4221.67 0.00098 0.00679049
0.0025 373 4221.67 0.00098 0.00679049
0.005 373 4221.67 0.00098 0.00679049
0.0075 373 4221.67 0.00098 0.00679049
0.01 373 4221.67 0.00098 0.00679049
0.0125 373 4221.67 0.00098 0.00679049
0.015 373 4221.67 0.00098 0.00679049
0.0175 373 4221.67 0.00098 0.00679049
0.02 373 4221.67 0.00098 0.00679049
0.0225 373 4221.67 0.00098 0.00679049
0.025 373 4221.67 0.00098 0.00679049
0.0275 373 4221.67 0.00098 0.00679049
0.03 373 4221.67 0.00098 0.00679049
0.0325 373 4221.67 0.00098 0.00679049
0.035 373 4221.67 0.00098 0.00679049
0.0375 373 4221.67 0.00098 0.00679049
0.04 373 4221.67 0.00098 0.00679049
0.0425 373 4221.67 0.00098 0.00679049
0.045 373 4221.67 0.00098 0.00679049
0.0475 373 4221.67 0.00098 0.00679049
0.0475003 373 4221.67 0.00098 0.00679049
0.0475003 373 4221.67 0.00098 0.000241434
0.05 532.339 1975.66 4.06677e-07 0.000390618
0.0525 623.53 2032.8 3.47201e-07 0.000488858
0.055 696.847 2081.31 3.10671e-07 0.00057314
0.0575 758.178 2123.09 2.8554e-07 0.000646728
0.06 810.804 2159.55 2.67007e-07 0.000711832
0.0625 856.77 2191.7 2.52682e-07 0.000770023
0.065 897.454 2220.3 2.41227e-07 0.000822461
0.0675 933.838 2245.94 2.31829e-07 0.000870039
0.07 966.648 2269.06 2.2396e-07 0.000913453
0.0725 996.44 2290.03 2.17264e-07 0.000953264
0.075 1023.65 2309.14 2.11489e-07 0.00098993
0.0775 1048.63 2326.62 2.06451e-07 0.00102383
0.08 1071.65 2342.68 2.02015e-07 0.00105527
0.0825 1092.97 2357.48 1.98076e-07 0.00108454
0.085 1112.76 2371.17 1.94552e-07 0.00111184
0.0875 1131.2 2383.86 1.9138e-07 0.00113739
0.09 1148.43 2395.66 1.88509e-07 0.00116135
0.0925 1164.57 2406.66 1.85897e-07 0.00118386
0.095 1179.72 2416.94 1.83509e-07 0.00120507
0.0975 1193.98 2426.56 1.81318e-07 0.00122507
0.1 1207.42 2435.59 1.793e-07 0.00124398
0.1025 1220.12 2444.08 1.77434e-07 0.00126188
0.105 1232.13 2452.07 1.75704e-07 0.00127885
0.1075 1243.52 2459.6 1.74095e-07 0.00129497
0.11 1254.32 2466.72 1.72595e-07 0.00131029
0.1125 1264.6 2473.46 1.71193e-07 0.00132488
0.115 1274.37 2479.84 1.6988e-07 0.00133879
0.1175 1283.69 2485.89 1.68647e-07 0.00135206
0.12 1292.58 2491.64 1.67487e-07 0.00136474
0.1225 1301.08 2497.11 1.66393e-07 0.00137687
0.125 1309.2 2502.32 1.65361e-07 0.00138848
0.1275 1316.97 2507.28 1.64385e-07 0.00139961
0.13 1324.42 2512.02 1.6346e-07 0.00141029
0.1325 1331.57 2516.54 1.62583e-07 0.00142053
0.135 1338.43 2520.87 1.61749e-07 0.00143038
0.1375 1345.02 2525.01 1.60957e-07 0.00143984
0.14 1351.36 2528.97 1.60202e-07 0.00144895
0.1425 1357.46 2532.77 1.59482e-07 0.00145773
0.145 1363.33 2536.42 1.58795e-07 0.00146618
0.1475 1368.99 2539.93 1.58138e-07 0.00147433
0.15 1374.45 2543.29 1.5751e-07 0.0014822
0.1525 1379.72 2546.53 1.56909e-07 0.0014898
0.155 1384.81 2549.65 1.56332e-07 0.00149714
0.1575 1389.72 2552.65 1.55779e-07 0.00150424
0.16 1394.48 2555.54 1.55248e-07 0.00151111
0.1625 1399.08 2558.33 1.54738e-07 0.00151775
0.165 1403.53 2561.02 1.54247e-07 0.00152419
0.1675 1407.84 2563.61 1.53775e-07 0.00153042
0.17 1412.01 2566.12 1.5332e-07 0.00153647
0.1725 1416.06 2568.55 1.52882e-07 0.00154233
0.175 1419.99 2570.9 1.52459e-07 0.00154802
0.1775 1423.8 2573.17 1.52051e-07 0.00155354
0.18 1427.5 2575.36 1.51657e-07 0.0015589
0.1825 1431.09 2577.49 1.51276e-07 0.00156411
0.185 1434.58 2579.55 1.50908e-07 0.00156917
0.1875 1437.98 2581.55 1.50552e-07 0.0015741
0.19 1441.28 2583.49 1.50207e-07 0.00157889
0.1925 1444.49 2585.37 1.49874e-07 0.00158355
0.195 1447.61 2587.2 1.4955e-07 0.00158808
0.1975 1450.65 2588.98 1.49236e-07 0.0015925
0.2 1453.61 2590.7 1.48932e-07 0.00159681
0.2025 1456.5 2592.38 1.48637e-07 0.001601
0.205 1459.31 2594.01 1.48351e-07 0.00160509
0.2075 1462.06 2595.59 1.48073e-07 0.00160908
0.21 1464.73 2597.13 1.47802e-07 0.00161296
0.2125 1467.34 2598.63 1.47539e-07 0.00161676
0.215 1469.88 2600.09 1.47284e-07 0.00162046
0.2175 1472.37 2601.52 1.47035e-07 0.00162408
0.22 1474.79 2602.91 1.46793e-07 0.00162761
0.2225 1477.16 2604.26 1.46558e-07 0.00163106
0.225 1479.48 2605.58 1.46329e-07 0.00163443
0.2275 1481.74 2606.86 1.46105e-07 0.00163773
0.23 1483.95 2608.12 1.45888e-07 0.00164095
0.2325 1486.12 2609.34 1.45675e-07 0.0016441
0.235 1488.23 2610.54 1.45468e-07 0.00164718
0.2375 1490.3 2611.7 1.45266e-07 0.0016502
0.24 1492.32 2612.84 1.45069e-07 0.00165315
0.2425 1494.3 2613.96 1.44877e-07 0.00165603
0.245 1496.24 2615.04 1.44689e-07 0.00165886
0.2475 1499.74 2617 1.44352e-07 0.00166396
0.25 1500 2617.15 1.44327e-07 0.00166434
