TITLE="Graphics"
VARIABLES= "rj, cm", "T, K", "Cp, J/kg*K", "rho, kg/cm^3", "Lambda, Watt/cm*K"
0 367.367 4214.77 0.00098 0.0067704
0.0025 367.391 4214.8 0.00098 0.00677049
0.005 367.46 4214.88 0.00098 0.00677077
0.0075 367.579 4215.02 0.00098 0.00677123
0.01 367.745 4215.21 0.00098 0.00677188
0.0125 367.955 4215.46 0.00098 0.00677269
0.015 368.205 4215.76 0.00098 0.00677365
0.0175 368.49 4216.1 0.00098 0.00677473
0.02 368.806 4216.47 0.00098 0.00677592
0.0225 369.148 4216.89 0.00098 0.0067772
0.025 369.511 4217.32 0.00098 0.00677853
0.0275 369.89 4217.79 0.00098 0.00677991
0.03 370.282 4218.26 0.00098 0.00678131
0.0325 370.683 4218.76 0.00098 0.00678272
0.035 371.093 4219.26 0.00098 0.00678414
0.0375 371.513 4219.79 0.00098 0.00678558
0.04 371.946 4220.33 0.00098 0.00678704
0.0425 372.399 4220.9 0.00098 0.00678854
0.045 372.879 4221.51 0.00098 0.0067901
0.0475 372.822 4221.44 0.00098 0.00678992
0.04775 373 4221.67 0.00098 0.00679049
0.04775 373 4221.67 0.00098 0.000241434
0.05 517.885 1967.04 4.18028e-07 0.000375809
0.0525 611.612 2025.1 3.53967e-07 0.000475578
0.055 686.569 2074.4 3.15322e-07 0.000561071
0.0575 749.08 2116.84 2.89008e-07 0.000635649
0.06 802.612 2153.84 2.69732e-07 0.000701587
0.0625 849.307 2186.46 2.54902e-07 0.000760496
0.065 890.596 2215.47 2.43085e-07 0.000813564
0.0675 927.495 2241.47 2.33414e-07 0.0008617
0.07 960.75 2264.91 2.25335e-07 0.000905615
0.0725 990.933 2286.16 2.18471e-07 0.000945879
0.075 1018.49 2305.52 2.1256e-07 0.000982956
0.0775 1043.78 2323.23 2.0741e-07 0.00101723
0.08 1067.09 2339.5 2.0288e-07 0.00104902
0.0825 1088.66 2354.49 1.9886e-07 0.00107861
0.085 1108.69 2368.35 1.95268e-07 0.00110621
0.0875 1127.34 2381.21 1.92036e-07 0.00113203
0.09 1144.77 2393.16 1.89112e-07 0.00115625
0.0925 1161.09 2404.3 1.86454e-07 0.001179
0.095 1176.42 2414.7 1.84025e-07 0.00120043
0.0975 1190.83 2424.44 1.81797e-07 0.00122065
0.1 1204.42 2433.58 1.79746e-07 0.00123976
0.1025 1217.26 2442.17 1.77851e-07 0.00125785
0.105 1229.4 2450.26 1.76094e-07 0.001275
0.1075 1240.91 2457.88 1.74461e-07 0.00129128
0.11 1251.84 2465.09 1.72938e-07 0.00130676
0.1125 1262.22 2471.9 1.71516e-07 0.00132151
0.115 1272.1 2478.36 1.70183e-07 0.00133556
0.1175 1281.52 2484.48 1.68933e-07 0.00134897
0.12 1290.5 2490.3 1.67756e-07 0.00136178
0.1225 1299.09 2495.83 1.66648e-07 0.00137403
0.125 1307.29 2501.1 1.65602e-07 0.00138576
0.1275 1315.15 2506.12 1.64613e-07 0.001397
0.13 1322.68 2510.91 1.63676e-07 0.00140778
0.1325 1329.9 2515.48 1.62787e-07 0.00141813
0.135 1336.83 2519.86 1.61943e-07 0.00142808
0.1375 1343.49 2524.05 1.6114e-07 0.00143764
0.14 1349.89 2528.06 1.60376e-07 0.00144684
0.1425 1356.05 2531.9 1.59647e-07 0.0014557
0.145 1361.99 2535.59 1.58952e-07 0.00146424
0.1475 1367.7 2539.13 1.58287e-07 0.00147248
0.15 1373.22 2542.53 1.57652e-07 0.00148043
0.1525 1378.54 2545.81 1.57043e-07 0.0014881
0.155 1383.68 2548.96 1.5646e-07 0.00149552
0.1575 1388.65 2551.99 1.559e-07 0.00150268
0.16 1393.45 2554.91 1.55363e-07 0.00150962
0.1625 1398.09 2557.73 1.54847e-07 0.00151633
0.165 1402.59 2560.45 1.54351e-07 0.00152283
0.1675 1406.94 2563.07 1.53873e-07 0.00152912
0.17 1411.16 2565.61 1.53413e-07 0.00153523
0.1725 1415.25 2568.06 1.5297e-07 0.00154115
0.175 1419.21 2570.43 1.52543e-07 0.00154689
0.1775 1423.06 2572.73 1.5213e-07 0.00155247
0.18 1426.8 2574.95 1.51732e-07 0.00155788
0.1825 1430.42 2577.1 1.51347e-07 0.00156314
0.185 1433.95 2579.18 1.50975e-07 0.00156825
0.1875 1437.38 2581.2 1.50615e-07 0.00157323
0.19 1440.71 2583.16 1.50267e-07 0.00157806
0.1925 1443.95 2585.06 1.49929e-07 0.00158277
0.195 1447.1 2586.91 1.49602e-07 0.00158735
0.1975 1450.18 2588.7 1.49285e-07 0.00159181
0.2 1453.17 2590.44 1.48978e-07 0.00159616
0.2025 1456.08 2592.13 1.4868e-07 0.00160039
0.205 1458.92 2593.78 1.48391e-07 0.00160452
0.2075 1461.69 2595.38 1.4811e-07 0.00160854
0.21 1464.39 2596.94 1.47836e-07 0.00161247
0.2125 1467.02 2598.45 1.47571e-07 0.0016163
0.215 1469.59 2599.93 1.47313e-07 0.00162004
0.2175 1472.1 2601.37 1.47062e-07 0.00162369
0.22 1474.55 2602.77 1.46818e-07 0.00162726
0.2225 1476.94 2604.13 1.4658e-07 0.00163074
0.225 1479.28 2605.46 1.46348e-07 0.00163415
0.2275 1481.57 2606.76 1.46123e-07 0.00163747
0.23 1483.8 2608.03 1.45903e-07 0.00164072
0.2325 1485.98 2609.27 1.45688e-07 0.0016439
0.235 1488.12 2610.47 1.45479e-07 0.00164702
0.2375 1490.2 2611.65 1.45275e-07 0.00165006
0.24 1492.25 2612.8 1.45077e-07 0.00165304
0.2425 1494.25 2613.92 1.44882e-07 0.00165595
0.245 1496.21 2615.02 1.44693e-07 0.00165881
0.2475 1496.52 2615.2 1.44662e-07 0.00165927
0.25 1500 2617.15 1.44327e-07 0.00166434
