TITLE="Graphics"
VARIABLES= "rj, cm", "T, K", "Cp, J/kg*K", "rho, kg/cm^3", "Lambda, Watt/cm*K"
0 319.327 4181.4 0.00098 0.00638905
0.0025 319.546 4181.43 0.00098 0.00639184
0.005 320.153 4181.51 0.00098 0.00639949
0.0075 321.205 4181.67 0.00098 0.00641255
0.01 322.686 4181.96 0.00098 0.00643049
0.0125 324.576 4182.42 0.00098 0.00645266
0.015 326.854 4183.11 0.00098 0.00647833
0.0175 329.492 4184.08 0.00098 0.00650665
0.02 332.46 4185.39 0.00098 0.00653676
0.0225 335.717 4187.08 0.00098 0.00656775
0.025 339.223 4189.16 0.00098 0.00659878
0.0275 342.926 4191.65 0.00098 0.00662903
0.03 346.775 4194.53 0.00098 0.00665782
0.0325 350.711 4197.79 0.00098 0.00668457
0.035 354.673 4201.36 0.00098 0.00670888
0.0375 358.599 4205.19 0.00098 0.00673048
0.04 362.427 4209.2 0.00098 0.00674927
0.0425 366.095 4213.29 0.00098 0.00676528
0.045 369.546 4217.37 0.00098 0.00677866
0.0475 375.693 1892.52 5.76243e-07 0.000243666
0.0477474 373 4221.67 0.00098 0.00679049
0.0477474 373 4221.67 0.00098 0.000241434
0.05 551.171 1987.09 3.92782e-07 0.000410241
0.0525 648.726 2049.26 3.33716e-07 0.000517334
0.055 725.098 2100.45 2.98567e-07 0.000606713
0.0575 787.894 2143.62 2.74771e-07 0.000683282
0.06 841.109 2180.72 2.57387e-07 0.000750066
0.0625 887.143 2213.04 2.44031e-07 0.000809093
0.065 927.571 2241.52 2.33395e-07 0.000861801
0.0675 963.491 2266.84 2.24694e-07 0.000909256
0.07 995.702 2289.51 2.17425e-07 0.000952275
0.0725 1024.81 2309.95 2.11249e-07 0.000991501
0.075 1051.28 2328.48 2.0593e-07 0.00102745
0.0775 1075.49 2345.35 2.01294e-07 0.00106053
0.08 1097.74 2360.78 1.97215e-07 0.0010911
0.0825 1118.26 2374.96 1.93596e-07 0.00111945
0.085 1137.27 2388.02 1.9036e-07 0.00114581
0.0875 1154.93 2400.1 1.87448e-07 0.00117041
0.09 1171.4 2411.3 1.84813e-07 0.00119341
0.0925 1186.79 2421.72 1.82417e-07 0.00121497
0.095 1201.21 2431.42 1.80227e-07 0.00123523
0.0975 1214.75 2440.49 1.78218e-07 0.00125431
0.1 1227.5 2448.99 1.76367e-07 0.0012723
0.1025 1239.51 2456.96 1.74657e-07 0.0012893
0.105 1250.87 2464.45 1.73072e-07 0.00130539
0.1075 1261.62 2471.51 1.71597e-07 0.00132065
0.11 1271.8 2478.16 1.70223e-07 0.00133513
0.1125 1281.47 2484.45 1.68938e-07 0.00134891
0.115 1290.67 2490.41 1.67735e-07 0.00136201
0.1175 1299.42 2496.05 1.66605e-07 0.00137451
0.12 1307.76 2501.4 1.65542e-07 0.00138643
0.1225 1315.72 2506.48 1.64541e-07 0.00139782
0.125 1323.33 2511.32 1.63595e-07 0.00140872
0.1275 1330.6 2515.93 1.62701e-07 0.00141914
0.13 1337.57 2520.32 1.61854e-07 0.00142914
0.1325 1344.24 2524.52 1.6105e-07 0.00143872
0.135 1350.64 2528.52 1.60287e-07 0.00144792
0.1375 1356.79 2532.36 1.59561e-07 0.00145676
0.14 1362.69 2536.03 1.5887e-07 0.00146526
0.1425 1368.37 2539.54 1.5821e-07 0.00147344
0.145 1373.84 2542.91 1.57581e-07 0.00148131
0.1475 1379.1 2546.15 1.56979e-07 0.00148891
0.15 1384.17 2549.26 1.56404e-07 0.00149623
0.1525 1389.06 2552.24 1.55853e-07 0.00150329
0.155 1393.79 2555.12 1.55325e-07 0.00151011
0.1575 1398.35 2557.89 1.54819e-07 0.0015167
0.16 1402.75 2560.55 1.54332e-07 0.00152307
0.1625 1407.01 2563.12 1.53865e-07 0.00152923
0.165 1411.14 2565.6 1.53416e-07 0.0015352
0.1675 1415.13 2567.99 1.52983e-07 0.00154097
0.17 1418.99 2570.3 1.52566e-07 0.00154657
0.1725 1422.74 2572.53 1.52165e-07 0.001552
0.175 1426.37 2574.69 1.51778e-07 0.00155726
0.1775 1429.89 2576.78 1.51404e-07 0.00156236
0.18 1433.3 2578.8 1.51043e-07 0.00156732
0.1825 1436.62 2580.76 1.50694e-07 0.00157213
0.185 1439.84 2582.65 1.50357e-07 0.00157681
0.1875 1442.97 2584.49 1.50031e-07 0.00158135
0.19 1446.02 2586.27 1.49715e-07 0.00158577
0.1925 1448.98 2588 1.49409e-07 0.00159007
0.195 1451.86 2589.68 1.49113e-07 0.00159425
0.1975 1454.66 2591.31 1.48825e-07 0.00159832
0.2 1457.39 2592.89 1.48547e-07 0.00160229
0.2025 1460.05 2594.43 1.48276e-07 0.00160615
0.205 1462.63 2595.92 1.48014e-07 0.00160992
0.2075 1465.16 2597.38 1.47759e-07 0.00161359
0.21 1467.62 2598.79 1.47511e-07 0.00161717
0.2125 1470.02 2600.17 1.47271e-07 0.00162066
0.215 1472.36 2601.51 1.47036e-07 0.00162406
0.2175 1474.64 2602.82 1.46809e-07 0.00162739
0.22 1476.87 2604.09 1.46587e-07 0.00163063
0.2225 1479.05 2605.33 1.46371e-07 0.0016338
0.225 1481.17 2606.54 1.46161e-07 0.0016369
0.2275 1483.25 2607.72 1.45957e-07 0.00163993
0.23 1485.28 2608.87 1.45757e-07 0.00164288
0.2325 1487.27 2609.99 1.45563e-07 0.00164578
0.235 1489.21 2611.09 1.45373e-07 0.0016486
0.2375 1491.1 2612.16 1.45188e-07 0.00165137
0.24 1492.96 2613.2 1.45007e-07 0.00165408
0.2425 1494.78 2614.22 1.44831e-07 0.00165673
0.245 1496.56 2615.22 1.44659e-07 0.00165932
0.2475 1496.7 2615.3 1.44645e-07 0.00165953
0.25 1500 2617.15 1.44327e-07 0.00166434
