TITLE="Graphics"
VARIABLES= "rj, cm", "T, K", "Cp, J/kg*K", "rho, kg/cm^3", "Lambda, Watt/cm*K"
0 366.947 4214.28 0.00098 0.00676873
0.0025 366.971 4214.31 0.00098 0.00676883
0.005 367.036 4214.38 0.00098 0.00676909
0.0075 367.148 4214.51 0.00098 0.00676953
0.01 367.305 4214.7 0.00098 0.00677016
0.0125 367.506 4214.93 0.00098 0.00677094
0.015 367.747 4215.22 0.00098 0.00677189
0.0175 368.026 4215.54 0.00098 0.00677296
0.02 368.338 4215.92 0.00098 0.00677416
0.0225 368.681 4216.33 0.00098 0.00677546
0.025 369.05 4216.77 0.00098 0.00677683
0.0275 369.44 4217.24 0.00098 0.00677827
0.03 369.849 4217.73 0.00098 0.00677976
0.0325 370.269 4218.25 0.00098 0.00678126
0.035 370.698 4218.78 0.00098 0.00678278
0.0375 371.131 4219.31 0.00098 0.00678428
0.04 371.563 4219.85 0.00098 0.00678575
0.0425 371.99 4220.39 0.00098 0.00678718
0.045 372.408 4220.91 0.00098 0.00678857
0.0475 372.814 4221.43 0.00098 0.00678989
0.04775 373.859 1891.73 5.7907e-07 0.000242145
0.04775 373.859 1891.73 5.7907e-07 0.000242145
0.05 519.724 1968.13 4.16548e-07 0.000377681
0.0525 613.551 2026.35 3.52848e-07 0.00047773
0.055 688.52 2075.71 3.14429e-07 0.000563356
0.0575 751.002 2118.16 2.88268e-07 0.000637985
0.06 804.486 2155.15 2.69104e-07 0.000703928
0.0625 851.123 2187.74 2.54358e-07 0.000762812
0.065 892.349 2216.71 2.42607e-07 0.000815837
0.0675 929.183 2242.66 2.3299e-07 0.000863917
0.07 962.373 2266.05 2.24955e-07 0.00090777
0.0725 992.491 2287.25 2.18128e-07 0.000947967
0.075 1019.99 2306.57 2.12248e-07 0.000984976
0.0775 1045.21 2324.23 2.07126e-07 0.00101918
0.08 1068.46 2340.46 2.02618e-07 0.00105091
0.0825 1089.98 2355.41 1.98619e-07 0.00108042
0.085 1109.95 2369.23 1.95045e-07 0.00110796
0.0875 1128.55 2382.04 1.9183e-07 0.00113371
0.09 1145.93 2393.95 1.88921e-07 0.00115787
0.0925 1162.21 2405.05 1.86275e-07 0.00118056
0.095 1177.48 2415.43 1.83858e-07 0.00120193
0.0975 1191.86 2425.13 1.81641e-07 0.00122209
0.1 1205.41 2434.24 1.796e-07 0.00124114
0.1025 1218.2 2442.8 1.77713e-07 0.00125918
0.105 1230.31 2450.86 1.75964e-07 0.00127627
0.1075 1241.78 2458.46 1.74339e-07 0.00129251
0.11 1252.67 2465.63 1.72823e-07 0.00130794
0.1125 1263.02 2472.42 1.71407e-07 0.00132264
0.115 1272.87 2478.86 1.70081e-07 0.00133665
0.1175 1282.25 2484.96 1.68836e-07 0.00135001
0.12 1291.21 2490.75 1.67665e-07 0.00136278
0.1225 1299.76 2496.27 1.66561e-07 0.001375
0.125 1307.94 2501.51 1.6552e-07 0.00138669
0.1275 1315.77 2506.52 1.64535e-07 0.00139789
0.13 1323.28 2511.29 1.63602e-07 0.00140864
0.1325 1330.47 2515.85 1.62717e-07 0.00141896
0.135 1337.38 2520.21 1.61877e-07 0.00142887
0.1375 1344.02 2524.38 1.61077e-07 0.0014384
0.14 1350.4 2528.37 1.60316e-07 0.00144757
0.1425 1356.54 2532.2 1.5959e-07 0.0014564
0.145 1362.45 2535.88 1.58898e-07 0.00146491
0.1475 1368.15 2539.4 1.58236e-07 0.00147312
0.15 1373.65 2542.8 1.57603e-07 0.00148104
0.1525 1378.95 2546.06 1.56997e-07 0.00148869
0.155 1384.07 2549.19 1.56416e-07 0.00149608
0.1575 1389.02 2552.22 1.55858e-07 0.00150322
0.16 1393.8 2555.13 1.55323e-07 0.00151013
0.1625 1398.43 2557.94 1.54809e-07 0.00151682
0.165 1402.91 2560.65 1.54315e-07 0.0015233
0.1675 1407.25 2563.26 1.53839e-07 0.00152957
0.17 1411.45 2565.79 1.53381e-07 0.00153566
0.1725 1415.53 2568.23 1.52939e-07 0.00154156
0.175 1419.48 2570.59 1.52514e-07 0.00154728
0.1775 1423.32 2572.88 1.52103e-07 0.00155284
0.18 1427.04 2575.09 1.51706e-07 0.00155823
0.1825 1430.66 2577.23 1.51322e-07 0.00156348
0.185 1434.17 2579.31 1.50952e-07 0.00156857
0.1875 1437.59 2581.32 1.50593e-07 0.00157353
0.19 1440.91 2583.28 1.50246e-07 0.00157835
0.1925 1444.14 2585.17 1.4991e-07 0.00158304
0.195 1447.28 2587.01 1.49584e-07 0.0015876
0.1975 1450.34 2588.8 1.49268e-07 0.00159205
0.2 1453.32 2590.53 1.48962e-07 0.00159638
0.2025 1456.23 2592.22 1.48665e-07 0.0016006
0.205 1459.06 2593.86 1.48377e-07 0.00160472
0.2075 1461.82 2595.45 1.48097e-07 0.00160873
0.21 1464.51 2597 1.47824e-07 0.00161264
0.2125 1467.13 2598.52 1.4756e-07 0.00161646
0.215 1469.7 2599.99 1.47303e-07 0.00162019
0.2175 1472.2 2601.42 1.47053e-07 0.00162383
0.22 1474.64 2602.82 1.46809e-07 0.00162738
0.2225 1477.02 2604.18 1.46572e-07 0.00163085
0.225 1479.35 2605.5 1.46341e-07 0.00163425
0.2275 1481.63 2606.8 1.46116e-07 0.00163756
0.23 1483.85 2608.06 1.45897e-07 0.0016408
0.2325 1486.03 2609.29 1.45684e-07 0.00164397
0.235 1488.16 2610.49 1.45475e-07 0.00164707
0.2375 1490.24 2611.67 1.45272e-07 0.00165011
0.24 1492.27 2612.82 1.45074e-07 0.00165308
0.2425 1494.27 2613.94 1.44881e-07 0.00165598
0.245 1496.22 2615.03 1.44692e-07 0.00165883
0.2475 1498.13 2616.1 1.44507e-07 0.00166161
0.25 1500 2617.15 1.44327e-07 0.00166434
