TITLE="Graphics"
VARIABLES= "rj, cm", "T, K", "Cp, J/kg*K", "rho, kg/cm^3", "Lambda, Watt/cm*K"
0 368.498 4216.11 0.00098 0.00677476
0.0025 368.516 4216.13 0.00098 0.00677483
0.005 368.567 4216.19 0.00098 0.00677503
0.0075 368.655 4216.29 0.00098 0.00677536
0.01 368.778 4216.44 0.00098 0.00677582
0.0125 368.935 4216.63 0.00098 0.00677641
0.015 369.124 4216.86 0.00098 0.00677711
0.0175 369.342 4217.12 0.00098 0.00677791
0.02 369.588 4217.42 0.00098 0.00677881
0.0225 369.859 4217.75 0.00098 0.0067798
0.025 370.154 4218.11 0.00098 0.00678085
0.0275 370.469 4218.49 0.00098 0.00678197
0.03 370.804 4218.91 0.00098 0.00678314
0.0325 371.155 4219.34 0.00098 0.00678436
0.035 371.521 4219.8 0.00098 0.00678561
0.0375 371.898 4220.27 0.00098 0.00678688
0.04 372.284 4220.76 0.00098 0.00678816
0.0425 372.669 4221.24 0.00098 0.00678942
0.045 370.407 4218.42 0.00098 0.00678175
0.0475 372.548 4221.09 0.00098 0.00678903
0.0477294 373 4221.67 0.00098 0.00679049
0.0477294 373 4221.67 0.00098 0.000241434
0.05 562.519 1994.08 3.84859e-07 0.00042224
0.0525 658.509 2055.71 3.28758e-07 0.000528532
0.055 733.172 2105.95 2.95279e-07 0.000616411
0.0575 794.323 2148.08 2.72547e-07 0.000691262
0.06 846.017 2184.16 2.55894e-07 0.000756306
0.0625 890.669 2215.53 2.43065e-07 0.000813659
0.065 929.852 2243.13 2.32822e-07 0.000864797
0.0675 964.657 2267.66 2.24422e-07 0.000910805
0.07 995.874 2289.63 2.17387e-07 0.000952505
0.0725 1024.1 2309.45 2.11396e-07 0.000990535
0.075 1049.78 2327.43 2.06224e-07 0.0010254
0.0775 1073.3 2343.82 2.01706e-07 0.00105753
0.08 1094.93 2358.84 1.97721e-07 0.00108724
0.0825 1114.92 2372.65 1.94176e-07 0.00111482
0.085 1133.46 2385.41 1.91e-07 0.00114052
0.0875 1150.71 2397.22 1.88136e-07 0.00116452
0.09 1166.82 2408.19 1.85538e-07 0.00118701
0.0925 1181.91 2418.42 1.8317e-07 0.00120813
0.095 1196.07 2427.97 1.81001e-07 0.00122801
0.0975 1209.39 2436.91 1.79007e-07 0.00124676
0.1 1221.96 2445.3 1.77167e-07 0.00126448
0.1025 1233.83 2453.19 1.75462e-07 0.00128126
0.105 1245.07 2460.63 1.73878e-07 0.00129717
0.1075 1255.73 2467.64 1.72403e-07 0.00131228
0.11 1265.85 2474.28 1.71024e-07 0.00132666
0.1125 1275.48 2480.56 1.69733e-07 0.00134036
0.115 1284.65 2486.51 1.68521e-07 0.00135343
0.1175 1293.4 2492.17 1.67381e-07 0.00136591
0.12 1301.75 2497.54 1.66307e-07 0.00137784
0.1225 1309.74 2502.66 1.65292e-07 0.00138926
0.125 1317.39 2507.54 1.64333e-07 0.00140021
0.1275 1324.72 2512.2 1.63424e-07 0.00141071
0.13 1331.75 2516.65 1.62561e-07 0.00142078
0.1325 1338.5 2520.91 1.61741e-07 0.00143047
0.135 1344.98 2524.98 1.60962e-07 0.00143978
0.1375 1351.22 2528.89 1.60219e-07 0.00144875
0.14 1357.22 2532.63 1.5951e-07 0.00145739
0.1425 1363.01 2536.22 1.58833e-07 0.00146571
0.145 1368.58 2539.67 1.58186e-07 0.00147375
0.1475 1373.96 2542.99 1.57566e-07 0.0014815
0.15 1379.16 2546.18 1.56973e-07 0.00148899
0.1525 1384.17 2549.26 1.56404e-07 0.00149623
0.155 1389.02 2552.22 1.55858e-07 0.00150323
0.1575 1393.71 2555.07 1.55333e-07 0.00151001
0.16 1398.25 2557.83 1.54829e-07 0.00151657
0.1625 1402.65 2560.49 1.54344e-07 0.00152292
0.165 1406.91 2563.06 1.53877e-07 0.00152908
0.1675 1411.04 2565.54 1.53426e-07 0.00153505
0.17 1415.04 2567.94 1.52992e-07 0.00154085
0.1725 1418.92 2570.26 1.52574e-07 0.00154647
0.175 1422.69 2572.51 1.52169e-07 0.00155194
0.1775 1426.36 2574.68 1.51779e-07 0.00155724
0.18 1429.91 2576.79 1.51401e-07 0.0015624
0.1825 1433.37 2578.84 1.51036e-07 0.00156741
0.185 1436.73 2580.82 1.50682e-07 0.00157229
0.1875 1440 2582.74 1.5034e-07 0.00157704
0.19 1443.18 2584.61 1.50009e-07 0.00158165
0.1925 1446.28 2586.42 1.49688e-07 0.00158615
0.195 1449.3 2588.19 1.49376e-07 0.00159053
0.1975 1452.23 2589.9 1.49074e-07 0.0015948
0.2 1455.1 2591.56 1.48781e-07 0.00159896
0.2025 1457.89 2593.18 1.48496e-07 0.00160301
0.205 1460.61 2594.75 1.48219e-07 0.00160697
0.2075 1463.26 2596.29 1.47951e-07 0.00161083
0.21 1465.85 2597.78 1.47689e-07 0.00161459
0.2125 1468.37 2599.23 1.47435e-07 0.00161827
0.215 1470.84 2600.64 1.47188e-07 0.00162185
0.2175 1473.24 2602.02 1.46948e-07 0.00162535
0.22 1475.59 2603.36 1.46714e-07 0.00162878
0.2225 1477.89 2604.67 1.46486e-07 0.00163212
0.225 1480.13 2605.95 1.46264e-07 0.00163538
0.2275 1482.32 2607.19 1.46048e-07 0.00163858
0.23 1484.47 2608.41 1.45837e-07 0.0016417
0.2325 1486.56 2609.59 1.45632e-07 0.00164475
0.235 1488.61 2610.75 1.45431e-07 0.00164773
0.2375 1490.61 2611.88 1.45236e-07 0.00165065
0.24 1492.57 2612.98 1.45045e-07 0.00165351
0.2425 1494.49 2614.06 1.44859e-07 0.00165631
0.245 1496.37 2615.11 1.44677e-07 0.00165904
0.2475 1498.2 2616.14 1.445e-07 0.00166172
0.25 1500 2617.15 1.44327e-07 0.00166434
