TITLE="Graphics"
VARIABLES= "rj, m", "T, K", "Cp, J/kg*K", "rho, kg/m^3", "Lambda, Watt/m*K"
0 300 4186.17 980 0.61001
2.5e-05 300 4186.17 980 0.61001
5e-05 300 4186.17 980 0.61001
7.5e-05 300 4186.17 980 0.61001
0.0001 300 4186.17 980 0.61001
0.000125 300 4186.17 980 0.61001
0.00015 300 4186.17 980 0.61001
0.000175 300 4186.17 980 0.61001
0.0002 300 4186.17 980 0.61001
0.000225 300 4186.17 980 0.61001
0.00025 300 4186.17 980 0.61001
0.000275 300 4186.17 980 0.61001
0.0003 300 4186.17 980 0.61001
0.000325 300 4186.17 980 0.61001
0.00035 300 4186.17 980 0.61001
0.000375 300 4186.17 980 0.61001
0.0004 300 4186.17 980 0.61001
0.000425 300 4186.17 980 0.61001
0.00045 300 4186.17 980 0.61001
0.000475 300 4186.17 980 0.610011
0.0005 300.128 4186.09 980 0.610225
0.0005125 328.191 4183.58 980 0.649287
0.0005125 328.191 4183.58 980 0.0206053
0.000525 1141.43 2390.87 0.189667 0.115159
0.00055 1261.84 2471.65 0.171567 0.132097
0.000575 1342.46 2523.4 0.161263 0.143617
0.0006 1397.3 2557.25 0.154934 0.151519
0.000625 1434.45 2579.48 0.150922 0.156898
0.00065 1459.22 2593.95 0.14836 0.160496
0.000675 1475.36 2603.23 0.146737 0.162843
0.0007 1485.57 2609.03 0.145728 0.164331
0.000725 1491.83 2612.57 0.145117 0.165243
0.00075 1495.53 2614.65 0.144758 0.165783
0.000775 1497.64 2615.83 0.144554 0.16609
0.0008 1498.8 2616.48 0.144442 0.166259
0.000825 1499.41 2616.82 0.144384 0.166348
0.00085 1499.72 2616.99 0.144354 0.166393
0.000875 1499.87 2617.07 0.144339 0.166416
0.0009 1499.94 2617.11 0.144332 0.166426
0.000925 1499.98 2617.13 0.144329 0.166431
0.00095 1499.99 2617.14 0.144328 0.166433
0.000975 1500 2617.14 0.144327 0.166434
0.001 1500 2617.15 0.144327 0.166434
0.001025 1500 2617.15 0.144327 0.166434
0.00105 1500 2617.15 0.144327 0.166434
0.001075 1500 2617.15 0.144327 0.166434
0.0011 1500 2617.15 0.144327 0.166434
0.001125 1500 2617.15 0.144327 0.166434
0.00115 1500 2617.15 0.144327 0.166434
0.001175 1500 2617.15 0.144327 0.166434
0.0012 1500 2617.15 0.144327 0.166434
0.001225 1500 2617.15 0.144327 0.166434
0.00125 1500 2617.15 0.144327 0.166434
0.001275 1500 2617.15 0.144327 0.166434
0.0013 1500 2617.15 0.144327 0.166434
0.001325 1500 2617.15 0.144327 0.166434
0.00135 1500 2617.15 0.144327 0.166434
0.001375 1500 2617.15 0.144327 0.166434
0.0014 1500 2617.15 0.144327 0.166434
0.001425 1500 2617.15 0.144327 0.166434
0.00145 1500 2617.15 0.144327 0.166434
0.001475 1500 2617.15 0.144327 0.166434
0.0015 1500 2617.15 0.144327 0.166434
0.001525 1500 2617.15 0.144327 0.166434
0.00155 1500 2617.15 0.144327 0.166434
0.001575 1500 2617.15 0.144327 0.166434
0.0016 1500 2617.15 0.144327 0.166434
0.001625 1500 2617.15 0.144327 0.166434
0.00165 1500 2617.15 0.144327 0.166434
0.001675 1500 2617.15 0.144327 0.166434
0.0017 1500 2617.15 0.144327 0.166434
0.001725 1500 2617.15 0.144327 0.166434
0.00175 1500 2617.15 0.144327 0.166434
0.001775 1500 2617.15 0.144327 0.166434
0.0018 1500 2617.15 0.144327 0.166434
0.001825 1500 2617.15 0.144327 0.166434
0.00185 1500 2617.15 0.144327 0.166434
0.001875 1500 2617.15 0.144327 0.166434
0.0019 1500 2617.15 0.144327 0.166434
0.001925 1500 2617.15 0.144327 0.166434
0.00195 1500 2617.15 0.144327 0.166434
0.001975 1500 2617.15 0.144327 0.166434
0.002 1500 2617.15 0.144327 0.166434
0.002025 1500 2617.15 0.144327 0.166434
0.00205 1500 2617.15 0.144327 0.166434
0.002075 1500 2617.15 0.144327 0.166434
0.0021 1500 2617.15 0.144327 0.166434
0.002125 1500 2617.15 0.144327 0.166434
0.00215 1500 2617.15 0.144327 0.166434
0.002175 1500 2617.15 0.144327 0.166434
0.0022 1500 2617.15 0.144327 0.166434
0.002225 1500 2617.15 0.144327 0.166434
0.00225 1500 2617.15 0.144327 0.166434
0.002275 1500 2617.15 0.144327 0.166434
0.0023 1500 2617.15 0.144327 0.166434
0.002325 1500 2617.15 0.144327 0.166434
0.00235 1500 2617.15 0.144327 0.166434
0.002375 1500 2617.15 0.144327 0.166434
0.0024 1500 2617.15 0.144327 0.166434
0.002425 1500 2617.15 0.144327 0.166434
0.00245 1500 2617.15 0.144327 0.166434
0.002475 1500 2617.15 0.144327 0.166434
0.0025 1500 2617.15 0.144327 0.166434
