TITLE="Graphics"
VARIABLES= "rj, cm", "T, K", "Cp, J/kg*K", "rho, kg/cm^3", "Lambda, Watt/cm*K"
0 361.254 4207.95 0.00098 0.00674374
0.0025 361.307 4208 0.00098 0.00674399
0.005 361.455 4208.16 0.00098 0.0067447
0.0075 361.709 4208.43 0.00098 0.00674591
0.01 362.064 4208.81 0.00098 0.00674758
0.0125 362.514 4209.3 0.00098 0.00674967
0.015 363.05 4209.88 0.00098 0.00675212
0.0175 363.665 4210.55 0.00098 0.00675488
0.02 364.347 4211.31 0.00098 0.00675789
0.0225 365.086 4212.14 0.00098 0.00676106
0.025 365.87 4213.03 0.00098 0.00676435
0.0275 366.686 4213.98 0.00098 0.00676769
0.03 367.523 4214.95 0.00098 0.00677101
0.0325 368.368 4215.95 0.00098 0.00677427
0.035 369.208 4216.96 0.00098 0.00677742
0.0375 370.032 4217.96 0.00098 0.00678042
0.04 370.827 4218.94 0.00098 0.00678323
0.0425 371.585 4219.88 0.00098 0.00678582
0.045 372.293 4220.77 0.00098 0.00678819
0.0475 373.553 1891.6 5.79543e-07 0.000241892
0.0477369 373 4221.67 0.00098 0.00679049
0.0477369 373 4221.67 0.00098 0.000241434
0.05 525.721 1971.7 4.11797e-07 0.000383809
0.0525 620.344 2030.73 3.48984e-07 0.000485296
0.055 695.627 2080.49 3.11216e-07 0.000571704
0.0575 758.196 2123.1 2.85533e-07 0.000646749
0.06 811.643 2160.13 2.66731e-07 0.000712884
0.0625 858.172 2192.68 2.52269e-07 0.000771816
0.065 899.249 2221.57 2.40745e-07 0.000824795
0.0675 935.909 2247.4 2.31316e-07 0.000872765
0.07 968.91 2270.66 2.23437e-07 0.000916464
0.0725 998.833 2291.71 2.16743e-07 0.000956478
0.075 1026.13 2310.87 2.10978e-07 0.000993284
0.0775 1051.16 2328.39 2.05954e-07 0.00102727
0.08 1074.21 2344.46 2.01534e-07 0.00105878
0.0825 1095.53 2359.26 1.97613e-07 0.00108806
0.085 1115.31 2372.93 1.94107e-07 0.00111537
0.0875 1133.73 2385.6 1.90953e-07 0.0011409
0.09 1150.93 2397.37 1.881e-07 0.00116483
0.0925 1167.03 2408.34 1.85505e-07 0.0011873
0.095 1182.14 2418.58 1.83134e-07 0.00120845
0.0975 1196.35 2428.16 1.80959e-07 0.0012284
0.1 1209.74 2437.14 1.78956e-07 0.00124724
0.1025 1222.38 2445.59 1.77105e-07 0.00126508
0.105 1234.34 2453.53 1.7539e-07 0.00128198
0.1075 1245.67 2461.02 1.73794e-07 0.00129802
0.11 1256.42 2468.1 1.72307e-07 0.00131327
0.1125 1266.63 2474.79 1.70918e-07 0.00132778
0.115 1276.35 2481.13 1.69616e-07 0.00134161
0.1175 1285.61 2487.14 1.68394e-07 0.00135481
0.12 1294.45 2492.84 1.67245e-07 0.00136741
0.1225 1302.89 2498.27 1.66162e-07 0.00137946
0.125 1310.95 2503.44 1.6514e-07 0.001391
0.1275 1318.67 2508.36 1.64173e-07 0.00140205
0.13 1326.07 2513.06 1.63257e-07 0.00141264
0.1325 1333.16 2517.55 1.62388e-07 0.00142282
0.135 1339.97 2521.84 1.61563e-07 0.00143259
0.1375 1346.51 2525.94 1.60779e-07 0.00144198
0.14 1352.8 2529.87 1.60031e-07 0.00145102
0.1425 1358.85 2533.64 1.59319e-07 0.00145973
0.145 1364.67 2537.25 1.58639e-07 0.00146811
0.1475 1370.29 2540.72 1.57989e-07 0.0014762
0.15 1375.7 2544.06 1.57367e-07 0.001484
0.1525 1380.92 2547.27 1.56772e-07 0.00149154
0.155 1385.97 2550.35 1.56202e-07 0.00149881
0.1575 1390.84 2553.32 1.55655e-07 0.00150585
0.16 1395.55 2556.19 1.55129e-07 0.00151265
0.1625 1400.1 2558.95 1.54624e-07 0.00151924
0.165 1404.51 2561.61 1.54139e-07 0.00152562
0.1675 1408.78 2564.18 1.53672e-07 0.00153179
0.17 1412.92 2566.67 1.53222e-07 0.00153778
0.1725 1416.93 2569.07 1.52788e-07 0.00154359
0.175 1420.82 2571.39 1.5237e-07 0.00154922
0.1775 1424.59 2573.64 1.51966e-07 0.00155469
0.18 1428.26 2575.81 1.51576e-07 0.00156
0.1825 1431.82 2577.92 1.512e-07 0.00156516
0.185 1435.27 2579.96 1.50836e-07 0.00157017
0.1875 1438.63 2581.94 1.50483e-07 0.00157505
0.19 1441.9 2583.86 1.50142e-07 0.00157979
0.1925 1445.08 2585.72 1.49812e-07 0.0015844
0.195 1448.17 2587.53 1.49492e-07 0.0015889
0.1975 1451.18 2589.28 1.49182e-07 0.00159327
0.2 1454.11 2590.99 1.48881e-07 0.00159753
0.2025 1456.97 2592.65 1.48589e-07 0.00160168
0.205 1459.75 2594.26 1.48306e-07 0.00160573
0.2075 1462.47 2595.83 1.48031e-07 0.00160967
0.21 1465.11 2597.35 1.47764e-07 0.00161352
0.2125 1467.69 2598.84 1.47504e-07 0.00161728
0.215 1470.21 2600.28 1.47251e-07 0.00162094
0.2175 1472.67 2601.69 1.47005e-07 0.00162452
0.22 1475.07 2603.06 1.46766e-07 0.00162801
0.2225 1477.41 2604.4 1.46533e-07 0.00163143
0.225 1479.71 2605.7 1.46306e-07 0.00163476
0.2275 1481.94 2606.98 1.46085e-07 0.00163802
0.23 1484.13 2608.22 1.4587e-07 0.00164121
0.2325 1486.27 2609.43 1.4566e-07 0.00164432
0.235 1488.36 2610.61 1.45456e-07 0.00164737
0.2375 1490.41 2611.76 1.45256e-07 0.00165035
0.24 1492.41 2612.89 1.45061e-07 0.00165327
0.2425 1494.37 2613.99 1.44871e-07 0.00165613
0.245 1496.28 2615.07 1.44685e-07 0.00165892
0.2475 1496.56 2615.22 1.44658e-07 0.00165933
0.25 1500 2617.15 1.44327e-07 0.00166434
