TITLE="Graphics"
VARIABLES= "rj, m", "T, K", "Cp, J/kg*K", "rho, kg/m^3", "Lambda, Watt/m*K"
0 300 4.18e+07 0.00098 0.0061001
0.0025 300 4.18e+07 0.00098 0.0061001
0.005 300 4.18e+07 0.00098 0.0061001
0.0075 300 4.18e+07 0.00098 0.0061001
0.01 300 4.18e+07 0.00098 0.0061001
0.0125 300 4.18e+07 0.00098 0.0061001
0.015 300 4.18e+07 0.00098 0.0061001
0.0175 300 4.18e+07 0.00098 0.0061001
0.02 300 4.18e+07 0.00098 0.0061001
0.0225 300 4.18e+07 0.00098 0.0061001
0.025 300 4.18e+07 0.00098 0.0061001
0.0275 300 4.18e+07 0.00098 0.0061001
0.03 300 4.18e+07 0.00098 0.0061001
0.0325 300 4.18e+07 0.00098 0.0061001
0.035 300 4.18e+07 0.00098 0.00610011
0.0375 300.003 4.18e+07 0.00098 0.00610016
0.04 300.031 4.18e+07 0.00098 0.00610062
0.0425 300.24 4.18e+07 0.00098 0.00610412
0.045 301.455 4.18e+07 0.00098 0.00612439
0.0475 306.364 4.18e+07 0.00098 0.00620401
0.04875 313.106 4.18e+07 0.00098 0.00630523
0.04875 313.106 4.18e+07 0.00098 0.000194936
0.05 593.412 2e+07 4e-07 0.000455542
0.0525 719.636 2e+07 4e-07 0.000600178
0.055 811.697 2e+07 4e-07 0.000712952
0.0575 884.215 2e+07 4e-07 0.000805307
0.06 943.817 2e+07 4e-07 0.000883193
0.0625 994.151 2e+07 4e-07 0.000950194
0.065 1037.48 2e+07 4e-07 0.00100867
0.0675 1075.3 2e+07 4e-07 0.00106027
0.07 1108.69 2e+07 4e-07 0.00110622
0.0725 1138.43 2e+07 4e-07 0.00114743
0.075 1165.1 2e+07 4e-07 0.00118461
0.0775 1189.17 2e+07 4e-07 0.00121832
0.08 1211.01 2e+07 4e-07 0.00124904
0.0825 1230.91 2e+07 4e-07 0.00127712
0.085 1249.11 2e+07 4e-07 0.00130289
0.0875 1265.81 2e+07 4e-07 0.00132661
0.09 1281.18 2e+07 4e-07 0.00134849
0.0925 1295.37 2e+07 4e-07 0.00136872
0.095 1308.49 2e+07 4e-07 0.00138748
0.0975 1320.66 2e+07 4e-07 0.00140489
0.1 1331.96 2e+07 4e-07 0.00142109
0.1025 1342.47 2e+07 4e-07 0.00143617
0.105 1352.25 2e+07 4e-07 0.00145024
0.1075 1361.39 2e+07 4e-07 0.00146338
0.11 1369.92 2e+07 4e-07 0.00147567
0.1125 1377.89 2e+07 4e-07 0.00148716
0.115 1385.35 2e+07 4e-07 0.00149793
0.1175 1392.34 2e+07 4e-07 0.00150803
0.12 1398.9 2e+07 4e-07 0.0015175
0.1225 1405.05 2e+07 4e-07 0.00152639
0.125 1410.82 2e+07 4e-07 0.00153474
0.1275 1416.24 2e+07 4e-07 0.00154258
0.13 1421.33 2e+07 4e-07 0.00154996
0.1325 1426.12 2e+07 4e-07 0.0015569
0.135 1430.62 2e+07 4e-07 0.00156343
0.1375 1434.86 2e+07 4e-07 0.00156957
0.14 1438.85 2e+07 4e-07 0.00157536
0.1425 1442.6 2e+07 4e-07 0.00158081
0.145 1446.13 2e+07 4e-07 0.00158594
0.1475 1449.46 2e+07 4e-07 0.00159077
0.15 1452.6 2e+07 4e-07 0.00159532
0.1525 1455.55 2e+07 4e-07 0.00159961
0.155 1458.33 2e+07 4e-07 0.00160366
0.1575 1460.95 2e+07 4e-07 0.00160747
0.16 1463.42 2e+07 4e-07 0.00161106
0.1625 1465.74 2e+07 4e-07 0.00161444
0.165 1467.94 2e+07 4e-07 0.00161763
0.1675 1470 2e+07 4e-07 0.00162064
0.17 1471.95 2e+07 4e-07 0.00162347
0.1725 1473.78 2e+07 4e-07 0.00162614
0.175 1475.51 2e+07 4e-07 0.00162866
0.1775 1477.14 2e+07 4e-07 0.00163103
0.18 1478.68 2e+07 4e-07 0.00163327
0.1825 1480.13 2e+07 4e-07 0.00163538
0.185 1481.49 2e+07 4e-07 0.00163736
0.1875 1482.78 2e+07 4e-07 0.00163924
0.19 1483.99 2e+07 4e-07 0.00164101
0.1925 1485.14 2e+07 4e-07 0.00164267
0.195 1486.22 2e+07 4e-07 0.00164425
0.1975 1487.24 2e+07 4e-07 0.00164573
0.2 1488.2 2e+07 4e-07 0.00164714
0.2025 1489.11 2e+07 4e-07 0.00164846
0.205 1489.97 2e+07 4e-07 0.00164972
0.2075 1490.78 2e+07 4e-07 0.0016509
0.21 1491.55 2e+07 4e-07 0.00165202
0.2125 1492.28 2e+07 4e-07 0.00165309
0.215 1492.97 2e+07 4e-07 0.00165409
0.2175 1493.63 2e+07 4e-07 0.00165505
0.22 1494.25 2e+07 4e-07 0.00165596
0.2225 1494.85 2e+07 4e-07 0.00165683
0.225 1495.41 2e+07 4e-07 0.00165765
0.2275 1495.96 2e+07 4e-07 0.00165844
0.23 1496.47 2e+07 4e-07 0.0016592
0.2325 1496.97 2e+07 4e-07 0.00165992
0.235 1497.45 2e+07 4e-07 0.00166062
0.2375 1497.91 2e+07 4e-07 0.00166129
0.24 1498.35 2e+07 4e-07 0.00166194
0.2425 1498.78 2e+07 4e-07 0.00166256
0.245 1499.2 2e+07 4e-07 0.00166317
0.2475 1499.6 2e+07 4e-07 0.00166376
0.25 1500 2e+07 4e-07 0.00166434
