TITLE="Graphics"
VARIABLES= "rj, cm", "T, K", "Cp, J/kg*K", "rho, kg/cm^3", "Lambda, Watt/cm*K"
0 359.33 4205.94 0.00098 0.00673423
0.0025 359.345 4205.95 0.00098 0.00673431
0.005 359.387 4206 0.00098 0.00673452
0.0075 359.461 4206.07 0.00098 0.0067349
0.01 359.565 4206.18 0.00098 0.00673542
0.0125 359.699 4206.32 0.00098 0.0067361
0.015 359.862 4206.49 0.00098 0.00673692
0.0175 360.054 4206.69 0.00098 0.00673788
0.02 360.274 4206.91 0.00098 0.00673896
0.0225 360.52 4207.17 0.00098 0.00674018
0.025 360.792 4207.46 0.00098 0.00674151
0.0275 361.089 4207.77 0.00098 0.00674294
0.03 361.409 4208.11 0.00098 0.00674448
0.0325 361.751 4208.47 0.00098 0.00674611
0.035 362.114 4208.86 0.00098 0.00674781
0.0375 362.496 4209.28 0.00098 0.00674959
0.04 362.897 4209.71 0.00098 0.00675142
0.0425 363.313 4210.17 0.00098 0.00675331
0.045 363.744 4210.64 0.00098 0.00675523
0.0475 364.188 4211.13 0.00098 0.00675719
0.04775 373.023 1891.37 5.80367e-07 0.000241453
0.04775 373.023 1891.37 5.80367e-07 0.000241453
0.05 523.27 1970.23 4.13726e-07 0.0003813
0.0525 617.793 2029.08 3.50425e-07 0.000482449
0.055 693.066 2078.77 3.12366e-07 0.000568691
0.0575 755.666 2121.36 2.86489e-07 0.000643664
0.06 809.167 2158.41 2.67547e-07 0.000709782
0.0625 855.761 2190.99 2.5298e-07 0.000768733
0.065 896.909 2219.92 2.41374e-07 0.000821753
0.0675 933.641 2245.8 2.31877e-07 0.00086978
0.07 966.717 2269.11 2.23944e-07 0.000913546
0.0725 996.714 2290.22 2.17204e-07 0.000953633
0.075 1024.08 2309.44 2.11399e-07 0.000990515
0.0775 1049.18 2327.01 2.06342e-07 0.00102458
0.08 1072.3 2343.13 2.01893e-07 0.00105616
0.0825 1093.69 2357.98 1.97945e-07 0.00108553
0.085 1113.54 2371.7 1.94416e-07 0.00111292
0.0875 1132.02 2384.42 1.91242e-07 0.00113853
0.09 1149.28 2396.24 1.8837e-07 0.00116253
0.0925 1165.44 2407.25 1.85758e-07 0.00118508
0.095 1180.6 2417.54 1.83372e-07 0.0012063
0.0975 1194.87 2427.16 1.81184e-07 0.00122632
0.1 1208.31 2436.19 1.79168e-07 0.00124523
0.1025 1221 2444.67 1.77305e-07 0.00126313
0.105 1233.01 2452.65 1.75579e-07 0.0012801
0.1075 1244.39 2460.18 1.73974e-07 0.0012962
0.11 1255.18 2467.29 1.72477e-07 0.00131151
0.1125 1265.44 2474.01 1.71079e-07 0.00132608
0.115 1275.2 2480.38 1.69769e-07 0.00133997
0.1175 1284.51 2486.42 1.6854e-07 0.00135322
0.12 1293.38 2492.15 1.67383e-07 0.00136588
0.1225 1301.85 2497.61 1.66294e-07 0.00137799
0.125 1309.96 2502.8 1.65265e-07 0.00138957
0.1275 1317.72 2507.75 1.64292e-07 0.00140067
0.13 1325.15 2512.47 1.63371e-07 0.00141132
0.1325 1332.27 2516.98 1.62497e-07 0.00142154
0.135 1339.11 2521.3 1.61667e-07 0.00143136
0.1375 1345.68 2525.42 1.60877e-07 0.0014408
0.14 1352 2529.37 1.60126e-07 0.00144988
0.1425 1358.08 2533.16 1.59409e-07 0.00145862
0.145 1363.94 2536.8 1.58725e-07 0.00146705
0.1475 1369.58 2540.29 1.58071e-07 0.00147518
0.15 1375.02 2543.64 1.57445e-07 0.00148302
0.1525 1380.27 2546.86 1.56847e-07 0.00149059
0.155 1385.34 2549.97 1.56273e-07 0.0014979
0.1575 1390.23 2552.96 1.55722e-07 0.00150498
0.16 1394.97 2555.84 1.55194e-07 0.00151182
0.1625 1399.55 2558.61 1.54686e-07 0.00151843
0.165 1403.98 2561.29 1.54198e-07 0.00152484
0.1675 1408.27 2563.88 1.53727e-07 0.00153105
0.17 1412.43 2566.38 1.53275e-07 0.00153707
0.1725 1416.46 2568.79 1.52839e-07 0.00154291
0.175 1420.37 2571.13 1.52418e-07 0.00154857
0.1775 1424.17 2573.38 1.52012e-07 0.00155407
0.18 1427.85 2575.57 1.5162e-07 0.00155941
0.1825 1431.43 2577.69 1.51241e-07 0.0015646
0.185 1434.9 2579.74 1.50874e-07 0.00156964
0.1875 1438.28 2581.73 1.5052e-07 0.00157454
0.19 1441.57 2583.66 1.50177e-07 0.00157931
0.1925 1444.76 2585.54 1.49845e-07 0.00158395
0.195 1447.87 2587.35 1.49523e-07 0.00158846
0.1975 1450.9 2589.12 1.49211e-07 0.00159286
0.2 1453.85 2590.84 1.48908e-07 0.00159714
0.2025 1456.72 2592.5 1.48615e-07 0.00160132
0.205 1459.52 2594.12 1.4833e-07 0.00160539
0.2075 1462.25 2595.7 1.48053e-07 0.00160936
0.21 1464.91 2597.24 1.47784e-07 0.00161323
0.2125 1467.51 2598.73 1.47523e-07 0.001617
0.215 1470.04 2600.18 1.47268e-07 0.00162069
0.2175 1472.51 2601.6 1.47021e-07 0.00162429
0.22 1474.93 2602.98 1.4678e-07 0.0016278
0.2225 1477.28 2604.33 1.46546e-07 0.00163123
0.225 1479.59 2605.64 1.46318e-07 0.00163459
0.2275 1481.84 2606.92 1.46096e-07 0.00163787
0.23 1484.04 2608.16 1.45879e-07 0.00164107
0.2325 1486.19 2609.38 1.45668e-07 0.00164421
0.235 1488.29 2610.57 1.45462e-07 0.00164727
0.2375 1490.35 2611.73 1.45261e-07 0.00165027
0.24 1492.36 2612.86 1.45065e-07 0.00165321
0.2425 1494.33 2613.97 1.44874e-07 0.00165608
0.245 1496.26 2615.05 1.44687e-07 0.00165889
0.2475 1496.55 2615.22 1.44659e-07 0.00165931
0.25 1500 2617.15 1.44327e-07 0.00166434
