TITLE="Graphics"
VARIABLES= "rj, cm", "T, K", "Cp, J/kg*K", "rho, kg/cm^3", "Lambda, Watt/cm*K"
0 361.233 4207.92 0.00098 0.00674364
0.0025 361.246 4207.94 0.00098 0.0067437
0.005 361.282 4207.97 0.00098 0.00674387
0.0075 361.345 4208.04 0.00098 0.00674418
0.01 361.435 4208.14 0.00098 0.0067446
0.0125 361.55 4208.26 0.00098 0.00674515
0.015 361.691 4208.41 0.00098 0.00674582
0.0175 361.855 4208.59 0.00098 0.0067466
0.02 362.044 4208.79 0.00098 0.00674748
0.0225 362.256 4209.02 0.00098 0.00674847
0.025 362.49 4209.27 0.00098 0.00674956
0.0275 362.745 4209.55 0.00098 0.00675073
0.03 363.02 4209.85 0.00098 0.00675199
0.0325 363.315 4210.17 0.00098 0.00675332
0.035 363.627 4210.51 0.00098 0.00675472
0.0375 363.956 4210.88 0.00098 0.00675617
0.04 364.3 4211.26 0.00098 0.00675768
0.0425 364.658 4211.66 0.00098 0.00675923
0.045 365.029 4212.08 0.00098 0.00676082
0.0475 365.411 4212.51 0.00098 0.00676244
0.04775 373.023 1891.37 5.80367e-07 0.000241453
0.04775 373.023 1891.37 5.80367e-07 0.000241453
0.05 522.635 1969.86 4.14229e-07 0.000380651
0.0525 617.068 2028.62 3.50837e-07 0.000481642
0.055 692.306 2078.26 3.12709e-07 0.000567798
0.0575 754.898 2120.84 2.86781e-07 0.000642727
0.06 808.403 2157.88 2.678e-07 0.000708826
0.0625 855.01 2190.46 2.53202e-07 0.000767774
0.065 896.176 2219.4 2.41571e-07 0.000820801
0.0675 932.929 2245.3 2.32054e-07 0.000868843
0.07 966.027 2268.62 2.24104e-07 0.000912627
0.0725 996.046 2289.75 2.1735e-07 0.000952736
0.075 1023.44 2308.99 2.11533e-07 0.000989642
0.0775 1048.56 2326.57 2.06465e-07 0.00102374
0.08 1071.7 2342.71 2.02006e-07 0.00105534
0.0825 1093.11 2357.58 1.98049e-07 0.00108474
0.085 1112.98 2371.32 1.94513e-07 0.00111215
0.0875 1131.49 2384.05 1.91333e-07 0.00113778
0.09 1148.77 2395.89 1.88455e-07 0.00116181
0.0925 1164.94 2406.92 1.85837e-07 0.00118438
0.095 1180.13 2417.21 1.83446e-07 0.00120563
0.0975 1194.41 2426.85 1.81253e-07 0.00122568
0.1 1207.87 2435.89 1.79233e-07 0.00124461
0.1025 1220.58 2444.38 1.77367e-07 0.00126253
0.105 1232.6 2452.38 1.75637e-07 0.00127952
0.1075 1244 2459.92 1.74028e-07 0.00129565
0.11 1254.81 2467.04 1.72529e-07 0.00131098
0.1125 1265.08 2473.77 1.71128e-07 0.00132557
0.115 1274.86 2480.15 1.69816e-07 0.00133948
0.1175 1284.17 2486.2 1.68584e-07 0.00135275
0.12 1293.06 2491.95 1.67425e-07 0.00136542
0.1225 1301.55 2497.41 1.66333e-07 0.00137755
0.125 1309.66 2502.61 1.65302e-07 0.00138915
0.1275 1317.43 2507.57 1.64328e-07 0.00140027
0.13 1324.87 2512.3 1.63405e-07 0.00141093
0.1325 1332.01 2516.82 1.62529e-07 0.00142116
0.135 1338.86 2521.14 1.61697e-07 0.00143099
0.1375 1345.44 2525.27 1.60906e-07 0.00144045
0.14 1351.77 2529.23 1.60153e-07 0.00144954
0.1425 1357.86 2533.02 1.59435e-07 0.0014583
0.145 1363.72 2536.66 1.5875e-07 0.00146674
0.1475 1369.37 2540.16 1.58095e-07 0.00147488
0.15 1374.82 2543.52 1.57468e-07 0.00148273
0.1525 1380.08 2546.75 1.56868e-07 0.00149032
0.155 1385.15 2549.86 1.56293e-07 0.00149764
0.1575 1390.06 2552.85 1.55742e-07 0.00150473
0.16 1394.8 2555.73 1.55212e-07 0.00151158
0.1625 1399.39 2558.52 1.54703e-07 0.00151821
0.165 1403.83 2561.2 1.54214e-07 0.00152463
0.1675 1408.13 2563.79 1.53743e-07 0.00153084
0.17 1412.29 2566.29 1.5329e-07 0.00153687
0.1725 1416.33 2568.71 1.52853e-07 0.00154272
0.175 1420.25 2571.05 1.52431e-07 0.00154839
0.1775 1424.05 2573.31 1.52024e-07 0.0015539
0.18 1427.74 2575.5 1.51632e-07 0.00155925
0.1825 1431.32 2577.63 1.51252e-07 0.00156444
0.185 1434.8 2579.68 1.50885e-07 0.00156949
0.1875 1438.18 2581.68 1.5053e-07 0.0015744
0.19 1441.47 2583.61 1.50187e-07 0.00157917
0.1925 1444.68 2585.49 1.49854e-07 0.00158382
0.195 1447.79 2587.31 1.49532e-07 0.00158834
0.1975 1450.82 2589.08 1.49219e-07 0.00159275
0.2 1453.78 2590.79 1.48916e-07 0.00159704
0.2025 1456.65 2592.46 1.48622e-07 0.00160122
0.205 1459.46 2594.09 1.48336e-07 0.0016053
0.2075 1462.19 2595.67 1.48059e-07 0.00160927
0.21 1464.85 2597.2 1.4779e-07 0.00161315
0.2125 1467.45 2598.7 1.47528e-07 0.00161693
0.215 1469.99 2600.16 1.47273e-07 0.00162062
0.2175 1472.47 2601.58 1.47025e-07 0.00162422
0.22 1474.89 2602.96 1.46784e-07 0.00162774
0.2225 1477.25 2604.31 1.4655e-07 0.00163118
0.225 1479.55 2605.62 1.46321e-07 0.00163454
0.2275 1481.81 2606.9 1.46099e-07 0.00163782
0.23 1484.01 2608.15 1.45882e-07 0.00164103
0.2325 1486.17 2609.37 1.4567e-07 0.00164417
0.235 1488.27 2610.56 1.45464e-07 0.00164724
0.2375 1490.33 2611.72 1.45263e-07 0.00165025
0.24 1492.35 2612.86 1.45067e-07 0.00165319
0.2425 1494.32 2613.97 1.44875e-07 0.00165606
0.245 1496.26 2615.05 1.44688e-07 0.00165888
0.2475 1496.55 2615.22 1.4466e-07 0.00165931
0.25 1500 2617.15 1.44327e-07 0.00166434
