TITLE="Graphics"
VARIABLES= "rj, cm", "T, K", "Cp, J/kg*K", "rho, kg/cm^3", "Lambda, Watt/cm*K"
0 372.987 4221.65 0.00098 0.00679045
0.0025 372.987 4221.65 0.00098 0.00679045
0.005 372.987 4221.65 0.00098 0.00679045
0.0075 372.987 4221.65 0.00098 0.00679045
0.01 372.987 4221.65 0.00098 0.00679045
0.0125 372.987 4221.65 0.00098 0.00679045
0.015 372.987 4221.65 0.00098 0.00679045
0.0175 372.988 4221.65 0.00098 0.00679045
0.02 372.988 4221.65 0.00098 0.00679045
0.0225 372.99 4221.65 0.00098 0.00679046
0.025 372.99 4221.65 0.00098 0.00679046
0.0275 372.994 4221.66 0.00098 0.00679047
0.03 372.996 4221.66 0.00098 0.00679048
0.0325 372.984 4221.65 0.00098 0.00679044
0.035 372.964 4221.62 0.00098 0.00679037
0.0375 372.95 4221.6 0.00098 0.00679033
0.04 372.958 4221.61 0.00098 0.00679035
0.0425 372.967 4221.62 0.00098 0.00679038
0.045 372.904 4221.54 0.00098 0.00679018
0.0472671 372.907 4221.55 0.00098 0.00679019
0.0472671 372.907 4221.55 0.00098 0.000241358
0.0475 395.682 1901.49 5.47132e-07 0.000260582
0.05 522.033 1969.5 4.14706e-07 0.000380036
0.0525 615.624 2027.68 3.5166e-07 0.000480035
0.055 690.424 2076.99 3.13561e-07 0.000565588
0.0575 752.773 2119.38 2.8759e-07 0.00064014
0.06 806.145 2156.3 2.6855e-07 0.000706001
0.0625 852.684 2188.83 2.53893e-07 0.000764804
0.065 893.825 2217.75 2.42207e-07 0.00081775
0.0675 930.581 2243.64 2.3264e-07 0.000865754
0.07 963.7 2266.99 2.24645e-07 0.000909533
0.0725 993.753 2288.14 2.17851e-07 0.00094966
0.075 1021.19 2307.41 2.11999e-07 0.000986601
0.0775 1046.36 2325.04 2.06899e-07 0.00102074
0.08 1069.56 2341.22 2.02411e-07 0.0010524
0.0825 1091.02 2356.13 1.98429e-07 0.00108186
0.085 1110.95 2369.92 1.9487e-07 0.00110934
0.0875 1129.51 2382.7 1.91667e-07 0.00113504
0.09 1146.85 2394.58 1.8877e-07 0.00115914
0.0925 1163.08 2405.65 1.86135e-07 0.00118179
0.095 1178.32 2415.99 1.83727e-07 0.00120311
0.0975 1192.66 2425.68 1.81518e-07 0.00122322
0.1 1206.18 2434.76 1.79484e-07 0.00124223
0.1025 1218.94 2443.29 1.77605e-07 0.00126022
0.105 1231.02 2451.33 1.75863e-07 0.00127728
0.1075 1242.46 2458.91 1.74243e-07 0.00129348
0.11 1253.32 2466.06 1.72733e-07 0.00130888
0.1125 1263.65 2472.84 1.71322e-07 0.00132353
0.115 1273.47 2479.25 1.7e-07 0.00133751
0.1175 1282.83 2485.33 1.68759e-07 0.00135084
0.12 1291.77 2491.11 1.67592e-07 0.00136358
0.1225 1300.3 2496.61 1.66493e-07 0.00137576
0.125 1308.46 2501.84 1.65454e-07 0.00138743
0.1275 1316.27 2506.83 1.64473e-07 0.0013986
0.13 1323.75 2511.59 1.63543e-07 0.00140932
0.1325 1330.93 2516.14 1.62661e-07 0.00141961
0.135 1337.82 2520.48 1.61823e-07 0.0014295
0.1375 1344.44 2524.64 1.61027e-07 0.001439
0.14 1350.8 2528.62 1.60268e-07 0.00144815
0.1425 1356.93 2532.44 1.59545e-07 0.00145696
0.145 1362.82 2536.11 1.58854e-07 0.00146545
0.1475 1368.51 2539.63 1.58194e-07 0.00147364
0.15 1373.99 2543.01 1.57563e-07 0.00148154
0.1525 1379.28 2546.26 1.56959e-07 0.00148916
0.155 1384.39 2549.39 1.5638e-07 0.00149653
0.1575 1389.32 2552.4 1.55824e-07 0.00150366
0.16 1394.09 2555.3 1.55291e-07 0.00151055
0.1625 1398.71 2558.1 1.54779e-07 0.00151722
0.165 1403.18 2560.81 1.54286e-07 0.00152368
0.1675 1407.5 2563.41 1.53812e-07 0.00152994
0.17 1411.7 2565.93 1.53355e-07 0.00153601
0.1725 1415.76 2568.37 1.52915e-07 0.00154189
0.175 1419.7 2570.72 1.5249e-07 0.0015476
0.1775 1423.53 2573 1.5208e-07 0.00155314
0.18 1427.24 2575.21 1.51685e-07 0.00155852
0.1825 1430.85 2577.35 1.51302e-07 0.00156375
0.185 1434.35 2579.42 1.50933e-07 0.00156883
0.1875 1437.76 2581.42 1.50575e-07 0.00157378
0.19 1441.07 2583.37 1.50229e-07 0.00157858
0.1925 1444.29 2585.26 1.49894e-07 0.00158326
0.195 1447.43 2587.09 1.49569e-07 0.00158781
0.1975 1450.48 2588.88 1.49254e-07 0.00159225
0.2 1453.45 2590.61 1.48949e-07 0.00159657
0.2025 1456.35 2592.29 1.48653e-07 0.00160078
0.205 1459.17 2593.92 1.48365e-07 0.00160488
0.2075 1461.92 2595.51 1.48086e-07 0.00160888
0.21 1464.61 2597.06 1.47815e-07 0.00161279
0.2125 1467.22 2598.57 1.47551e-07 0.00161659
0.215 1469.78 2600.03 1.47294e-07 0.00162031
0.2175 1472.27 2601.46 1.47045e-07 0.00162394
0.22 1474.71 2602.86 1.46802e-07 0.00162748
0.2225 1477.09 2604.21 1.46566e-07 0.00163095
0.225 1479.41 2605.54 1.46336e-07 0.00163433
0.2275 1481.68 2606.83 1.46111e-07 0.00163764
0.23 1483.9 2608.09 1.45893e-07 0.00164087
0.2325 1486.07 2609.31 1.4568e-07 0.00164403
0.235 1488.19 2610.51 1.45472e-07 0.00164712
0.2375 1490.26 2611.68 1.4527e-07 0.00165015
0.24 1492.3 2612.83 1.45072e-07 0.00165311
0.2425 1494.28 2613.94 1.44879e-07 0.001656
0.245 1496.23 2615.04 1.44691e-07 0.00165884
0.2475 1496.54 2615.21 1.44661e-07 0.00165929
0.25 1500 2617.15 1.44327e-07 0.00166434
