TITLE="Graphics"
VARIABLES= "rj, cm", "T, K", "Cp, J/kg*K", "rho, kg/cm^3", "Lambda, Watt/cm*K"
0 372.988 4221.65 0.00098 0.00679045
0.0025 372.988 4221.65 0.00098 0.00679045
0.005 372.988 4221.65 0.00098 0.00679045
0.0075 372.988 4221.65 0.00098 0.00679045
0.01 372.988 4221.65 0.00098 0.00679045
0.0125 372.987 4221.65 0.00098 0.00679045
0.015 372.987 4221.65 0.00098 0.00679045
0.0175 372.987 4221.65 0.00098 0.00679045
0.02 372.987 4221.65 0.00098 0.00679045
0.0225 372.988 4221.65 0.00098 0.00679045
0.025 372.992 4221.66 0.00098 0.00679046
0.0275 373 4221.67 0.00098 0.00679049
0.03 372.98 4221.64 0.00098 0.00679042
0.0325 372.969 4221.63 0.00098 0.00679039
0.035 372.964 4221.62 0.00098 0.00679037
0.0375 372.962 4221.62 0.00098 0.00679037
0.04 372.872 4221.5 0.00098 0.00679008
0.0425 372.845 4221.47 0.00098 0.00678999
0.045 372.921 4221.57 0.00098 0.00679023
0.0473167 372.907 4221.55 0.00098 0.00679019
0.0473167 372.907 4221.55 0.00098 0.000241358
0.0475 392.028 1899.8 5.52232e-07 0.000257444
0.05 520.252 1968.44 4.16126e-07 0.000378219
0.0525 614.726 2027.1 3.52174e-07 0.000479036
0.055 690.024 2076.72 3.13743e-07 0.000565119
0.0575 752.682 2119.31 2.87625e-07 0.000640029
0.06 806.256 2156.38 2.68513e-07 0.00070614
0.0625 852.932 2189.01 2.53819e-07 0.00076512
0.065 894.165 2217.99 2.42114e-07 0.000818192
0.0675 930.984 2243.93 2.32539e-07 0.000866285
0.07 964.145 2267.3 2.24541e-07 0.000910126
0.0725 994.225 2288.47 2.17748e-07 0.000950293
0.075 1021.68 2307.75 2.11897e-07 0.000987261
0.0775 1046.85 2325.38 2.06801e-07 0.00102142
0.08 1070.05 2341.56 2.02317e-07 0.00105308
0.0825 1091.52 2356.47 1.98339e-07 0.00108254
0.085 1111.44 2370.25 1.94784e-07 0.00111001
0.0875 1129.99 2383.03 1.91586e-07 0.00113571
0.09 1147.32 2394.9 1.88693e-07 0.00115979
0.0925 1163.54 2405.96 1.86062e-07 0.00118242
0.095 1178.77 2416.29 1.83658e-07 0.00120373
0.0975 1193.09 2425.97 1.81453e-07 0.00122382
0.1 1206.59 2435.04 1.79423e-07 0.00124281
0.1025 1219.34 2443.56 1.77547e-07 0.00126079
0.105 1231.4 2451.58 1.75808e-07 0.00127782
0.1075 1242.83 2459.15 1.74191e-07 0.001294
0.11 1253.68 2466.3 1.72684e-07 0.00130938
0.1125 1263.99 2473.06 1.71276e-07 0.00132402
0.115 1273.8 2479.46 1.69957e-07 0.00133797
0.1175 1283.15 2485.54 1.68718e-07 0.00135129
0.12 1292.07 2491.31 1.67554e-07 0.00136401
0.1225 1300.58 2496.79 1.66456e-07 0.00137617
0.125 1308.73 2502.02 1.6542e-07 0.00138782
0.1275 1316.53 2507 1.6444e-07 0.00139897
0.13 1324 2511.75 1.63512e-07 0.00140968
0.1325 1331.16 2516.28 1.62632e-07 0.00141995
0.135 1338.04 2520.62 1.61796e-07 0.00142982
0.1375 1344.65 2524.77 1.61001e-07 0.00143931
0.14 1351 2528.75 1.60244e-07 0.00144844
0.1425 1357.12 2532.56 1.59522e-07 0.00145724
0.145 1363.01 2536.22 1.58833e-07 0.00146571
0.1475 1368.68 2539.73 1.58174e-07 0.00147388
0.15 1374.15 2543.11 1.57545e-07 0.00148177
0.1525 1379.43 2546.35 1.56941e-07 0.00148939
0.155 1384.53 2549.48 1.56363e-07 0.00149675
0.1575 1389.46 2552.49 1.55809e-07 0.00150386
0.16 1394.22 2555.38 1.55276e-07 0.00151074
0.1625 1398.83 2558.18 1.54765e-07 0.0015174
0.165 1403.29 2560.88 1.54273e-07 0.00152385
0.1675 1407.61 2563.48 1.53799e-07 0.0015301
0.17 1411.8 2566 1.53343e-07 0.00153616
0.1725 1415.86 2568.43 1.52904e-07 0.00154203
0.175 1419.79 2570.78 1.5248e-07 0.00154773
0.1775 1423.61 2573.05 1.52071e-07 0.00155327
0.18 1427.32 2575.26 1.51676e-07 0.00155864
0.1825 1430.92 2577.39 1.51294e-07 0.00156386
0.185 1434.42 2579.46 1.50925e-07 0.00156894
0.1875 1437.82 2581.46 1.50568e-07 0.00157387
0.19 1441.13 2583.41 1.50222e-07 0.00157867
0.1925 1444.35 2585.29 1.49888e-07 0.00158335
0.195 1447.48 2587.13 1.49563e-07 0.00158789
0.1975 1450.53 2588.9 1.49249e-07 0.00159232
0.2 1453.5 2590.63 1.48944e-07 0.00159664
0.2025 1456.39 2592.31 1.48648e-07 0.00160084
0.205 1459.21 2593.95 1.48361e-07 0.00160494
0.2075 1461.96 2595.54 1.48082e-07 0.00160894
0.21 1464.64 2597.08 1.47811e-07 0.00161284
0.2125 1467.26 2598.59 1.47548e-07 0.00161664
0.215 1469.81 2600.05 1.47291e-07 0.00162035
0.2175 1472.3 2601.48 1.47042e-07 0.00162398
0.22 1474.73 2602.87 1.468e-07 0.00162752
0.2225 1477.11 2604.23 1.46564e-07 0.00163098
0.225 1479.43 2605.55 1.46334e-07 0.00163436
0.2275 1481.7 2606.84 1.4611e-07 0.00163766
0.23 1483.91 2608.09 1.45891e-07 0.00164089
0.2325 1486.08 2609.32 1.45679e-07 0.00164405
0.235 1488.2 2610.52 1.45471e-07 0.00164714
0.2375 1490.27 2611.69 1.45269e-07 0.00165016
0.24 1492.3 2612.83 1.45071e-07 0.00165312
0.2425 1494.29 2613.95 1.44878e-07 0.00165601
0.245 1496.23 2615.04 1.4469e-07 0.00165885
0.2475 1498.14 2616.1 1.44506e-07 0.00166162
0.25 1500 2617.15 1.44327e-07 0.00166434
