TITLE="Graphics"
VARIABLES= "rj, m", "T, K", "Cp, J/kg*K", "rho, kg/m^3", "Lambda, Watt/m*K"
0 300 4186.17 980 0.05
2.5e-05 300 4186.17 980 0.05
5e-05 300 4186.17 980 0.05
7.5e-05 300 4186.17 980 0.05
0.0001 300 4186.17 980 0.05
0.000125 300 4186.17 980 0.05
0.00015 300 4186.17 980 0.05
0.000175 300 4186.17 980 0.05
0.0002 300 4186.17 980 0.05
0.000225 300 4186.17 980 0.05
0.00025 300 4186.17 980 0.05
0.000275 300 4186.17 980 0.05
0.0003 300 4186.17 980 0.05
0.000325 300 4186.17 980 0.05
0.00035 300 4186.17 980 0.05
0.000375 300 4186.17 980 0.05
0.0004 300 4186.17 980 0.05
0.000425 300 4186.17 980 0.05
0.00045 300.001 4186.17 980 0.05
0.000475 300.002 4186.17 980 0.05
0.0004875 300.004 4186.17 980 0.05
0.0004875 300.004 4186.17 980 0.05
0.0005 339.835 4189.55 980 0.05
0.000525 408.9 1907.76 0.529446 0.05
0.00055 471.687 1940.53 0.45897 0.05
0.000575 529.016 1973.67 0.409232 0.05
0.0006 581.568 2005.98 0.372253 0.05
0.000625 629.916 2036.95 0.343681 0.05
0.00065 674.546 2066.36 0.320942 0.05
0.000675 715.87 2094.17 0.302416 0.05
0.0007 754.242 2120.39 0.28703 0.05
0.000725 789.968 2145.06 0.274049 0.05
0.00075 823.312 2168.27 0.26295 0.05
0.000775 854.505 2190.11 0.253352 0.05
0.0008 883.748 2210.66 0.244968 0.05
0.000825 911.219 2230 0.237583 0.05
0.00085 937.073 2248.22 0.231028 0.05
0.000875 961.45 2265.4 0.225171 0.05
0.0009 984.472 2281.61 0.219905 0.05
0.000925 1006.25 2296.93 0.215146 0.05
0.00095 1026.88 2311.4 0.210823 0.05
0.000975 1046.45 2325.1 0.20688 0.05
0.001 1065.05 2338.08 0.203268 0.05
0.001025 1082.73 2350.38 0.199948 0.05
0.00105 1099.58 2362.06 0.196885 0.05
0.001075 1115.64 2373.15 0.19405 0.05
0.0011 1130.97 2383.7 0.19142 0.05
0.001125 1145.62 2393.74 0.188972 0.05
0.00115 1159.63 2403.3 0.186689 0.05
0.001175 1173.05 2412.42 0.184554 0.05
0.0012 1185.9 2421.12 0.182553 0.05
0.001225 1198.23 2429.42 0.180675 0.05
0.00125 1210.07 2437.36 0.178907 0.05
0.001275 1221.44 2444.96 0.177241 0.05
0.0013 1232.38 2452.23 0.175669 0.05
0.001325 1242.9 2459.2 0.174181 0.05
0.00135 1253.03 2465.87 0.172773 0.05
0.001375 1262.8 2472.28 0.171437 0.05
0.0014 1272.21 2478.43 0.170168 0.05
0.001425 1281.3 2484.34 0.168962 0.05
0.00145 1290.07 2490.02 0.167813 0.05
0.001475 1298.54 2495.48 0.166718 0.05
0.0015 1306.73 2500.74 0.165673 0.05
0.001525 1314.66 2505.8 0.164674 0.05
0.00155 1322.32 2510.68 0.16372 0.05
0.001575 1329.75 2515.39 0.162806 0.05
0.0016 1336.94 2519.93 0.16193 0.05
0.001625 1343.91 2524.31 0.16109 0.05
0.00165 1350.67 2528.54 0.160284 0.05
0.001675 1357.22 2532.63 0.15951 0.05
0.0017 1363.59 2536.58 0.158765 0.05
0.001725 1369.77 2540.4 0.158049 0.05
0.00175 1375.77 2544.1 0.15736 0.05
0.001775 1381.6 2547.68 0.156695 0.05
0.0018 1387.27 2551.15 0.156055 0.05
0.001825 1392.79 2554.51 0.155437 0.05
0.00185 1398.16 2557.77 0.15484 0.05
0.001875 1403.38 2560.93 0.154264 0.05
0.0019 1408.46 2563.99 0.153707 0.05
0.001925 1413.42 2566.97 0.153168 0.05
0.00195 1418.25 2569.85 0.152647 0.05
0.001975 1422.95 2572.66 0.152142 0.05
0.002 1427.54 2575.39 0.151653 0.05
0.002025 1432.01 2578.03 0.151179 0.05
0.00205 1436.37 2580.61 0.15072 0.05
0.002075 1440.63 2583.12 0.150274 0.05
0.0021 1444.79 2585.55 0.149842 0.05
0.002125 1448.85 2587.93 0.149422 0.05
0.00215 1452.82 2590.24 0.149014 0.05
0.002175 1456.69 2592.49 0.148618 0.05
0.0022 1460.48 2594.68 0.148233 0.05
0.002225 1464.18 2596.81 0.147858 0.05
0.00225 1467.79 2598.9 0.147494 0.05
0.002275 1471.33 2600.93 0.147139 0.05
0.0023 1474.8 2602.91 0.146793 0.05
0.002325 1478.18 2604.84 0.146457 0.05
0.00235 1481.5 2606.72 0.146129 0.05
0.002375 1484.75 2608.57 0.14581 0.05
0.0024 1487.92 2610.36 0.145498 0.05
0.002425 1491.04 2612.12 0.145195 0.05
0.00245 1494.08 2613.83 0.144898 0.05
0.002475 1497.07 2615.51 0.144609 0.05
0.0025 1500 2617.15 0.144327 0.05
