TITLE="Graphics"
VARIABLES= "rj, cm", "T, K", "Cp, J/kg*K", "rho, kg/cm^3", "Lambda, Watt/cm*K"
0 291.746 4193.55 0.00098 0.00596053
0.0025 291.918 4193.36 0.00098 0.0059634
0.005 292.396 4192.83 0.00098 0.00597143
0.0075 293.239 4191.92 0.00098 0.00598563
0.01 294.46 4190.69 0.00098 0.00600629
0.0125 296.076 4189.2 0.00098 0.00603373
0.015 298.112 4187.53 0.00098 0.00606827
0.0175 300.594 4185.78 0.00098 0.00611005
0.02 303.547 4184.11 0.00098 0.00615884
0.0225 306.998 4182.67 0.00098 0.00621396
0.025 310.967 4181.64 0.00098 0.00627426
0.0275 315.473 4181.21 0.00098 0.00633822
0.03 320.529 4181.56 0.00098 0.00640418
0.0325 326.143 4182.88 0.00098 0.00647044
0.035 332.32 4185.33 0.00098 0.00653538
0.0375 339.06 4189.05 0.00098 0.00659739
0.04 346.36 4194.21 0.00098 0.00665484
0.0425 354.213 4200.93 0.00098 0.00670619
0.045 362.616 4209.41 0.00098 0.00675014
0.0475 371.56 4219.85 0.00098 0.00678574
0.04775 372.495 4221.02 0.00098 0.00678885
0.04775 372.495 4221.02 0.00098 0.000241017
0.05 630.853 2037.56 3.43171e-07 0.000497079
0.0525 729.518 2103.46 2.96758e-07 0.000612017
0.055 805.077 2155.56 2.68906e-07 0.000704666
0.0575 866.176 2198.3 2.49938e-07 0.000782072
0.06 917.253 2234.25 2.3602e-07 0.000848275
0.0625 960.93 2265.03 2.25293e-07 0.000905853
0.065 998.903 2291.76 2.16728e-07 0.000956572
0.0675 1032.34 2315.23 2.09708e-07 0.0010017
0.07 1062.1 2336.02 2.03833e-07 0.0010422
0.0725 1088.79 2354.58 1.98836e-07 0.00107879
0.075 1112.91 2371.27 1.94526e-07 0.00111205
0.0775 1134.84 2386.35 1.90768e-07 0.00114244
0.08 1154.88 2400.06 1.87457e-07 0.00117033
0.0825 1173.28 2412.57 1.84518e-07 0.00119604
0.085 1190.24 2424.04 1.81888e-07 0.00121982
0.0875 1205.93 2434.59 1.79521e-07 0.00124188
0.09 1220.5 2444.33 1.77378e-07 0.00126243
0.0925 1234.07 2453.35 1.75428e-07 0.0012816
0.095 1246.74 2461.73 1.73645e-07 0.00129954
0.0975 1258.6 2469.53 1.72009e-07 0.00131637
0.1 1269.73 2476.81 1.70501e-07 0.00133218
0.1025 1280.19 2483.62 1.69107e-07 0.00134708
0.105 1290.05 2490.01 1.67815e-07 0.00136114
0.1075 1299.36 2496.01 1.66613e-07 0.00137442
0.11 1308.16 2501.65 1.65492e-07 0.001387
0.1125 1316.5 2506.98 1.64444e-07 0.00139893
0.115 1324.4 2512 1.63462e-07 0.00141026
0.1175 1331.92 2516.76 1.6254e-07 0.00142103
0.12 1339.06 2521.26 1.61673e-07 0.00143128
0.1225 1345.87 2525.54 1.60856e-07 0.00144106
0.125 1352.36 2529.6 1.60084e-07 0.00145039
0.1275 1358.56 2533.46 1.59353e-07 0.0014593
0.13 1364.48 2537.13 1.58662e-07 0.00146783
0.1325 1370.15 2540.64 1.58005e-07 0.001476
0.135 1375.57 2543.98 1.57382e-07 0.00148382
0.1375 1380.78 2547.18 1.56789e-07 0.00149133
0.14 1385.77 2550.23 1.56224e-07 0.00149853
0.1425 1390.57 2553.16 1.55685e-07 0.00150546
0.145 1395.18 2555.96 1.55171e-07 0.00151212
0.1475 1399.61 2558.65 1.54679e-07 0.00151852
0.15 1403.88 2561.23 1.54209e-07 0.00152469
0.1525 1407.99 2563.71 1.53759e-07 0.00153064
0.155 1411.95 2566.09 1.53327e-07 0.00153638
0.1575 1415.78 2568.38 1.52913e-07 0.00154192
0.16 1419.47 2570.59 1.52515e-07 0.00154726
0.1625 1423.03 2572.71 1.52133e-07 0.00155243
0.165 1426.48 2574.76 1.51765e-07 0.00155742
0.1675 1429.81 2576.73 1.51412e-07 0.00156226
0.17 1433.04 2578.64 1.51071e-07 0.00156693
0.1725 1436.16 2580.48 1.50742e-07 0.00157146
0.175 1439.19 2582.26 1.50426e-07 0.00157585
0.1775 1442.12 2583.99 1.5012e-07 0.00158011
0.18 1444.96 2585.65 1.49824e-07 0.00158423
0.1825 1447.72 2587.26 1.49539e-07 0.00158824
0.185 1450.39 2588.83 1.49263e-07 0.00159212
0.1875 1452.99 2590.34 1.48996e-07 0.0015959
0.19 1455.52 2591.8 1.48738e-07 0.00159957
0.1925 1457.97 2593.23 1.48488e-07 0.00160313
0.195 1460.35 2594.61 1.48245e-07 0.0016066
0.1975 1462.67 2595.95 1.4801e-07 0.00160997
0.2 1464.93 2597.25 1.47782e-07 0.00161326
0.2025 1467.13 2598.51 1.47561e-07 0.00161645
0.205 1469.27 2599.74 1.47346e-07 0.00161957
0.2075 1471.35 2600.94 1.47137e-07 0.0016226
0.21 1473.38 2602.1 1.46934e-07 0.00162555
0.2125 1475.36 2603.23 1.46737e-07 0.00162843
0.215 1477.29 2604.33 1.46546e-07 0.00163124
0.2175 1479.17 2605.4 1.46359e-07 0.00163398
0.22 1481.01 2606.44 1.46178e-07 0.00163666
0.2225 1482.8 2607.46 1.46001e-07 0.00163927
0.225 1484.55 2608.45 1.45829e-07 0.00164182
0.2275 1486.26 2609.42 1.45661e-07 0.00164431
0.23 1487.93 2610.36 1.45498e-07 0.00164674
0.2325 1489.56 2611.28 1.45339e-07 0.00164911
0.235 1491.15 2612.18 1.45183e-07 0.00165144
0.2375 1492.71 2613.06 1.45032e-07 0.00165371
0.24 1494.23 2613.91 1.44884e-07 0.00165593
0.2425 1495.72 2614.75 1.4474e-07 0.0016581
0.245 1497.18 2615.57 1.44599e-07 0.00166023
0.2475 1498.6 2616.37 1.44461e-07 0.00166231
0.25 1500 2617.15 1.44327e-07 0.00166434
