TITLE="Graphics"
VARIABLES= "rj, m", "T, K", "Cp, J/kg*K", "rho, kg/m^3", "Lambda, Watt/m*K"
0 302.807 4180 0.00098 0.00614673
0.0025 302.879 4180 0.00098 0.00614791
0.005 303.082 4180 0.00098 0.00615125
0.0075 303.45 4180 0.00098 0.00615726
0.01 304.003 4180 0.00098 0.00616624
0.0125 304.77 4180 0.00098 0.00617862
0.015 305.79 4180 0.00098 0.00619492
0.0175 307.11 4180 0.00098 0.00621571
0.02 308.784 4180 0.00098 0.00624153
0.0225 310.869 4180 0.00098 0.00627281
0.025 313.424 4180 0.00098 0.00630974
0.0275 316.505 4180 0.00098 0.00635219
0.03 320.165 4180 0.00098 0.00639964
0.0325 324.448 4180 0.00098 0.00645119
0.035 329.392 4180 0.00098 0.0065056
0.0375 335.024 4180 0.00098 0.00656134
0.04 341.367 4180 0.00098 0.00661661
0.0425 348.432 4180 0.00098 0.00666941
0.045 356.22 4180 0.00098 0.00671767
0.0475 364.722 4180 0.00098 0.00675951
0.04875 369.32 4180 0.00098 0.00677783
0.04875 369.32 4180 0.00098 0.000238403
0.05 545.53 2000 4e-07 0.000404324
0.0525 666.534 2000 4e-07 0.000537775
0.055 754.376 2000 4e-07 0.000642092
0.0575 823.461 2000 4e-07 0.000727738
0.06 880.24 2000 4e-07 0.000800172
0.0625 928.239 2000 4e-07 0.000862677
0.065 969.629 2000 4e-07 0.000917421
0.0675 1005.85 2000 4e-07 0.000965918
0.07 1037.93 2000 4e-07 0.00100928
0.0725 1066.59 2000 4e-07 0.00104835
0.075 1092.41 2000 4e-07 0.00108378
0.0775 1115.83 2000 4e-07 0.00111608
0.08 1137.17 2000 4e-07 0.00114568
0.0825 1156.74 2000 4e-07 0.00117293
0.085 1174.74 2000 4e-07 0.00119809
0.0875 1191.38 2000 4e-07 0.00122142
0.09 1206.81 2000 4e-07 0.00124311
0.0925 1221.15 2000 4e-07 0.00126334
0.095 1234.54 2000 4e-07 0.00128226
0.0975 1247.06 2000 4e-07 0.00129999
0.1 1258.79 2000 4e-07 0.00131664
0.1025 1269.82 2000 4e-07 0.00133231
0.105 1280.2 2000 4e-07 0.00134709
0.1075 1290 2000 4e-07 0.00136106
0.11 1299.25 2000 4e-07 0.00137427
0.1125 1308.02 2000 4e-07 0.00138679
0.115 1316.33 2000 4e-07 0.00139868
0.1175 1324.21 2000 4e-07 0.00140998
0.12 1331.72 2000 4e-07 0.00142074
0.1225 1338.86 2000 4e-07 0.00143099
0.125 1345.67 2000 4e-07 0.00144077
0.1275 1352.17 2000 4e-07 0.00145012
0.13 1358.38 2000 4e-07 0.00145905
0.1325 1364.32 2000 4e-07 0.0014676
0.135 1370 2000 4e-07 0.00147579
0.1375 1375.46 2000 4e-07 0.00148365
0.14 1380.68 2000 4e-07 0.00149119
0.1425 1385.7 2000 4e-07 0.00149844
0.145 1390.53 2000 4e-07 0.0015054
0.1475 1395.17 2000 4e-07 0.00151211
0.15 1399.64 2000 4e-07 0.00151856
0.1525 1403.94 2000 4e-07 0.00152478
0.155 1408.08 2000 4e-07 0.00153078
0.1575 1412.08 2000 4e-07 0.00153657
0.16 1415.94 2000 4e-07 0.00154215
0.1625 1419.67 2000 4e-07 0.00154755
0.165 1423.27 2000 4e-07 0.00155277
0.1675 1426.75 2000 4e-07 0.00155782
0.17 1430.12 2000 4e-07 0.00156271
0.1725 1433.39 2000 4e-07 0.00156744
0.175 1436.55 2000 4e-07 0.00157202
0.1775 1439.61 2000 4e-07 0.00157647
0.18 1442.58 2000 4e-07 0.00158077
0.1825 1445.46 2000 4e-07 0.00158496
0.185 1448.25 2000 4e-07 0.00158901
0.1875 1450.96 2000 4e-07 0.00159296
0.19 1453.6 2000 4e-07 0.00159678
0.1925 1456.16 2000 4e-07 0.00160051
0.195 1458.65 2000 4e-07 0.00160412
0.1975 1461.07 2000 4e-07 0.00160764
0.2 1463.43 2000 4e-07 0.00161107
0.2025 1465.72 2000 4e-07 0.0016144
0.205 1467.95 2000 4e-07 0.00161765
0.2075 1470.13 2000 4e-07 0.00162082
0.21 1472.24 2000 4e-07 0.0016239
0.2125 1474.31 2000 4e-07 0.0016269
0.215 1476.32 2000 4e-07 0.00162983
0.2175 1478.28 2000 4e-07 0.00163269
0.22 1480.2 2000 4e-07 0.00163548
0.2225 1482.07 2000 4e-07 0.0016382
0.225 1483.89 2000 4e-07 0.00164086
0.2275 1485.67 2000 4e-07 0.00164346
0.23 1487.41 2000 4e-07 0.00164599
0.2325 1489.11 2000 4e-07 0.00164847
0.235 1490.77 2000 4e-07 0.00165089
0.2375 1492.4 2000 4e-07 0.00165326
0.24 1493.99 2000 4e-07 0.00165557
0.2425 1495.54 2000 4e-07 0.00165784
0.245 1497.06 2000 4e-07 0.00166005
0.2475 1498.55 2000 4e-07 0.00166222
0.25 1500 2000 4e-07 0.00166434
