TITLE="Graphics"
VARIABLES= "rj, m", "T, K", "Cp, J/kg*K", "rho, kg/m^3", "Lambda, Watt/m*K"
0 302.824 4184.48 980 0.614701
2.5e-05 313.037 4181.35 980 0.630425
5e-05 324.542 4182.41 980 0.645227
7.5e-05 336.369 4187.44 980 0.657369
0.0001 348.279 4195.74 980 0.666836
0.000125 360.209 4206.85 980 0.673865
0.00015 371.614 4219.91 980 0.678592
0.000175 374.155 1891.86 0.578611 0.024239
0.0002 400.654 1903.81 0.540343 0.0264882
0.000225 420.703 1913.57 0.514592 0.0282586
0.00025 437.248 1922 0.49512 0.0297616
0.000275 451.817 1929.69 0.479155 0.0311152
0.0003 465.259 1936.98 0.465312 0.0323883
0.000325 478.063 1944.08 0.452849 0.0336217
0.00035 490.516 1951.13 0.441353 0.0348402
0.000375 502.784 1958.19 0.430583 0.0360583
0.0004 514.963 1965.31 0.420399 0.0372844
0.000425 527.108 1972.52 0.410713 0.0385232
0.00045 539.246 1979.83 0.401469 0.0397772
0.000475 551.392 1987.23 0.392625 0.0410474
0.0005 563.553 1994.72 0.384152 0.042334
0.0005125 569.641 1998.51 0.380047 0.0429837
0.0005125 569.641 1998.51 0.380047 0.0429837
0.000525 575.732 2002.31 0.376026 0.0436372
0.00055 587.927 2009.99 0.368226 0.0449564
0.000575 600.138 2017.75 0.360734 0.0462912
0.0006 612.363 2025.58 0.353533 0.0476411
0.000625 624.601 2033.49 0.346605 0.0490058
0.00065 636.851 2041.47 0.339939 0.0503846
0.000675 649.111 2049.51 0.333518 0.0517773
0.0007 661.379 2057.61 0.327331 0.0531832
0.000725 673.656 2065.77 0.321366 0.054602
0.00075 685.938 2073.98 0.315612 0.0560333
0.000775 698.227 2082.24 0.310057 0.0574767
0.0008 710.521 2090.55 0.304692 0.0589318
0.000825 722.819 2098.89 0.299508 0.0603984
0.00085 735.121 2107.28 0.294496 0.0618759
0.000875 747.427 2115.71 0.289648 0.0633642
0.0009 759.735 2124.16 0.284955 0.0648629
0.000925 772.045 2132.65 0.280411 0.0663717
0.00095 784.358 2141.17 0.276009 0.0678903
0.000975 796.672 2149.71 0.271743 0.0694184
0.001 808.988 2158.28 0.267606 0.0709558
0.001025 821.305 2166.87 0.263593 0.0725022
0.00105 833.623 2175.48 0.259698 0.0740574
0.001075 845.941 2184.1 0.255916 0.075621
0.0011 858.26 2192.74 0.252243 0.0771929
0.001125 870.58 2201.4 0.248674 0.0787728
0.00115 882.899 2210.06 0.245204 0.0803606
0.001175 895.219 2218.73 0.241829 0.0819559
0.0012 907.538 2227.4 0.238547 0.0835585
0.001225 919.857 2236.09 0.235352 0.0851684
0.00125 932.175 2244.77 0.232242 0.0867852
0.001275 944.493 2253.45 0.229213 0.0884087
0.0013 956.811 2262.13 0.226262 0.0900388
0.001325 969.127 2270.81 0.223387 0.0916752
0.00135 981.442 2279.48 0.220584 0.0933178
0.001375 993.756 2288.14 0.217851 0.0949663
0.0014 1006.07 2296.8 0.215185 0.0966206
0.001425 1018.38 2305.44 0.212584 0.0982804
0.00145 1030.68 2314.07 0.210045 0.0999455
0.001475 1042.99 2322.68 0.207567 0.101616
0.0015 1055.29 2331.27 0.205148 0.103291
0.001525 1067.58 2339.85 0.202785 0.10497
0.00155 1079.87 2348.4 0.200477 0.106654
0.001575 1092.16 2356.92 0.198223 0.108342
0.0016 1104.43 2365.42 0.19602 0.110034
0.001625 1116.69 2373.88 0.193867 0.111728
0.00165 1128.95 2382.31 0.191763 0.113426
0.001675 1141.18 2390.7 0.189707 0.115126
0.0017 1153.4 2399.05 0.187697 0.116827
0.001725 1165.6 2407.36 0.185733 0.11853
0.00175 1177.77 2415.62 0.183813 0.120233
0.001775 1189.92 2423.83 0.181937 0.121937
0.0018 1202.03 2431.98 0.180104 0.123639
0.001825 1214.1 2440.06 0.178313 0.12534
0.00185 1226.13 2448.08 0.176563 0.127038
0.001875 1238.12 2456.03 0.174855 0.128732
0.0019 1250.04 2463.91 0.173186 0.130422
0.001925 1261.91 2471.7 0.171558 0.132106
0.00195 1273.71 2479.4 0.169969 0.133784
0.001975 1285.43 2487.01 0.168419 0.135454
0.002 1297.06 2494.53 0.166908 0.137114
0.002025 1308.61 2501.94 0.165436 0.138764
0.00205 1320.05 2509.24 0.164001 0.140402
0.002075 1331.39 2516.43 0.162605 0.142027
0.0021 1342.61 2523.5 0.161246 0.143638
0.002125 1353.71 2530.44 0.159924 0.145233
0.00215 1364.67 2537.25 0.158639 0.146811
0.002175 1375.49 2543.93 0.157391 0.148371
0.0022 1386.17 2550.48 0.156179 0.14991
0.002225 1396.68 2556.88 0.155003 0.151429
0.00225 1407.03 2563.13 0.153863 0.152926
0.002275 1417.21 2569.24 0.152758 0.154399
0.0023 1427.21 2575.19 0.151688 0.155848
0.002325 1437.02 2580.99 0.150652 0.157271
0.00235 1446.64 2586.63 0.149651 0.158667
0.002375 1456.06 2592.12 0.148682 0.160036
0.0024 1465.27 2597.45 0.147747 0.161376
0.002425 1474.28 2602.61 0.146845 0.162686
0.00245 1483.07 2607.62 0.145974 0.163967
0.002475 1491.65 2612.46 0.145135 0.165216
0.0025 1500 2617.15 0.144327 0.166434
