TITLE="Graphics"
VARIABLES= "rj, cm", "T, K", "Cp, J/kg*K", "rho, kg/cm^3", "Lambda, Watt/cm*K"
0 280 4211.71 0.00098 0.00576876
0.0025 280 4211.71 0.00098 0.00576876
0.005 280 4211.71 0.00098 0.00576876
0.0075 280 4211.71 0.00098 0.00576876
0.01 280 4211.71 0.00098 0.00576876
0.0125 280 4211.71 0.00098 0.00576876
0.015 280 4211.71 0.00098 0.00576876
0.0175 280 4211.71 0.00098 0.00576876
0.02 280.001 4211.7 0.00098 0.00576878
0.0225 280.004 4211.7 0.00098 0.00576883
0.025 280.014 4211.68 0.00098 0.00576899
0.0275 280.04 4211.63 0.00098 0.00576945
0.03 280.112 4211.48 0.00098 0.00577069
0.0325 280.297 4211.12 0.00098 0.00577388
0.035 280.742 4210.25 0.00098 0.00578145
0.0375 281.73 4208.38 0.00098 0.00579787
0.04 283.731 4204.83 0.00098 0.0058302
0.0425 287.387 4199.13 0.00098 0.00588876
0.045 293.341 4191.82 0.00098 0.00598736
0.0475 301.936 4184.97 0.00098 0.00613237
0.04775 302.934 4184.42 0.00098 0.00614882
0.04775 302.934 4184.42 0.00098 0.000187684
0.05 645.438 2047.1 3.35416e-07 0.000513587
0.0525 740.746 2111.13 2.9226e-07 0.00062555
0.055 814.307 2161.99 2.65858e-07 0.000716226
0.0575 874.053 2203.84 2.47685e-07 0.000792197
0.06 924.138 2239.1 2.34262e-07 0.000857295
0.0625 967.049 2269.34 2.23867e-07 0.000913986
0.065 1004.41 2295.63 2.1554e-07 0.000963974
0.0675 1037.35 2318.73 2.08696e-07 0.00100849
0.07 1066.67 2339.21 2.02958e-07 0.00104846
0.0725 1093 2357.51 1.98069e-07 0.00108459
0.075 1116.81 2373.96 1.93847e-07 0.00111744
0.0775 1138.46 2388.84 1.9016e-07 0.00114747
0.08 1158.26 2402.37 1.8691e-07 0.00117505
0.0825 1176.44 2414.72 1.84022e-07 0.00120047
0.085 1193.21 2426.04 1.81436e-07 0.00122398
0.0875 1208.72 2436.46 1.79106e-07 0.00124582
0.09 1223.13 2446.09 1.76996e-07 0.00126614
0.0925 1236.56 2455 1.75075e-07 0.00128511
0.095 1249.09 2463.28 1.73318e-07 0.00130287
0.0975 1260.82 2470.99 1.71705e-07 0.00131952
0.1 1271.84 2478.19 1.70218e-07 0.00133518
0.1025 1282.19 2484.92 1.68844e-07 0.00134993
0.105 1291.95 2491.24 1.67568e-07 0.00136385
0.1075 1301.17 2497.17 1.66381e-07 0.001377
0.11 1309.88 2502.75 1.65275e-07 0.00138946
0.1125 1318.14 2508.02 1.6424e-07 0.00140128
0.115 1325.97 2512.99 1.6327e-07 0.00141249
0.1175 1333.41 2517.7 1.62359e-07 0.00142316
0.12 1340.48 2522.16 1.61502e-07 0.00143332
0.1225 1347.22 2526.39 1.60694e-07 0.00144301
0.125 1353.65 2530.4 1.5993e-07 0.00145225
0.1275 1359.79 2534.23 1.59208e-07 0.00146109
0.13 1365.66 2537.87 1.58524e-07 0.00146953
0.1325 1371.28 2541.33 1.57875e-07 0.00147762
0.135 1376.65 2544.65 1.57258e-07 0.00148538
0.1375 1381.81 2547.81 1.56672e-07 0.00149282
0.14 1386.76 2550.84 1.56113e-07 0.00149996
0.1425 1391.51 2553.73 1.5558e-07 0.00150682
0.145 1396.08 2556.51 1.55071e-07 0.00151342
0.1475 1400.47 2559.17 1.54584e-07 0.00151977
0.15 1404.7 2561.72 1.54119e-07 0.00152588
0.1525 1408.77 2564.18 1.53673e-07 0.00153178
0.155 1412.7 2566.54 1.53245e-07 0.00153747
0.1575 1416.49 2568.81 1.52835e-07 0.00154295
0.16 1420.15 2570.99 1.52442e-07 0.00154825
0.1625 1423.69 2573.1 1.52063e-07 0.00155337
0.165 1427.1 2575.13 1.51699e-07 0.00155833
0.1675 1430.41 2577.09 1.51349e-07 0.00156312
0.17 1433.6 2578.98 1.51011e-07 0.00156775
0.1725 1436.7 2580.8 1.50686e-07 0.00157224
0.175 1439.7 2582.57 1.50372e-07 0.00157659
0.1775 1442.6 2584.27 1.50069e-07 0.00158081
0.18 1445.42 2585.92 1.49777e-07 0.0015849
0.1825 1448.16 2587.52 1.49494e-07 0.00158887
0.185 1450.81 2589.07 1.4922e-07 0.00159273
0.1875 1453.39 2590.57 1.48956e-07 0.00159647
0.19 1455.89 2592.02 1.487e-07 0.00160011
0.1925 1458.32 2593.43 1.48452e-07 0.00160364
0.195 1460.68 2594.8 1.48211e-07 0.00160708
0.1975 1462.98 2596.13 1.47978e-07 0.00161043
0.2 1465.22 2597.42 1.47752e-07 0.00161368
0.2025 1467.4 2598.67 1.47533e-07 0.00161685
0.205 1469.52 2599.89 1.4732e-07 0.00161994
0.2075 1471.59 2601.07 1.47113e-07 0.00162294
0.21 1473.6 2602.22 1.46912e-07 0.00162587
0.2125 1475.56 2603.34 1.46717e-07 0.00162873
0.215 1477.48 2604.44 1.46527e-07 0.00163152
0.2175 1479.34 2605.5 1.46342e-07 0.00163423
0.22 1481.16 2606.53 1.46162e-07 0.00163689
0.2225 1482.94 2607.54 1.45987e-07 0.00163947
0.225 1484.68 2608.53 1.45816e-07 0.001642
0.2275 1486.37 2609.48 1.4565e-07 0.00164447
0.23 1488.03 2610.42 1.45488e-07 0.00164688
0.2325 1489.64 2611.33 1.4533e-07 0.00164924
0.235 1491.22 2612.22 1.45176e-07 0.00165154
0.2375 1492.77 2613.09 1.45026e-07 0.00165379
0.24 1494.28 2613.94 1.4488e-07 0.001656
0.2425 1495.76 2614.77 1.44736e-07 0.00165815
0.245 1497.2 2615.58 1.44597e-07 0.00166026
0.2475 1498.62 2616.37 1.4446e-07 0.00166232
0.25 1500 2617.15 1.44327e-07 0.00166434
