TITLE="Graphics"
VARIABLES= "rj, cm", "T, K", "Cp, J/kg*K", "rho, kg/cm^3", "Lambda, Watt/cm*K"
0 340.609 4190.06 0.00098 0.0066104
0.0025 340.756 4190.15 0.00098 0.00661161
0.005 341.16 4190.42 0.00098 0.00661492
0.0075 341.857 4190.9 0.00098 0.00662056
0.01 342.832 4191.58 0.00098 0.00662829
0.0125 344.067 4192.47 0.00098 0.00663784
0.015 345.54 4193.58 0.00098 0.00664887
0.0175 347.228 4194.89 0.00098 0.00666104
0.02 349.103 4196.42 0.00098 0.00667397
0.0225 351.136 4198.16 0.00098 0.0066873
0.025 353.294 4200.09 0.00098 0.00670071
0.0275 355.544 4202.19 0.00098 0.00671388
0.03 357.852 4204.44 0.00098 0.00672655
0.0325 360.184 4206.82 0.00098 0.00673852
0.035 362.505 4209.29 0.00098 0.00674962
0.0375 364.781 4211.8 0.00098 0.00675976
0.04 366.982 4214.32 0.00098 0.00676887
0.0425 369.078 4216.8 0.00098 0.00677694
0.045 371.04 4219.2 0.00098 0.00678396
0.0475 374.528 1892.02 5.78035e-07 0.000242699
0.0477438 373 4221.67 0.00098 0.00679049
0.0477438 373 4221.67 0.00098 0.000241434
0.05 536.935 1978.43 4.03196e-07 0.000395373
0.0525 633.087 2039.01 3.4196e-07 0.000499595
0.055 708.976 2089.5 3.05356e-07 0.000587484
0.0575 771.717 2132.43 2.80531e-07 0.000663313
0.06 825.104 2169.52 2.62379e-07 0.000729809
0.0625 871.439 2202 2.48428e-07 0.000788833
0.065 912.243 2230.72 2.37317e-07 0.000841725
0.0675 948.581 2256.33 2.28225e-07 0.000889489
0.07 981.233 2279.33 2.20631e-07 0.000932899
0.0725 1010.79 2300.12 2.14179e-07 0.00097257
0.075 1037.72 2318.99 2.08621e-07 0.001009
0.0775 1062.38 2336.22 2.03779e-07 0.00104258
0.08 1085.06 2352 1.99519e-07 0.00107367
0.0825 1106.02 2366.51 1.95738e-07 0.00110253
0.085 1125.45 2379.91 1.92359e-07 0.00112941
0.0875 1143.53 2392.31 1.89318e-07 0.00115452
0.09 1160.39 2403.82 1.86567e-07 0.00117802
0.0925 1176.16 2414.53 1.84065e-07 0.00120008
0.095 1190.96 2424.53 1.81778e-07 0.00122083
0.0975 1204.86 2433.87 1.79681e-07 0.00124037
0.1 1217.95 2442.63 1.77749e-07 0.00125883
0.1025 1230.31 2450.86 1.75964e-07 0.00127628
0.105 1241.99 2458.59 1.74309e-07 0.00129281
0.1075 1253.05 2465.89 1.7277e-07 0.00130849
0.11 1263.54 2472.77 1.71336e-07 0.00132339
0.1125 1273.51 2479.27 1.69995e-07 0.00133756
0.115 1282.98 2485.43 1.6874e-07 0.00135105
0.1175 1292.01 2491.27 1.67561e-07 0.00136393
0.12 1300.62 2496.81 1.66452e-07 0.00137622
0.1225 1308.83 2502.08 1.65407e-07 0.00138796
0.125 1316.69 2507.1 1.6442e-07 0.0013992
0.1275 1324.2 2511.88 1.63487e-07 0.00140997
0.13 1331.4 2516.43 1.62604e-07 0.00142028
0.1325 1338.3 2520.78 1.61765e-07 0.00143019
0.135 1344.92 2524.94 1.60969e-07 0.00143969
0.1375 1351.27 2528.92 1.60212e-07 0.00144883
0.14 1357.38 2532.73 1.59491e-07 0.00145762
0.1425 1363.26 2536.38 1.58803e-07 0.00146608
0.145 1368.92 2539.88 1.58147e-07 0.00147423
0.1475 1374.37 2543.24 1.57519e-07 0.00148209
0.15 1379.63 2546.47 1.56919e-07 0.00148967
0.1525 1384.7 2549.58 1.56345e-07 0.00149698
0.155 1389.59 2552.57 1.55794e-07 0.00150405
0.1575 1394.32 2555.44 1.55266e-07 0.00151088
0.16 1398.89 2558.21 1.54759e-07 0.00151748
0.1625 1403.31 2560.89 1.54271e-07 0.00152387
0.165 1407.59 2563.46 1.53803e-07 0.00153006
0.1675 1411.73 2565.95 1.53351e-07 0.00153605
0.17 1415.74 2568.36 1.52917e-07 0.00154186
0.1725 1419.62 2570.68 1.52498e-07 0.00154749
0.175 1423.39 2572.92 1.52094e-07 0.00155295
0.1775 1427.05 2575.1 1.51705e-07 0.00155825
0.18 1430.6 2577.2 1.51328e-07 0.00156339
0.1825 1434.05 2579.24 1.50965e-07 0.00156839
0.185 1437.39 2581.21 1.50613e-07 0.00157325
0.1875 1440.65 2583.12 1.50273e-07 0.00157797
0.19 1443.81 2584.98 1.49944e-07 0.00158256
0.1925 1446.89 2586.78 1.49625e-07 0.00158703
0.195 1449.88 2588.53 1.49316e-07 0.00159138
0.1975 1452.8 2590.22 1.49016e-07 0.00159561
0.2 1455.63 2591.87 1.48726e-07 0.00159974
0.2025 1458.4 2593.47 1.48444e-07 0.00160376
0.205 1461.09 2595.03 1.4817e-07 0.00160767
0.2075 1463.72 2596.55 1.47905e-07 0.00161149
0.21 1466.27 2598.02 1.47646e-07 0.00161521
0.2125 1468.77 2599.46 1.47395e-07 0.00161885
0.215 1471.21 2600.85 1.47151e-07 0.00162239
0.2175 1473.59 2602.21 1.46914e-07 0.00162585
0.22 1475.91 2603.54 1.46683e-07 0.00162923
0.2225 1478.17 2604.83 1.46458e-07 0.00163253
0.225 1480.39 2606.09 1.46239e-07 0.00163575
0.2275 1482.55 2607.32 1.46026e-07 0.00163891
0.23 1484.66 2608.52 1.45818e-07 0.00164199
0.2325 1486.73 2609.69 1.45615e-07 0.001645
0.235 1488.75 2610.83 1.45417e-07 0.00164794
0.2375 1490.73 2611.95 1.45224e-07 0.00165082
0.24 1492.66 2613.03 1.45036e-07 0.00165364
0.2425 1494.56 2614.1 1.44852e-07 0.0016564
0.245 1496.41 2615.14 1.44673e-07 0.00165911
0.2475 1496.63 2615.26 1.44652e-07 0.00165942
0.25 1500 2617.15 1.44327e-07 0.00166434
