TITLE="Graphics"
VARIABLES= "rj, cm", "T, K", "Cp, J/kg*K", "rho, kg/cm^3", "Lambda, Watt/cm*K"
0 373 4221.67 0.00098 0.00679049
0.0025 373 4221.67 0.00098 0.00679049
0.005 373 4221.67 0.00098 0.00679049
0.0075 373 4221.67 0.00098 0.00679049
0.01 373 4221.67 0.00098 0.00679049
0.0125 373 4221.67 0.00098 0.00679049
0.015 373 4221.67 0.00098 0.00679049
0.0175 373 4221.67 0.00098 0.00679049
0.02 373 4221.67 0.00098 0.00679049
0.0225 373 4221.67 0.00098 0.00679049
0.025 373 4221.67 0.00098 0.00679049
0.0275 373 4221.67 0.00098 0.00679049
0.03 373 4221.67 0.00098 0.00679049
0.0325 373 4221.67 0.00098 0.00679049
0.035 373 4221.67 0.00098 0.00679049
0.0375 373 4221.67 0.00098 0.00679049
0.04 373 4221.67 0.00098 0.00679049
0.0425 373 4221.67 0.00098 0.00679049
0.045 373 4221.67 0.00098 0.00679049
0.0475 373 4221.67 0.00098 0.00679049
0.0477153 373 4221.67 0.00098 0.00679049
0.0477153 373 4221.67 0.00098 0.000241434
0.05 520.567 1968.63 4.15874e-07 0.000378541
0.0525 614.019 2026.65 3.52579e-07 0.00047825
0.055 688.771 2075.88 3.14314e-07 0.000563651
0.0575 751.117 2118.24 2.88224e-07 0.000638125
0.06 804.509 2155.16 2.69096e-07 0.000703956
0.0625 851.081 2187.71 2.54371e-07 0.000762759
0.065 892.262 2216.65 2.42631e-07 0.000815723
0.0675 929.062 2242.57 2.3302e-07 0.000863759
0.07 962.228 2265.95 2.24989e-07 0.000907578
0.0725 992.329 2287.14 2.18164e-07 0.00094775
0.075 1019.81 2306.44 2.12285e-07 0.000984741
0.0775 1045.03 2324.11 2.07162e-07 0.00101893
0.08 1068.27 2340.33 2.02654e-07 0.00105065
0.0825 1089.78 2355.27 1.98654e-07 0.00108016
0.085 1109.76 2369.09 1.95079e-07 0.00110769
0.0875 1128.36 2381.91 1.91863e-07 0.00113345
0.09 1145.74 2393.82 1.88952e-07 0.0011576
0.0925 1162.02 2404.92 1.86306e-07 0.00118029
0.095 1177.3 2415.3 1.83888e-07 0.00120166
0.0975 1191.67 2425.01 1.8167e-07 0.00122183
0.1 1205.22 2434.12 1.79627e-07 0.00124088
0.1025 1218.02 2442.68 1.77739e-07 0.00125892
0.105 1230.13 2450.74 1.75989e-07 0.00127603
0.1075 1241.61 2458.34 1.74363e-07 0.00129227
0.11 1252.5 2465.52 1.72846e-07 0.00130771
0.1125 1262.85 2472.32 1.71429e-07 0.00132241
0.115 1272.71 2478.75 1.70102e-07 0.00133642
0.1175 1282.1 2484.86 1.68856e-07 0.00134979
0.12 1291.06 2490.66 1.67684e-07 0.00136257
0.1225 1299.62 2496.17 1.6658e-07 0.00137479
0.125 1307.8 2501.42 1.65537e-07 0.00138649
0.1275 1315.64 2506.43 1.64552e-07 0.0013977
0.13 1323.14 2511.2 1.63618e-07 0.00140845
0.1325 1330.34 2515.77 1.62732e-07 0.00141877
0.135 1337.26 2520.13 1.61891e-07 0.00142869
0.1375 1343.9 2524.3 1.61091e-07 0.00143823
0.14 1350.28 2528.3 1.6033e-07 0.0014474
0.1425 1356.43 2532.13 1.59603e-07 0.00145624
0.145 1362.34 2535.81 1.5891e-07 0.00146476
0.1475 1368.05 2539.34 1.58248e-07 0.00147297
0.15 1373.55 2542.73 1.57614e-07 0.0014809
0.1525 1378.85 2546 1.57007e-07 0.00148855
0.155 1383.98 2549.14 1.56426e-07 0.00149595
0.1575 1388.93 2552.16 1.55868e-07 0.0015031
0.16 1393.72 2555.08 1.55333e-07 0.00151001
0.1625 1398.35 2557.89 1.54818e-07 0.0015167
0.165 1402.83 2560.6 1.54323e-07 0.00152319
0.1675 1407.18 2563.22 1.53847e-07 0.00152947
0.17 1411.38 2565.75 1.53389e-07 0.00153555
0.1725 1415.46 2568.19 1.52947e-07 0.00154146
0.175 1419.42 2570.55 1.52521e-07 0.00154719
0.1775 1423.25 2572.84 1.52109e-07 0.00155275
0.18 1426.98 2575.06 1.51712e-07 0.00155815
0.1825 1430.6 2577.2 1.51328e-07 0.0015634
0.185 1434.12 2579.28 1.50957e-07 0.00156849
0.1875 1437.53 2581.29 1.50598e-07 0.00157345
0.19 1440.86 2583.25 1.50251e-07 0.00157828
0.1925 1444.09 2585.14 1.49915e-07 0.00158297
0.195 1447.24 2586.98 1.49589e-07 0.00158754
0.1975 1450.3 2588.77 1.49273e-07 0.00159199
0.2 1453.28 2590.51 1.48966e-07 0.00159633
0.2025 1456.19 2592.2 1.48669e-07 0.00160055
0.205 1459.02 2593.84 1.4838e-07 0.00160467
0.2075 1461.79 2595.43 1.481e-07 0.00160868
0.21 1464.48 2596.99 1.47828e-07 0.0016126
0.2125 1467.11 2598.5 1.47563e-07 0.00161642
0.215 1469.67 2599.97 1.47305e-07 0.00162015
0.2175 1472.17 2601.41 1.47055e-07 0.00162379
0.22 1474.62 2602.8 1.46811e-07 0.00162735
0.2225 1477 2604.17 1.46574e-07 0.00163083
0.225 1479.33 2605.49 1.46343e-07 0.00163422
0.2275 1481.61 2606.79 1.46118e-07 0.00163754
0.23 1483.84 2608.05 1.45899e-07 0.00164078
0.2325 1486.02 2609.28 1.45685e-07 0.00164396
0.235 1488.15 2610.49 1.45476e-07 0.00164706
0.2375 1490.23 2611.66 1.45273e-07 0.00165009
0.24 1492.27 2612.81 1.45075e-07 0.00165307
0.2425 1494.26 2613.93 1.44881e-07 0.00165597
0.245 1496.22 2615.03 1.44692e-07 0.00165882
0.2475 1499.73 2616.99 1.44353e-07 0.00166394
0.25 1500 2617.15 1.44327e-07 0.00166434
