TITLE="Graphics"
VARIABLES= "rj, m", "T, K", "Cp, J/kg*K", "rho, kg/m^3", "Lambda, Watt/m*K"
0 1322.2 2e+07 4e-07 0.0014071
0.0025 1322.25 2e+07 4e-07 0.00140717
0.005 1322.35 2e+07 4e-07 0.00140731
0.0075 1322.52 2e+07 4e-07 0.00140755
0.01 1322.76 2e+07 4e-07 0.0014079
0.0125 1323.07 2e+07 4e-07 0.00140835
0.015 1323.45 2e+07 4e-07 0.00140889
0.0175 1323.91 2e+07 4e-07 0.00140954
0.02 1324.43 2e+07 4e-07 0.00141029
0.0225 1325.02 2e+07 4e-07 0.00141113
0.025 1325.67 2e+07 4e-07 0.00141208
0.0275 1326.4 2e+07 4e-07 0.00141311
0.03 1327.19 2e+07 4e-07 0.00141425
0.0325 1328.04 2e+07 4e-07 0.00141547
0.035 1328.96 2e+07 4e-07 0.00141679
0.0375 1329.95 2e+07 4e-07 0.0014182
0.04 1330.99 2e+07 4e-07 0.0014197
0.0425 1332.1 2e+07 4e-07 0.00142129
0.045 1333.27 2e+07 4e-07 0.00142297
0.0475 1334.49 2e+07 4e-07 0.00142473
0.04875 1335.77 2e+07 4e-07 0.00142655
0.04875 1335.77 2e+07 4e-07 0.00142655
0.05 1336.75 2e+07 4e-07 0.00142796
0.0525 1338.7 2e+07 4e-07 0.00143077
0.055 1340.65 2e+07 4e-07 0.00143356
0.0575 1342.6 2e+07 4e-07 0.00143636
0.06 1344.55 2e+07 4e-07 0.00143917
0.0625 1346.51 2e+07 4e-07 0.00144199
0.065 1348.49 2e+07 4e-07 0.00144482
0.0675 1350.47 2e+07 4e-07 0.00144768
0.07 1352.48 2e+07 4e-07 0.00145056
0.0725 1354.5 2e+07 4e-07 0.00145346
0.075 1356.53 2e+07 4e-07 0.00145639
0.0775 1358.58 2e+07 4e-07 0.00145935
0.08 1360.65 2e+07 4e-07 0.00146233
0.0825 1362.74 2e+07 4e-07 0.00146533
0.085 1364.85 2e+07 4e-07 0.00146836
0.0875 1366.97 2e+07 4e-07 0.00147142
0.09 1369.11 2e+07 4e-07 0.0014745
0.0925 1371.26 2e+07 4e-07 0.00147761
0.095 1373.44 2e+07 4e-07 0.00148074
0.0975 1375.62 2e+07 4e-07 0.00148389
0.1 1377.82 2e+07 4e-07 0.00148706
0.1025 1380.03 2e+07 4e-07 0.00149025
0.105 1382.26 2e+07 4e-07 0.00149347
0.1075 1384.5 2e+07 4e-07 0.00149669
0.11 1386.74 2e+07 4e-07 0.00149994
0.1125 1389 2e+07 4e-07 0.00150319
0.115 1391.26 2e+07 4e-07 0.00150646
0.1175 1393.53 2e+07 4e-07 0.00150974
0.12 1395.81 2e+07 4e-07 0.00151304
0.1225 1398.09 2e+07 4e-07 0.00151633
0.125 1400.38 2e+07 4e-07 0.00151964
0.1275 1402.67 2e+07 4e-07 0.00152295
0.13 1404.96 2e+07 4e-07 0.00152627
0.1325 1407.26 2e+07 4e-07 0.00152958
0.135 1409.55 2e+07 4e-07 0.0015329
0.1375 1411.84 2e+07 4e-07 0.00153622
0.14 1414.13 2e+07 4e-07 0.00153953
0.1425 1416.42 2e+07 4e-07 0.00154284
0.145 1418.7 2e+07 4e-07 0.00154615
0.1475 1420.97 2e+07 4e-07 0.00154944
0.15 1423.24 2e+07 4e-07 0.00155273
0.1525 1425.51 2e+07 4e-07 0.00155601
0.155 1427.76 2e+07 4e-07 0.00155928
0.1575 1430.01 2e+07 4e-07 0.00156254
0.16 1432.24 2e+07 4e-07 0.00156578
0.1625 1434.47 2e+07 4e-07 0.00156901
0.165 1436.68 2e+07 4e-07 0.00157222
0.1675 1438.88 2e+07 4e-07 0.00157541
0.17 1441.07 2e+07 4e-07 0.00157858
0.1725 1443.24 2e+07 4e-07 0.00158174
0.175 1445.4 2e+07 4e-07 0.00158487
0.1775 1447.54 2e+07 4e-07 0.00158798
0.18 1449.67 2e+07 4e-07 0.00159107
0.1825 1451.78 2e+07 4e-07 0.00159413
0.185 1453.87 2e+07 4e-07 0.00159717
0.1875 1455.94 2e+07 4e-07 0.00160018
0.19 1457.99 2e+07 4e-07 0.00160316
0.1925 1460.02 2e+07 4e-07 0.00160612
0.195 1462.03 2e+07 4e-07 0.00160904
0.1975 1464.02 2e+07 4e-07 0.00161193
0.2 1465.99 2e+07 4e-07 0.0016148
0.2025 1467.93 2e+07 4e-07 0.00161763
0.205 1469.86 2e+07 4e-07 0.00162042
0.2075 1471.76 2e+07 4e-07 0.00162319
0.21 1473.63 2e+07 4e-07 0.00162592
0.2125 1475.48 2e+07 4e-07 0.00162861
0.215 1477.31 2e+07 4e-07 0.00163127
0.2175 1479.1 2e+07 4e-07 0.00163389
0.22 1480.88 2e+07 4e-07 0.00163647
0.2225 1482.63 2e+07 4e-07 0.00163902
0.225 1484.35 2e+07 4e-07 0.00164152
0.2275 1486.04 2e+07 4e-07 0.00164399
0.23 1487.71 2e+07 4e-07 0.00164642
0.2325 1489.34 2e+07 4e-07 0.0016488
0.235 1490.95 2e+07 4e-07 0.00165115
0.2375 1492.53 2e+07 4e-07 0.00165345
0.24 1494.09 2e+07 4e-07 0.00165572
0.2425 1495.61 2e+07 4e-07 0.00165794
0.245 1497.1 2e+07 4e-07 0.00166012
0.2475 1498.57 2e+07 4e-07 0.00166225
0.25 1500 2e+07 4e-07 0.00166434
