TITLE="Graphics"
VARIABLES= "rj, cm", "T, K", "Cp, J/kg*K", "rho, kg/cm^3", "Lambda, Watt/cm*K"
0 372.978 4221.64 0.00098 0.00679042
0.0025 372.956 4221.61 0.00098 0.00679035
0.005 372.938 4221.59 0.00098 0.00679029
0.0075 372.962 4221.62 0.00098 0.00679037
0.01 372.958 4221.61 0.00098 0.00679036
0.0125 372.98 4221.64 0.00098 0.00679042
0.015 372.982 4221.64 0.00098 0.00679043
0.0175 372.985 4221.65 0.00098 0.00679044
0.02 372.985 4221.65 0.00098 0.00679044
0.0225 372.986 4221.65 0.00098 0.00679044
0.025 372.984 4221.65 0.00098 0.00679044
0.0275 372.995 4221.66 0.00098 0.00679047
0.03 372.985 4221.65 0.00098 0.00679044
0.0325 372.985 4221.65 0.00098 0.00679044
0.035 372.982 4221.64 0.00098 0.00679043
0.0375 372.98 4221.64 0.00098 0.00679043
0.04 372.967 4221.62 0.00098 0.00679038
0.0425 372.954 4221.61 0.00098 0.00679034
0.045 372.945 4221.6 0.00098 0.00679031
0.0475 372.888 4221.52 0.00098 0.00679013
0.0475003 373 4221.67 0.00098 0.00679049
0.0475003 373 4221.67 0.00098 0.000241434
0.05 533.271 1976.22 4.05966e-07 0.000391581
0.0525 624.577 2033.48 3.46619e-07 0.00049003
0.055 697.939 2082.05 3.10185e-07 0.000574427
0.0575 759.281 2123.85 2.85125e-07 0.000648075
0.06 811.899 2160.31 2.66647e-07 0.000713205
0.0625 857.846 2192.45 2.52365e-07 0.000771399
0.065 898.506 2221.04 2.40945e-07 0.000823828
0.0675 934.861 2246.66 2.31575e-07 0.000871386
0.07 967.641 2269.76 2.2373e-07 0.000914774
0.0725 997.401 2290.71 2.17054e-07 0.000954555
0.075 1024.58 2309.79 2.11297e-07 0.000991188
0.0775 1049.52 2327.25 2.06275e-07 0.00102505
0.08 1072.52 2343.28 2.01852e-07 0.00105646
0.0825 1093.8 2358.06 1.97924e-07 0.00108569
0.085 1113.57 2371.72 1.94411e-07 0.00111296
0.0875 1131.98 2384.39 1.91249e-07 0.00113847
0.09 1149.18 2396.17 1.88387e-07 0.00116239
0.0925 1165.29 2407.15 1.85782e-07 0.00118487
0.095 1180.42 2417.41 1.83401e-07 0.00120604
0.0975 1194.65 2427.01 1.81217e-07 0.00122601
0.1 1208.06 2436.02 1.79204e-07 0.00124489
0.1025 1220.74 2444.49 1.77344e-07 0.00126275
0.105 1232.73 2452.46 1.75619e-07 0.0012797
0.1075 1244.09 2459.98 1.74015e-07 0.00129578
0.11 1254.87 2467.08 1.7252e-07 0.00131108
0.1125 1265.13 2473.8 1.71122e-07 0.00132564
0.115 1274.88 2480.17 1.69812e-07 0.00133952
0.1175 1284.18 2486.21 1.68582e-07 0.00135276
0.12 1293.05 2491.94 1.67426e-07 0.00136542
0.1225 1301.53 2497.4 1.66335e-07 0.00137752
0.125 1309.63 2502.6 1.65306e-07 0.00138911
0.1275 1317.39 2507.55 1.64332e-07 0.00140021
0.13 1324.83 2512.27 1.6341e-07 0.00141086
0.1325 1331.96 2516.79 1.62535e-07 0.00142109
0.135 1338.8 2521.1 1.61705e-07 0.00143091
0.1375 1345.38 2525.23 1.60914e-07 0.00144036
0.14 1351.7 2529.19 1.60161e-07 0.00144944
0.1425 1357.79 2532.98 1.59443e-07 0.0014582
0.145 1363.65 2536.62 1.58758e-07 0.00146663
0.1475 1369.3 2540.11 1.58103e-07 0.00147477
0.15 1374.74 2543.47 1.57477e-07 0.00148262
0.1525 1380 2546.7 1.56877e-07 0.0014902
0.155 1385.07 2549.81 1.56302e-07 0.00149753
0.1575 1389.98 2552.8 1.55751e-07 0.00150461
0.16 1394.72 2555.69 1.55221e-07 0.00151146
0.1625 1399.31 2558.47 1.54712e-07 0.00151809
0.165 1403.75 2561.15 1.54223e-07 0.00152451
0.1675 1408.05 2563.74 1.53752e-07 0.00153073
0.17 1412.22 2566.25 1.53298e-07 0.00153676
0.1725 1416.26 2568.67 1.52861e-07 0.00154261
0.175 1420.17 2571.01 1.52439e-07 0.00154828
0.1775 1423.98 2573.27 1.52032e-07 0.00155379
0.18 1427.67 2575.46 1.51639e-07 0.00155914
0.1825 1431.25 2577.59 1.5126e-07 0.00156434
0.185 1434.73 2579.64 1.50892e-07 0.00156939
0.1875 1438.12 2581.64 1.50537e-07 0.0015743
0.19 1441.41 2583.57 1.50193e-07 0.00157908
0.1925 1444.61 2585.45 1.4986e-07 0.00158373
0.195 1447.73 2587.27 1.49538e-07 0.00158826
0.1975 1450.77 2589.04 1.49225e-07 0.00159267
0.2 1453.72 2590.76 1.48921e-07 0.00159696
0.2025 1456.6 2592.43 1.48627e-07 0.00160115
0.205 1459.41 2594.06 1.48341e-07 0.00160522
0.2075 1462.14 2595.64 1.48064e-07 0.0016092
0.21 1464.81 2597.18 1.47794e-07 0.00161308
0.2125 1467.41 2598.68 1.47532e-07 0.00161687
0.215 1469.95 2600.13 1.47277e-07 0.00162056
0.2175 1472.43 2601.55 1.47029e-07 0.00162417
0.22 1474.85 2602.94 1.46788e-07 0.0016277
0.2225 1477.22 2604.29 1.46553e-07 0.00163114
0.225 1479.53 2605.6 1.46324e-07 0.0016345
0.2275 1481.78 2606.89 1.46101e-07 0.00163779
0.23 1483.99 2608.14 1.45884e-07 0.001641
0.2325 1486.15 2609.36 1.45672e-07 0.00164415
0.235 1488.26 2610.55 1.45466e-07 0.00164722
0.2375 1490.32 2611.72 1.45264e-07 0.00165023
0.24 1492.34 2612.85 1.45068e-07 0.00165317
0.2425 1494.32 2613.96 1.44876e-07 0.00165605
0.245 1496.25 2615.05 1.44688e-07 0.00165887
0.2475 1498.14 2616.11 1.44506e-07 0.00166164
0.25 1500 2617.15 1.44327e-07 0.00166434
