TITLE="Graphics"
VARIABLES= "rj, cm", "T, K", "Cp, J/kg*K", "rho, kg/cm^3", "Lambda, Watt/cm*K"
0 364.899 4211.93 0.00098 0.00676027
0.0025 364.935 4211.97 0.00098 0.00676042
0.005 365.037 4212.09 0.00098 0.00676086
0.0075 365.212 4212.28 0.00098 0.0067616
0.01 365.456 4212.56 0.00098 0.00676263
0.0125 365.766 4212.92 0.00098 0.00676392
0.015 366.135 4213.34 0.00098 0.00676545
0.0175 366.558 4213.83 0.00098 0.00676717
0.02 367.028 4214.37 0.00098 0.00676906
0.0225 367.536 4214.97 0.00098 0.00677106
0.025 368.075 4215.6 0.00098 0.00677315
0.0275 368.636 4216.27 0.00098 0.00677529
0.03 369.21 4216.96 0.00098 0.00677743
0.0325 369.789 4217.66 0.00098 0.00677954
0.035 370.363 4218.36 0.00098 0.00678159
0.0375 370.924 4219.06 0.00098 0.00678356
0.04 371.466 4219.73 0.00098 0.00678542
0.0425 371.983 4220.38 0.00098 0.00678716
0.045 372.445 4220.96 0.00098 0.00678869
0.0475 372.737 4221.33 0.00098 0.00678964
0.0477337 373 4221.67 0.00098 0.00679049
0.0477337 373 4221.67 0.00098 0.000241434
0.05 524.853 1971.18 4.12478e-07 0.000382921
0.0525 619.256 2030.03 3.49597e-07 0.000484082
0.055 694.426 2079.68 3.11754e-07 0.00057029
0.0575 756.935 2122.24 2.86009e-07 0.000645211
0.06 810.354 2159.23 2.67155e-07 0.000711268
0.0625 856.874 2191.77 2.52651e-07 0.000770156
0.065 897.956 2220.66 2.41092e-07 0.000823113
0.0675 934.628 2246.5 2.31633e-07 0.000871078
0.07 967.648 2269.77 2.23728e-07 0.000914784
0.0725 997.594 2290.84 2.17012e-07 0.000954814
0.075 1024.92 2310.02 2.11227e-07 0.000991643
0.0775 1049.97 2327.56 2.06187e-07 0.00102566
0.08 1073.05 2343.65 2.01751e-07 0.00105719
0.0825 1094.4 2358.48 1.97816e-07 0.00108651
0.085 1114.22 2372.17 1.94298e-07 0.00111386
0.0875 1132.67 2384.87 1.91133e-07 0.00113943
0.09 1149.9 2396.66 1.88269e-07 0.00116339
0.0925 1166.03 2407.65 1.85664e-07 0.0011859
0.095 1181.17 2417.92 1.83285e-07 0.00120709
0.0975 1195.41 2427.52 1.81102e-07 0.00122708
0.1 1208.83 2436.53 1.79091e-07 0.00124596
0.1025 1221.5 2445 1.77233e-07 0.00126383
0.105 1233.49 2452.96 1.75511e-07 0.00128077
0.1075 1244.84 2460.48 1.7391e-07 0.00129685
0.11 1255.62 2467.57 1.72417e-07 0.00131213
0.1125 1265.86 2474.28 1.71022e-07 0.00132668
0.115 1275.61 2480.64 1.69715e-07 0.00134055
0.1175 1284.89 2486.67 1.68489e-07 0.00135378
0.12 1293.75 2492.4 1.67335e-07 0.00136642
0.1225 1302.21 2497.84 1.66248e-07 0.0013785
0.125 1310.3 2503.02 1.65221e-07 0.00139007
0.1275 1318.05 2507.96 1.64251e-07 0.00140115
0.13 1325.47 2512.68 1.63331e-07 0.00141178
0.1325 1332.58 2517.18 1.62459e-07 0.00142198
0.135 1339.41 2521.48 1.61631e-07 0.00143178
0.1375 1345.97 2525.6 1.60843e-07 0.00144121
0.14 1352.28 2529.55 1.60093e-07 0.00145027
0.1425 1358.35 2533.33 1.59378e-07 0.00145901
0.145 1364.19 2536.96 1.58695e-07 0.00146742
0.1475 1369.82 2540.44 1.58042e-07 0.00147553
0.15 1375.25 2543.79 1.57418e-07 0.00148336
0.1525 1380.49 2547 1.56821e-07 0.00149092
0.155 1385.55 2550.1 1.56248e-07 0.00149822
0.1575 1390.44 2553.08 1.55699e-07 0.00150528
0.16 1395.17 2555.96 1.55171e-07 0.00151211
0.1625 1399.74 2558.73 1.54664e-07 0.00151872
0.165 1404.17 2561.4 1.54177e-07 0.00152511
0.1675 1408.45 2563.99 1.53708e-07 0.00153131
0.17 1412.6 2566.48 1.53256e-07 0.00153732
0.1725 1416.63 2568.89 1.52821e-07 0.00154315
0.175 1420.53 2571.22 1.52401e-07 0.0015488
0.1775 1424.32 2573.47 1.51996e-07 0.00155429
0.18 1428 2575.66 1.51604e-07 0.00155962
0.1825 1431.57 2577.77 1.51226e-07 0.0015648
0.185 1435.03 2579.82 1.50861e-07 0.00156983
0.1875 1438.41 2581.81 1.50507e-07 0.00157472
0.19 1441.69 2583.73 1.50165e-07 0.00157948
0.1925 1444.88 2585.6 1.49833e-07 0.00158411
0.195 1447.98 2587.42 1.49512e-07 0.00158862
0.1975 1451 2589.18 1.49201e-07 0.00159301
0.2 1453.94 2590.89 1.48899e-07 0.00159728
0.2025 1456.81 2592.56 1.48606e-07 0.00160145
0.205 1459.6 2594.17 1.48321e-07 0.00160551
0.2075 1462.33 2595.75 1.48045e-07 0.00160947
0.21 1464.98 2597.28 1.47777e-07 0.00161333
0.2125 1467.57 2598.77 1.47516e-07 0.0016171
0.215 1470.1 2600.22 1.47262e-07 0.00162078
0.2175 1472.57 2601.63 1.47015e-07 0.00162437
0.22 1474.98 2603.01 1.46775e-07 0.00162788
0.2225 1477.33 2604.35 1.46541e-07 0.0016313
0.225 1479.63 2605.66 1.46314e-07 0.00163465
0.2275 1481.88 2606.94 1.46092e-07 0.00163792
0.23 1484.07 2608.18 1.45876e-07 0.00164112
0.2325 1486.22 2609.4 1.45665e-07 0.00164425
0.235 1488.32 2610.58 1.4546e-07 0.00164731
0.2375 1490.37 2611.74 1.45259e-07 0.0016503
0.24 1492.38 2612.87 1.45064e-07 0.00165323
0.2425 1494.35 2613.98 1.44873e-07 0.0016561
0.245 1496.27 2615.06 1.44687e-07 0.0016589
0.2475 1496.56 2615.22 1.44659e-07 0.00165932
0.25 1500 2617.15 1.44327e-07 0.00166434
