TITLE="Graphics"
VARIABLES= "rj, m", "T, K", "Cp, J/kg*K", "rho, kg/m^3", "Lambda, Watt/m*K"
0 300 4.18617e+07 0.00098 0.000185629
0.0025 300 4.18617e+07 0.00098 0.000185629
0.005 300 4.18617e+07 0.00098 0.000185629
0.0075 300 4.18617e+07 0.00098 0.000185629
0.01 300 4.18617e+07 0.00098 0.000185629
0.0125 300 4.18617e+07 0.00098 0.000185629
0.015 300 4.18617e+07 0.00098 0.000185629
0.0175 300 4.18617e+07 0.00098 0.000185629
0.02 300 4.18617e+07 0.00098 0.000185629
0.0225 300 4.18617e+07 0.00098 0.000185629
0.025 300 4.18617e+07 0.00098 0.000185629
0.0275 300 4.18617e+07 0.00098 0.000185629
0.03 300 4.18617e+07 0.00098 0.000185629
0.0325 300 4.18617e+07 0.00098 0.000185629
0.035 300 4.18617e+07 0.00098 0.000185629
0.0375 300 4.18617e+07 0.00098 0.000185629
0.04 300 4.18617e+07 0.00098 0.000185629
0.0425 300 4.18617e+07 0.00098 0.000185629
0.045 300.037 4.18615e+07 0.00098 0.000185654
0.0475 301.907 4.18499e+07 0.00098 0.000186962
0.04875 339.214 4.18915e+07 0.00098 0.000214439
0.04875 339.214 4.18915e+07 0.00098 0.000214439
0.05 372.101 4.22053e+07 0.00098 0.000240692
0.0525 384.424 1.89635e+07 5.63155e-07 0.00025098
0.055 395.183 1.90125e+07 5.47822e-07 0.000260152
0.0575 404.658 1.90572e+07 5.34995e-07 0.000268372
0.06 413.063 1.90979e+07 5.24109e-07 0.000275772
0.0625 420.564 1.9135e+07 5.14762e-07 0.000282461
0.065 427.293 1.91689e+07 5.06656e-07 0.000288528
0.0675 433.356 1.91999e+07 4.99567e-07 0.000294047
0.07 438.841 1.92283e+07 4.93322e-07 0.000299083
0.0725 443.82 1.92544e+07 4.87788e-07 0.000303688
0.075 448.352 1.92784e+07 4.82858e-07 0.000307908
0.0775 452.489 1.93005e+07 4.78444e-07 0.000311783
0.08 456.272 1.93209e+07 4.74477e-07 0.000315346
0.0825 459.739 1.93397e+07 4.70899e-07 0.000318627
0.085 462.921 1.9357e+07 4.67661e-07 0.000321652
0.0875 465.846 1.9373e+07 4.64725e-07 0.000324444
0.09 468.539 1.93878e+07 4.62054e-07 0.000327023
0.0925 471.019 1.94016e+07 4.59621e-07 0.000329407
0.095 473.306 1.94143e+07 4.574e-07 0.000331612
0.0975 475.417 1.9426e+07 4.55369e-07 0.000333652
0.1 477.366 1.94369e+07 4.5351e-07 0.00033554
0.1025 479.166 1.9447e+07 4.51807e-07 0.000337289
0.105 480.829 1.94563e+07 4.50244e-07 0.000338908
0.1075 482.367 1.9465e+07 4.48809e-07 0.000340407
0.11 483.788 1.9473e+07 4.4749e-07 0.000341796
0.1125 485.102 1.94805e+07 4.46278e-07 0.000343082
0.115 486.316 1.94874e+07 4.45164e-07 0.000344272
0.1175 487.439 1.94937e+07 4.44138e-07 0.000345374
0.12 488.476 1.94996e+07 4.43195e-07 0.000346394
0.1225 489.435 1.95051e+07 4.42327e-07 0.000347337
0.125 490.32 1.95101e+07 4.41529e-07 0.000348209
0.1275 491.137 1.95148e+07 4.40794e-07 0.000349015
0.13 491.891 1.95191e+07 4.40118e-07 0.000349759
0.1325 492.587 1.95231e+07 4.39497e-07 0.000350446
0.135 493.228 1.95268e+07 4.38925e-07 0.00035108
0.1375 493.819 1.95302e+07 4.384e-07 0.000351664
0.14 494.363 1.95333e+07 4.37918e-07 0.000352203
0.1425 494.863 1.95361e+07 4.37475e-07 0.000352699
0.145 495.323 1.95388e+07 4.37068e-07 0.000353155
0.1475 495.746 1.95412e+07 4.36696e-07 0.000353574
0.15 496.134 1.95435e+07 4.36354e-07 0.000353959
0.1525 496.491 1.95455e+07 4.36041e-07 0.000354313
0.155 496.817 1.95474e+07 4.35755e-07 0.000354637
0.1575 497.116 1.95491e+07 4.35493e-07 0.000354933
0.16 497.389 1.95507e+07 4.35253e-07 0.000355205
0.1625 497.639 1.95521e+07 4.35035e-07 0.000355453
0.165 497.867 1.95534e+07 4.34835e-07 0.00035568
0.1675 498.075 1.95546e+07 4.34654e-07 0.000355887
0.17 498.265 1.95557e+07 4.34488e-07 0.000356076
0.1725 498.438 1.95567e+07 4.34338e-07 0.000356248
0.175 498.595 1.95576e+07 4.34201e-07 0.000356404
0.1775 498.737 1.95585e+07 4.34077e-07 0.000356546
0.18 498.867 1.95592e+07 4.33964e-07 0.000356675
0.1825 498.984 1.95599e+07 4.33862e-07 0.000356792
0.185 499.091 1.95605e+07 4.3377e-07 0.000356898
0.1875 499.187 1.95611e+07 4.33686e-07 0.000356993
0.19 499.274 1.95616e+07 4.3361e-07 0.00035708
0.1925 499.352 1.9562e+07 4.33542e-07 0.000357158
0.195 499.423 1.95624e+07 4.33481e-07 0.000357228
0.1975 499.487 1.95628e+07 4.33426e-07 0.000357292
0.2 499.544 1.95631e+07 4.33376e-07 0.000357349
0.2025 499.595 1.95634e+07 4.33331e-07 0.0003574
0.205 499.642 1.95637e+07 4.33291e-07 0.000357447
0.2075 499.683 1.95639e+07 4.33255e-07 0.000357488
0.21 499.721 1.95641e+07 4.33222e-07 0.000357525
0.2125 499.754 1.95643e+07 4.33193e-07 0.000357559
0.215 499.784 1.95645e+07 4.33167e-07 0.000357589
0.2175 499.811 1.95647e+07 4.33144e-07 0.000357615
0.22 499.835 1.95648e+07 4.33123e-07 0.00035764
0.2225 499.857 1.95649e+07 4.33104e-07 0.000357661
0.225 499.877 1.9565e+07 4.33087e-07 0.000357681
0.2275 499.894 1.95651e+07 4.33072e-07 0.000357698
0.23 499.91 1.95652e+07 4.33058e-07 0.000357714
0.2325 499.925 1.95653e+07 4.33046e-07 0.000357728
0.235 499.938 1.95654e+07 4.33034e-07 0.000357742
0.2375 499.95 1.95655e+07 4.33024e-07 0.000357754
0.24 499.961 1.95655e+07 4.33014e-07 0.000357765
0.2425 499.972 1.95656e+07 4.33005e-07 0.000357775
0.245 499.981 1.95656e+07 4.32997e-07 0.000357785
0.2475 499.991 1.95657e+07 4.32988e-07 0.000357794
0.25 500 1.95658e+07 4.32981e-07 0.000357804
