TITLE="Graphics"
VARIABLES= "rj, m", "T, K", "Cp, J/kg*K", "rho, kg/m^3", "Lambda, Watt/m*K"
0 1008.95 2e+07 4e-07 0.000970082
0.0025 1009.08 2e+07 4e-07 0.000970268
0.005 1009.47 2e+07 4e-07 0.000970793
0.0075 1010.15 2e+07 4e-07 0.000971706
0.01 1011.11 2e+07 4e-07 0.000972999
0.0125 1012.35 2e+07 4e-07 0.000974668
0.015 1013.86 2e+07 4e-07 0.000976707
0.0175 1015.64 2e+07 4e-07 0.00097911
0.02 1017.69 2e+07 4e-07 0.000981871
0.0225 1019.99 2e+07 4e-07 0.000984982
0.025 1022.55 2e+07 4e-07 0.000988438
0.0275 1025.35 2e+07 4e-07 0.00099223
0.03 1028.39 2e+07 4e-07 0.000996348
0.0325 1031.67 2e+07 4e-07 0.00100078
0.035 1035.16 2e+07 4e-07 0.00100553
0.0375 1038.88 2e+07 4e-07 0.00101057
0.04 1042.8 2e+07 4e-07 0.00101591
0.0425 1046.93 2e+07 4e-07 0.00102152
0.045 1051.24 2e+07 4e-07 0.00102739
0.0475 1055.74 2e+07 4e-07 0.00103353
0.04875 1060.39 2e+07 4e-07 0.00103987
0.04875 1060.39 2e+07 4e-07 0.00103987
0.05 1063.97 2e+07 4e-07 0.00104476
0.0525 1071.01 2e+07 4e-07 0.0010544
0.055 1077.97 2e+07 4e-07 0.00106393
0.0575 1084.85 2e+07 4e-07 0.00107338
0.06 1091.68 2e+07 4e-07 0.00108277
0.0625 1098.47 2e+07 4e-07 0.00109212
0.065 1105.22 2e+07 4e-07 0.00110143
0.0675 1111.95 2e+07 4e-07 0.00111072
0.07 1118.65 2e+07 4e-07 0.00111999
0.0725 1125.34 2e+07 4e-07 0.00112926
0.075 1132.01 2e+07 4e-07 0.00113851
0.0775 1138.67 2e+07 4e-07 0.00114776
0.08 1145.31 2e+07 4e-07 0.001157
0.0825 1151.94 2e+07 4e-07 0.00116624
0.085 1158.56 2e+07 4e-07 0.00117547
0.0875 1165.17 2e+07 4e-07 0.00118469
0.09 1171.76 2e+07 4e-07 0.00119391
0.0925 1178.33 2e+07 4e-07 0.00120312
0.095 1184.89 2e+07 4e-07 0.00121232
0.0975 1191.43 2e+07 4e-07 0.0012215
0.1 1197.96 2e+07 4e-07 0.00123066
0.1025 1204.46 2e+07 4e-07 0.00123981
0.105 1210.93 2e+07 4e-07 0.00124893
0.1075 1217.38 2e+07 4e-07 0.00125802
0.11 1223.81 2e+07 4e-07 0.00126709
0.1125 1230.21 2e+07 4e-07 0.00127613
0.115 1236.57 2e+07 4e-07 0.00128513
0.1175 1242.9 2e+07 4e-07 0.0012941
0.12 1249.2 2e+07 4e-07 0.00130303
0.1225 1255.46 2e+07 4e-07 0.00131191
0.125 1261.69 2e+07 4e-07 0.00132075
0.1275 1267.87 2e+07 4e-07 0.00132954
0.13 1274.02 2e+07 4e-07 0.00133828
0.1325 1280.12 2e+07 4e-07 0.00134697
0.135 1286.18 2e+07 4e-07 0.0013556
0.1375 1292.19 2e+07 4e-07 0.00136418
0.14 1298.15 2e+07 4e-07 0.00137269
0.1425 1304.06 2e+07 4e-07 0.00138114
0.145 1309.93 2e+07 4e-07 0.00138953
0.1475 1315.74 2e+07 4e-07 0.00139785
0.15 1321.5 2e+07 4e-07 0.0014061
0.1525 1327.21 2e+07 4e-07 0.00141428
0.155 1332.86 2e+07 4e-07 0.00142239
0.1575 1338.46 2e+07 4e-07 0.00143042
0.16 1344 2e+07 4e-07 0.00143837
0.1625 1349.48 2e+07 4e-07 0.00144625
0.165 1354.9 2e+07 4e-07 0.00145405
0.1675 1360.26 2e+07 4e-07 0.00146176
0.17 1365.57 2e+07 4e-07 0.0014694
0.1725 1370.81 2e+07 4e-07 0.00147695
0.175 1375.98 2e+07 4e-07 0.00148441
0.1775 1381.1 2e+07 4e-07 0.00149179
0.18 1386.15 2e+07 4e-07 0.00149908
0.1825 1391.13 2e+07 4e-07 0.00150628
0.185 1396.06 2e+07 4e-07 0.00151339
0.1875 1400.91 2e+07 4e-07 0.00152041
0.19 1405.7 2e+07 4e-07 0.00152733
0.1925 1410.43 2e+07 4e-07 0.00153417
0.195 1415.08 2e+07 4e-07 0.00154091
0.1975 1419.67 2e+07 4e-07 0.00154755
0.2 1424.19 2e+07 4e-07 0.00155411
0.2025 1428.64 2e+07 4e-07 0.00156056
0.205 1433.03 2e+07 4e-07 0.00156692
0.2075 1437.34 2e+07 4e-07 0.00157318
0.21 1441.59 2e+07 4e-07 0.00157934
0.2125 1445.77 2e+07 4e-07 0.0015854
0.215 1449.87 2e+07 4e-07 0.00159137
0.2175 1453.91 2e+07 4e-07 0.00159723
0.22 1457.88 2e+07 4e-07 0.001603
0.2225 1461.77 2e+07 4e-07 0.00160867
0.225 1465.6 2e+07 4e-07 0.00161423
0.2275 1469.36 2e+07 4e-07 0.0016197
0.23 1473.04 2e+07 4e-07 0.00162506
0.2325 1476.66 2e+07 4e-07 0.00163033
0.235 1480.21 2e+07 4e-07 0.00163549
0.2375 1483.68 2e+07 4e-07 0.00164055
0.24 1487.09 2e+07 4e-07 0.00164551
0.2425 1490.42 2e+07 4e-07 0.00165037
0.245 1493.68 2e+07 4e-07 0.00165513
0.2475 1496.88 2e+07 4e-07 0.00165979
0.25 1500 2e+07 4e-07 0.00166434
