TITLE="Graphics"
VARIABLES= "rj, cm", "T, K", "Cp, J/kg*K", "rho, kg/cm^3", "Lambda, Watt/cm*K"
0 372.985 4221.65 0.00098 0.00679044
0.0025 372.985 4221.65 0.00098 0.00679044
0.005 372.985 4221.65 0.00098 0.00679044
0.0075 372.985 4221.65 0.00098 0.00679044
0.01 372.985 4221.65 0.00098 0.00679044
0.0125 372.984 4221.65 0.00098 0.00679044
0.015 372.982 4221.64 0.00098 0.00679043
0.0175 372.961 4221.62 0.00098 0.00679036
0.02 372.961 4221.62 0.00098 0.00679036
0.0225 372.966 4221.62 0.00098 0.00679038
0.025 372.987 4221.65 0.00098 0.00679045
0.0275 372.996 4221.66 0.00098 0.00679047
0.03 372.99 4221.65 0.00098 0.00679046
0.0325 372.988 4221.65 0.00098 0.00679045
0.035 372.996 4221.66 0.00098 0.00679048
0.0375 372.987 4221.65 0.00098 0.00679045
0.04 372.99 4221.65 0.00098 0.00679046
0.0425 372.995 4221.66 0.00098 0.00679047
0.045 372.998 4221.66 0.00098 0.00679048
0.0475 373.002 1891.36 5.804e-07 0.000241436
0.04775 373 4221.67 0.00098 0.00679049
0.04775 373 4221.67 0.00098 0.000241434
0.05 518.658 1967.5 4.17404e-07 0.000376596
0.0525 612.487 2025.66 3.53461e-07 0.000476549
0.055 687.476 2075.01 3.14906e-07 0.000562133
0.0575 749.987 2117.46 2.88659e-07 0.000636751
0.06 803.502 2154.46 2.69433e-07 0.000702699
0.0625 850.172 2187.07 2.54643e-07 0.000761599
0.065 891.432 2216.06 2.42857e-07 0.000814647
0.0675 928.298 2242.04 2.33212e-07 0.000862755
0.07 961.521 2265.45 2.25154e-07 0.000906638
0.0725 991.67 2286.68 2.18309e-07 0.000946867
0.075 1019.2 2306.01 2.12413e-07 0.000983909
0.0775 1044.45 2323.7 2.07277e-07 0.00101815
0.08 1067.73 2339.95 2.02758e-07 0.0010499
0.0825 1089.27 2354.92 1.98748e-07 0.00107945
0.085 1109.27 2368.76 1.95165e-07 0.00110702
0.0875 1127.9 2381.59 1.91941e-07 0.00113281
0.09 1145.3 2393.52 1.89025e-07 0.00115699
0.0925 1161.6 2404.64 1.86373e-07 0.00117971
0.095 1176.9 2415.03 1.8395e-07 0.00120111
0.0975 1191.29 2424.75 1.81727e-07 0.0012213
0.1 1204.86 2433.88 1.79681e-07 0.00124038
0.1025 1217.68 2442.45 1.7779e-07 0.00125844
0.105 1229.8 2450.52 1.76037e-07 0.00127556
0.1075 1241.29 2458.13 1.74407e-07 0.00129182
0.11 1252.2 2465.33 1.72888e-07 0.00130728
0.1125 1262.57 2472.13 1.71468e-07 0.001322
0.115 1272.43 2478.57 1.70139e-07 0.00133603
0.1175 1281.83 2484.69 1.68891e-07 0.00134942
0.12 1290.81 2490.49 1.67717e-07 0.00136221
0.1225 1299.38 2496.02 1.66611e-07 0.00137444
0.125 1307.57 2501.27 1.65567e-07 0.00138616
0.1275 1315.41 2506.29 1.6458e-07 0.00139738
0.13 1322.93 2511.07 1.63645e-07 0.00140814
0.1325 1330.14 2515.64 1.62758e-07 0.00141848
0.135 1337.06 2520 1.61915e-07 0.00142841
0.1375 1343.71 2524.18 1.61114e-07 0.00143796
0.14 1350.1 2528.19 1.60351e-07 0.00144714
0.1425 1356.25 2532.02 1.59624e-07 0.00145599
0.145 1362.18 2535.71 1.5893e-07 0.00146452
0.1475 1367.89 2539.24 1.58266e-07 0.00147274
0.15 1373.39 2542.64 1.57632e-07 0.00148068
0.1525 1378.71 2545.91 1.57024e-07 0.00148834
0.155 1383.84 2549.05 1.56442e-07 0.00149574
0.1575 1388.8 2552.08 1.55883e-07 0.0015029
0.16 1393.59 2555 1.55347e-07 0.00150982
0.1625 1398.23 2557.81 1.54832e-07 0.00151653
0.165 1402.72 2560.53 1.54337e-07 0.00152302
0.1675 1407.06 2563.15 1.5386e-07 0.0015293
0.17 1411.27 2565.68 1.53401e-07 0.0015354
0.1725 1415.36 2568.13 1.52958e-07 0.00154131
0.175 1419.32 2570.5 1.52531e-07 0.00154704
0.1775 1423.16 2572.79 1.52119e-07 0.00155261
0.18 1426.89 2575 1.51722e-07 0.00155802
0.1825 1430.51 2577.15 1.51337e-07 0.00156327
0.185 1434.04 2579.23 1.50966e-07 0.00156838
0.1875 1437.46 2581.25 1.50606e-07 0.00157334
0.19 1440.79 2583.2 1.50259e-07 0.00157817
0.1925 1444.02 2585.1 1.49922e-07 0.00158287
0.195 1447.17 2586.95 1.49595e-07 0.00158745
0.1975 1450.24 2588.74 1.49279e-07 0.0015919
0.2 1453.23 2590.48 1.48972e-07 0.00159624
0.2025 1456.14 2592.17 1.48674e-07 0.00160047
0.205 1458.97 2593.81 1.48385e-07 0.00160459
0.2075 1461.74 2595.41 1.48105e-07 0.00160862
0.21 1464.44 2596.96 1.47832e-07 0.00161254
0.2125 1467.07 2598.48 1.47567e-07 0.00161636
0.215 1469.63 2599.95 1.47309e-07 0.0016201
0.2175 1472.14 2601.39 1.47058e-07 0.00162374
0.22 1474.58 2602.79 1.46814e-07 0.00162731
0.2225 1476.97 2604.15 1.46577e-07 0.00163078
0.225 1479.31 2605.48 1.46346e-07 0.00163418
0.2275 1481.59 2606.78 1.4612e-07 0.00163751
0.23 1483.82 2608.04 1.45901e-07 0.00164075
0.2325 1486 2609.28 1.45687e-07 0.00164393
0.235 1488.13 2610.48 1.45478e-07 0.00164704
0.2375 1490.22 2611.66 1.45274e-07 0.00165008
0.24 1492.26 2612.81 1.45076e-07 0.00165305
0.2425 1494.26 2613.93 1.44882e-07 0.00165596
0.245 1496.21 2615.03 1.44692e-07 0.00165882
0.2475 1499.72 2616.99 1.44353e-07 0.00166394
0.25 1500 2617.15 1.44327e-07 0.00166434
