TITLE="Graphics"
VARIABLES= "rj, m", "T, K", "Cp, J/kg*K", "rho, kg/m^3", "Lambda, Watt/m*K"
0 974.722 2e+07 4e-07 0.000924207
0.0025 974.868 2e+07 4e-07 0.000924402
0.005 975.298 2e+07 4e-07 0.000924976
0.0075 976.047 2e+07 4e-07 0.000925974
0.01 977.106 2e+07 4e-07 0.000927388
0.0125 978.473 2e+07 4e-07 0.000929212
0.015 980.141 2e+07 4e-07 0.000931439
0.0175 982.105 2e+07 4e-07 0.000934064
0.02 984.359 2e+07 4e-07 0.000937078
0.0225 986.898 2e+07 4e-07 0.000940474
0.025 989.713 2e+07 4e-07 0.000944244
0.0275 992.797 2e+07 4e-07 0.000948378
0.03 996.142 2e+07 4e-07 0.000952866
0.0325 999.741 2e+07 4e-07 0.000957697
0.035 1003.58 2e+07 4e-07 0.000962862
0.0375 1007.66 2e+07 4e-07 0.000968348
0.04 1011.96 2e+07 4e-07 0.000974144
0.0425 1016.48 2e+07 4e-07 0.000980238
0.045 1021.2 2e+07 4e-07 0.000986617
0.0475 1026.12 2e+07 4e-07 0.00099327
0.04875 1031.19 2e+07 4e-07 0.00100014
0.04875 1031.19 2e+07 4e-07 0.00100014
0.05 1035.1 2e+07 4e-07 0.00100545
0.0525 1042.79 2e+07 4e-07 0.00101589
0.055 1050.37 2e+07 4e-07 0.0010262
0.0575 1057.86 2e+07 4e-07 0.00103641
0.06 1065.28 2e+07 4e-07 0.00104655
0.0625 1072.65 2e+07 4e-07 0.00105663
0.065 1079.97 2e+07 4e-07 0.00106667
0.0675 1087.25 2e+07 4e-07 0.00107668
0.07 1094.51 2e+07 4e-07 0.00108665
0.0725 1101.73 2e+07 4e-07 0.00109661
0.075 1108.93 2e+07 4e-07 0.00110655
0.0775 1116.11 2e+07 4e-07 0.00111648
0.08 1123.27 2e+07 4e-07 0.00112639
0.0825 1130.41 2e+07 4e-07 0.0011363
0.085 1137.54 2e+07 4e-07 0.00114619
0.0875 1144.64 2e+07 4e-07 0.00115606
0.09 1151.72 2e+07 4e-07 0.00116592
0.0925 1158.77 2e+07 4e-07 0.00117577
0.095 1165.81 2e+07 4e-07 0.0011856
0.0975 1172.82 2e+07 4e-07 0.0011954
0.1 1179.81 2e+07 4e-07 0.00120518
0.1025 1186.76 2e+07 4e-07 0.00121494
0.105 1193.69 2e+07 4e-07 0.00122467
0.1075 1200.59 2e+07 4e-07 0.00123437
0.11 1207.46 2e+07 4e-07 0.00124403
0.1125 1214.29 2e+07 4e-07 0.00125365
0.115 1221.08 2e+07 4e-07 0.00126324
0.1175 1227.83 2e+07 4e-07 0.00127278
0.12 1234.55 2e+07 4e-07 0.00128228
0.1225 1241.22 2e+07 4e-07 0.00129172
0.125 1247.85 2e+07 4e-07 0.00130112
0.1275 1254.44 2e+07 4e-07 0.00131046
0.13 1260.98 2e+07 4e-07 0.00131974
0.1325 1267.47 2e+07 4e-07 0.00132897
0.135 1273.91 2e+07 4e-07 0.00133813
0.1375 1280.3 2e+07 4e-07 0.00134723
0.14 1286.64 2e+07 4e-07 0.00135627
0.1425 1292.92 2e+07 4e-07 0.00136523
0.145 1299.15 2e+07 4e-07 0.00137412
0.1475 1305.32 2e+07 4e-07 0.00138294
0.15 1311.43 2e+07 4e-07 0.00139168
0.1525 1317.49 2e+07 4e-07 0.00140035
0.155 1323.48 2e+07 4e-07 0.00140893
0.1575 1329.42 2e+07 4e-07 0.00141744
0.16 1335.29 2e+07 4e-07 0.00142586
0.1625 1341.09 2e+07 4e-07 0.0014342
0.165 1346.84 2e+07 4e-07 0.00144245
0.1675 1352.52 2e+07 4e-07 0.00145062
0.17 1358.13 2e+07 4e-07 0.00145869
0.1725 1363.67 2e+07 4e-07 0.00146667
0.175 1369.15 2e+07 4e-07 0.00147457
0.1775 1374.56 2e+07 4e-07 0.00148236
0.18 1379.91 2e+07 4e-07 0.00149007
0.1825 1385.18 2e+07 4e-07 0.00149768
0.185 1390.38 2e+07 4e-07 0.00150519
0.1875 1395.51 2e+07 4e-07 0.0015126
0.19 1400.57 2e+07 4e-07 0.00151992
0.1925 1405.56 2e+07 4e-07 0.00152714
0.195 1410.48 2e+07 4e-07 0.00153425
0.1975 1415.33 2e+07 4e-07 0.00154127
0.2 1420.1 2e+07 4e-07 0.00154818
0.2025 1424.8 2e+07 4e-07 0.00155499
0.205 1429.43 2e+07 4e-07 0.0015617
0.2075 1433.98 2e+07 4e-07 0.0015683
0.21 1438.46 2e+07 4e-07 0.0015748
0.2125 1442.87 2e+07 4e-07 0.0015812
0.215 1447.2 2e+07 4e-07 0.00158748
0.2175 1451.46 2e+07 4e-07 0.00159367
0.22 1455.64 2e+07 4e-07 0.00159975
0.2225 1459.75 2e+07 4e-07 0.00160572
0.225 1463.78 2e+07 4e-07 0.00161158
0.2275 1467.74 2e+07 4e-07 0.00161734
0.23 1471.62 2e+07 4e-07 0.00162299
0.2325 1475.43 2e+07 4e-07 0.00162854
0.235 1479.16 2e+07 4e-07 0.00163397
0.2375 1482.82 2e+07 4e-07 0.0016393
0.24 1486.41 2e+07 4e-07 0.00164453
0.2425 1489.92 2e+07 4e-07 0.00164964
0.245 1493.35 2e+07 4e-07 0.00165465
0.2475 1496.71 2e+07 4e-07 0.00165955
0.25 1500 2e+07 4e-07 0.00166434
