TITLE="Graphics"
VARIABLES= "rj, cm", "T, K", "Cp, J/kg*K", "rho, kg/cm^3", "Lambda, Watt/cm*K"
0 371.025 4219.18 0.00098 0.00678391
0.0025 371.035 4219.19 0.00098 0.00678395
0.005 371.063 4219.23 0.00098 0.00678404
0.0075 371.11 4219.29 0.00098 0.0067842
0.01 371.176 4219.37 0.00098 0.00678443
0.0125 371.259 4219.47 0.00098 0.00678471
0.015 371.357 4219.59 0.00098 0.00678505
0.0175 371.47 4219.73 0.00098 0.00678543
0.02 371.593 4219.89 0.00098 0.00678585
0.0225 371.725 4220.05 0.00098 0.0067863
0.025 371.863 4220.23 0.00098 0.00678676
0.0275 372.004 4220.4 0.00098 0.00678723
0.03 372.144 4220.58 0.00098 0.0067877
0.0325 372.282 4220.75 0.00098 0.00678816
0.035 372.415 4220.92 0.00098 0.00678859
0.0375 372.542 4221.08 0.00098 0.00678901
0.04 372.662 4221.24 0.00098 0.0067894
0.0425 372.954 4221.61 0.00098 0.00679034
0.045 372.892 4221.53 0.00098 0.00679014
0.0475 373.301 1891.49 5.79935e-07 0.000241683
0.04775 373.859 1891.73 5.7907e-07 0.000242145
0.04775 373.859 1891.73 5.7907e-07 0.000242145
0.05 519.58 1968.04 4.16664e-07 0.000377534
0.0525 613.385 2026.24 3.52943e-07 0.000477546
0.055 688.346 2075.6 3.14508e-07 0.000563152
0.0575 750.826 2118.04 2.88336e-07 0.000637772
0.06 804.311 2155.03 2.69162e-07 0.00070371
0.0625 850.951 2187.62 2.5441e-07 0.000762593
0.065 892.182 2216.59 2.42653e-07 0.000815619
0.0675 929.02 2242.54 2.33031e-07 0.000863703
0.07 962.215 2265.94 2.24992e-07 0.000907561
0.0725 992.339 2287.15 2.18162e-07 0.000947763
0.075 1019.84 2306.46 2.12279e-07 0.000984778
0.0775 1045.07 2324.13 2.07154e-07 0.00101899
0.08 1068.33 2340.36 2.02644e-07 0.00105072
0.0825 1089.84 2355.32 1.98643e-07 0.00108024
0.085 1109.82 2369.14 1.95067e-07 0.00110778
0.0875 1128.43 2381.96 1.9185e-07 0.00113355
0.09 1145.82 2393.87 1.8894e-07 0.0011577
0.0925 1162.09 2404.98 1.86293e-07 0.0011804
0.095 1177.38 2415.35 1.83875e-07 0.00120178
0.0975 1191.75 2425.06 1.81657e-07 0.00122194
0.1 1205.3 2434.17 1.79615e-07 0.001241
0.1025 1218.1 2442.73 1.77727e-07 0.00125904
0.105 1230.21 2450.79 1.75978e-07 0.00127614
0.1075 1241.69 2458.4 1.74351e-07 0.00129238
0.11 1252.58 2465.58 1.72835e-07 0.00130782
0.1125 1262.93 2472.37 1.71419e-07 0.00132252
0.115 1272.78 2478.8 1.70092e-07 0.00133653
0.1175 1282.17 2484.91 1.68846e-07 0.0013499
0.12 1291.13 2490.7 1.67675e-07 0.00136267
0.1225 1299.69 2496.22 1.66571e-07 0.00137489
0.125 1307.87 2501.47 1.65529e-07 0.00138659
0.1275 1315.7 2506.47 1.64543e-07 0.00139779
0.13 1323.21 2511.25 1.6361e-07 0.00140854
0.1325 1330.41 2515.81 1.62725e-07 0.00141886
0.135 1337.32 2520.17 1.61884e-07 0.00142878
0.1375 1343.96 2524.34 1.61084e-07 0.00143831
0.14 1350.34 2528.34 1.60323e-07 0.00144749
0.1425 1356.48 2532.17 1.59597e-07 0.00145632
0.145 1362.4 2535.84 1.58904e-07 0.00146483
0.1475 1368.1 2539.37 1.58242e-07 0.00147304
0.15 1373.59 2542.76 1.57609e-07 0.00148097
0.1525 1378.9 2546.03 1.57002e-07 0.00148862
0.155 1384.02 2549.17 1.56421e-07 0.00149601
0.1575 1388.97 2552.19 1.55863e-07 0.00150316
0.16 1393.76 2555.1 1.55328e-07 0.00151007
0.1625 1398.39 2557.91 1.54814e-07 0.00151676
0.165 1402.87 2560.62 1.54319e-07 0.00152324
0.1675 1407.21 2563.24 1.53843e-07 0.00152952
0.17 1411.42 2565.77 1.53385e-07 0.0015356
0.1725 1415.49 2568.21 1.52943e-07 0.00154151
0.175 1419.45 2570.57 1.52517e-07 0.00154723
0.1775 1423.28 2572.86 1.52106e-07 0.00155279
0.18 1427.01 2575.07 1.51709e-07 0.00155819
0.1825 1430.63 2577.22 1.51326e-07 0.00156343
0.185 1434.14 2579.29 1.50955e-07 0.00156853
0.1875 1437.56 2581.31 1.50596e-07 0.00157349
0.19 1440.88 2583.26 1.50249e-07 0.00157831
0.1925 1444.11 2585.16 1.49912e-07 0.001583
0.195 1447.26 2587 1.49587e-07 0.00158757
0.1975 1450.32 2588.78 1.49271e-07 0.00159202
0.2 1453.3 2590.52 1.48964e-07 0.00159635
0.2025 1456.21 2592.21 1.48667e-07 0.00160057
0.205 1459.04 2593.85 1.48379e-07 0.00160469
0.2075 1461.8 2595.44 1.48098e-07 0.0016087
0.21 1464.49 2597 1.47826e-07 0.00161262
0.2125 1467.12 2598.51 1.47562e-07 0.00161644
0.215 1469.68 2599.98 1.47304e-07 0.00162017
0.2175 1472.18 2601.41 1.47054e-07 0.00162381
0.22 1474.63 2602.81 1.4681e-07 0.00162737
0.2225 1477.01 2604.17 1.46573e-07 0.00163084
0.225 1479.34 2605.5 1.46342e-07 0.00163423
0.2275 1481.62 2606.79 1.46117e-07 0.00163755
0.23 1483.85 2608.06 1.45898e-07 0.00164079
0.2325 1486.02 2609.29 1.45684e-07 0.00164396
0.235 1488.15 2610.49 1.45476e-07 0.00164707
0.2375 1490.23 2611.67 1.45273e-07 0.0016501
0.24 1492.27 2612.81 1.45074e-07 0.00165307
0.2425 1494.26 2613.93 1.44881e-07 0.00165598
0.245 1496.22 2615.03 1.44692e-07 0.00165882
0.2475 1498.13 2616.1 1.44507e-07 0.00166161
0.25 1500 2617.15 1.44327e-07 0.00166434
