TITLE="Graphics"
VARIABLES= "rj, cm", "T, K", "Cp, J/kg*K", "rho, kg/cm^3", "Lambda, Watt/cm*K"
0 281.136 4209.49 0.00098 0.00578804
0.0025 281.179 4209.41 0.00098 0.00578876
0.005 281.301 4209.18 0.00098 0.00579079
0.0075 281.527 4208.75 0.00098 0.00579453
0.01 281.877 4208.1 0.00098 0.00580029
0.0125 282.383 4207.18 0.00098 0.00580851
0.015 283.085 4205.94 0.00098 0.00581984
0.0175 284.037 4204.31 0.00098 0.00583509
0.02 285.306 4202.25 0.00098 0.00585535
0.0225 286.968 4199.73 0.00098 0.005882
0.025 289.109 4196.77 0.00098 0.0059168
0.0275 291.816 4193.47 0.00098 0.00596171
0.03 295.179 4190.01 0.00098 0.0060185
0.0325 299.276 4186.67 0.00098 0.00608792
0.035 304.166 4183.81 0.00098 0.00616889
0.0375 309.892 4181.85 0.00098 0.00625827
0.04 316.468 4181.21 0.00098 0.00635169
0.0425 323.89 4182.24 0.00098 0.00644471
0.045 332.135 4185.24 0.00098 0.00653355
0.0475 341.161 4190.42 0.00098 0.00661493
0.04775 342.11 4191.07 0.00098 0.00662258
0.04775 342.11 4191.07 0.00098 0.000216678
0.05 634.037 2039.63 3.41447e-07 0.000500667
0.0525 731.958 2105.12 2.95769e-07 0.00061495
0.055 807.077 2156.95 2.6824e-07 0.000707167
0.0575 867.881 2199.5 2.49447e-07 0.000784261
0.06 918.741 2235.3 2.35638e-07 0.000850223
0.0625 962.251 2265.96 2.24983e-07 0.000907608
0.065 1000.09 2292.6 2.16471e-07 0.000958168
0.0675 1033.42 2315.98 2.09489e-07 0.00100317
0.07 1063.08 2336.71 2.03644e-07 0.00104355
0.0725 1089.7 2355.21 1.9867e-07 0.00108004
0.075 1113.75 2371.85 1.9438e-07 0.00111321
0.0775 1135.62 2386.89 1.90637e-07 0.00114352
0.08 1155.6 2400.56 1.8734e-07 0.00117134
0.0825 1173.96 2413.03 1.84411e-07 0.00119699
0.085 1190.87 2424.47 1.81791e-07 0.00122071
0.0875 1206.53 2435 1.79432e-07 0.00124273
0.09 1221.07 2444.71 1.77296e-07 0.00126322
0.0925 1234.6 2453.71 1.75352e-07 0.00128235
0.095 1247.24 2462.06 1.73575e-07 0.00130025
0.0975 1259.08 2469.84 1.71944e-07 0.00131704
0.1 1270.18 2477.11 1.7044e-07 0.00133283
0.1025 1280.62 2483.9 1.69051e-07 0.00134769
0.105 1290.46 2490.27 1.67762e-07 0.00136172
0.1075 1299.75 2496.26 1.66563e-07 0.00137497
0.11 1308.53 2501.89 1.65446e-07 0.00138753
0.1125 1316.85 2507.2 1.64401e-07 0.00139943
0.115 1324.74 2512.22 1.63421e-07 0.00141073
0.1175 1332.23 2516.96 1.62502e-07 0.00142148
0.12 1339.36 2521.45 1.61637e-07 0.00143172
0.1225 1346.16 2525.72 1.60821e-07 0.00144147
0.125 1352.63 2529.77 1.60051e-07 0.00145079
0.1275 1358.82 2533.62 1.59322e-07 0.00145968
0.13 1364.73 2537.29 1.58632e-07 0.00146819
0.1325 1370.39 2540.79 1.57978e-07 0.00147634
0.135 1375.8 2544.12 1.57356e-07 0.00148415
0.1375 1381 2547.31 1.56764e-07 0.00149164
0.14 1385.98 2550.36 1.562e-07 0.00149883
0.1425 1390.77 2553.28 1.55663e-07 0.00150574
0.145 1395.37 2556.08 1.55149e-07 0.00151239
0.1475 1399.79 2558.76 1.54659e-07 0.00151879
0.15 1404.05 2561.33 1.5419e-07 0.00152495
0.1525 1408.15 2563.81 1.5374e-07 0.00153088
0.155 1412.11 2566.18 1.5331e-07 0.00153661
0.1575 1415.93 2568.47 1.52896e-07 0.00154213
0.16 1419.61 2570.67 1.525e-07 0.00154747
0.1625 1423.17 2572.79 1.52118e-07 0.00155263
0.165 1426.61 2574.84 1.51751e-07 0.00155761
0.1675 1429.94 2576.81 1.51398e-07 0.00156244
0.17 1433.16 2578.71 1.51058e-07 0.0015671
0.1725 1436.27 2580.55 1.50731e-07 0.00157162
0.175 1439.29 2582.33 1.50414e-07 0.00157601
0.1775 1442.22 2584.05 1.50109e-07 0.00158025
0.18 1445.06 2585.71 1.49815e-07 0.00158437
0.1825 1447.81 2587.32 1.4953e-07 0.00158837
0.185 1450.48 2588.88 1.49254e-07 0.00159225
0.1875 1453.07 2590.39 1.48988e-07 0.00159602
0.19 1455.59 2591.85 1.4873e-07 0.00159968
0.1925 1458.04 2593.27 1.4848e-07 0.00160324
0.195 1460.42 2594.65 1.48238e-07 0.0016067
0.1975 1462.74 2595.98 1.48003e-07 0.00161007
0.2 1464.99 2597.28 1.47776e-07 0.00161334
0.2025 1467.18 2598.54 1.47555e-07 0.00161653
0.205 1469.32 2599.77 1.47341e-07 0.00161964
0.2075 1471.4 2600.96 1.47132e-07 0.00162267
0.21 1473.43 2602.12 1.4693e-07 0.00162562
0.2125 1475.4 2603.25 1.46733e-07 0.00162849
0.215 1477.33 2604.35 1.46542e-07 0.0016313
0.2175 1479.21 2605.42 1.46356e-07 0.00163403
0.22 1481.04 2606.46 1.46175e-07 0.0016367
0.2225 1482.83 2607.48 1.45998e-07 0.00163931
0.225 1484.57 2608.47 1.45826e-07 0.00164185
0.2275 1486.28 2609.43 1.45659e-07 0.00164434
0.23 1487.95 2610.38 1.45496e-07 0.00164677
0.2325 1489.57 2611.29 1.45337e-07 0.00164914
0.235 1491.16 2612.19 1.45182e-07 0.00165146
0.2375 1492.72 2613.07 1.45031e-07 0.00165372
0.24 1494.24 2613.92 1.44883e-07 0.00165594
0.2425 1495.73 2614.75 1.44739e-07 0.00165811
0.245 1497.18 2615.57 1.44598e-07 0.00166023
0.2475 1497.01 2615.47 1.44615e-07 0.00165998
0.25 1500 2617.15 1.44327e-07 0.00166434
