TITLE="Graphics"
VARIABLES= "rj, m", "T, K", "Cp, J/kg*K", "rho, kg/m^3", "Lambda, Watt/m*K"
0 313.603 4.1813e+07 0.00098 0.00631227
0.0025 313.603 4.1813e+07 0.00098 0.00631227
0.005 313.603 4.1813e+07 0.00098 0.00631227
0.0075 313.603 4.1813e+07 0.00098 0.00631227
0.01 313.603 4.1813e+07 0.00098 0.00631227
0.0125 313.603 4.1813e+07 0.00098 0.00631227
0.015 313.603 4.1813e+07 0.00098 0.00631227
0.0175 313.603 4.1813e+07 0.00098 0.00631227
0.02 313.603 4.1813e+07 0.00098 0.00631227
0.0225 313.603 4.1813e+07 0.00098 0.00631227
0.025 313.603 4.1813e+07 0.00098 0.00631227
0.0275 313.603 4.1813e+07 0.00098 0.00631227
0.03 313.603 4.1813e+07 0.00098 0.00631227
0.0325 313.603 4.1813e+07 0.00098 0.00631227
0.035 313.603 4.1813e+07 0.00098 0.00631227
0.0375 313.603 4.1813e+07 0.00098 0.00631227
0.04 313.603 4.1813e+07 0.00098 0.00631228
0.0425 313.604 4.1813e+07 0.00098 0.00631229
0.045 313.636 4.18129e+07 0.00098 0.00631274
0.0475 314.519 4.18124e+07 0.00098 0.00632509
0.04875 323.061 4.18204e+07 0.00098 0.00643496
0.04875 323.061 4.18204e+07 0.00098 0.000202226
0.05 823.026 2.16807e+07 2.63042e-07 0.00072719
0.0525 924.774 2.23955e+07 2.34101e-07 0.000858129
0.055 1003.77 2.29518e+07 2.15678e-07 0.000963112
0.0575 1067.71 2.33993e+07 2.02761e-07 0.00104988
0.06 1120.85 2.37674e+07 1.93149e-07 0.00112303
0.0625 1165.8 2.4075e+07 1.85701e-07 0.00118558
0.065 1204.33 2.43352e+07 1.7976e-07 0.00123962
0.0675 1237.67 2.45574e+07 1.74917e-07 0.00128669
0.07 1266.75 2.47487e+07 1.70902e-07 0.00132795
0.0725 1292.26 2.49144e+07 1.67528e-07 0.00136429
0.075 1314.75 2.50586e+07 1.64662e-07 0.00139643
0.0775 1334.65 2.51849e+07 1.62207e-07 0.00142495
0.08 1352.31 2.52957e+07 1.60089e-07 0.00145032
0.0825 1368.02 2.53933e+07 1.5825e-07 0.00147294
0.085 1382.03 2.54795e+07 1.56647e-07 0.00149313
0.0875 1394.54 2.55557e+07 1.55242e-07 0.00151119
0.09 1405.71 2.56234e+07 1.54007e-07 0.00152735
0.0925 1415.71 2.56834e+07 1.5292e-07 0.00154182
0.095 1424.66 2.57368e+07 1.51959e-07 0.00155479
0.0975 1432.67 2.57843e+07 1.51109e-07 0.00156641
0.1 1439.85 2.58266e+07 1.50356e-07 0.00157682
0.1025 1446.27 2.58642e+07 1.49688e-07 0.00158614
0.105 1452.03 2.58978e+07 1.49095e-07 0.0015945
0.1075 1457.17 2.59276e+07 1.48569e-07 0.00160197
0.11 1461.77 2.59543e+07 1.48101e-07 0.00160867
0.1125 1465.89 2.5978e+07 1.47685e-07 0.00161465
0.115 1469.56 2.59991e+07 1.47316e-07 0.00161999
0.1175 1472.84 2.60179e+07 1.46988e-07 0.00162477
0.12 1475.77 2.60346e+07 1.46697e-07 0.00162903
0.1225 1478.37 2.60495e+07 1.46438e-07 0.00163282
0.125 1480.69 2.60627e+07 1.46209e-07 0.0016362
0.1275 1482.76 2.60744e+07 1.46005e-07 0.00163921
0.13 1484.59 2.60848e+07 1.45825e-07 0.00164188
0.1325 1486.22 2.6094e+07 1.45665e-07 0.00164425
0.135 1487.67 2.61022e+07 1.45523e-07 0.00164636
0.1375 1488.95 2.61094e+07 1.45398e-07 0.00164823
0.14 1490.08 2.61158e+07 1.45287e-07 0.00164988
0.1425 1491.09 2.61215e+07 1.45189e-07 0.00165135
0.145 1491.98 2.61265e+07 1.45103e-07 0.00165265
0.1475 1492.77 2.61309e+07 1.45026e-07 0.0016538
0.15 1493.47 2.61349e+07 1.44958e-07 0.00165482
0.1525 1494.09 2.61383e+07 1.44898e-07 0.00165572
0.155 1494.63 2.61414e+07 1.44845e-07 0.00165651
0.1575 1495.12 2.61441e+07 1.44798e-07 0.00165722
0.16 1495.55 2.61465e+07 1.44756e-07 0.00165785
0.1625 1495.93 2.61487e+07 1.44719e-07 0.00165841
0.165 1496.27 2.61506e+07 1.44686e-07 0.00165891
0.1675 1496.58 2.61523e+07 1.44657e-07 0.00165935
0.17 1496.85 2.61538e+07 1.44631e-07 0.00165975
0.1725 1497.09 2.61552e+07 1.44607e-07 0.0016601
0.175 1497.31 2.61564e+07 1.44586e-07 0.00166042
0.1775 1497.51 2.61575e+07 1.44567e-07 0.00166071
0.18 1497.69 2.61586e+07 1.44549e-07 0.00166097
0.1825 1497.86 2.61595e+07 1.44533e-07 0.00166121
0.185 1498.01 2.61603e+07 1.44519e-07 0.00166143
0.1875 1498.14 2.61611e+07 1.44506e-07 0.00166163
0.19 1498.27 2.61618e+07 1.44493e-07 0.00166182
0.1925 1498.39 2.61625e+07 1.44482e-07 0.00166199
0.195 1498.5 2.61631e+07 1.44471e-07 0.00166215
0.1975 1498.6 2.61636e+07 1.44461e-07 0.0016623
0.2 1498.7 2.61642e+07 1.44452e-07 0.00166244
0.2025 1498.79 2.61647e+07 1.44443e-07 0.00166258
0.205 1498.88 2.61652e+07 1.44435e-07 0.0016627
0.2075 1498.96 2.61657e+07 1.44427e-07 0.00166283
0.21 1499.04 2.61661e+07 1.44419e-07 0.00166294
0.2125 1499.11 2.61665e+07 1.44412e-07 0.00166305
0.215 1499.19 2.61669e+07 1.44405e-07 0.00166316
0.2175 1499.26 2.61673e+07 1.44398e-07 0.00166326
0.22 1499.32 2.61677e+07 1.44392e-07 0.00166336
0.2225 1499.39 2.61681e+07 1.44386e-07 0.00166345
0.225 1499.45 2.61684e+07 1.4438e-07 0.00166354
0.2275 1499.51 2.61687e+07 1.44374e-07 0.00166363
0.23 1499.57 2.61691e+07 1.44368e-07 0.00166372
0.2325 1499.63 2.61694e+07 1.44362e-07 0.0016638
0.235 1499.69 2.61697e+07 1.44357e-07 0.00166389
0.2375 1499.74 2.617e+07 1.44352e-07 0.00166397
0.24 1499.8 2.61703e+07 1.44346e-07 0.00166405
0.2425 1499.85 2.61706e+07 1.44341e-07 0.00166412
0.245 1499.9 2.61709e+07 1.44336e-07 0.0016642
0.2475 1499.95 2.61712e+07 1.44332e-07 0.00166427
0.25 1500 2.61715e+07 1.44327e-07 0.00166434
