TITLE="Graphics"
VARIABLES= "rj, cm", "T, K", "Cp, J/kg*K", "rho, kg/cm^3", "Lambda, Watt/cm*K"
0 355.977 4202.6 0.00098 0.00671632
0.0025 356.054 4202.68 0.00098 0.00671675
0.005 356.268 4202.89 0.00098 0.00671794
0.0075 356.637 4203.24 0.00098 0.00671998
0.01 357.152 4203.75 0.00098 0.0067228
0.0125 357.805 4204.4 0.00098 0.0067263
0.015 358.584 4205.18 0.00098 0.00673039
0.0175 359.475 4206.09 0.00098 0.00673497
0.02 360.464 4207.11 0.00098 0.0067399
0.0225 361.535 4208.24 0.00098 0.00674508
0.025 362.671 4209.47 0.00098 0.00675039
0.0275 363.855 4210.76 0.00098 0.00675573
0.03 365.067 4212.12 0.00098 0.00676098
0.0325 366.291 4213.52 0.00098 0.00676608
0.035 367.507 4214.93 0.00098 0.00677095
0.0375 368.7 4216.35 0.00098 0.00677553
0.04 369.851 4217.74 0.00098 0.00677977
0.0425 370.947 4219.08 0.00098 0.00678364
0.045 371.973 4220.36 0.00098 0.00678713
0.0475 373.796 1891.7 5.79167e-07 0.000242093
0.04775 373 4221.67 0.00098 0.00679049
0.04775 373 4221.67 0.00098 0.000241434
0.05 527.862 1972.97 4.10127e-07 0.000386007
0.0525 623.034 2032.48 3.47477e-07 0.000488303
0.055 698.57 2082.47 3.09905e-07 0.000575172
0.0575 761.251 2125.21 2.84387e-07 0.000650482
0.06 814.734 2162.29 2.65719e-07 0.000716761
0.0625 861.254 2194.85 2.51366e-07 0.000775761
0.065 902.293 2223.71 2.39933e-07 0.000828754
0.0675 938.898 2249.51 2.30579e-07 0.000876703
0.07 971.833 2272.71 2.22765e-07 0.000920356
0.0725 1001.68 2293.72 2.16127e-07 0.000960307
0.075 1028.9 2312.82 2.10409e-07 0.000997038
0.0775 1053.85 2330.27 2.05428e-07 0.00103094
0.08 1076.82 2346.27 2.01045e-07 0.00106236
0.0825 1098.06 2361.01 1.97157e-07 0.00109155
0.085 1117.77 2374.62 1.93681e-07 0.00111877
0.0875 1136.11 2387.23 1.90554e-07 0.0011442
0.09 1153.23 2398.94 1.87725e-07 0.00116803
0.0925 1169.26 2409.85 1.85152e-07 0.00119041
0.095 1184.29 2420.03 1.82802e-07 0.00121147
0.0975 1198.43 2429.56 1.80645e-07 0.00123133
0.1 1211.75 2438.49 1.78659e-07 0.00125008
0.1025 1224.33 2446.88 1.76824e-07 0.00126782
0.105 1236.22 2454.78 1.75123e-07 0.00128464
0.1075 1247.48 2462.22 1.73541e-07 0.00130059
0.11 1258.17 2469.25 1.72067e-07 0.00131576
0.1125 1268.33 2475.9 1.70689e-07 0.00133019
0.115 1277.99 2482.19 1.69399e-07 0.00134394
0.1175 1287.2 2488.16 1.68187e-07 0.00135706
0.12 1295.98 2493.83 1.67048e-07 0.00136959
0.1225 1304.36 2499.22 1.65974e-07 0.00138157
0.125 1312.38 2504.35 1.6496e-07 0.00139303
0.1275 1320.05 2509.24 1.64002e-07 0.00140401
0.13 1327.4 2513.9 1.63094e-07 0.00141454
0.1325 1334.44 2518.35 1.62233e-07 0.00142465
0.135 1341.2 2522.61 1.61415e-07 0.00143436
0.1375 1347.7 2526.68 1.60637e-07 0.00144369
0.14 1353.94 2530.59 1.59896e-07 0.00145267
0.1425 1359.95 2534.33 1.5919e-07 0.00146131
0.145 1365.74 2537.91 1.58515e-07 0.00146964
0.1475 1371.31 2541.36 1.57871e-07 0.00147767
0.15 1376.68 2544.67 1.57255e-07 0.00148542
0.1525 1381.87 2547.85 1.56665e-07 0.0014929
0.155 1386.88 2550.91 1.56099e-07 0.00150013
0.1575 1391.71 2553.86 1.55557e-07 0.00150711
0.16 1396.39 2556.7 1.55036e-07 0.00151387
0.1625 1400.91 2559.44 1.54535e-07 0.00152041
0.165 1405.29 2562.08 1.54054e-07 0.00152674
0.1675 1409.53 2564.63 1.53591e-07 0.00153287
0.17 1413.63 2567.1 1.53145e-07 0.00153881
0.1725 1417.61 2569.48 1.52715e-07 0.00154457
0.175 1421.47 2571.78 1.523e-07 0.00155016
0.1775 1425.22 2574.01 1.519e-07 0.00155559
0.18 1428.85 2576.16 1.51514e-07 0.00156086
0.1825 1432.38 2578.25 1.5114e-07 0.00156598
0.185 1435.81 2580.28 1.50779e-07 0.00157095
0.1875 1439.14 2582.24 1.5043e-07 0.00157579
0.19 1442.38 2584.14 1.50092e-07 0.00158049
0.1925 1445.54 2585.99 1.49765e-07 0.00158507
0.195 1448.61 2587.78 1.49447e-07 0.00158953
0.1975 1451.59 2589.52 1.4914e-07 0.00159387
0.2 1454.5 2591.21 1.48842e-07 0.00159809
0.2025 1457.33 2592.86 1.48552e-07 0.00160221
0.205 1460.09 2594.46 1.48272e-07 0.00160622
0.2075 1462.78 2596.01 1.47999e-07 0.00161014
0.21 1465.41 2597.52 1.47734e-07 0.00161395
0.2125 1467.97 2599 1.47476e-07 0.00161768
0.215 1470.47 2600.43 1.47226e-07 0.00162131
0.2175 1472.9 2601.82 1.46982e-07 0.00162486
0.22 1475.28 2603.19 1.46745e-07 0.00162832
0.2225 1477.61 2604.51 1.46514e-07 0.00163171
0.225 1479.88 2605.8 1.46289e-07 0.00163501
0.2275 1482.1 2607.06 1.4607e-07 0.00163825
0.23 1484.27 2608.29 1.45857e-07 0.00164141
0.2325 1486.39 2609.49 1.45649e-07 0.0016445
0.235 1488.46 2610.67 1.45446e-07 0.00164752
0.2375 1490.49 2611.81 1.45248e-07 0.00165047
0.24 1492.47 2612.93 1.45055e-07 0.00165337
0.2425 1494.42 2614.02 1.44866e-07 0.0016562
0.245 1496.32 2615.08 1.44682e-07 0.00165897
0.2475 1499.78 2617.02 1.44348e-07 0.00166401
0.25 1500 2617.15 1.44327e-07 0.00166434
