TITLE="Graphics"
VARIABLES= "rj, m", "T, K", "Cp, J/kg*K", "rho, kg/m^3", "Lambda, Watt/m*K"
0 300 2e+07 4e-07 0.0005
0.0025 914.087 2e+07 4e-07 0.0005
0.005 982.472 2e+07 4e-07 0.0005
0.0075 1007.33 2e+07 4e-07 0.0005
0.01 1020.31 2e+07 4e-07 0.0005
0.0125 1028.48 2e+07 4e-07 0.0005
0.015 1034.28 2e+07 4e-07 0.0005
0.0175 1038.78 2e+07 4e-07 0.0005
0.02 1042.52 2e+07 4e-07 0.0005
0.0225 1045.79 2e+07 4e-07 0.0005
0.025 1048.78 2e+07 4e-07 0.0005
0.0275 1051.6 2e+07 4e-07 0.0005
0.03 1054.32 2e+07 4e-07 0.0005
0.0325 1057 2e+07 4e-07 0.0005
0.035 1059.68 2e+07 4e-07 0.0005
0.0375 1062.38 2e+07 4e-07 0.0005
0.04 1065.12 2e+07 4e-07 0.0005
0.0425 1067.92 2e+07 4e-07 0.0005
0.045 1070.78 2e+07 4e-07 0.0005
0.0475 1073.72 2e+07 4e-07 0.0005
0.04875 1076.73 2e+07 4e-07 0.0005
0.04875 1076.73 2e+07 4e-07 0.0005
0.05 1079.04 2e+07 4e-07 0.0005
0.0525 1083.6 2e+07 4e-07 0.0005
0.055 1088.12 2e+07 4e-07 0.0005
0.0575 1092.61 2e+07 4e-07 0.0005
0.06 1097.09 2e+07 4e-07 0.0005
0.0625 1101.58 2e+07 4e-07 0.0005
0.065 1106.09 2e+07 4e-07 0.0005
0.0675 1110.61 2e+07 4e-07 0.0005
0.07 1115.17 2e+07 4e-07 0.0005
0.0725 1119.76 2e+07 4e-07 0.0005
0.075 1124.4 2e+07 4e-07 0.0005
0.0775 1129.08 2e+07 4e-07 0.0005
0.08 1133.8 2e+07 4e-07 0.0005
0.0825 1138.58 2e+07 4e-07 0.0005
0.085 1143.41 2e+07 4e-07 0.0005
0.0875 1148.29 2e+07 4e-07 0.0005
0.09 1153.22 2e+07 4e-07 0.0005
0.0925 1158.21 2e+07 4e-07 0.0005
0.095 1163.25 2e+07 4e-07 0.0005
0.0975 1168.34 2e+07 4e-07 0.0005
0.1 1173.49 2e+07 4e-07 0.0005
0.1025 1178.69 2e+07 4e-07 0.0005
0.105 1183.94 2e+07 4e-07 0.0005
0.1075 1189.24 2e+07 4e-07 0.0005
0.11 1194.59 2e+07 4e-07 0.0005
0.1125 1199.99 2e+07 4e-07 0.0005
0.115 1205.43 2e+07 4e-07 0.0005
0.1175 1210.91 2e+07 4e-07 0.0005
0.12 1216.44 2e+07 4e-07 0.0005
0.1225 1222.01 2e+07 4e-07 0.0005
0.125 1227.61 2e+07 4e-07 0.0005
0.1275 1233.25 2e+07 4e-07 0.0005
0.13 1238.93 2e+07 4e-07 0.0005
0.1325 1244.63 2e+07 4e-07 0.0005
0.135 1250.36 2e+07 4e-07 0.0005
0.1375 1256.12 2e+07 4e-07 0.0005
0.14 1261.91 2e+07 4e-07 0.0005
0.1425 1267.71 2e+07 4e-07 0.0005
0.145 1273.54 2e+07 4e-07 0.0005
0.1475 1279.38 2e+07 4e-07 0.0005
0.15 1285.23 2e+07 4e-07 0.0005
0.1525 1291.09 2e+07 4e-07 0.0005
0.155 1296.97 2e+07 4e-07 0.0005
0.1575 1302.84 2e+07 4e-07 0.0005
0.16 1308.72 2e+07 4e-07 0.0005
0.1625 1314.6 2e+07 4e-07 0.0005
0.165 1320.48 2e+07 4e-07 0.0005
0.1675 1326.35 2e+07 4e-07 0.0005
0.17 1332.22 2e+07 4e-07 0.0005
0.1725 1338.07 2e+07 4e-07 0.0005
0.175 1343.91 2e+07 4e-07 0.0005
0.1775 1349.74 2e+07 4e-07 0.0005
0.18 1355.54 2e+07 4e-07 0.0005
0.1825 1361.32 2e+07 4e-07 0.0005
0.185 1367.08 2e+07 4e-07 0.0005
0.1875 1372.81 2e+07 4e-07 0.0005
0.19 1378.51 2e+07 4e-07 0.0005
0.1925 1384.18 2e+07 4e-07 0.0005
0.195 1389.82 2e+07 4e-07 0.0005
0.1975 1395.41 2e+07 4e-07 0.0005
0.2 1400.97 2e+07 4e-07 0.0005
0.2025 1406.48 2e+07 4e-07 0.0005
0.205 1411.95 2e+07 4e-07 0.0005
0.2075 1417.37 2e+07 4e-07 0.0005
0.21 1422.74 2e+07 4e-07 0.0005
0.2125 1428.06 2e+07 4e-07 0.0005
0.215 1433.32 2e+07 4e-07 0.0005
0.2175 1438.52 2e+07 4e-07 0.0005
0.22 1443.67 2e+07 4e-07 0.0005
0.2225 1448.75 2e+07 4e-07 0.0005
0.225 1453.77 2e+07 4e-07 0.0005
0.2275 1458.72 2e+07 4e-07 0.0005
0.23 1463.61 2e+07 4e-07 0.0005
0.2325 1468.42 2e+07 4e-07 0.0005
0.235 1473.17 2e+07 4e-07 0.0005
0.2375 1477.83 2e+07 4e-07 0.0005
0.24 1482.43 2e+07 4e-07 0.0005
0.2425 1486.94 2e+07 4e-07 0.0005
0.245 1491.38 2e+07 4e-07 0.0005
0.2475 1495.73 2e+07 4e-07 0.0005
0.25 1500 2e+07 4e-07 0.0005
