TITLE="Graphics"
VARIABLES= "rj, cm", "T, K", "Cp, J/kg*K", "rho, kg/cm^3", "Lambda, Watt/cm*K"
0 372.952 4221.61 0.00098 0.00679034
0.0025 372.963 4221.62 0.00098 0.00679037
0.005 372.98 4221.64 0.00098 0.00679042
0.0075 372.986 4221.65 0.00098 0.00679044
0.01 372.986 4221.65 0.00098 0.00679045
0.0125 372.982 4221.64 0.00098 0.00679043
0.015 372.984 4221.65 0.00098 0.00679044
0.0175 372.985 4221.65 0.00098 0.00679044
0.02 372.986 4221.65 0.00098 0.00679044
0.0225 372.987 4221.65 0.00098 0.00679045
0.025 372.995 4221.66 0.00098 0.00679047
0.0275 372.995 4221.66 0.00098 0.00679047
0.03 372.996 4221.66 0.00098 0.00679048
0.0325 372.987 4221.65 0.00098 0.00679045
0.035 372.978 4221.64 0.00098 0.00679042
0.0375 372.97 4221.63 0.00098 0.00679039
0.04 372.964 4221.62 0.00098 0.00679037
0.0425 372.966 4221.62 0.00098 0.00679038
0.045 372.985 4221.65 0.00098 0.00679044
0.0475 373.009 1891.37 5.80388e-07 0.000241442
0.0475003 373 4221.67 0.00098 0.00679049
0.0475003 373 4221.67 0.00098 0.000241434
0.05 532.469 1975.74 4.06578e-07 0.000390751
0.0525 623.676 2032.89 3.4712e-07 0.000489021
0.055 697 2081.41 3.10603e-07 0.000573321
0.0575 758.333 2123.2 2.85482e-07 0.000646918
0.06 810.958 2159.65 2.66956e-07 0.000712026
0.0625 856.921 2191.8 2.52637e-07 0.000770217
0.065 897.602 2220.41 2.41187e-07 0.000822654
0.0675 933.982 2246.04 2.31793e-07 0.000870228
0.07 966.787 2269.16 2.23927e-07 0.000913639
0.0725 996.575 2290.13 2.17234e-07 0.000953446
0.075 1023.78 2309.23 2.11462e-07 0.000990106
0.0775 1048.75 2326.71 2.06427e-07 0.001024
0.08 1071.77 2342.76 2.01992e-07 0.00105544
0.0825 1093.08 2357.56 1.98055e-07 0.0010847
0.085 1112.87 2371.24 1.94533e-07 0.001112
0.0875 1131.31 2383.93 1.91362e-07 0.00113754
0.09 1148.54 2395.73 1.88492e-07 0.00116149
0.0925 1164.67 2406.73 1.85881e-07 0.001184
0.095 1179.82 2417 1.83495e-07 0.0012052
0.0975 1194.07 2426.62 1.81305e-07 0.0012252
0.1 1207.51 2435.65 1.79287e-07 0.0012441
0.1025 1220.2 2444.13 1.77422e-07 0.00126199
0.105 1232.21 2452.12 1.75693e-07 0.00127896
0.1075 1243.59 2459.65 1.74085e-07 0.00129507
0.11 1254.39 2466.77 1.72586e-07 0.00131039
0.1125 1264.66 2473.5 1.71184e-07 0.00132498
0.115 1274.43 2479.88 1.69872e-07 0.00133888
0.1175 1283.75 2485.93 1.68639e-07 0.00135215
0.12 1292.64 2491.68 1.67479e-07 0.00136482
0.1225 1301.13 2497.14 1.66387e-07 0.00137695
0.125 1309.25 2502.35 1.65355e-07 0.00138855
0.1275 1317.02 2507.31 1.64379e-07 0.00139968
0.13 1324.47 2512.04 1.63455e-07 0.00141035
0.1325 1331.61 2516.57 1.62578e-07 0.00142059
0.135 1338.47 2520.89 1.61745e-07 0.00143043
0.1375 1345.06 2525.03 1.60953e-07 0.00143989
0.14 1351.39 2528.99 1.60198e-07 0.001449
0.1425 1357.49 2532.79 1.59479e-07 0.00145777
0.145 1363.36 2536.44 1.58792e-07 0.00146622
0.1475 1369.02 2539.94 1.58135e-07 0.00147437
0.15 1374.48 2543.31 1.57508e-07 0.00148224
0.1525 1379.74 2546.54 1.56906e-07 0.00148983
0.155 1384.83 2549.66 1.5633e-07 0.00149717
0.1575 1389.74 2552.66 1.55777e-07 0.00150427
0.16 1394.49 2555.55 1.55246e-07 0.00151113
0.1625 1399.09 2558.34 1.54736e-07 0.00151777
0.165 1403.54 2561.02 1.54246e-07 0.00152421
0.1675 1407.85 2563.62 1.53774e-07 0.00153044
0.17 1412.02 2566.13 1.53319e-07 0.00153648
0.1725 1416.07 2568.56 1.52881e-07 0.00154234
0.175 1420 2570.9 1.52458e-07 0.00154803
0.1775 1423.81 2573.17 1.5205e-07 0.00155355
0.18 1427.5 2575.37 1.51656e-07 0.00155891
0.1825 1431.1 2577.49 1.51276e-07 0.00156412
0.185 1434.59 2579.56 1.50908e-07 0.00156918
0.1875 1437.98 2581.56 1.50552e-07 0.0015741
0.19 1441.28 2583.49 1.50207e-07 0.00157889
0.1925 1444.49 2585.38 1.49873e-07 0.00158355
0.195 1447.61 2587.2 1.4955e-07 0.00158809
0.1975 1450.65 2588.98 1.49236e-07 0.0015925
0.2 1453.62 2590.7 1.48932e-07 0.00159681
0.2025 1456.5 2592.38 1.48637e-07 0.001601
0.205 1459.31 2594.01 1.48351e-07 0.00160509
0.2075 1462.06 2595.59 1.48073e-07 0.00160908
0.21 1464.73 2597.13 1.47802e-07 0.00161296
0.2125 1467.34 2598.63 1.47539e-07 0.00161676
0.215 1469.88 2600.09 1.47284e-07 0.00162046
0.2175 1472.37 2601.52 1.47035e-07 0.00162408
0.22 1474.79 2602.91 1.46794e-07 0.00162761
0.2225 1477.16 2604.26 1.46558e-07 0.00163106
0.225 1479.48 2605.58 1.46329e-07 0.00163443
0.2275 1481.74 2606.86 1.46105e-07 0.00163773
0.23 1483.95 2608.12 1.45888e-07 0.00164095
0.2325 1486.11 2609.34 1.45675e-07 0.0016441
0.235 1488.23 2610.54 1.45468e-07 0.00164718
0.2375 1490.3 2611.7 1.45266e-07 0.00165019
0.24 1492.32 2612.84 1.45069e-07 0.00165314
0.2425 1494.3 2613.96 1.44877e-07 0.00165603
0.245 1496.24 2615.04 1.44689e-07 0.00165886
0.2475 1498.14 2616.11 1.44506e-07 0.00166163
0.25 1500 2617.15 1.44327e-07 0.00166434
