TITLE="Graphics"
VARIABLES= "rj, cm", "F", "dT/dt" 
0 0.000153446 27.3183
0.0025 0.00015298 27.1935
0.005 0.000151677 26.8476
0.0075 0.000149375 26.2493
0.01 0.000146035 25.4083
0.0125 0.000141604 24.3364
0.015 0.000136025 23.0478
0.0175 0.00012925 21.5598
0.02 0.000121256 19.8931
0.0225 0.000112063 18.0717
0.025 0.000101743 16.1234
0.0275 9.04084e-05 14.0788
0.03 7.81812e-05 11.9715
0.0325 6.50967e-05 9.83696
0.035 5.09576e-05 7.71315
0.0375 3.73182e-05 5.64106
0.04 8.15142e-05 3.65779
0.0425 0.0241049 2.2346
0.045 3.02665 97.2882
0.0475 26518.2 24005.7
0.04775 3.46945e-17 1.89335e-08
0.05 1.53849 17.3575
0.0525 0.119962 7.77938
0.055 0.421705 5.88571
0.0575 0.384698 4.90183
0.06 0.327348 4.18889
0.0625 0.278067 3.62751
0.065 0.237526 3.17147
0.0675 0.204245 2.79496
0.07 0.176771 2.48067
0.0725 0.153916 2.21588
0.075 0.134751 1.99088
0.0775 0.118555 1.79812
0.08 0.104772 1.63168
0.0825 0.0929667 1.48689
0.085 0.0827985 1.36005
0.0875 0.0739948 1.24822
0.09 0.0663373 1.14902
0.0925 0.0596486 1.06055
0.095 0.0537836 0.981267
0.0975 0.0486221 0.90989
0.1 0.044065 0.845374
0.1025 0.0400288 0.786847
0.105 0.036444 0.733578
0.1075 677042 0.68495
0.11 3.06785e+06 1.73189e+06
0.1125 658112 0.5996
0.115 0.0255552 0.562042
0.1175 0.0234958 0.527432
0.12 0.021639 0.495477
0.1225 0.0199636 0.46592
0.125 0.0184471 0.438532
0.1275 0.0170697 0.413112
0.13 0.0158167 0.389485
0.1325 0.0146796 0.367502
0.135 0.0136433 0.347019
0.1375 0.0126979 0.32791
0.14 0.0118336 0.310055
0.1425 0.0110403 0.293351
0.145 0.0103139 0.277702
0.1475 0.00964487 0.263025
0.15 0.00903017 0.249244
0.1525 0.0084643 0.236288
0.155 0.00794438 0.224093
0.1575 0.00746904 0.212597
0.16 0.00703299 0.201731
0.1625 0.00662035 0.191426
0.165 0.00620255 0.18164
0.1675 0.0058475 0.172404
0.17 0.00552969 0.163677
0.1725 0.00522837 0.1554
0.175 0.00494493 0.147529
0.1775 0.00467733 0.140031
0.18 0.004429 0.132879
0.1825 0.0041963 0.12605
0.185 0.00397886 0.119522
0.1875 0.00377556 0.113275
0.19 0.00358576 0.107289
0.1925 0.0034064 0.101547
0.195 0.00323833 0.0960328
0.1975 0.00307715 0.0907346
0.2 0.00292469 0.085645
0.2025 0.00278526 0.08076
0.205 0.0026684 0.0760683
0.2075 0.00254178 0.0715328
0.21 0.00241764 0.0671487
0.2125 0.00229741 0.0629235
0.215 0.00218474 0.0588665
0.2175 0.00207228 0.0549875
0.22 0.00196223 0.0513042
0.2225 0.00184945 0.0478408
0.225 0.00173333 0.0446348
0.2275 0.00161068 0.0417377
0.23 0.00148103 0.0392205
0.2325 0.00134274 0.0371716
0.235 0.00120202 0.0357005
0.2375 0.0010871 0.0349251
0.24 0.00113283 0.0349195
0.2425 0.00191287 0.0354708
0.245 0.00523965 0.0350497
0.2475 0.012556 0.0275845
