TITLE="Graphics"
VARIABLES= "rj, cm", "F", "dT/dt" 
0 1.67754e-05 22.8426
0.0025 1.67096e-05 22.7334
0.005 1.65271e-05 22.4313
0.0075 1.62088e-05 21.9096
0.01 1.57563e-05 21.1786
0.0125 1.51711e-05 20.2504
0.015 1.44554e-05 19.1398
0.0175 1.36127e-05 17.864
0.02 1.26488e-05 16.4432
0.0225 1.15717e-05 14.9
0.025 1.0393e-05 13.2596
0.0275 9.12754e-06 11.5493
0.03 7.79576e-06 9.79811
0.0325 6.42802e-06 8.03597
0.035 5.05935e-06 6.29307
0.0375 3.48497e-06 4.59866
0.04 0.000829179 2.98888
0.0425 21.329 20.8725
0.045 44762.7 44641
0.0475 910080 749804
0.04775 9.02056e-17 8.37696e-06
0.05 50.9074 15.304
0.0525 31.6399 7.76366
0.055 25.805 6.18378
0.0575 21.4592 4.99263
0.06 18.0685 4.08839
0.0625 15.3595 3.39853
0.065 13.1597 2.86574
0.0675 11.3512 2.44805
0.07 9.84953 2.11551
0.0725 8.59216 1.84681
0.075 7.5317 1.62665
0.0775 6.63152 1.44393
0.08 5.86298 1.29048
0.0825 5.20333 1.16024
0.085 4.63439 1.04861
0.0875 4.14147 0.952109
0.09 3.71262 0.868024
0.0925 3.33804 0.794249
0.095 3.00966 0.729114
0.0975 2.72077 0.671287
0.1 2.4658 0.619691
0.1025 2.24005 0.573448
0.105 2.0396 0.531836
0.1075 1.8611 0.494252
0.11 1.70172 0.460195
0.1125 1.55907 0.429239
0.115 1.43106 0.401023
0.1175 1.31594 0.375236
0.12 1.21217 0.351607
0.1225 1.11844 0.329897
0.125 1.0336 0.309902
0.1275 0.956651 0.291483
0.13 0.886738 0.27448
0.1325 0.823097 0.258744
0.135 0.765067 0.244155
0.1375 0.712063 0.230602
0.14 0.663572 0.217989
0.1425 0.61914 0.206234
0.145 0.578366 0.195257
0.1475 0.540894 0.184993
0.15 0.506408 0.175379
0.1525 0.474628 0.16636
0.155 0.445302 0.157885
0.1575 0.418208 0.149908
0.16 0.393142 0.142391
0.1625 0.369927 0.135294
0.165 0.3484 0.128585
0.1675 0.328417 0.122233
0.17 0.309847 0.116206
0.1725 0.29257 0.110488
0.175 0.276481 0.105052
0.1775 0.261483 0.0998785
0.18 0.247488 0.0949486
0.1825 0.234417 0.090245
0.185 0.222198 0.085755
0.1875 0.210765 0.0814638
0.19 0.200057 0.0773614
0.1925 0.190022 0.0734367
0.195 0.180607 0.0696823
0.1975 0.171769 0.0660894
0.2 0.163464 0.0626526
0.2025 0.155656 0.0593665
0.205 0.148309 0.0562251
0.2075 0.141389 0.053227
0.21 0.134869 0.0503682
0.2125 0.12872 0.0476434
0.215 0.122918 0.0450493
0.2175 1.08499e+06 0.0425835
0.22 1.82751e+07 1.61244e+07
0.2225 1.06429e+06 0.0380244
0.225 0.102736 0.0359265
0.2275 0.0983531 0.0339519
0.23 0.0942022 0.032112
0.2325 0.0902697 0.030434
0.235 0.0865447 0.0289693
0.2375 0.0830133 0.0278092
0.24 0.0796664 0.0270969
0.2425 0.076491 0.0270406
0.245 0.0734129 0.027888
0.2475 0.0684172 0.0289929
