TITLE="Graphics"
VARIABLES= "rj, cm", "F", "dT/dt" 
0 1.58575e-05 21.3568
0.0025 1.5792e-05 21.2536
0.005 1.56101e-05 20.9681
0.0075 1.52936e-05 20.4754
0.01 1.48454e-05 19.7854
0.0125 1.42685e-05 18.9102
0.015 1.35666e-05 17.8642
0.0175 1.27451e-05 16.6642
0.02 1.18118e-05 15.3298
0.0225 1.07773e-05 13.8829
0.025 9.65606e-06 12.3474
0.0275 8.46782e-06 10.749
0.03 7.24072e-06 9.11453
0.0325 6.10013e-06 7.47115
0.035 7.5351e-06 5.84188
0.0375 3.72314e-05 4.15594
0.04 0.00358638 1.29817
0.0425 0.0606125 5.0615
0.045 0.0589291 104.977
0.0475 0.0528123 61.3361
0.04775 1.38778e-17 1.85814e-08
0.05 0.0737855 11.6067
0.0525 0.0684571 8.4763
0.055 0.0580447 6.37562
0.0575 0.0487337 4.94516
0.06 0.0410941 3.92768
0.0625 0.0349663 3.17348
0.065 0.0300134 2.59752
0.0675 0.0259523 2.14906
0.07 0.0225766 1.79568
0.0725 0.0197384 1.51524
0.075 0.017331 1.29178
0.0775 0.0152748 1.11332
0.08 447919 0.970636
0.0825 1.3077e+07 1.21917e+07
0.085 437784 0.765154
0.0875 0.00951278 0.692008
0.09 0.00851012 0.633366
0.0925 0.00763256 0.586255
0.095 0.00686253 0.548275
0.0975 0.00618521 0.517491
0.1 0.00558713 0.492343
0.1025 0.00505809 0.471571
0.105 0.00458776 0.454154
0.1075 0.00416765 0.43925
0.11 0.00379207 0.426141
0.1125 0.00348366 0.414216
0.115 0.00318175 0.403533
0.1175 0.00291338 0.393641
0.12 0.00267458 0.384218
0.1225 0.00246043 0.375056
0.125 0.00226814 0.366014
0.1275 0.00209489 0.357
0.13 0.00193795 0.347953
0.1325 0.00179574 0.338833
0.135 0.00166692 0.32962
0.1375 0.0015491 0.320305
0.14 0.0014416 0.310886
0.1425 0.00134352 0.301363
0.145 0.00125374 0.291742
0.1475 0.00117145 0.282029
0.15 0.00109815 0.272242
0.1525 0.00103414 0.26243
0.155 0.000972298 0.2527
0.1575 0.000912845 0.24309
0.16 0.000858479 0.233607
0.1625 0.00080776 0.224256
0.165 0.000761143 0.21504
0.1675 0.00071828 0.205971
0.17 0.000678627 0.197058
0.1725 0.000641573 0.188316
0.175 0.000607589 0.179757
0.1775 0.000575469 0.171393
0.18 0.000545472 0.163235
0.1825 0.000518176 0.15529
0.185 0.00049158 0.147568
0.1875 0.000467443 0.140071
0.19 0.000444375 0.132804
0.1925 0.000422896 0.12577
0.195 0.000402741 0.118968
0.1975 0.000383637 0.112399
0.2 0.000365777 0.106063
0.2025 0.000349039 0.0999569
0.205 0.000333207 0.0940818
0.2075 0.00031856 0.0884356
0.21 0.000304598 0.0830194
0.2125 0.000291787 0.0778322
0.215 0.000278659 0.0728737
0.2175 0.000266098 0.0681389
0.22 0.000253176 0.063612
0.2225 0.00024055 0.0592609
0.225 0.000228637 0.0550583
0.2275 0.000215549 0.0509711
0.23 0.00020178 0.0469498
0.2325 0.000185397 0.0429192
0.235 0.000167114 0.0387708
0.2375 0.000145096 0.0343574
0.24 0.000120487 0.0294837
0.2425 9.2894e-05 0.02391
0.245 6.20949e-05 0.0173525
0.2475 3.08582e-05 0.00949283
