TITLE="Graphics"
VARIABLES= "rj, cm", "F", "dT/dt" 
0 1.79555e-05 24.899
0.0025 1.78915e-05 24.7822
0.005 1.77135e-05 24.4587
0.0075 1.74018e-05 23.8996
0.01 1.69552e-05 23.1152
0.0125 1.63724e-05 22.1177
0.015 1.5652e-05 20.9218
0.0175 1.47941e-05 19.5452
0.02 1.38018e-05 18.0084
0.0225 1.26815e-05 16.3351
0.025 1.14447e-05 14.5517
0.0275 1.01099e-05 12.6872
0.03 8.70031e-06 10.7724
0.0325 7.22801e-06 8.83935
0.035 5.61811e-06 6.92103
0.0375 3.32818e-06 5.05432
0.04 0.000912815 3.29952
0.0425 23.332 22.82
0.045 53160.3 53042.5
0.0475 911053 749780
0.04775 0.00011486 9.95347e-06
0.05 16106.3 20.3299
0.0525 105084 10.745
0.055 8.31072e+06 8.0858e+06
0.0575 117283 6.83608
0.06 21.4696 5.56724
0.0625 18.2492 4.6352
0.065 15.6365 3.87305
0.0675 13.4876 3.27574
0.07 11.7033 2.80094
0.0725 10.2093 2.41855
0.075 8.9493 2.10716
0.0775 7.87972 1.85105
0.08 6.96652 1.63845
0.0825 6.18273 1.46049
0.085 5.50671 1.31044
0.0875 4.92097 1.18324
0.09 4.41093 1.07366
0.0925 3.96683 0.967455
0.095 3.57615 0.886005
0.0975 3.23285 0.815154
0.1 2.92989 0.752337
0.1025 2.66166 0.696484
0.105 2.42347 0.646651
0.1075 2.21137 0.602
0.11 2.022 0.56181
0.1125 1.8525 0.525478
0.115 1.7004 0.492493
0.1175 1.56361 0.462426
0.12 1.44031 0.434915
0.1225 1.32893 0.409653
0.125 1.22812 0.386378
0.1275 1.13669 0.364869
0.13 1.05362 0.344934
0.1325 0.978003 0.326409
0.135 0.909052 0.30915
0.1375 0.846072 0.293035
0.14 0.788455 0.277955
0.1425 0.73566 0.263815
0.145 0.687213 0.250532
0.1475 0.642689 0.238033
0.15 0.601714 0.226251
0.1525 0.563953 0.215129
0.155 0.529108 0.204615
0.1575 0.496914 0.194662
0.16 0.467132 0.185229
0.1625 0.439547 0.176277
0.165 0.41397 0.167772
0.1675 0.390226 0.159684
0.17 0.368161 0.151986
0.1725 0.347632 0.14465
0.175 0.328516 0.137654
0.1775 0.310695 0.130978
0.18 0.294067 0.124603
0.1825 0.278536 0.11851
0.185 0.264017 0.112687
0.1875 0.250432 0.107117
0.19 0.23771 0.101789
0.1925 0.225786 0.0966902
0.195 0.214599 0.0918129
0.1975 0.204097 0.0871462
0.2 0.19423 0.0826836
0.2025 0.184952 0.078417
0.205 0.176221 0.0743402
0.2075 0.168 0.0704474
0.21 0.160252 0.0667334
0.2125 0.152946 0.0631922
0.215 0.146052 0.0598196
0.2175 0.139542 0.0566104
0.22 0.13339 0.0535606
0.2225 0.127574 0.0506667
0.225 0.122072 0.0479272
0.2275 0.116864 0.0453456
0.23 0.111931 0.0429317
0.2325 0.107258 0.0407109
0.235 0.10283 0.0387287
0.2375 0.0986303 0.0370652
0.24 0.0946503 0.0358481
0.2425 0.0908717 0.035267
0.245 0.0872078 0.0355474
0.2475 0.0812673 0.0358369
