TITLE="Graphics"
VARIABLES= "rj, cm", "F", "dT/dt" 
0 2.0841e-07 1.35338e-09
0.0025 8.73422e-08 1.79073e-09
0.005 5.45862e-08 2.06789e-09
0.0075 1.70943e-08 2.03546e-09
0.01 1.2281e-08 1.56851e-09
0.0125 1.77907e-08 9.87204e-10
0.015 3.51045e-08 4.40143e-10
0.0175 1.16264e-08 1.12743e-10
0.02 2.36616e-10 6.56572e-10
0.0225 1.61153e-10 8.36537e-10
0.025 4.76088e-11 7.01887e-10
0.0275 3.42469e-11 4.84667e-10
0.03 4.45851e-11 2.96289e-10
0.0325 1.24833e-11 1.56747e-10
0.035 1.21624e-11 6.47987e-11
0.0375 1.04663e-10 1.84476e-11
0.04 2.41501e-09 5.13748e-11
0.0425 2.39304e-08 3.14848e-10
0.045 1.47617e-07 1.62401e-10
0.0475 3.43954e-11 5.46104e-11
0.0475003 2.56739e-16 1.51733e-10
0.05 0.530461 1.64395
0.0525 2.14994 2.27686
0.055 3.47212 2.76434
0.0575 4.83644 3.16317
0.06 6.20358 3.5004
0.0625 7.55073 3.79118
0.065 8.86408 4.04498
0.0675 10.1351 4.26821
0.07 11.3583 4.46543
0.0725 12.5304 4.64005
0.075 13.6491 4.7947
0.0775 14.7132 4.93147
0.08 15.722 5.05203
0.0825 16.6752 5.1578
0.085 17.5729 5.24993
0.0875 18.4152 5.32942
0.09 19.2027 5.39714
0.0925 19.9358 5.45382
0.095 20.6152 5.50013
0.0975 21.2415 5.53665
0.1 21.8156 5.56389
0.1025 22.3383 5.58235
0.105 22.8103 5.59244
0.1075 23.2327 5.59456
0.11 23.6063 5.58908
0.1125 23.932 5.57633
0.115 24.211 5.55663
0.1175 24.444 5.53028
0.12 24.6322 5.49757
0.1225 768205 5.45876
0.125 1.51501e+06 729.167
0.1275 747319 5.36385
0.13 24.9574 5.30824
0.1325 24.9371 5.24749
0.135 24.8783 5.18184
0.1375 24.7821 5.1115
0.14 24.6497 5.03667
0.1425 24.4821 4.95756
0.145 24.2805 4.87438
0.1475 24.046 4.78733
0.15 23.7797 4.69658
0.1525 23.4828 4.60235
0.155 23.1565 4.50481
0.1575 22.8018 4.40416
0.16 22.42 4.30057
0.1625 22.0122 4.19423
0.165 21.5795 4.08532
0.1675 21.123 3.97401
0.17 20.6441 3.86049
0.1725 20.1437 3.74491
0.175 19.6231 3.62746
0.1775 19.0834 3.5083
0.18 18.5257 3.38761
0.1825 17.9513 3.26555
0.185 17.3611 3.14227
0.1875 16.7564 3.01796
0.19 16.1382 2.89276
0.1925 15.5078 2.76683
0.195 14.8661 2.64033
0.1975 14.2143 2.51342
0.2 13.5535 2.38624
0.2025 12.8847 2.25895
0.205 12.209 2.1317
0.2075 11.5276 2.00463
0.21 10.8413 1.87788
0.2125 10.1513 1.75159
0.215 9.45848 1.6259
0.2175 8.76395 1.50096
0.22 8.06866 1.37688
0.2225 7.37358 1.2538
0.225 6.67965 1.13184
0.2275 5.98781 1.01114
0.23 5.29898 0.89181
0.2325 4.61405 0.773967
0.235 3.93391 0.657729
0.2375 3.25942 0.543206
0.24 2.59141 0.430507
0.2425 1.93071 0.319738
0.245 1.27812 0.210998
0.2475 0.634403 0.104388
