TITLE="Graphics"
VARIABLES= "rj, cm", "F", "dT/dt" 
0 0.000149916 26.4015
0.0025 0.000149429 26.2795
0.005 0.00014807 25.9418
0.0075 0.000145677 25.3576
0.01 0.000142224 24.5371
0.0125 0.000137675 23.4924
0.015 0.000131993 22.2379
0.0175 0.000125153 20.7911
0.02 0.000117154 19.1727
0.0225 0.000108025 17.4067
0.025 9.78283e-05 15.5204
0.0275 8.66546e-05 13.5438
0.03 7.46521e-05 11.5099
0.0325 6.21211e-05 9.45342
0.035 4.96405e-05 7.4099
0.0375 3.64208e-05 5.41336
0.04 0.000162926 3.50035
0.0425 27.6844 2.84316
0.045 62263.5 95.7197
0.0475 773808 55.8172
0.04775 1.31839e-16 1.66064e-08
0.05 0.444102 15.2408
0.0525 0.436617 12.3743
0.055 0.387985 9.99429
0.0575 0.334889 8.16897
0.06 209225 6.7655
0.0625 1.64285e+06 1.21862e+06
0.065 213920 4.7945
0.0675 0.184831 4.08883
0.07 0.161045 3.51154
0.0725 0.140932 3.0343
0.075 0.123831 2.63624
0.0775 0.109216 2.30162
0.08 0.0966691 2.01835
0.0825 0.0858526 1.77702
0.085 0.0764921 1.57021
0.0875 0.0683616 1.39203
0.09 0.0612762 1.23773
0.0925 0.05508 1.10349
0.095 0.0496446 0.986196
0.0975 0.0448624 0.883288
0.1 0.0406411 0.792669
0.1025 0.0369055 0.712598
0.105 0.0335889 0.641626
0.1075 0.0306381 0.578535
0.11 0.0280043 0.522306
0.1125 0.0256483 0.472072
0.115 0.0235355 0.427098
0.1175 0.021636 0.386756
0.12 0.0199252 0.350504
0.1225 0.01838 0.31788
0.125 0.0169822 0.288478
0.1275 0.0157149 0.26195
0.13 0.0145637 0.237989
0.1325 0.013516 0.216328
0.135 0.012561 0.196732
0.1375 0.0116884 0.178992
0.14 0.0108907 0.162925
0.1425 0.0101597 0.148368
0.145 0.0094886 0.135177
0.1475 0.00887219 0.123221
0.15 0.00830448 0.112387
0.1525 0.0077822 0.102569
0.155 0.00729967 0.0936754
0.1575 0.00685337 0.0856225
0.16 0.00644171 0.0783352
0.1625 0.00605954 0.0717456
0.165 0.00570548 0.0657924
0.1675 0.005377 0.0604203
0.17 0.00507171 0.0555792
0.1725 0.00478739 0.051224
0.175 0.00452358 0.047313
0.1775 0.00427686 0.0438096
0.18 0.00404752 0.0406797
0.1825 0.00383273 0.0378931
0.185 0.00363237 0.0354216
0.1875 0.00344536 0.0332404
0.19 0.00327009 0.0313267
0.1925 0.00310546 0.0296603
0.195 0.00295201 0.0282218
0.1975 0.00280762 0.0269946
0.2 0.00267188 0.0259632
0.2025 0.00254364 0.0251132
0.205 0.0024236 0.0244309
0.2075 0.00230945 0.0239033
0.21 0.00220032 0.0235172
0.2125 0.00209668 0.0232579
0.215 0.00199602 0.0231096
0.2175 0.00189685 0.0230527
0.22 0.00179895 0.0230623
0.2225 0.00169876 0.0231064
0.225 0.00159449 0.0231428
0.2275 0.00148517 0.0231151
0.23 0.00136459 0.0229511
0.2325 0.00123444 0.022555
0.235 0.00108979 0.0218092
0.2375 0.000930493 0.0205666
0.24 0.000756852 0.0186527
0.2425 0.000571631 0.0158667
0.245 0.000377379 0.0119858
0.2475 0.000184592 0.00677488
