TITLE="Graphics"
VARIABLES= "rj, cm", "F", "dT/dt" 
0 0.00958225 26.353
0.0025 0.00955104 26.2312
0.005 0.0094639 25.8939
0.0075 167.861 25.3105
0.01 9647.8 9421.8
0.0125 99.8838 23.4479
0.015 0.00843374 22.1952
0.0175 0.00799584 20.7506
0.02 0.00748395 19.1348
0.0225 0.00689995 17.3718
0.025 0.00624777 15.4887
0.0275 0.00553343 13.5158
0.03 0.00476683 11.4858
0.0325 0.00396739 9.43334
0.035 0.00315987 7.39387
0.0375 0.00220024 5.40207
0.04 0.0065324 3.5025
0.0425 25.7564 1.58633
0.045 64156 98.2024
0.0475 772447 56.1253
0.04775 3.46945e-17 1.74639e-08
0.05 35.139 11.653
0.0525 32.2973 8.86169
0.055 27.5062 6.88574
0.0575 23.2014 5.48298
0.06 19.6631 4.45039
0.0625 16.7868 3.66496
0.065 14.4318 3.05245
0.0675 12.4835 2.56579
0.07 10.8562 2.17357
0.0725 9.48614 1.8538
0.075 8.32493 1.59058
0.0775 7.33517 1.37207
0.08 6.48738 1.1893
0.0825 5.75793 1.03536
0.085 5.12772 0.904862
0.0875 4.58112 0.793582
0.09 4.1053 0.698164
0.0925 3.68962 0.615926
0.095 3.32524 0.54471
0.0975 3.00478 0.482769
0.1 2.72207 0.428678
0.1025 2.47191 0.381268
0.105 2.24989 0.339575
0.1075 2.05231 0.302796
0.11 1.87599 0.270264
0.1125 1.71826 0.241416
0.115 1.57679 0.215779
0.1175 1.44962 0.192949
0.12 1.33504 0.172584
0.1225 1.23158 0.15439
0.125 1.13797 0.138113
0.1275 1.05309 0.123536
0.13 0.975993 0.110468
0.1325 0.905831 0.0987447
0.135 0.841866 0.0882214
0.1375 0.783454 0.078772
0.14 0.730026 0.0702852
0.1425 0.681077 0.0626632
0.145 0.636166 0.0558193
0.1475 0.594899 0.0496768
0.15 0.556927 0.0441677
0.1525 0.521938 0.0392312
0.155 0.489657 0.0348132
0.1575 0.459835 0.0308656
0.16 0.432253 0.0273449
0.1625 0.406711 0.0242125
0.165 0.383031 0.0214335
0.1675 0.361054 0.0189768
0.17 0.340636 0.0168141
0.1725 0.321645 0.0149203
0.175 0.303967 0.0132725
0.1775 0.287493 0.0118503
0.18 0.272128 0.0106352
0.1825 0.257786 0.00961061
0.185 0.244385 0.00876164
0.1875 0.231855 0.00807488
0.19 0.220128 0.00753837
0.1925 0.209147 0.00714136
0.195 0.198854 0.00687428
0.1975 0.189198 0.00672858
0.2 0.180133 0.00669659
0.2025 0.171613 0.00677149
0.205 0.163593 0.00694707
0.2075 0.156034 0.00721752
0.21 0.148886 0.00757726
0.2125 0.142105 0.00802043
0.215 0.135628 0.00854041
0.2175 0.12939 0.00912885
0.22 0.1233 0.00977459
0.2225 0.117244 0.0104617
0.225 0.111078 0.0111672
0.2275 0.104619 0.0118574
0.23 0.0976401 0.0124841
0.2325 0.0898809 0.0129783
0.235 0.081061 0.0132448
0.2375 0.0709097 0.0131549
0.24 0.0592308 0.0125405
0.2425 0.0459761 0.0111899
0.245 0.0313239 0.00884797
0.2475 0.0157485 0.00522283
