TITLE="Graphics"
VARIABLES= "rj, cm", "F", "dT/dt" 
0 0.000291981 25.4453
0.0025 0.000290973 25.3265
0.005 0.000288165 24.9977
0.0075 167.915 24.4292
0.01 301038 300811
0.0125 99.9197 22.6164
0.015 0.000255407 21.3988
0.0175 0.000241676 19.9963
0.02 0.000225731 18.4295
0.0225 0.000207653 16.7222
0.025 0.000187599 14.9013
0.0275 0.000165828 12.9961
0.03 0.000142757 11.0383
0.0325 0.000119068 9.06094
0.035 9.56236e-05 7.0969
0.0375 6.98973e-05 5.17755
0.04 0.000343171 3.33901
0.0425 26.1031 2.28548
0.045 58270.6 98.4942
0.0475 773785 58.0289
0.04775 9.02056e-17 1.73334e-08
0.05 1.04221 13.2382
0.0525 0.965976 10.5539
0.055 0.833753 8.51018
0.0575 0.705189 7.00461
0.06 0.597856 5.86061
0.0625 0.510404 4.96262
0.065 0.438969 4.23953
0.0675 0.380075 3.64627
0.07 0.331028 3.15285
0.0725 0.289799 2.73829
0.075 0.254864 2.38726
0.0775 0.225056 2.08818
0.08 0.199477 1.83203
0.0825 0.177414 1.61168
0.085 0.1583 1.42138
0.0875 0.141672 1.25645
0.09 0.127153 1.11306
0.0925 0.114429 0.98803
0.095 0.103242 0.878709
0.0975 0.0933751 0.782881
0.1 0.0846476 0.698677
0.1025 0.0769055 0.624517
0.105 0.0700204 0.55906
0.1075 0.0638823 0.501162
0.11 0.0583961 0.449848
0.1125 0.0534834 0.404282
0.115 0.0490712 0.363747
0.1175 0.045104 0.327623
0.12 0.0415266 0.295379
0.1225 0.0382965 0.266554
0.125 0.0353724 0.240747
0.1275 0.0327224 0.217614
0.13 0.0303147 0.196851
0.1325 0.0281247 0.178195
0.135 0.0261282 0.161417
0.1375 0.0243063 0.146315
0.14 0.0226403 0.132711
0.1425 0.0211141 0.120451
0.145 0.0197149 0.109396
0.1475 0.0184301 0.0994254
0.15 0.0172475 0.0904319
0.1525 0.0161591 0.0823199
0.155 0.0151546 0.0750044
0.1575 0.0142274 0.06841
0.16 0.0133698 0.062469
0.1625 0.012576 0.0571209
0.165 0.0118402 0.0523112
0.1675 0.0111569 0.0479914
0.17 0.0105235 0.044117
0.1725 0.00993212 0.0406492
0.175 0.0093835 0.0375507
0.1775 0.00887134 0.0347901
0.18 0.00839358 0.0323373
0.1825 0.00794735 0.0301655
0.185 0.00753072 0.0282502
0.1875 0.00714055 0.0265693
0.19 0.00677551 0.0251025
0.1925 0.00643358 0.0238315
0.195 0.00611348 0.0227394
0.1975 0.00581215 0.0218118
0.2 0.00553039 0.0210345
0.2025 0.00526544 0.0203955
0.205 0.00501582 0.0198841
0.2075 0.0047808 0.01949
0.21 0.00455918 0.0192037
0.2125 0.00434778 0.0190164
0.215 0.00414689 0.0189176
0.2175 0.00395183 0.0188963
0.22 0.00376058 0.0189373
0.2225 0.00356923 0.0190205
0.225 0.00337246 0.0191174
0.2275 0.00316551 0.0191877
0.23 0.00293912 0.0191752
0.2325 0.00269006 0.0190007
0.235 0.00240571 0.0185597
0.2375 0.00208479 0.0177127
0.24 0.00172024 0.0162849
0.2425 0.00131695 0.0140614
0.245 0.000879967 0.0107924
0.2475 0.000432203 0.00620053
