TITLE="Graphics"
VARIABLES= "rj, cm", "F", "dT/dt" 
0 4.13052e-08 7.41781e-11
0.0025 9.15476e-08 4.36543e-10
0.005 3.85614e-07 2.42488e-09
0.0075 1.83017e-06 1.36546e-08
0.01 7.76578e-06 6.89972e-08
0.0125 2.67382e-05 2.91799e-07
0.015 6.8377e-05 9.76271e-07
0.0175 0.00011266 2.42373e-06
0.02 7.4141e-05 4.05738e-06
0.0225 9.3243e-05 3.73572e-06
0.025 0.000142036 6.50936e-07
0.0275 2.97104e-06 5.7973e-08
0.03 2.11816e-05 8.59966e-08
0.0325 3.22999e-06 5.99183e-07
0.035 1.2255e-05 2.79456e-07
0.0375 6.35145e-05 1.52763e-08
0.04 1.41042e-05 5.53788e-07
0.0425 3.62807e-05 1.2801e-06
0.045 0.000334156 6.42775e-06
0.0475 0.00122719 6.29125e-06
0.0475003 9.78384e-16 1.50678e-10
0.05 2.56786 1.63288
0.0525 3.04627 2.26149
0.055 5.6655 2.74566
0.0575 8.45032 3.14178
0.06 11.2883 3.47671
0.0625 14.1146 3.7655
0.065 16.8903 4.01757
0.0675 19.5906 4.23928
0.07 22.1997 4.43515
0.0725 24.7073 4.60858
0.075 27.1065 4.76217
0.0775 29.393 4.898
0.08 31.5641 5.01774
0.0825 33.6185 5.12278
0.085 35.5554 5.21427
0.0875 37.3749 5.29322
0.09 39.0775 5.36047
0.0925 40.6641 5.41677
0.095 42.1358 5.46275
0.0975 43.494 5.49902
0.1 44.7402 5.52608
0.1025 45.8763 5.5444
0.105 46.904 5.55442
0.1075 47.8252 5.55653
0.11 48.6419 5.55108
0.1125 49.3563 5.53841
0.115 49.9705 5.51885
0.1175 50.4867 5.49268
0.12 50.907 5.46018
0.1225 51.2339 5.42163
0.125 51.4695 5.37728
0.1275 51.6163 5.32737
0.13 51.6766 5.27213
0.1325 51.6527 5.2118
0.135 51.5472 5.14659
0.1375 51.3623 5.07672
0.14 51.1006 5.0024
0.1425 50.7645 4.92384
0.145 50.3564 4.84122
0.1475 49.8788 4.75475
0.15 49.3342 4.66463
0.1525 48.7251 4.57104
0.155 48.0539 4.47416
0.1575 47.323 4.37419
0.16 46.5351 4.27131
0.1625 45.6926 4.16569
0.165 44.7978 4.05752
0.1675 43.8534 3.94697
0.17 42.8617 3.83421
0.1725 41.8253 3.71943
0.175 40.7464 3.60277
0.1775 39.6277 3.48443
0.18 38.4714 3.36456
0.1825 37.2801 3.24332
0.185 36.056 3.12089
0.1875 34.8016 2.99742
0.19 33.5192 2.87307
0.1925 32.2111 2.748
0.195 30.8797 2.62236
0.1975 29.5272 2.49631
0.2 28.1559 2.37
0.2025 1.05129e+06 2.24358
0.205 2.07996e+06 202.336
0.2075 1.0301e+06 1.99098
0.21 22.5269 1.8651
0.2125 21.0946 1.73967
0.215 19.6565 1.61484
0.2175 18.2147 1.49074
0.22 16.7711 1.36751
0.2225 15.3278 1.24526
0.225 13.8867 1.12414
0.2275 12.4498 1.00426
0.23 11.0189 0.885739
0.2325 9.59593 0.768699
0.235 8.18258 0.653252
0.2375 6.78067 0.539509
0.24 5.3919 0.427577
0.2425 4.01796 0.317561
0.245 2.66046 0.209562
0.2475 1.32101 0.103677
