TITLE="Graphics"
VARIABLES= "rj, cm", "F", "dT/dt" 
0 0.000273105 23.3367
0.0025 0.000272057 23.2256
0.005 0.000269144 22.9182
0.0075 0.000264059 22.3872
0.01 0.00025682 21.6429
0.0125 0.00024744 20.6977
0.015 0.000235943 19.5661
0.0175 0.000222378 18.2656
0.02 0.000206829 16.8165
0.0225 0.000189417 15.2417
0.025 0.000170309 13.5667
0.0275 0.000149734 11.8192
0.03 0.000128023 10.0287
0.0325 0.000105528 8.22592
0.035 8.21789e-05 6.44215
0.0375 5.68875e-05 4.70953
0.04 0.000163892 3.06391
0.0425 23.871 2.06253
0.045 49352.5 102.626
0.0475 773766 59.6432
0.04775 1.38778e-17 1.8152e-08
0.05 1.08863 13.1764
0.0525 1.04052 10.0561
0.055 0.899724 7.8401
0.0575 0.759544 6.30508
0.06 0.640232 5.20439
0.0625 0.542832 4.38018
0.065 0.46384 3.73854
0.0675 0.399408 3.22322
0.07 0.346344 2.79942
0.0725 0.302197 2.44469
0.075 0.265124 2.14387
0.0775 0.233729 1.88625
0.08 0.206951 1.66398
0.0825 0.183962 1.47112
0.085 0.164115 1.30301
0.0875 0.146894 1.15595
0.09 0.131883 1.02693
0.0925 0.118743 0.913441
0.095 0.107199 0.813419
0.0975 0.0970189 0.725105
0.1 0.0880132 0.647006
0.1025 0.0800215 0.577844
0.105 0.0729107 0.516519
0.1075 0.0665673 0.462082
0.11 0.0608994 0.413711
0.1125 0.0558347 0.370698
0.115 0.0511873 0.332448
0.1175 0.047094 0.298321
0.12 0.043385 0.267872
0.1225 0.0400248 0.240692
0.125 0.036979 0.216414
0.1275 0.0342147 0.194712
0.13 0.0317001 0.175299
0.1325 0.02941 0.15792
0.135 0.027319 0.14235
0.1375 0.025407 0.12839
0.14 852184 0.115857
0.1425 2.6134e+06 932317
0.145 830355 0.0944148
0.1475 0.0185328 0.0860644
0.15 0.0180898 0.077829
0.1525 0.0169207 0.0704946
0.155 0.0158549 0.0639436
0.1575 0.0148748 0.0580852
0.16 0.0139725 0.0528428
0.1625 0.0131388 0.0481524
0.165 0.0123661 0.0439578
0.1675 0.0116499 0.0402093
0.17 0.0109859 0.0368632
0.1725 0.0103673 0.033881
0.175 0.00979221 0.0312272
0.1775 0.00925633 0.0288709
0.18 0.00875706 0.0267839
0.1825 0.00829057 0.024941
0.185 0.00785514 0.0233194
0.1875 0.00744835 0.0218992
0.19 0.0070681 0.0206623
0.1925 0.00671205 0.0195931
0.195 0.0063803 0.0186777
0.1975 0.00606842 0.0179051
0.2 0.00577817 0.0172652
0.2025 0.00550511 0.016751
0.205 0.00525055 0.0163563
0.2075 0.00501144 0.0160773
0.21 0.00478717 0.0159109
0.2125 0.00457447 0.0158549
0.215 0.00437236 0.0159069
0.2175 0.00417659 0.0160624
0.22 0.00398405 0.0163132
0.2225 0.00360926 0.0166444
0.225 0.0037453 0.0168643
0.2275 0.0033425 0.0172488
0.23 0.00310158 0.0175633
0.2325 0.00283058 0.0177209
0.235 0.00252877 0.0176029
0.2375 0.00217924 0.0170592
0.24 0.00179152 0.0158952
0.2425 0.00136519 0.0138803
0.245 0.000913309 0.0107507
0.2475 0.000451518 0.00622123
