TITLE="Graphics"
VARIABLES= "rj, cm", "F", "dT/dt" 
0 0.00459013 2.38492e-05
0.0025 0.00248998 3.86135e-05
0.005 0.00212824 5.5043e-05
0.0075 0.00176308 6.27446e-05
0.01 2.8888e-05 9.52598e-06
0.0125 0.00118029 9.52217e-08
0.015 1.87254e-07 4.39026e-06
0.0175 7.55119e-07 7.20819e-06
0.02 9.66005e-07 8.68152e-06
0.0225 9.88455e-07 8.99186e-06
0.025 9.0242e-07 8.3728e-06
0.0275 7.53495e-07 7.06567e-06
0.03 5.74884e-07 5.30185e-06
0.0325 3.94243e-07 3.29092e-06
0.035 2.8418e-07 1.20934e-06
0.0375 0.000255995 8.25546e-07
0.04 0.00168149 2.04453e-05
0.0425 0.00123001 6.37203e-05
0.045 0.0173694 2.52485e-05
0.0475 6.6794e-06 5.33575e-08
0.0475003 2.22045e-15 2.63512e-10
0.05 5.71143 2.85392
0.0525 0.731523 3.96598
0.055 1.25606 4.82813
0.0575 3.59183 5.53848
0.06 6.10676 6.14352
0.0625 8.70377 6.66923
0.065 11.3231 7.13175
0.0675 13.9259 7.54193
0.07 16.486 7.90748
0.0725 18.9853 8.23414
0.075 21.4108 8.52632
0.0775 23.7531 8.78749
0.08 26.0055 9.02044
0.0825 28.1628 9.2275
0.085 30.2216 9.41059
0.0875 32.1791 9.57133
0.09 34.0334 9.71115
0.0925 35.7834 9.83125
0.095 37.4284 9.9327
0.0975 38.968 10.0165
0.1 40.4023 10.0834
0.1025 41.7316 10.1342
0.105 42.9564 10.1697
0.1075 44.0775 10.1904
0.11 45.0959 10.1969
0.1125 46.0126 10.1899
0.115 46.8289 10.1698
0.1175 47.5462 10.1371
0.12 48.1659 10.0923
0.1225 48.6897 10.0359
0.125 49.1192 9.96816
0.1275 49.4562 9.88963
0.13 49.7026 9.80067
0.1325 49.8602 9.70168
0.135 49.9311 9.59303
0.1375 49.9173 9.47511
0.14 49.8208 9.34827
0.1425 49.644 9.21289
0.145 49.3889 9.06931
0.1475 49.0578 8.9179
0.15 48.653 8.759
0.1525 48.1769 8.59295
0.155 47.6317 8.42012
0.1575 47.02 8.24082
0.16 46.344 8.05542
0.1625 45.6062 7.86424
0.165 44.8092 7.66763
0.1675 43.9553 7.46591
0.17 43.047 7.25942
0.1725 42.0869 7.04849
0.175 41.0775 6.83346
0.1775 40.0212 6.61465
0.18 38.9207 6.39238
0.1825 37.7783 6.16698
0.185 36.5967 5.93878
0.1875 35.3783 5.70808
0.19 34.1257 5.47522
0.1925 32.8414 5.2405
0.195 31.5278 5.00424
0.1975 30.1874 4.76675
0.2 28.8227 4.52833
0.2025 27.4362 4.28928
0.205 26.0302 4.04991
0.2075 1.0641e+06 3.8105
0.21 2.10893e+06 405.403
0.2125 1.04304e+06 3.33277
0.215 20.2594 3.09501
0.2175 18.7918 2.85836
0.22 17.3187 2.62309
0.2225 15.8425 2.38947
0.225 14.3653 2.15777
0.2275 12.8894 1.92825
0.23 11.4167 1.70115
0.2325 9.94958 1.47672
0.235 8.48991 1.25521
0.2375 7.03975 1.03684
0.24 5.6011 0.821856
0.2425 4.17587 0.610466
0.245 2.76596 0.402889
0.2475 1.3732 0.199334
