TITLE="Graphics"
VARIABLES= "rj, cm", "F", "dT/dt" 
0 6.49004e-05 21.9422
0.0025 6.46376e-05 21.8367
0.005 6.39075e-05 21.5445
0.0075 6.26365e-05 21.0402
0.01 6.0834e-05 20.3338
0.0125 5.85097e-05 19.4375
0.015 5.56763e-05 18.3657
0.0175 5.23525e-05 17.1356
0.02 4.85654e-05 15.7669
0.0225 4.43531e-05 14.2818
0.025 3.97678e-05 12.7049
0.0275 3.48803e-05 11.0626
0.03 2.97874e-05 9.38246
0.0325 2.46179e-05 7.69304
0.035 1.95431e-05 6.02235
0.0375 1.5054e-05 4.39682
0.04 0.000383342 2.83658
0.0425 0.102568 2.04449
0.045 0.119042 105.338
0.0475 1.11943 58.8306
0.04775 1.38778e-17 1.88625e-08
0.05 0.336042 10.3271
0.0525 0.275258 8.31515
0.055 0.224143 6.89837
0.0575 0.187443 5.78874
0.06 0.159229 4.88458
0.0625 0.137063 4.13622
0.065 0.118594 3.51672
0.0675 0.103048 3.00269
0.07 0.089904 2.57442
0.0725 0.0787493 2.21582
0.075 0.0692462 1.91402
0.0775 0.0611172 1.65877
0.08 0.0541348 1.44187
0.0825 0.0481122 1.25677
0.085 0.0428956 1.09816
0.0875 0.0383607 0.961739
0.09 0.0344048 0.843984
0.0925 0.0309418 0.742001
0.095 0.0279018 0.653401
0.0975 0.0252244 0.576207
0.1 0.0228594 0.508774
0.1025 0.0207643 0.449729
0.105 0.0189023 0.397915
0.1075 0.017244 0.352357
0.11 0.0157626 0.312228
0.1125 0.0144363 0.276822
0.115 0.0132465 0.245537
0.1175 0.0121758 0.217856
0.12 0.0112108 0.193335
0.1225 0.0103396 0.17159
0.125 0.00955144 0.152289
0.1275 0.00883992 0.135147
0.13 0.0082049 0.11993
0.1325 0.00757916 0.106485
0.135 0.00705551 0.0944588
0.1375 0.00656651 0.083758
0.14 0.00611738 0.0742503
0.1425 0.00570485 0.0658078
0.145 0.00532646 0.0583151
0.1475 0.004979 0.0516701
0.15 0.00465936 0.045783
0.1525 0.00436476 0.0405743
0.155 0.00409337 0.0359733
0.1575 0.00384267 0.0319171
0.16 0.00361035 0.02835
0.1625 0.00339575 0.0252217
0.165 0.00319664 0.0224877
0.1675 0.00301185 0.0201081
0.17 0.00284016 0.0180468
0.1725 0.00268617 0.0162704
0.175 978768 0.0147747
0.1775 5.83396e+06 3.89994e+06
0.18 956873 0.0124232
0.1825 0.00214492 0.0115474
0.185 0.00203299 0.0108442
0.1875 0.00192741 0.0102975
0.19 0.00182887 0.00989191
0.1925 0.00173678 0.00961344
0.195 0.00165015 0.00945055
0.1975 0.00156491 0.0093918
0.2 0.0014948 0.00941212
0.2025 0.0014188 0.00952615
0.205 0.00135065 0.00970869
0.2075 0.00128596 0.00994994
0.21 0.00122446 0.0102389
0.2125 0.00116575 0.0105639
0.215 0.00111039 0.0109116
0.2175 0.00105651 0.011268
0.22 0.00100578 0.0116176
0.2225 0.000955846 0.0119433
0.225 0.000907022 0.0122258
0.2275 0.000866049 0.0124388
0.23 0.000817867 0.0125787
0.2325 0.000768429 0.012608
0.235 0.000713983 0.0124793
0.2375 0.000647712 0.0121195
0.24 0.000563198 0.0114087
0.2425 0.000454897 0.0101593
0.245 0.000320947 0.00809761
0.2475 0.000165053 0.00485773
