TITLE="Graphics"
VARIABLES= "rj, cm", "F", "dT/dt" 
0 6.62199e-05 22.4782
0.0025 6.59566e-05 22.3704
0.005 6.52259e-05 22.0724
0.0075 6.39528e-05 21.5576
0.01 6.21447e-05 20.8365
0.0125 5.98093e-05 19.9211
0.015 5.69569e-05 18.8261
0.0175 5.36036e-05 17.5687
0.02 4.97738e-05 16.1688
0.0225 4.55022e-05 14.6491
0.025 4.08364e-05 13.0344
0.0275 3.58412e-05 11.3516
0.03 3.06033e-05 9.62925
0.0325 2.52368e-05 7.89675
0.035 1.98502e-05 6.18355
0.0375 1.42919e-05 4.5184
0.04 5.77756e-05 2.93099
0.0425 0.012403 1.11123
0.045 4.56579 113.584
0.0475 44718.6 81047.7
0.04775 1.17961e-16 2.30984e-08
0.05 1.07408 32.9151
0.0525 0.0534065 18.9255
0.055 0.291928 15.5764
0.0575 0.248 13.1371
0.06 0.205208 11.1689
0.0625 0.171424 9.55911
0.065 0.144789 8.23362
0.0675 0.123519 7.13525
0.07 0.106286 6.21903
0.0725 0.0921356 5.44961
0.075 0.0803796 4.79922
0.0775 0.0705166 4.246
0.08 0.0621718 3.77267
0.0825 0.0550601 3.36549
0.085 0.0489614 3.01344
0.0875 0.0437024 2.70763
0.09 0.0391439 2.44083
0.0925 0.0351751 2.20712
0.095 0.0317051 2.00161
0.0975 0.0286583 1.82026
0.1 0.0259742 1.65967
0.1025 0.0236017 1.51703
0.105 0.0214967 1.38993
0.1075 0.0196243 1.27634
0.11 0.017953 1.17455
0.1125 0.0164578 1.08308
0.115 0.0151166 1.00068
0.1175 0.0139105 0.92625
0.12 0.012823 0.858869
0.1225 0.0118402 0.797723
0.125 0.0109507 0.742111
0.1275 0.0101431 0.691422
0.13 0.00940984 0.645124
0.1325 0.00874099 0.602749
0.135 0.00813173 0.56389
0.1375 0.00757496 0.528185
0.14 0.00706635 0.495315
0.1425 0.00659908 0.464991
0.145 0.00616331 0.436966
0.1475 0.00576885 0.411044
0.15 0.00540685 0.387027
0.1525 0.00507137 0.364733
0.155 0.00476168 0.344003
0.1575 0.00447541 0.324699
0.16 0.00420946 0.306694
0.1625 0.00396378 0.28988
0.165 0.00373491 0.274155
0.1675 0.00352302 0.25943
0.17 0.00332593 0.245622
0.1725 0.00314254 0.23266
0.175 0.00297066 0.220475
0.1775 0.00281178 0.209007
0.18 0.0026621 0.198202
0.1825 0.00252323 0.188011
0.185 0.00239292 0.178386
0.1875 0.00227075 0.169287
0.19 0.00215682 0.160676
0.1925 0.00204959 0.152518
0.195 0.00194911 0.144781
0.1975 0.00185463 0.137435
0.2 0.00176675 0.130453
0.2025 0.00168327 0.123807
0.205 0.00160553 0.117475
0.2075 0.00153174 0.111432
0.21 0.00146235 0.105658
0.2125 0.00139777 0.100133
0.215 0.00133421 0.0948377
0.2175 0.00127473 0.0897598
0.22 0.00121589 0.0848901
0.2225 0.00115916 0.0802262
0.225 0.00109961 0.0757725
0.2275 0.00103683 0.0715524
0.23 0.000969321 0.0676118
0.2325 0.000894909 0.0640215
0.235 1.11817e+06 0.060885
0.2375 6.28868e+06 4.07098e+06
0.24 1.0981e+06 0.0565638
0.2425 0.000776099 0.0556637
0.245 0.00246851 0.0550266
0.2475 0.0124407 0.0484204
