TITLE="Graphics"
VARIABLES= "rj, cm", "F", "dT/dt" 
0 0.000357731 19.0247
0.0025 0.000356166 18.9315
0.005 0.000351838 18.6738
0.0075 0.000344372 18.229
0.01 0.000333964 17.6066
0.0125 0.000320958 16.8178
0.015 0.00030606 15.8752
0.0175 0.000290916 14.7929
0.02 0.000279572 13.5842
0.0225 0.000281021 12.2563
0.025 0.000308503 10.7994
0.0275 0.000354346 9.16992
0.03 0.000301644 7.30537
0.0325 0.000166187 5.29333
0.035 0.00119489 3.80927
0.0375 0.00147538 4.26251
0.04 0.00212284 6.81686
0.0425 0.090611 6.72979
0.045 4.3484 107.032
0.0475 31956.3 9235.23
0.04775 5.55112e-17 2.1173e-08
0.05 5.1169 21.7301
0.0525 1.40606 14.6876
0.055 1.54153 12.0106
0.0575 1.38856 10.3672
0.06 1.17583 9.07652
0.0625 0.990785 8.0054
0.065 0.840615 7.10528
0.0675 0.719331 6.34419
0.07 0.620296 5.69669
0.0725 0.538467 5.14229
0.075 0.470236 4.66461
0.0775 422534 4.25048
0.08 1.31667e+06 479436
0.0825 413726 3.57285
0.085 0.286854 3.29383
0.0875 0.256072 3.0467
0.09 0.22938 2.82679
0.0925 0.206133 2.63023
0.095 0.185799 2.4538
0.0975 0.167947 2.29478
0.1 0.152216 2.1509
0.1025 0.138307 2.02024
0.105 0.12597 1.90116
0.1075 0.114994 1.79226
0.11 0.105199 1.69233
0.1125 0.0964369 1.60035
0.115 0.0885758 1.51542
0.1175 0.0815066 1.43678
0.12 0.0751344 1.36374
0.1225 0.0693769 1.29574
0.125 0.0641639 1.23224
0.1275 0.0594339 1.17282
0.13 0.0551342 1.11707
0.1325 0.0512169 1.06466
0.135 0.0476433 1.01526
0.1375 0.044376 0.968627
0.14 0.0413852 0.924506
0.1425 0.0386412 0.882689
0.145 0.0361214 0.842986
0.1475 0.033804 0.805229
0.15 0.0316689 0.769265
0.1525 0.0296995 0.734959
0.155 0.0278805 0.70219
0.1575 0.0261988 0.670847
0.16 0.024641 0.64083
0.1625 0.0231975 0.612051
0.165 0.0218577 0.584427
0.1675 0.0206133 0.557884
0.17 0.0194557 0.532355
0.1725 0.0183777 0.507778
0.175 0.0173741 0.484096
0.1775 0.0164374 0.461256
0.18 0.015563 0.439212
0.1825 0.0147457 0.417919
0.185 0.0139821 0.397336
0.1875 0.0132662 0.377426
0.19 0.0125972 0.358152
0.1925 0.0119693 0.339484
0.195 0.0113801 0.321388
0.1975 0.0108276 0.303839
0.2 0.0103087 0.286807
0.2025 0.00982041 0.270268
0.205 0.00936247 0.254197
0.2075 0.00892975 0.238573
0.21 0.0085215 0.223373
0.2125 0.00813632 0.208579
0.215 0.00776791 0.194172
0.2175 0.0074149 0.180138
0.22 0.0070708 0.166467
0.2225 0.00673202 0.153155
0.225 0.00638878 0.140206
0.2275 0.00604077 0.127637
0.23 0.00569341 0.115475
0.2325 0.00538584 0.103758
0.235 0.00523012 0.0925043
0.2375 0.005508 0.081653
0.24 0.0067832 0.0708993
0.2425 0.00985212 0.0593752
0.245 0.01457 0.0452048
0.2475 0.0156876 0.0256183
