TITLE="Graphics"
VARIABLES= "rj, cm", "F", "dT/dt" 
0 0.000126395 4.85629e-07
0.0025 9.92774e-05 1.08117e-06
0.005 0.000137275 2.16961e-06
0.0075 0.00018256 4.06203e-06
0.01 0.00015671 6.17999e-06
0.0125 5.55004e-06 6.55509e-06
0.015 0.000327402 3.32556e-06
0.0175 1.34543e-06 1.48305e-06
0.02 1.5465e-06 3.91957e-06
0.0225 1.06164e-06 4.47696e-06
0.025 5.5439e-07 3.99147e-06
0.0275 2.25263e-07 3.10234e-06
0.03 6.21354e-08 2.1596e-06
0.0325 1.6606e-09 1.30566e-06
0.035 9.92429e-09 5.7205e-07
0.0375 68.6784 5.53799e-08
0.04 485972 121.47
0.0425 60.5911 2.5515e-07
0.045 1.91604e-05 4.94448e-07
0.0475 0.000288897 6.56047e-06
0.0475003 1.90126e-15 2.62909e-10
0.05 5.6987 2.84792
0.0525 0.729818 3.95759
0.055 1.25338 4.81787
0.0575 3.58402 5.52667
0.06 6.09344 6.13041
0.0625 8.68476 6.65497
0.065 11.2983 7.11647
0.0675 13.8954 7.52575
0.07 16.45 7.89051
0.0725 18.9438 8.21645
0.075 21.364 8.50799
0.0775 23.7012 8.76858
0.08 25.9487 9.00103
0.0825 28.1014 9.20763
0.085 30.1556 9.39031
0.0875 32.1088 9.5507
0.09 33.9592 9.69021
0.0925 35.7054 9.81004
0.095 37.3468 9.91127
0.0975 38.8831 9.99484
0.1 40.3142 10.0616
0.1025 41.6406 10.1123
0.105 42.8628 10.1477
0.1075 43.9815 10.1684
0.11 44.9977 10.1749
0.1125 45.9124 10.1679
0.115 46.727 10.1478
0.1175 47.4427 10.1152
0.12 48.0611 10.0705
0.1225 48.5838 10.0142
0.125 49.0124 9.94661
0.1275 49.3487 9.86825
0.13 49.5945 9.77948
0.1325 49.7518 9.6807
0.135 49.8226 9.57229
0.1375 49.8088 9.45461
0.14 49.7126 9.32805
0.1425 49.5361 9.19296
0.145 49.2816 9.04969
0.1475 48.9512 8.8986
0.15 48.5474 8.74004
0.1525 48.0723 8.57436
0.155 47.5283 8.4019
0.1575 46.9179 8.22299
0.16 46.2434 8.03799
0.1625 45.5073 7.84723
0.165 44.7119 7.65104
0.1675 43.8599 7.44975
0.17 42.9536 7.24371
0.1725 41.9956 7.03324
0.175 40.9884 6.81867
0.1775 39.9344 6.60033
0.18 38.8362 6.37854
0.1825 37.6964 6.15363
0.185 36.5173 5.92592
0.1875 35.3016 5.69573
0.19 34.0517 5.46337
0.1925 32.7702 5.22916
0.195 31.4594 4.99341
0.1975 30.122 4.75643
0.2 28.7603 4.51853
0.2025 27.3767 4.28
0.205 25.9738 4.04114
0.2075 24.5538 3.80226
0.21 23.1192 3.56363
0.2125 21.6724 3.32556
0.215 20.2155 3.08831
0.2175 18.7511 2.85217
0.22 17.2812 2.61741
0.2225 15.8082 2.3843
0.225 14.3342 2.1531
0.2275 12.8614 1.92408
0.23 11.392 1.69747
0.2325 9.92802 1.47353
0.235 8.47151 1.25249
0.2375 7.02451 1.0346
0.24 5.58897 0.820078
0.2425 4.16683 0.609145
0.245 2.75997 0.402018
0.2475 1.37023 0.198902
