TITLE="Graphics"
VARIABLES= "rj, cm", "F", "dT/dt" 
0 8.22481e-06 22.3059
0.0025 8.19196e-06 22.1989
0.005 8.10062e-06 21.9027
0.0075 7.94151e-06 21.3913
0.01 7.71568e-06 20.6749
0.0125 7.42419e-06 19.7656
0.015 7.06827e-06 18.678
0.0175 6.65028e-06 17.4293
0.02 6.17321e-06 16.0395
0.0225 5.6415e-06 14.5309
0.025 5.06137e-06 12.9283
0.0275 4.44117e-06 11.2585
0.03 3.79168e-06 9.54976
0.0325 3.12781e-06 7.8312
0.035 2.47665e-06 6.13188
0.0375 1.92922e-06 4.47909
0.04 5.55224e-06 2.89224
0.0425 0.0546422 2.15877
0.045 0.0385369 104.487
0.0475 0.0184525 60.587
0.04775 6.93889e-18 1.84959e-08
0.05 0.0356058 13.1066
0.0525 0.0332248 10.1534
0.055 0.0283269 8.06114
0.0575 0.023771 6.58
0.06 0.0200332 5.48094
0.0625 0.0170367 4.62842
0.065 0.0146201 3.94516
0.0675 0.0126446 3.38528
0.07 0.0110076 2.91966
0.0725 0.00963609 2.5285
0.075 394810 2.19759
0.0775 2.42502e+07 2.3468e+07
0.08 387508 1.67634
0.0825 0.00588916 1.46983
0.085 0.00525649 1.2916
0.0875 0.00470447 1.13741
0.09 0.00422156 1.00367
0.0925 0.00379777 0.887321
0.095 0.00342547 0.785821
0.0975 0.00309748 0.697032
0.1 0.00280736 0.619165
0.1025 0.00255033 0.550713
0.105 0.00232191 0.490407
0.1075 0.00211814 0.437168
0.11 0.00193654 0.39008
0.1125 0.00177369 0.348362
0.115 0.00162744 0.311341
0.1175 0.00149606 0.278444
0.12 0.00137762 0.249171
0.1225 0.00127035 0.223094
0.125 0.00117363 0.199838
0.1275 0.00108584 0.179081
0.13 0.00100597 0.160539
0.1325 0.000933355 0.143964
0.135 0.000866811 0.12914
0.1375 0.000807138 0.115875
0.14 0.000750782 0.104002
0.1425 0.000700947 0.0933725
0.145 0.000654664 0.0838604
0.1475 0.00061257 0.075359
0.15 0.000571417 0.0677852
0.1525 0.000535809 0.0609868
0.155 0.000502919 0.0549041
0.1575 0.000471936 0.0494761
0.16 0.000443706 0.0446404
0.1625 0.000417106 0.0403393
0.165 0.000392854 0.036521
0.1675 0.000369999 0.0331389
0.17 0.000348822 0.0301508
0.1725 0.00032959 0.0275198
0.175 0.000311079 0.0252122
0.1775 0.000294114 0.0231974
0.18 0.000278323 0.0214482
0.1825 0.000263451 0.01994
0.185 0.000249559 0.0186498
0.1875 0.000236808 0.0175577
0.19 0.000224582 0.0166453
0.1925 0.000213046 0.0158954
0.195 0.000202692 0.0152937
0.1975 0.000192674 0.014826
0.2 0.000183059 0.0144806
0.2025 0.000174523 0.0142469
0.205 0.000166384 0.0141161
0.2075 0.00015852 0.0140802
0.21 0.000150997 0.0141332
0.2125 0.000144743 0.0142685
0.215 0.000137706 0.0144814
0.2175 0.00013127 0.014764
0.22 0.000125193 0.0151055
0.2225 0.000119674 0.0154888
0.225 0.00011317 0.0159033
0.2275 0.000106325 0.0163103
0.23 9.91899e-05 0.0166538
0.2325 9.08039e-05 0.016854
0.235 8.15901e-05 0.0167999
0.2375 7.02119e-05 0.0163431
0.24 5.86079e-05 0.0152921
0.2425 4.49021e-05 0.0134147
0.245 3.00826e-05 0.0104438
0.2475 1.51361e-05 0.00607713
