TITLE="Graphics"
VARIABLES= "rj, cm", "F", "dT/dt" 
0 6.70926e-05 22.8389
0.0025 277.674 22.7298
0.005 1.20382e+06 1.20358e+06
0.0075 85.6992 21.9061
0.01 6.30165e-05 21.1752
0.0125 6.06758e-05 20.2471
0.015 5.78129e-05 19.1366
0.0175 5.44423e-05 17.861
0.02 5.05868e-05 16.4404
0.0225 4.62791e-05 14.8974
0.025 4.15644e-05 13.2573
0.0275 3.65033e-05 11.5473
0.03 3.11772e-05 9.79641
0.0325 2.57074e-05 8.03457
0.035 2.02279e-05 6.29197
0.0375 1.37635e-05 4.5979
0.04 8.94012e-06 2.99001
0.0425 0.0126361 1.67268
0.045 2.19156 107.869
0.0475 20298.6 36766.3
0.04775 7.63278e-17 2.09554e-08
0.05 0.756816 15.082
0.0525 0.165832 8.02187
0.055 0.260061 6.34229
0.0575 0.216662 5.13798
0.06 0.17983 4.20909
0.0625 0.151465 3.49022
0.065 0.129086 2.92946
0.0675 0.111029 2.48735
0.07 0.0962133 2.1348
0.0725 0.0839035 1.85046
0.075 0.0735719 1.6186
0.0775 0.0648273 1.42753
0.08 0.0573724 1.26846
0.0825 0.0509755 1.13473
0.085 0.0454567 1.02125
0.0875 0.0406701 0.924108
0.09 0.0364998 0.840255
0.0925 0.0328521 0.767314
0.095 0.0296486 0.70341
0.0975 0.0268258 0.647055
0.1 0.0243302 0.597057
0.1025 0.0221173 0.552456
0.105 0.0201497 0.512471
0.1075 0.0183951 0.476462
0.11 0.0168269 0.443901
0.1125 0.0154222 0.414348
0.115 0.0141599 0.387434
0.1175 0.0130246 0.362848
0.12 0.0120015 0.340323
0.1225 0.0110767 0.319627
0.125 0.0102389 0.300561
0.1275 0.0094725 0.282952
0.13 0.00878215 0.26668
0.1325 0.0081543 0.251612
0.135 0.00758123 0.237626
0.1375 0.00705733 0.224618
0.14 0.00657765 0.212495
0.1425 0.00613808 0.20118
0.145 0.00573512 0.1906
0.1475 0.00536412 0.180692
0.15 0.00502279 0.171398
0.1525 0.00470839 0.162668
0.155 0.00441876 0.154455
0.1575 0.00415003 0.146716
0.16 0.00390268 0.139414
0.1625 0.00367251 0.132515
0.165 0.00345972 0.125986
0.1675 0.00326195 0.1198
0.17 0.00307735 0.11393
0.1725 0.0029063 0.108356
0.175 0.0027471 0.103057
0.1775 0.00259828 0.0980135
0.18 0.00245943 0.0932077
0.1825 0.00232924 0.0886245
0.185 0.0022079 0.0842511
0.1875 0.00209431 0.080075
0.19 0.00198752 0.0760849
0.1925 0.00188715 0.0722717
0.195 0.00179327 0.0686267
0.1975 0.00170521 0.0651429
0.2 0.00162147 0.0618125
0.2025 0.0015442 0.0586303
0.205 0.00146958 0.0555898
0.2075 0.00140079 0.0526871
0.21 0.00133542 0.0499166
0.2125 0.00127448 0.0472747
0.215 0.00121587 0.0447541
0.2175 0.00116171 0.0423509
0.22 0.00110977 0.0400605
0.2225 0.00106016 0.0378793
0.225 0.00101196 0.0358053
0.2275 0.00096341 0.0338428
0.23 0.000913211 0.0320035
0.2325 0.000856844 0.0303177
0.235 0.000791988 0.0288411
0.2375 0.000716148 0.0276687
0.24 0.000640115 0.0269391
0.2425 0.000684903 0.026794
0.245 0.00164168 0.0269421
0.2475 0.00647559 0.023814
