TITLE="Graphics"
VARIABLES= "rj, cm", "F", "dT/dt" 
0 1.76365e-12 1.76365e-12
0.0025 1.66215e-10 1.72117e-12
0.005 6.73389e-11 2.03043e-12
0.0075 2.9463e-11 1.22161e-12
0.01 2.4387e-11 1.96957e-12
0.0125 9.31982e-12 2.62229e-12
0.015 3.22414e-10 2.88399e-12
0.0175 1.62469e-10 8.51329e-12
0.02 1.64339e-09 1.71362e-11
0.0225 6.91365e-09 8.08244e-11
0.025 1.50889e-08 2.73159e-10
0.0275 1.12355e-08 5.34686e-10
0.03 4.75994e-09 5.37465e-10
0.0325 5.5619e-09 4.47731e-10
0.035 9.38577e-09 4.79847e-10
0.0375 1.29443e-08 5.74762e-10
0.04 1.45853e-07 1.01703e-09
0.0425 68.1581 2.98746e-08
0.045 485812 60.7351
0.0475 374.784 4.93445e-09
0.0475003 0.0057972 3.80651e-11
0.05 2.26899 0.412462
0.0525 4.69974 0.565875
0.055 6.12852 0.681522
0.0575 7.4207 0.773875
0.06 8.59797 0.849918
0.0625 9.67282 0.913616
0.065 10.654 0.967483
0.0675 11.5486 1.01324
0.07 12.3622 1.05212
0.0725 13.1001 1.08507
0.075 13.7669 1.11284
0.0775 14.3667 1.136
0.08 14.9035 1.15505
0.0825 15.3807 1.1704
0.085 15.8018 1.18238
0.0875 16.1698 1.19131
0.09 16.4877 1.19743
0.0925 16.7583 1.20099
0.095 16.9842 1.20218
0.0975 17.1678 1.20118
0.1 17.3114 1.19817
0.1025 17.4174 1.1933
0.105 17.4877 1.18669
0.1075 17.5244 1.17848
0.11 17.5294 1.16878
0.1125 17.5044 1.1577
0.115 17.4512 1.14534
0.1175 17.3715 1.13179
0.12 17.2667 1.11714
0.1225 17.1384 1.10148
0.125 16.9879 1.08487
0.1275 16.8166 1.06739
0.13 16.6258 1.04912
0.1325 16.4167 1.0301
0.135 16.1905 1.01042
0.1375 15.9482 0.990114
0.14 15.691 0.96925
0.1425 15.4198 0.947876
0.145 15.1357 0.926043
0.1475 14.8395 0.903797
0.15 14.5322 0.881185
0.1525 14.2146 0.858248
0.155 13.8875 0.835027
0.1575 13.5517 0.811562
0.16 13.208 0.787888
0.1625 12.857 0.764043
0.165 12.4996 0.740058
0.1675 12.1363 0.715966
0.17 11.7677 0.691798
0.1725 11.3946 0.667583
0.175 11.0174 0.643347
0.1775 10.6368 0.619119
0.18 10.2534 0.594921
0.1825 9.8675 0.570779
0.185 9.47978 0.546714
0.1875 9.09069 0.522749
0.19 8.7007 0.498904
0.1925 8.31025 0.475197
0.195 7.91978 0.451647
0.1975 7.5297 0.428272
0.2 7.14041 0.405088
0.2025 6.7523 0.382111
0.205 6.36573 0.359354
0.2075 5.98104 0.336833
0.21 5.59859 0.314559
0.2125 5.21868 0.292546
0.215 4.84162 0.270805
0.2175 4.4677 0.249346
0.22 4.0972 0.22818
0.2225 3.73037 0.207317
0.225 3.36748 0.186765
0.2275 3.00874 0.166534
0.23 2.65439 0.14663
0.2325 2.30463 0.127062
0.235 1.95966 0.107836
0.2375 1.61966 0.0889581
0.24 1.2848 0.0704355
0.2425 0.955257 0.0522732
0.245 0.631174 0.0344767
0.2475 0.312698 0.0170507
