TITLE="Graphics"
VARIABLES= "rj, cm", "F", "dT/dt" 
0 9.52094e-07 2.14084e-09
0.0025 1.0573e-06 7.65283e-09
0.005 1.75881e-06 2.07359e-08
0.0075 2.66363e-06 4.6873e-08
0.01 2.83504e-06 8.26543e-08
0.0125 1.42693e-06 1.07832e-07
0.015 8.59244e-07 9.7297e-08
0.0175 8.87909e-07 6.19902e-08
0.02 8.94977e-07 5.59084e-08
0.0225 1.20582e-06 6.2526e-08
0.025 2.78826e-06 2.363e-09
0.0275 4.92468e-07 7.93053e-09
0.03 1.32548e-07 7.96853e-10
0.0325 3.62382e-08 4.54581e-10
0.035 8.664e-08 1.53006e-09
0.0375 2.85681e-06 2.62564e-10
0.04 3.15192e-07 5.1998e-09
0.0425 1.04918e-06 3.56321e-08
0.045 1.13998e-05 1.67861e-07
0.0475 3.02726e-05 4.77794e-07
0.0475003 1.81105e-15 3.84422e-10
0.05 9.82885 4.16156
0.0525 5.97804 5.82699
0.055 5.00958 7.13518
0.0575 3.46509 8.22788
0.06 1.58528 9.17163
0.0625 0.492678 10.0032
0.065 2.68402 10.7451
0.0675 4.93315 11.4125
0.07 7.20193 12.016
0.0725 9.46324 12.5635
0.075 11.6972 13.0608
0.0775 13.889 13.5126
0.08 16.0273 13.9226
0.0825 18.1034 14.294
0.085 20.1103 14.6292
0.0875 22.0429 14.9304
0.09 23.8967 15.1993
0.0925 25.6686 15.4376
0.095 27.356 15.6466
0.0975 28.9568 15.8276
0.1 30.4695 15.9816
0.1025 31.8931 16.1096
0.105 33.2267 16.2126
0.1075 34.4701 16.2913
0.11 35.623 16.3465
0.1125 36.6854 16.379
0.115 37.6576 16.3894
0.1175 38.5402 16.3784
0.12 39.3336 16.3466
0.1225 40.0386 16.2946
0.125 40.6562 16.2231
0.1275 41.1874 16.1325
0.13 41.6333 16.0235
0.1325 41.995 15.8965
0.135 42.2741 15.7523
0.1375 42.4718 15.5913
0.14 42.5898 15.414
0.1425 42.6295 15.221
0.145 42.5927 15.013
0.1475 42.4811 14.7903
0.15 42.2965 14.5536
0.1525 42.0407 14.3033
0.155 41.7157 14.0402
0.1575 41.3234 13.7647
0.16 40.8659 13.4773
0.1625 40.3452 13.1787
0.165 39.7634 12.8694
0.1675 39.1227 12.5499
0.17 38.4252 12.2209
0.1725 37.6732 11.8828
0.175 36.8689 11.5364
0.1775 36.0146 11.182
0.18 35.1126 10.8204
0.1825 34.1651 10.4521
0.185 33.1746 10.0776
0.1875 32.1434 9.69756
0.19 31.0738 9.31252
0.1925 29.9682 8.92306
0.195 28.829 8.52975
0.1975 27.6586 8.13314
0.2 26.4593 7.73382
0.2025 25.2336 7.33234
0.205 23.9839 6.92925
0.2075 22.7124 6.52512
0.21 21.4216 6.12048
0.2125 20.1139 5.71589
0.215 18.7915 5.31189
0.2175 17.4568 4.909
0.22 16.1121 4.50774
0.2225 14.7596 4.10865
0.225 13.4018 3.71222
0.2275 12.0407 3.31895
0.23 10.6786 2.92935
0.2325 9.31768 2.54389
0.235 7.96008 2.16304
0.2375 6.60791 1.78728
0.24 1.1269e+06 1.41704
0.2425 2.23618e+06 819.911
0.245 1.107e+06 0.694896
0.2475 1.29449 0.343839
