TITLE="Graphics"
VARIABLES= "rj, cm", "F", "dT/dt" 
0 0.000504378 21.2062
0.0025 0.000502283 21.1036
0.005 0.000496468 20.8199
0.0075 0.000486356 20.3302
0.01 0.000472039 19.6445
0.0125 0.000453616 18.7748
0.015 0.000431216 17.7354
0.0175 0.000405017 16.5433
0.02 0.000375273 15.2177
0.0225 0.000342335 13.7806
0.025 0.000306703 12.2557
0.0275 0.000269311 10.6686
0.03 0.000234003 9.04537
0.0325 0.000222706 7.4089
0.035 0.00029754 5.75448
0.0375 0.000151994 3.98265
0.04 0.00251643 2.25874
0.0425 0.126996 2.81951
0.045 4.97741 108.982
0.0475 34054.4 7670.68
0.04775 4.85723e-17 2.19283e-08
0.05 237812 198752
0.0525 54537.5 16.3243
0.055 1.99991 12.9051
0.0575 1.81469 10.8273
0.06 1.54695 9.24937
0.0625 1.30556 7.96684
0.065 1.10693 6.904
0.0675 0.945759 6.01589
0.07 0.814379 5.26929
0.0725 0.706027 4.63797
0.075 0.614701 4.10118
0.0775 0.539214 3.64343
0.08 0.47553 3.25105
0.0825 0.421212 2.91291
0.085 0.374615 2.62005
0.0875 0.334445 2.36523
0.09 0.29965 2.14252
0.0925 0.269366 1.94702
0.095 0.242891 1.77469
0.0975 0.219645 1.62216
0.1 0.199157 1.48662
0.1025 0.18103 1.36571
0.105 0.164939 1.25746
0.1075 0.15061 1.1602
0.11 0.137812 1.07252
0.1125 0.12635 0.993221
0.115 0.116057 0.921289
0.1175 0.106791 0.855851
0.12 0.0984301 0.79616
0.1225 0.0908696 0.741572
0.125 0.0840187 0.691534
0.1275 0.077801 0.645564
0.13 0.0721527 0.603243
0.1325 0.0670203 0.564203
0.135 0.062332 0.528112
0.1375 0.0579417 0.49468
0.14 0.0540235 0.463711
0.1425 0.0504331 0.434974
0.145 0.0471248 0.408262
0.1475 0.044075 0.383399
0.15 0.041265 0.36023
0.1525 0.0386741 0.338618
0.155 0.0362828 0.318441
0.1575 0.0340725 0.299586
0.16 0.0320277 0.281953
0.1625 0.0301329 0.265452
0.165 0.0283769 0.249999
0.1675 0.0267454 0.235518
0.17 0.0252307 0.221942
0.1725 0.0238206 0.209207
0.175 0.0225094 0.197254
0.1775 0.0212869 0.186031
0.18 0.0201456 0.175488
0.1825 0.019082 0.165579
0.185 0.0180851 0.156263
0.1875 0.0171487 0.1475
0.19 0.0162782 0.139258
0.1925 0.0154886 0.131503
0.195 0.0147232 0.12419
0.1975 0.014003 0.117291
0.2 0.0133315 0.11078
0.2025 0.0127026 0.104631
0.205 0.0121123 0.0988178
0.2075 0.0115566 0.0933165
0.21 0.0110322 0.0881041
0.2125 0.0105345 0.0831601
0.215 0.0100591 0.0784666
0.2175 0.00960139 0.0740099
0.22 0.0091543 0.0697812
0.2225 0.0087139 0.0657787
0.225 0.00827363 0.0620092
0.2275 0.00784093 0.0584891
0.23 0.00744437 0.0552404
0.2325 0.00716649 0.0522772
0.235 0.00720555 0.0495674
0.2375 0.00795281 0.0469434
0.24 0.0100294 0.0439284
0.2425 0.0139969 0.0394642
0.245 0.0187695 0.0316744
0.2475 0.0178844 0.0183779
