TITLE="Graphics"
VARIABLES= "rj, cm", "F", "dT/dt" 
0 4.81253e+06 4.81181e+06
0.0025 30.8347 24.1077
0.005 1.73346e-05 23.791
0.0075 1.70194e-05 23.2438
0.01 1.65692e-05 22.4765
0.0125 1.59835e-05 21.5013
0.015 1.52624e-05 20.3329
0.0175 1.44074e-05 18.9889
0.02 1.34231e-05 17.4898
0.0225 1.23168e-05 15.8589
0.025 1.11e-05 14.1223
0.0275 9.78454e-06 12.3082
0.03 8.37953e-06 10.447
0.0325 6.89884e-06 8.57086
0.035 5.40961e-06 6.71322
0.0375 4.00879e-06 4.90666
0.04 8.89593e-05 3.18054
0.0425 0.100596 2.45342
0.045 0.0961228 100.481
0.0475 0.0815355 59.3182
0.04775 7.63278e-17 1.75706e-08
0.05 0.0613876 14.8292
0.0525 0.0598061 11.7834
0.055 0.052438 9.40141
0.0575 0.0448765 7.6314
0.06 0.0382806 6.2972
0.0625 0.0327673 5.26718
0.065 0.0281968 4.45418
0.0675 0.0243954 3.8005
0.07 0.0212129 3.26688
0.0725 0.0185315 2.82564
0.075 0.0162904 2.45675
0.0775 0.0149196 2.14625
0.08 0.012122 1.89879
0.0825 0.0112739 1.67233
0.085 0.0100666 1.47749
0.0875 0.00899234 1.30949
0.09 0.00805758 1.16377
0.0925 0.0072422 1.03673
0.095 0.00652821 0.925437
0.0975 0.00590112 0.827563
0.1 0.00534816 0.741186
0.1025 0.00485838 0.664727
0.105 0.00442404 0.596868
0.1075 0.00403701 0.536504
0.11 0.00369179 0.4827
0.1125 0.00338228 0.434658
0.115 0.0031051 0.391694
0.1175 0.00285502 0.353221
0.12 0.00262991 0.318727
0.1225 0.00242652 0.287768
0.125 0.00224238 0.259957
0.1275 0.00207499 0.234955
0.13 0.00192334 0.212462
0.1325 0.00178474 0.192215
0.135 0.00165844 0.173981
0.1375 0.00154367 0.157554
0.14 0.00143766 0.142752
0.1425 0.00134113 0.129411
0.145 0.00125259 0.117386
0.1475 0.00117055 0.106548
0.15 0.00109605 0.0967809
0.1525 0.00102644 0.0879802
0.155 0.000962834 0.0800546
0.1575 0.000903775 0.0729193
0.16 0.000849338 0.0665
0.1625 0.000798639 0.0607295
0.165 0.000752035 0.0555469
0.1675 0.000708314 0.0508984
0.17 0.000668287 0.046734
0.1725 0.000630687 0.0430101
0.175 0.000595431 0.0396866
0.1775 0.00056342 0.0367278
0.18 0.000532525 0.034102
0.1825 0.000504681 0.0317788
0.185 0.000478087 0.0297335
0.1875 0.000453292 0.0279424
0.19 0.000430281 0.0263841
0.1925 0.00040876 0.0250408
0.195 0.000388506 0.0238956
0.1975 0.000369182 0.0229332
0.2 0.000351994 0.0221405
0.2025 0.000334595 0.021507
0.205 0.000319289 0.0210198
0.2075 0.000304192 0.0206703
0.21 0.000290312 0.0204475
0.2125 0.000276342 0.0203418
0.215 0.000263857 0.0203399
0.2175 0.000251011 0.0204273
0.22 0.000238707 0.0205843
0.2225 0.000225522 0.0207833
0.225 0.000212839 0.0209881
0.2275 0.000198486 0.0211466
0.23 0.000183174 0.0211892
0.2325 0.000166176 0.021023
0.235 0.000146004 0.0205221
0.2375 0.000117074 0.0195157
0.24 0.000116032 0.0177058
0.2425 8.10782e-05 0.0152
0.245 5.27208e-05 0.0116045
0.2475 2.52201e-05 0.00662875
