TITLE="Graphics"
VARIABLES= "rj, cm", "F", "dT/dt" 
0 0.00104938 22.2195
0.0025 0.00104517 22.1128
0.005 0.00103348 21.8176
0.0075 0.00101312 21.3079
0.01 0.00098423 20.5938
0.0125 0.000946941 19.6876
0.015 0.000901441 18.6038
0.0175 0.000848007 17.3595
0.02 0.000787048 15.9746
0.0225 0.000719146 14.4716
0.025 0.000645096 12.8751
0.0275 0.000565973 11.2118
0.03 0.000483219 9.50994
0.0325 0.000398893 7.79834
0.035 0.000316575 6.10581
0.0375 0.000235923 4.45916
0.04 0.00165859 2.88392
0.0425 0.758289 1.2768
0.045 1.82047 106.624
0.0475 74.6638 52.7795
0.04775 4.85723e-17 1.98089e-08
0.05 6.80061 2.978
0.0525 5.30569 1.17194
0.055 4.12528 0.58802
0.0575 3.33434 0.357118
0.06 2.77456 0.232821
0.0625 2.35123 0.146789
0.065 2.01578 0.0800113
0.0675 1.74213 0.0267783
0.07 1.51485 0.0152836
0.0725 1.32389 0.0478279
0.075 1.16212 0.0723647
0.0775 1.02421 0.090315
0.08 0.906048 0.102969
0.0825 0.804336 0.11145
0.085 0.716424 0.116707
0.0875 0.640151 0.119517
0.09 0.573735 0.120506
0.0925 0.515701 0.120168
0.095 0.464824 0.118886
0.0975 0.420078 0.116955
0.1 0.380605 0.114596
0.1025 0.345679 0.111974
0.105 0.314689 0.109209
0.1075 0.287114 0.106386
0.11 0.262514 0.103564
0.1125 0.24051 0.10078
0.115 0.220781 0.0980592
0.1175 0.203048 0.0954136
0.12 0.187073 0.0928487
0.1225 0.172649 0.0903642
0.125 0.159599 0.0879565
0.1275 0.147766 0.0856198
0.13 0.137016 0.0833469
0.1325 0.127231 0.0811306
0.135 0.118308 0.0789635
0.1375 842293 0.0768388
0.14 1.89585e+06 232099
0.1425 820514 0.0726928
0.145 0.0895838 0.0706611
0.1475 0.0838146 0.0686512
0.15 0.0785027 0.0666597
0.1525 0.0736057 0.0646837
0.155 0.0690851 0.0627207
0.1575 0.0649055 0.0607691
0.16 0.0610377 0.0588276
0.1625 0.0574535 0.0568952
0.165 0.0541283 0.0549714
0.1675 0.0510402 0.0530559
0.17 0.0481689 0.0511487
0.1725 0.0454959 0.0492497
0.175 0.0430065 0.0473594
0.1775 0.0406835 0.045478
0.18 0.0385157 0.0436061
0.1825 0.0364892 0.0417442
0.185 0.0345937 0.0398933
0.1875 0.0328183 0.0380539
0.19 0.0311549 0.0362273
0.1925 0.0295937 0.0344145
0.195 0.0281288 0.0326167
0.1975 0.0267522 0.0308352
0.2 0.0254581 0.0290714
0.2025 0.0242432 0.0273264
0.205 0.0231009 0.025601
0.2075 0.0220292 0.0238953
0.21 0.0210265 0.0222087
0.2125 0.0200901 0.0205387
0.215 0.0192193 0.0188811
0.2175 0.0184139 0.0172289
0.22 0.0176719 0.0155718
0.2225 0.0169893 0.0138963
0.225 0.0163572 0.0121855
0.2275 0.0157569 0.0104212
0.23 0.015157 0.00858682
0.2325 0.0145017 0.0066745
0.235 0.0137087 0.00469635
0.2375 0.0126637 0.00270173
0.24 0.0112211 0.000801245
0.2425 0.0092422 0.000803892
0.245 0.00663865 0.00179403
0.2475 0.0034687 0.00171604
