TITLE="Graphics"
VARIABLES= "rj, cm", "F", "dT/dt" 
0 0.000127911 21.5649
0.0025 0.000127387 21.4609
0.005 0.00012593 21.173
0.0075 0.000123394 20.6761
0.01 0.0001198 19.9803
0.0125 0.000115172 19.0975
0.015 0.000109537 18.0423
0.0175 0.000102937 16.8316
0.02 9.54306e-05 15.485
0.0225 8.7099e-05 14.0245
0.025 7.80545e-05 12.4742
0.0275 6.84503e-05 10.8602
0.03 5.84925e-05 9.20961
0.0325 4.84363e-05 7.55
0.035 3.85085e-05 5.90848
0.0375 2.95835e-05 4.31085
0.04 0.000857194 2.77875
0.0425 0.684748 1.38105
0.045 1.45905 107.494
0.0475 3.38613 60.6906
0.04775 4.16334e-17 1.9321e-08
0.05 0.662884 10.5227
0.0525 0.572216 7.86235
0.055 0.472339 6.14888
0.0575 0.391706 4.96633
0.06 0.329174 4.09039
0.0625 0.279889 3.41047
0.065 0.240159 2.86751
0.0675 0.207538 2.42625
0.07 0.180393 2.06342
0.0725 0.157581 1.76252
0.075 0.138265 1.51126
0.0775 0.121808 1.30024
0.08 0.107714 1.1221
0.0825 0.0955859 0.971018
0.085 0.0851044 0.842322
0.0875 0.0760089 0.732254
0.09 0.0680832 0.637752
0.0925 0.0611493 0.556304
0.095 584168 0.485824
0.0975 2.8056e+06 1.65418e+06
0.1 568127 0.370421
0.1025 0.0438713 0.324096
0.105 0.0399303 0.283802
0.1075 0.0364301 0.248627
0.11 0.0333099 0.217833
0.1125 0.0305187 0.190815
0.115 0.0280156 0.167067
0.1175 0.0257644 0.146165
0.12 0.0237347 0.127746
0.1225 0.0219016 0.111503
0.125 0.0202421 0.0971693
0.1275 0.0187364 0.0845167
0.13 0.0173688 0.0733466
0.1325 0.0161225 0.0634868
0.135 0.0149871 0.0547871
0.1375 0.0139491 0.0471162
0.14 0.0129997 0.0403591
0.1425 0.0121294 0.0344147
0.145 0.0113308 0.0291942
0.1475 0.0105967 0.024619
0.15 0.00992098 0.0206199
0.1525 0.00929864 0.0171353
0.155 0.0087237 0.014111
0.1575 0.00819292 0.0114983
0.16 0.00770145 0.00925452
0.1625 0.00724695 0.00734112
0.165 0.0068247 0.00572404
0.1675 0.00643359 0.00437279
0.17 0.00606893 0.00326011
0.1725 0.00573107 0.00236167
0.175 0.00541565 0.00165576
0.1775 0.00512176 0.0011229
0.18 0.00484784 0.00074559
0.1825 0.00459136 0.000508309
0.185 0.00435235 0.000396927
0.1875 0.00412875 0.000398945
0.19 0.00391872 0.000503131
0.1925 0.00372258 0.000699331
0.195 0.00353839 0.000978502
0.1975 0.00336493 0.00133252
0.2 0.00320302 0.00175405
0.2025 0.00305028 0.00223668
0.205 0.00290673 0.00277459
0.2075 0.00277167 0.00336268
0.21 0.00264398 0.00399642
0.2125 0.00252427 0.00467172
0.215 0.00241019 0.0053848
0.2175 0.00230268 0.00613158
0.22 0.00219874 0.0069073
0.2225 0.00209844 0.00770472
0.225 0.00199798 0.00851268
0.2275 0.00189591 0.0093123
0.23 0.00178612 0.0100725
0.2325 0.00166421 0.0107431
0.235 0.00159563 0.0112464
0.2375 0.00112424 0.0114809
0.24 0.00102154 0.011223
0.2425 0.00080448 0.0102649
0.245 0.000553666 0.0083156
0.2475 0.00028061 0.00502439
