TITLE="Graphics"
VARIABLES= "rj, cm", "F", "dT/dt" 
0 1.77185e-10 1.94695e-12
0.0025 4.24574e-10 4.59546e-12
0.005 4.41965e-10 8.66288e-12
0.0075 1.036e-09 1.55684e-11
0.01 9.29525e-09 6.20534e-11
0.0125 7.00165e-08 4.90792e-10
0.015 75.4855 3.42828e-09
0.0175 488096 242.941
0.02 56.5304 8.51429e-08
0.0225 1.45521e-05 2.66365e-07
0.025 1.13732e-05 5.19572e-07
0.0275 5.28065e-06 5.27235e-07
0.03 1.21811e-05 4.57545e-07
0.0325 1.70958e-05 6.6191e-07
0.035 1.56525e-06 2.36476e-07
0.0375 2.20712e-05 8.18249e-07
0.04 0.000147799 6.45076e-07
0.0425 4.62591e-05 4.82234e-07
0.045 0.000164986 1.92923e-06
0.0475 0.000126482 9.37685e-06
0.0475003 1.45717e-16 1.52718e-10
0.05 0.533904 1.65472
0.0525 2.16399 2.29177
0.055 3.4948 2.78244
0.0575 4.86803 3.18388
0.06 6.2441 3.52331
0.0625 7.60004 3.81598
0.065 8.92198 4.07145
0.0675 10.2013 4.29613
0.07 11.4325 4.49464
0.0725 12.6122 4.6704
0.075 13.7382 4.82606
0.0775 14.8093 4.96371
0.08 15.8246 5.08507
0.0825 16.7841 5.19152
0.085 17.6876 5.28425
0.0875 18.5355 5.36426
0.09 19.3281 5.43242
0.0925 20.066 5.48947
0.095 20.7498 5.53608
0.0975 21.3803 5.57284
0.1 21.9581 5.60026
0.1025 22.4842 5.61884
0.105 22.9593 5.62899
0.1075 23.3844 5.63112
0.11 23.7605 5.6256
0.1125 24.0883 5.61277
0.115 24.3691 5.59295
0.1175 24.6037 5.56643
0.12 24.7931 5.5335
0.1225 24.9384 5.49443
0.125 25.0407 5.44948
0.1275 25.101 5.3989
0.13 25.1204 5.34293
0.1325 25.0999 5.28178
0.135 25.0408 5.2157
0.1375 24.944 5.1449
0.14 24.8107 5.06958
0.1425 24.642 4.98996
0.145 24.439 4.90623
0.1475 24.203 4.81861
0.15 23.935 4.72727
0.1525 23.6362 4.63242
0.155 23.3077 4.53425
0.1575 22.9508 4.43294
0.16 22.5664 4.32867
0.1625 22.1559 4.22164
0.165 21.7204 4.11202
0.1675 21.261 3.99998
0.17 20.7789 3.88571
0.1725 20.2753 3.76938
0.175 19.7513 3.65116
0.1775 19.208 3.53123
0.18 18.6467 3.40974
0.1825 18.0685 3.28688
0.185 17.4745 3.1628
0.1875 16.8658 3.03767
0.19 16.2436 2.91165
0.1925 15.609 2.7849
0.195 14.9632 2.65758
0.1975 14.3071 2.52984
0.2 13.642 2.40183
0.2025 12.9689 2.27371
0.205 12.2888 2.14563
0.2075 11.6029 2.01772
0.21 10.9121 1.89015
0.2125 10.2176 1.76303
0.215 9.52026 1.63653
0.2175 8.82119 1.51076
0.22 8.12136 1.38587
0.2225 7.42174 1.26199
0.225 6.72327 1.13924
0.2275 6.02692 1.01775
0.23 5.33359 0.897636
0.2325 4.64419 0.779024
0.235 3.95961 0.662026
0.2375 3.28071 0.546755
0.24 2.60834 0.43332
0.2425 1.94332 0.321826
0.245 1.28647 0.212377
0.2475 0.638548 0.10507
