TITLE="Graphics"
VARIABLES= "rj, cm", "F", "dT/dt" 
0 0.000543561 23.1965
0.0025 0.000541464 23.0859
0.005 0.000535632 22.78
0.0075 0.000525457 22.2517
0.01 0.000510976 21.5111
0.0125 0.000492223 20.5707
0.015 0.000469251 19.445
0.0175 0.000442165 18.1515
0.02 0.000411135 16.7104
0.0225 0.000376409 15.1446
0.025 0.000338329 13.4794
0.0275 0.000297367 11.7424
0.03 0.000254144 9.96306
0.0325 0.00020926 8.17186
0.035 0.000163453 6.40003
0.0375 0.000125598 4.67878
0.04 0.000862656 3.02931
0.0425 0.32565 1.85373
0.045 0.892809 103.646
0.0475 291.978 7.77035
0.04775 0 1.90051e-08
0.05 3.3315 4.39125
0.0525 2.26642 3.7984
0.055 1.78186 3.36766
0.0575 1.50211 2.88789
0.06 1.28903 2.42984
0.0625 1.11114 2.02994
0.065 0.960595 1.69347
0.0675 0.833367 1.41385
0.07 0.725931 1.18185
0.0725 0.635046 0.988861
0.075 394809 0.827722
0.0775 1.14886e+06 366688
0.08 387507 0.579062
0.0825 0.387129 0.483247
0.085 0.345138 0.402235
0.0875 0.308669 0.333606
0.09 0.276871 0.275375
0.0925 0.249044 0.225905
0.095 0.224609 0.183836
0.0975 0.203083 0.148037
0.1 0.184062 0.117562
0.1025 0.167206 0.0916161
0.105 0.152227 0.0695316
0.1075 0.138881 0.0507451
0.11 0.12696 0.0347802
0.1125 0.116285 0.0212325
0.115 0.106704 0.00975804
0.1175 0.0980881 6.38044e-05
0.12 0.0903236 0.00809946
0.1225 0.0833118 0.0149438
0.125 0.076967 0.0206499
0.1275 0.0712156 0.0253723
0.13 0.0659922 0.029243
0.1325 0.0612404 0.0323747
0.135 0.0569105 0.0348639
0.1375 0.0529559 0.0367928
0.14 0.0493356 0.0382331
0.1425 0.0460098 0.0392494
0.145 0.0429539 0.0399021
0.1475 0.0401519 0.0402469
0.15 0.0375827 0.0403289
0.1525 0.0352193 0.0401832
0.155 0.0330409 0.0398384
0.1575 0.0310273 0.0393185
0.16 0.0291648 0.0386454
0.1625 0.0274388 0.0378385
0.165 0.0258382 0.0369154
0.1675 0.0243529 0.0358917
0.17 0.0229728 0.0347814
0.1725 0.0216896 0.0335966
0.175 0.0204945 0.0323479
0.1775 0.0193812 0.0310447
0.18 0.0183423 0.0296952
0.1825 0.0173731 0.0283066
0.185 0.0164658 0.026885
0.1875 0.0156185 0.0254361
0.19 0.0148239 0.0239648
0.1925 0.0140791 0.0224755
0.195 0.0133795 0.0209724
0.1975 0.0127218 0.0194597
0.2 0.0121023 0.0179414
0.2025 0.0115168 0.0164222
0.205 0.0109629 0.0149073
0.2075 0.0104377 0.013403
0.21 0.00993831 0.0119167
0.2125 0.00946333 0.0104569
0.215 0.00900843 0.00903346
0.2175 0.00857092 0.00765824
0.22 0.00815013 0.00634553
0.2225 0.00774907 0.00511199
0.225 0.00737335 0.00397401
0.2275 0.0070321 0.0029447
0.23 0.00673469 0.00202962
0.2325 0.00648528 0.0012221
0.235 0.00627785 0.000500996
0.2375 0.00606792 0.000165717
0.24 0.00575829 0.000802047
0.2425 0.00517192 0.00138038
0.245 0.00407477 0.00174457
0.2475 0.00230152 0.00151055
