TITLE="Graphics"
VARIABLES= "rj, cm", "F", "dT/dt" 
0 0.0378641 21.3148
0.0025 0.0372391 21.339
0.005 0.0353516 21.4053
0.0075 0.0314863 21.516
0.01 0.0249078 21.6613
0.0125 0.0149261 21.8247
0.015 0.00118342 21.9812
0.0175 0.0161048 22.0967
0.02 0.0360254 22.129
0.0225 0.0570101 22.0308
0.025 0.0771046 21.7547
0.0275 0.0946888 21.2591
0.03 0.110812 20.5119
0.0325 0.138394 19.4862
0.035 0.239602 18.1126
0.0375 0.648908 16.0621
0.04 1.713 11.9282
0.0425 15.0936 2.07686
0.045 794355 196.693
0.0475 591.99 555.742
0.0475415 2.84105e-05 6.98117e-07
0.05 6586.34 4060.89
0.0525 173.268 4569.01
0.055 223.433 4758.1
0.0575 231.538 4794.88
0.06 232.679 4749.94
0.0625 234.061 4658.45
0.065 237.01 4539.84
0.0675 241.471 4405.6
0.07 247.096 4262.88
0.0725 253.527 4116.22
0.075 260.46 3968.64
0.0775 267.655 3822.09
0.08 274.921 3677.89
0.0825 282.116 3536.91
0.085 289.126 3399.69
0.0875 295.865 3266.58
0.09 302.269 3137.76
0.0925 308.287 3013.33
0.095 313.882 2893.28
0.0975 319.025 2777.58
0.1 323.695 2666.15
0.1025 642367 2558.89
0.105 1.26648e+06 3803.45
0.1075 624782 2356.39
0.11 337.436 2260.89
0.1125 339.614 2169.03
0.115 341.288 2080.68
0.1175 342.464 1995.7
0.12 343.147 1913.95
0.1225 343.342 1835.31
0.125 343.057 1759.64
0.1275 342.302 1686.83
0.13 341.085 1616.75
0.1325 339.416 1549.29
0.135 337.306 1484.34
0.1375 334.766 1421.8
0.14 331.809 1361.56
0.1425 328.446 1303.52
0.145 324.691 1247.6
0.1475 320.557 1193.7
0.15 316.056 1141.75
0.1525 311.204 1091.65
0.155 306.013 1043.33
0.1575 300.499 996.713
0.16 294.677 951.733
0.1625 288.56 908.32
0.165 282.164 866.407
0.1675 275.504 825.93
0.17 268.595 786.831
0.1725 261.451 749.051
0.175 254.089 712.535
0.1775 246.523 677.229
0.18 238.768 643.081
0.1825 230.839 610.044
0.185 222.751 578.069
0.1875 214.518 547.111
0.19 206.156 517.127
0.1925 197.679 488.073
0.195 189.101 459.911
0.1975 180.436 432.6
0.2 171.698 406.103
0.2025 162.901 380.384
0.205 154.057 355.409
0.2075 145.18 331.143
0.21 136.284 307.555
0.2125 127.379 284.613
0.215 118.48 262.287
0.2175 109.597 240.549
0.22 100.742 219.37
0.2225 91.927 198.723
0.225 83.1628 178.584
0.2275 74.46 158.926
0.23 65.8291 139.726
0.2325 57.2802 120.96
0.235 48.8229 102.607
0.2375 40.4668 84.645
0.24 32.2208 67.053
0.2425 24.0938 49.8113
0.245 16.0941 32.9007
0.2475 8.2299 16.3028
