TITLE="Graphics"
VARIABLES= "rj, cm", "F", "dT/dt" 
0 4.01818e-09 1.22879e-11
0.0025 5.90468e-09 4.02507e-11
0.005 1.46177e-08 1.34494e-10
0.0075 4.47447e-08 4.81054e-10
0.01 1.11567e-07 1.50691e-09
0.0125 1.99002e-07 3.76434e-09
0.015 2.03017e-07 6.85192e-09
0.0175 4.79627e-08 8.36854e-09
0.02 2.69748e-08 7.10904e-09
0.0225 7.74603e-08 6.92853e-09
0.025 1.70027e-07 6.43707e-09
0.0275 1.85523e-07 1.18231e-09
0.03 5.31238e-08 6.94936e-10
0.0325 1.09307e-08 2.44849e-10
0.035 9.86989e-08 9.51449e-11
0.0375 6.41651e-09 1.03201e-09
0.04 3.93876e-07 3.41566e-09
0.0425 2.57662e-06 1.59432e-08
0.045 1.94398e-08 2.09134e-08
0.0475 6.19884e-06 1.60723e-08
0.0475003 5.13478e-16 3.90728e-10
0.05 9.14672 4.22225
0.0525 6.63177 5.97803
0.055 6.3722 7.37698
0.0575 5.60106 8.5619
0.06 4.53027 9.59879
0.0625 3.27925 10.5236
0.065 1.92111 11.3581
0.0675 0.503449 12.1168
0.07 0.941343 12.8095
0.0725 2.39042 13.4438
0.075 3.82723 14.025
0.0775 5.23954 14.5576
0.08 6.61814 15.0449
0.0825 7.95606 15.4899
0.085 9.24796 15.8948
0.0875 10.4898 16.2616
0.09 11.6784 16.5921
0.0925 12.8115 16.8878
0.095 13.8873 17.15
0.0975 14.9047 17.3799
0.1 15.8628 17.5785
0.1025 16.7611 17.747
0.105 17.5996 17.8861
0.1075 18.3781 17.9968
0.11 19.0971 18.08
0.1125 19.7569 18.1363
0.115 20.3582 18.1666
0.1175 20.9015 18.1716
0.12 21.3879 18.152
0.1225 21.8181 18.1086
0.125 22.1933 18.042
0.1275 22.5144 17.953
0.13 22.7827 17.8421
0.1325 22.9993 17.7102
0.135 832100 17.5578
0.1375 1.64496e+06 1501.7
0.14 810374 17.1945
0.1425 23.3746 16.9849
0.145 23.3524 16.7576
0.1475 23.2865 16.5132
0.15 23.1783 16.2524
0.1525 23.0293 15.976
0.155 22.8409 15.6845
0.1575 22.6146 15.3787
0.16 22.3518 15.0592
0.1625 22.0539 14.7268
0.165 21.7224 14.382
0.1675 21.3588 14.0256
0.17 20.9645 13.6583
0.1725 20.5408 13.2807
0.175 20.0893 12.8936
0.1775 19.6114 12.4975
0.18 19.1084 12.0931
0.1825 18.5818 11.6812
0.185 18.0328 11.2624
0.1875 17.463 10.8373
0.19 16.8735 10.4067
0.1925 16.2658 9.97108
0.195 15.6412 9.5312
0.1975 15.0008 9.08769
0.2 14.3461 8.64119
0.2025 13.6783 8.19231
0.205 12.9985 7.7417
0.2075 12.308 7.28997
0.21 11.6081 6.83773
0.2125 10.8997 6.38559
0.215 10.1842 5.93415
0.2175 9.46259 5.48399
0.22 8.73601 5.0357
0.2225 8.00554 4.58984
0.225 7.27223 4.14699
0.2275 6.53712 3.70769
0.23 5.80122 3.27248
0.2325 5.06553 2.84191
0.235 4.33102 2.41648
0.2375 3.59864 1.99672
0.24 2.8693 1.58312
0.2425 2.14393 1.17618
0.245 1.4234 0.776369
0.2475 0.708568 0.384158
