TITLE="Graphics"
VARIABLES= "rj, cm", "F", "dT/dt" 
0 0.00113283 24.4374
0.0025 0.00112871 24.3222
0.005 0.00111721 24.0034
0.0075 0.0010971 23.4524
0.01 0.00106835 22.6795
0.0125 0.00103091 21.6972
0.015 0.000984753 20.52
0.0175 0.000929961 19.1655
0.02 0.000866779 17.6544
0.0225 0.000795693 16.01
0.025 0.000717458 14.2585
0.0275 0.00063298 12.4283
0.03 134.474 10.5499
0.0325 75755.3 75515.8
0.035 115.221 6.77934
0.0375 0.000260009 4.95643
0.04 0.00163629 3.21331
0.0425 24.4301 1.60544
0.045 54079.6 101.651
0.0475 773704 58.3938
0.04775 0 1.79106e-08
0.05 4.22466 13.9183
0.0525 3.95672 11.0128
0.055 3.41662 8.79826
0.0575 2.8982 7.16115
0.06 2.46116 5.92042
0.0625 2.10285 4.95296
0.065 1.80896 4.181
0.0675 1.56589 3.55429
0.07 1.36287 3.03883
0.0725 1.19177 2.61053
0.075 1.04639 2.25164
0.0775 0.921961 1.94859
0.08 0.798873 1.69078
0.0825 0.767449 1.46741
0.085 0.668583 1.27983
0.0875 0.597399 1.11947
0.09 0.535534 0.981639
0.0925 0.481523 0.862599
0.095 0.434177 0.759373
0.0975 0.39252 0.66954
0.1 0.355745 0.591116
0.1025 0.323176 0.522462
0.105 0.294246 0.462212
0.1075 0.268477 0.409219
0.11 0.245464 0.362517
0.1125 0.224859 0.321288
0.115 0.206367 0.284835
0.1175 0.189733 0.252559
0.12 0.174738 0.22395
0.1225 0.161192 0.198566
0.125 0.148931 0.176024
0.1275 0.13781 0.155994
0.13 0.127706 0.138188
0.1325 0.118509 0.122354
0.135 0.110123 0.108272
0.1375 0.102464 0.0957496
0.14 0.0954575 0.0846166
0.1425 0.0890381 0.0747237
0.145 0.0831482 0.0659389
0.1475 0.0777358 0.0581456
0.15 0.0727561 0.0512402
0.1525 0.0681675 0.0451309
0.155 0.0639343 0.0397361
0.1575 0.0600241 0.0349828
0.16 0.0564073 0.0308064
0.1625 0.0530592 0.0271488
0.165 0.0499546 0.0239584
0.1675 0.0470742 0.0211887
0.17 0.0443982 0.0187984
0.1725 0.04191 0.0167502
0.175 0.0395928 0.0150109
0.1775 0.0374347 0.0135504
0.18 0.0354217 0.012342
0.1825 0.0335422 0.0113616
0.185 0.0317871 0.0105875
0.1875 0.0301444 0.0100003
0.19 0.0286091 0.00958247
0.1925 0.0271696 0.00931854
0.195 0.0258205 0.00919444
0.1975 0.0245557 0.00919764
0.2 0.023368 0.00931698
0.2025 0.0222513 0.00954241
0.205 0.021201 0.00986482
0.2075 0.02021 0.010276
0.21 0.0192734 0.0107678
0.2125 0.0183829 0.0113323
0.215 0.0175308 0.0119604
0.2175 0.0167063 0.0126411
0.22 0.0158965 0.01336
0.2225 0.0150849 0.0140967
0.225 0.0142515 0.0148224
0.2275 0.0133709 0.0154957
0.23 0.0124172 0.0160584
0.2325 0.0113584 0.0164302
0.235 0.0101688 0.0165033
0.2375 0.00908625 0.0161373
0.24 0.00647097 0.0151752
0.2425 0.0052171 0.013321
0.245 0.00352639 0.0103564
0.2475 0.00176287 0.00601105
