TITLE="Graphics"
VARIABLES= "rj, cm", "F", "dT/dt" 
0 4.45531e-09 2.29819e-11
0.0025 3.47275e-09 3.52469e-11
0.005 5.7464e-09 7.07194e-11
0.0075 1.20822e-08 1.60546e-10
0.01 2.16059e-08 3.7203e-10
0.0125 2.55591e-08 7.13545e-10
0.015 1.3453e-08 9.92806e-10
0.0175 4.61706e-09 9.55296e-10
0.02 5.07484e-09 7.09728e-10
0.0225 7.74892e-09 6.00005e-10
0.025 2.70048e-08 1.87512e-10
0.0275 3.26609e-09 9.09766e-11
0.03 1.97715e-09 2.21706e-11
0.0325 5.13155e-10 1.25582e-11
0.035 9.70068e-10 2.88273e-11
0.0375 1.44098e-08 9.60543e-11
0.04 1.54045e-09 9.75801e-11
0.0425 5.39198e-09 2.48469e-10
0.045 5.54692e-08 9.07434e-10
0.0475 1.73392e-07 2.72533e-09
0.0475003 0.000236482 1.88465e-11
0.05 18088.9 0.204286
0.0525 165537 93.1843
0.055 88455.1 0.342523
0.0575 1.81107 0.391613
0.06 2.19201 0.433076
0.0625 2.55196 0.468807
0.065 2.88976 0.499991
0.0675 3.20497 0.52743
0.07 3.49759 0.551694
0.0725 3.7679 0.573211
0.075 4.01638 0.592309
0.0775 4.24363 0.609247
0.08 4.45029 0.624235
0.0825 4.63709 0.637446
0.085 4.80476 0.649022
0.0875 4.95404 0.659086
0.09 5.08571 0.667742
0.0925 5.2005 0.675079
0.095 5.29918 0.681176
0.0975 5.38247 0.686101
0.1 5.45111 0.689917
0.1025 5.50581 0.692677
0.105 5.54725 0.694432
0.1075 5.57611 0.695225
0.11 5.59306 0.695099
0.1125 5.59873 0.694091
0.115 5.59373 0.692236
0.1175 5.57868 0.689568
0.12 5.55414 0.686116
0.1225 5.52068 0.681911
0.125 5.47884 0.67698
0.1275 5.42913 0.67135
0.13 5.37207 0.665046
0.1325 5.30812 0.658094
0.135 5.23776 0.650517
0.1375 5.16143 0.64234
0.14 5.07955 0.633585
0.1425 4.99253 0.624275
0.145 4.90077 0.614432
0.1475 4.80465 0.604079
0.15 4.70451 0.593237
0.1525 4.60071 0.581928
0.155 4.49357 0.570174
0.1575 4.38341 0.557996
0.16 4.27052 0.545415
0.1625 4.15519 0.532454
0.165 4.03769 0.519134
0.1675 3.91827 0.505475
0.17 3.7972 0.491499
0.1725 3.67469 0.477227
0.175 3.55097 0.462681
0.1775 3.42626 0.447881
0.18 3.30074 0.43285
0.1825 3.17462 0.417608
0.185 3.04807 0.402175
0.1875 2.92125 0.386574
0.19 2.79434 0.370826
0.1925 2.66747 0.35495
0.195 2.5408 0.338968
0.1975 2.41446 0.3229
0.2 2.28856 0.306767
0.2025 2.16324 0.29059
0.205 2.03859 0.274388
0.2075 1.91474 0.258182
0.21 1.79176 0.241991
0.2125 1.66975 0.225834
0.215 1.54879 0.209732
0.2175 1.42897 0.193703
0.22 1.31034 0.177765
0.2225 1.19299 0.161938
0.225 1.07696 0.146239
0.2275 0.962322 0.130686
0.23 0.849118 0.115296
0.2325 0.737395 0.100087
0.235 0.6272 0.0850742
0.2375 0.518568 0.0702744
0.24 0.411537 0.0557032
0.2425 0.306137 0.0413757
0.245 0.2024 0.0273067
0.2475 0.100349 0.0135102
