TITLE="Graphics"
VARIABLES= "rj, cm", "F", "dT/dt" 
0 2.27612e-05 19.41
0.0025 2.26621e-05 19.3151
0.005 2.23873e-05 19.0527
0.0075 2.19121e-05 18.5999
0.01 2.12453e-05 17.9663
0.0125 2.04007e-05 17.1632
0.015 1.94031e-05 16.2041
0.0175 1.82997e-05 15.1042
0.02 1.71952e-05 13.8795
0.0225 1.63762e-05 12.5455
0.025 1.67726e-05 11.1103
0.0275 2.11072e-05 9.55539
0.03 3.34857e-05 7.77679
0.0325 4.16355e-05 5.50052
0.035 4.03144e-05 2.58463
0.0375 0.000312336 0.996482
0.04 0.000311674 6.91493
0.0425 26.9831 17.8167
0.045 59380.2 97.1191
0.0475 773805 55.3564
0.04775 1.249e-16 1.67855e-08
0.05 0.120523 7.26492
0.0525 0.100066 5.19827
0.055 0.0809168 3.95184
0.0575 0.0669449 3.08295
0.06 0.0565592 2.42306
0.0625 0.0484446 1.90444
0.065 0.0418617 1.49298
0.0675 0.0363971 1.16684
0.07 0.0317977 0.909803
0.0725 0.0278916 0.70899
0.075 0.0245542 0.553917
0.0775 0.021692 0.43601
0.08 0.019212 0.348316
0.0825 0.0170762 0.284914
0.085 0.0152165 0.241161
0.0875 0.0135954 0.213178
0.09 0.0121777 0.197781
0.0925 0.0109309 0.192351
0.095 0.00984224 0.194702
0.0975 0.00887425 0.203148
0.1 0.00802017 0.216196
0.1025 0.00726297 0.23265
0.105 0.00658947 0.251532
0.1075 0.00598714 0.272037
0.11 0.00544289 0.293476
0.1125 0.00494124 0.315202
0.115 0.00449205 0.336511
0.1175 0.00420384 0.356841
0.12 0.00383225 0.37716
0.1225 0.00349702 0.396916
0.125 0.00320722 0.415651
0.1275 0.00294902 0.433153
0.13 0.00271608 0.449304
0.1325 0.0025042 0.464026
0.135 0.00231178 0.477267
0.1375 0.0021365 0.488991
0.14 0.0019765 0.49918
0.1425 0.00182979 0.507825
0.145 0.00169668 0.514932
0.1475 0.00157397 0.520513
0.15 0.00146202 0.524589
0.1525 0.00135905 0.527186
0.155 0.00126469 0.528341
0.1575 0.00117851 0.52809
0.16 0.00109901 0.526477
0.1625 0.00102578 0.523551
0.165 0.000958841 0.519361
0.1675 0.000896891 0.51396
0.17 0.000840213 0.507403
0.1725 0.000787961 0.499747
0.175 0.000739759 0.49105
0.1775 0.000695021 0.481369
0.18 0.000654595 0.470763
0.1825 0.000616238 0.459291
0.185 0.000581932 0.447011
0.1875 0.000549267 0.433982
0.19 0.000519564 0.420261
0.1925 0.000492488 0.405902
0.195 0.000466597 0.390964
0.1975 0.000443189 0.375498
0.2 0.000421577 0.359558
0.2025 1.05098e+06 0.343196
0.205 1.23088e+07 1.02297e+07
0.2075 1.02981e+06 0.3094
0.21 0.000349026 0.292063
0.2125 0.000334661 0.274494
0.215 0.00032072 0.256739
0.2175 0.000308247 0.238838
0.22 0.000296097 0.220836
0.2225 0.000285731 0.202772
0.225 0.000274882 0.184687
0.2275 0.000264971 0.166613
0.23 0.000254213 0.148581
0.2325 0.000241831 0.130606
0.235 0.000226895 0.112682
0.2375 0.000206774 0.0947724
0.24 0.000180694 0.0767913
0.2425 0.000145216 0.0585869
0.245 0.000102875 0.0399326
0.2475 5.23915e-05 0.0205247
