TITLE="Graphics"
VARIABLES= "rj, cm", "F", "dT/dt" 
0 4.33419e-05 18.3657
0.0025 4.31555e-05 18.2753
0.005 4.26427e-05 18.0255
0.0075 4.17726e-05 17.5943
0.01 4.06003e-05 16.9905
0.0125 3.92325e-05 16.2243
0.015 3.78621e-05 15.306
0.0175 3.67764e-05 14.2454
0.02 3.61927e-05 13.0484
0.0225 3.56285e-05 11.7159
0.025 3.26425e-05 10.2497
0.0275 2.21401e-05 8.67967
0.03 8.40076e-07 7.11793
0.0325 1.48994e-05 5.78659
0.035 6.02804e-05 4.81796
0.0375 0.000382101 3.27642
0.04 0.002461 2.54278
0.0425 0.00550498 21.231
0.045 2.97898 107.255
0.0475 29180.2 67767.7
0.04775 9.71445e-17 1.97219e-08
0.05 0.813143 21.9739
0.0525 0.0153597 2.23011
0.055 0.197719 5.42914
0.0575 0.161408 11.1752
0.06 0.128845 15.6972
0.0625 0.103555 19.2957
0.065 0.0837413 22.1682
0.0675 0.0680184 24.4557
0.07 0.0554083 26.2634
0.0725 0.0452105 27.6724
0.075 394836 28.7466
0.0775 4.54159e+06 3.7594e+06
0.08 387534 30.0871
0.0825 0.0199931 30.4304
0.085 0.016235 30.5967
0.0875 0.0131458 30.611
0.09 0.0106106 30.4944
0.0925 0.00853458 30.2656
0.095 0.00684141 29.9403
0.0975 0.00546658 29.5326
0.1 0.00435833 29.0547
0.1025 0.00347188 28.5173
0.105 0.00277026 27.93
0.1075 0.0022229 27.3011
0.11 0.00180395 26.6381
0.1125 0.00149031 25.9477
0.115 0.001264 25.2356
0.1175 0.00110933 24.5072
0.12 0.00101242 23.7669
0.1225 0.000962084 23.0191
0.125 0.00094891 22.2671
0.1275 0.000964566 21.5144
0.13 0.00100211 20.7637
0.1325 0.00105691 20.0174
0.135 0.00112123 19.2779
0.1375 0.00119494 18.5468
0.14 0.00127228 17.8259
0.1425 0.00135024 17.1167
0.145 0.00142831 16.4201
0.1475 0.00150336 15.7374
0.15 0.00157512 15.0692
0.1525 0.00163999 14.4164
0.155 0.00170094 13.7793
0.1575 0.00175428 13.1584
0.16 0.00180077 12.5541
0.1625 0.00184036 11.9665
0.165 0.00187269 11.3956
0.1675 0.0018969 10.8416
0.17 0.0019152 10.3044
0.1725 0.00192592 9.78377
0.175 0.00192928 9.27966
0.1775 0.0019271 8.79181
0.18 0.00191808 8.31994
0.1825 0.00190338 7.86376
0.185 0.0018841 7.42293
0.1875 0.00185818 6.99707
0.19 0.00182812 6.58581
0.1925 0.00179492 6.18874
0.195 0.00175565 5.80542
0.1975 0.00171441 5.43543
0.2 0.00166978 5.07833
0.2025 0.00162184 4.73365
0.205 0.00157117 4.40095
0.2075 0.0015185 4.07976
0.21 0.00146413 3.76964
0.2125 0.00140788 3.47011
0.215 0.00135001 3.18073
0.2175 0.00128997 2.90104
0.22 0.0012294 2.6306
0.2225 0.00116659 2.36896
0.225 0.00110167 2.11569
0.2275 0.00103361 1.87033
0.23 0.000962425 1.63244
0.2325 0.00088472 1.40158
0.235 0.000801672 1.17727
0.2375 0.000709167 0.959028
0.24 0.000618692 0.74634
0.2425 0.000635981 0.538712
0.245 0.00174052 0.336158
0.2475 0.0101558 0.143718
