TITLE="Graphics"
VARIABLES= "rj, cm", "F", "dT/dt" 
0 8.23093e-11 239.541
0.0025 3.04681e-11 241.079
0.005 6.06235e-11 245.309
0.0075 4.92264e-11 252.514
0.01 3.12639e-11 262.39
0.0125 3.92788e-11 274.536
0.015 3.11502e-11 288.458
0.0175 8.98126e-12 303.584
0.02 2.22826e-11 319.292
0.0225 2.97291e-11 334.953
0.025 2.38742e-11 349.973
0.0275 1.43814e-11 363.831
0.03 8.52651e-13 376.104
0.0325 6.25278e-13 386.484
0.035 7.78755e-12 394.78
0.0375 4.26326e-12 400.926
0.04 1.27898e-11 404.971
0.0425 1.44951e-11 407.071
0.045 4.59295e-11 407.459
0.0475 2.97487e-06 414.976
0.0477463 2.48616e-08 0.178631
0.05 0.308584 2.81746e+07
0.0525 0.812447 1.14926e+08
0.055 1.11701 1.4834e+08
0.0575 1.43095 1.80301e+08
0.06 1.75297 2.10875e+08
0.0625 2.08361 2.4021e+08
0.065 2.424 2.68462e+08
0.0675 2.77552 2.95778e+08
0.07 3.13962 3.22289e+08
0.0725 3.51779 3.48112e+08
0.075 3.91151 3.7335e+08
0.0775 4.32228 3.98093e+08
0.08 4.75161 4.22422e+08
0.0825 5.20104 4.46408e+08
0.085 5.67215 4.70113e+08
0.0875 6.16659 4.93597e+08
0.09 6.68606 5.1691e+08
0.0925 7.23238 5.40101e+08
0.095 7.80746 5.63213e+08
0.0975 8.41334 5.86289e+08
0.1 9.05219 6.09366e+08
0.1025 9.72635 6.32483e+08
0.105 10.4383 6.55675e+08
0.1075 11.1909 6.78976e+08
0.11 11.9869 7.02421e+08
0.1125 12.8295 7.26042e+08
0.115 13.7224 7.49873e+08
0.1175 14.6691 7.73947e+08
0.12 15.6739 7.98298e+08
0.1225 16.7414 8.22961e+08
0.125 17.8765 8.47971e+08
0.1275 19.0847 8.73364e+08
0.13 20.3721 8.99178e+08
0.1325 21.7453 9.25454e+08
0.135 23.2118 9.52233e+08
0.1375 24.7799 9.79559e+08
0.14 26.4588 1.00748e+09
0.1425 28.2587 1.03604e+09
0.145 30.1912 1.06531e+09
0.1475 32.2692 1.09533e+09
0.15 34.5073 1.12617e+09
0.1525 36.9221 1.1579e+09
0.155 39.5321 1.19058e+09
0.1575 42.3589 1.22432e+09
0.16 45.4267 1.25919e+09
0.1625 48.7635 1.29529e+09
0.165 52.4015 1.33273e+09
0.1675 56.3777 1.37164e+09
0.17 60.738 1.41215e+09
0.1725 65.5287 1.45443e+09
0.175 70.8165 1.49863e+09
0.1775 76.665 1.54497e+09
0.18 83.165 1.59366e+09
0.1825 90.4115 1.64498e+09
0.185 98.5361 1.69922e+09
0.1875 107.681 1.75673e+09
0.19 1.00548e+06 1.81793e+09
0.1925 1.65058e+14 1.6506e+14
0.195 3063.16 1.95344e+09
0.1975 158.968 2.02904e+09
0.2 177.161 2.11097e+09
0.2025 198.557 2.2003e+09
0.205 223.989 2.29835e+09
0.2075 254.607 2.40683e+09
0.21 292.009 2.52795e+09
0.2125 338.494 2.66464e+09
0.215 397.474 2.8209e+09
0.2175 474.237 3.00235e+09
0.22 577.351 3.21722e+09
0.2225 721.614 3.47813e+09
0.225 934.719 3.80568e+09
0.2275 1274.46 4.23658e+09
0.23 1882.21 4.84462e+09
0.2325 3203.78 5.80963e+09
0.235 7542 7.75074e+09
0.2375 210350 1.56483e+10
0.24 5.46217e+15 3.63107e+12
0.2425 8221.26 8.00448e+09
0.245 224.769 2.26014e+09
0.2475 11.0983 6.8321e+08
