TITLE="Graphics"
VARIABLES= "rj, cm", "F", "dT/dt" 
0 0.000686684 18.1582
0.0025 0.000683783 18.0687
0.005 0.000675832 17.8213
0.0075 0.000662464 17.3942
0.01 0.000644759 16.7959
0.0125 0.000624632 16.036
0.015 0.000605025 15.124
0.0175 0.000588944 14.0683
0.02 0.000575171 12.8747
0.0225 0.00054861 11.5475
0.025 0.00047077 10.1006
0.0275 0.00029942 8.58292
0.03 9.29858e-05 7.10392
0.0325 0.00015063 5.78537
0.035 0.000409672 4.54602
0.0375 0.00353841 3.17354
0.04 0.0122626 3.72652
0.0425 45.7233 10.3189
0.045 387930 97088.8
0.0475 808636 2031.25
0.04775 0.000200479 2.06844e-08
0.05 9.34307 16.6811
0.0525 3.78205 11.2051
0.055 3.03481 7.88776
0.0575 2.63072 5.72058
0.06 2.24597 4.09784
0.0625 1.90904 2.79722
0.065 1.62755 1.72161
0.0675 1.395 0.817201
0.07 1.20442 0.0488383
0.0725 1.03853 0.609549
0.075 0.906648 1.17483
0.0775 0.793108 1.66305
0.08 0.696846 2.08579
0.0825 0.61455 2.45254
0.085 0.54381 2.77098
0.0875 0.482693 3.04743
0.09 0.429645 3.2871
0.0925 0.383404 3.49437
0.095 0.342942 3.6729
0.0975 0.30741 3.82581
0.1 0.276107 3.95576
0.1025 0.248444 4.06503
0.105 0.223935 4.15561
0.1075 0.20216 4.22921
0.11 0.18277 4.28736
0.1125 0.165465 4.33139
0.115 0.14999 4.36248
0.1175 0.136124 4.3817
0.12 0.123679 4.39
0.1225 0.11249 4.38823
0.125 0.102416 4.37717
0.1275 0.0933319 4.35752
0.13 0.0851317 4.32994
0.1325 0.0777193 4.295
0.135 0.0710131 4.25327
0.1375 0.0649403 4.20523
0.14 0.059435 4.15136
0.1425 0.0544431 4.09209
0.145 0.049911 4.02783
0.1475 0.0457971 3.95895
0.15 0.0420592 3.88581
0.1525 0.0386626 3.80875
0.155 0.0355765 3.72808
0.1575 0.0327708 3.64409
0.16 0.0302216 3.55707
0.1625 0.0279037 3.46728
0.165 0.025799 3.37498
0.1675 0.0238881 3.2804
0.17 0.0221524 3.18378
0.1725 0.0205791 3.08533
0.175 0.0191533 2.98526
0.1775 0.017862 2.88377
0.18 0.0166943 2.78105
0.1825 0.0156408 2.67728
0.185 0.0146898 2.57263
0.1875 0.0138346 2.46728
0.19 0.0130669 2.36138
0.1925 0.0123782 2.25508
0.195 0.011763 2.14854
0.1975 0.0112147 2.04188
0.2 0.0107278 1.93526
0.2025 0.0102954 1.82879
0.205 0.00991317 1.7226
0.2075 0.00957654 1.61681
0.21 0.00927936 1.51153
0.2125 0.0090193 1.40688
0.215 0.00879046 1.30294
0.2175 0.00859257 1.19982
0.22 0.00842331 1.09761
0.2225 0.00828697 0.996389
0.225 0.00819481 0.896252
0.2275 0.00817562 0.797281
0.23 0.00828641 0.699574
0.2325 0.00864556 0.603257
0.235 0.00944696 0.508517
0.2375 0.0109606 0.41566
0.24 0.0133956 0.325185
0.2425 0.0163959 0.237838
0.245 0.0180017 0.154506
0.2475 0.0137447 0.075644
