TITLE="Graphics"
VARIABLES= "rj, cm", "F", "dT/dt" 
0 7.35019e-06 3.13272e-07
0.0025 3.29723e-06 3.34848e-07
0.005 6.2832e-06 3.26432e-07
0.0075 1.6014e-05 7.88083e-08
0.01 4.68179e-06 2.62026e-08
0.0125 1.43312e-07 2.28189e-09
0.015 2.11478e-09 3.07751e-09
0.0175 2.99724e-09 6.04949e-09
0.02 3.2531e-09 7.00303e-09
0.0225 2.83413e-09 6.33346e-09
0.025 2.03118e-09 4.55575e-09
0.0275 1.02201e-09 2.20558e-09
0.03 1.13684e-07 2.21113e-10
0.0325 2.34404e-06 1.83022e-08
0.035 6.98603e-06 9.63844e-08
0.0375 2.10352e-05 1.79275e-07
0.04 2.9355e-06 1.04084e-07
0.0425 1.11306e-05 2.20491e-07
0.045 0.000127849 1.49876e-06
0.0475 0.000255873 3.62251e-06
0.0475003 6.93889e-16 4.39654e-11
0.05 3.03277 0.47612
0.0525 6.31326 0.652565
0.055 8.18019 0.784981
0.0575 9.84952 0.890173
0.06 11.3538 0.976272
0.0625 12.7137 1.04791
0.065 13.9445 1.10803
0.0675 15.0584 1.15866
0.07 16.066 1.20127
0.0725 16.976 1.23697
0.075 17.7965 1.26664
0.0775 18.5341 1.291
0.08 19.1951 1.31061
0.0825 19.785 1.32597
0.085 20.3086 1.3375
0.0875 20.7703 1.34556
0.09 21.1741 1.35046
0.0925 566886 1.35247
0.095 1.11937e+06 165.669
0.0975 551448 1.34881
0.1 22.2779 1.34354
0.1025 22.4404 1.33623
0.105 22.5623 1.32704
0.1075 22.6458 1.31611
0.11 22.6929 1.30359
0.1125 22.7054 1.2896
0.115 22.6849 1.27425
0.1175 22.633 1.25766
0.12 22.5512 1.23992
0.1225 22.4408 1.22113
0.125 22.3032 1.20136
0.1275 22.1395 1.18072
0.13 21.9509 1.15926
0.1325 21.7385 1.13707
0.135 21.5033 1.11421
0.1375 21.2464 1.09074
0.14 20.9687 1.06673
0.1425 20.6712 1.04222
0.145 20.3547 1.01729
0.1475 20.0201 0.991967
0.15 19.6683 0.96631
0.1525 19.3002 0.940362
0.155 18.9165 0.914167
0.1575 18.518 0.887765
0.16 18.1055 0.861195
0.1625 17.6799 0.834494
0.165 17.2418 0.807698
0.1675 16.7921 0.780838
0.17 16.3315 0.753948
0.1725 15.8607 0.727056
0.175 15.3805 0.700192
0.1775 14.8916 0.673382
0.18 14.3947 0.646651
0.1825 13.8907 0.620025
0.185 13.3801 0.593525
0.1875 12.8638 0.567174
0.19 12.3424 0.540991
0.1925 11.8166 0.514998
0.195 11.2871 0.489211
0.1975 10.7547 0.463648
0.2 10.22 0.438326
0.2025 9.68372 0.41326
0.205 9.14647 0.388463
0.2075 8.60894 0.36395
0.21 8.07178 0.339734
0.2125 7.53563 0.315826
0.215 7.00111 0.292236
0.2175 6.46884 0.268976
0.22 5.93941 0.246055
0.2225 5.4134 0.223481
0.225 4.89138 0.201263
0.2275 4.3739 0.179408
0.23 3.86148 0.157923
0.2325 3.35462 0.136814
0.235 2.85381 0.116087
0.2375 2.35952 0.0957474
0.24 1.87217 0.075799
0.2425 1.39217 0.0562466
0.245 0.919903 0.0370937
0.2475 0.455723 0.0183439
