TITLE="Graphics"
VARIABLES= "rj, cm", "F", "dT/dt" 
0 3.90727e-11 21.8178
0.0025 2.73168e-11 21.7127
0.005 1.00613e-11 21.422
0.0075 4.26326e-13 20.9201
0.01 1.71951e-12 20.2172
0.0125 2.80309e-12 19.3253
0.015 3.94706e-12 18.259
0.0175 1.18767e-11 17.0353
0.02 3.17257e-12 15.6738
0.0225 5.76428e-12 14.1968
0.025 7.63301e-12 12.6287
0.0275 1.01092e-11 10.9957
0.03 6.12843e-13 9.32538
0.0325 1.08749e-11 7.64584
0.035 2.12586e-11 5.98475
0.0375 1.04977e-08 4.36756
0.04 0.000805843 2.8171
0.0425 18.7886 18.51
0.045 34619.8 34492.5
0.0475 880394 685891
0.04775 2.77556e-17 6.46921e-06
0.05 0.00106895 65.674
0.0525 0.00186803 39.4773
0.055 0.00201226 32.3455
0.0575 0.00192989 27.0899
0.06 0.0018176 22.9283
0.0625 0.00169416 19.5669
0.065 0.00156869 16.8167
0.0675 0.00144648 14.5438
0.07 0.00133024 12.6492
0.0725 0.00122166 11.058
0.075 0.0011212 9.71276
0.0775 0.00102881 8.56861
0.08 0.000944418 7.59019
0.0825 0.000867231 6.74928
0.085 0.000797152 6.02314
0.0875 0.000733197 5.39313
0.09 0.000675379 4.84372
0.0925 0.000622348 4.36426
0.095 0.000574534 3.9439
0.0975 0.000530858 3.57389
0.1 0.000490993 3.24709
0.1025 0.000454629 2.95757
0.105 0.00042172 2.7003
0.1075 0.000391331 2.47104
0.11 0.00036364 2.26619
0.1125 0.000338563 2.08266
0.115 0.000315145 1.91781
0.1175 0.00029393 1.76939
0.12 0.000274383 1.63543
0.1225 0.000256501 1.51425
0.125 0.000239661 1.40438
0.1275 0.000224613 1.30457
0.13 0.000210416 1.21369
0.1325 0.000197492 1.13078
0.135 0.000185491 1.055
0.1375 0.000174209 0.985601
0.14 0.000163877 0.921932
0.1425 0.000154359 0.863415
0.145 0.000145595 0.809542
0.1475 0.000137009 0.759861
0.15 0.00012961 0.713973
0.1525 0.000122194 0.67152
0.155 0.00011559 0.632188
0.1575 0.000109461 0.595691
0.16 0.000103639 0.561778
0.1625 9.79263e-05 0.530222
0.165 9.31046e-05 0.500819
0.1675 8.83689e-05 0.473389
0.17 8.35845e-05 0.447766
0.1725 7.96864e-05 0.423803
0.175 7.55391e-05 0.40136
0.1775 7.20615e-05 0.380257
0.18 6.83308e-05 0.360506
0.1825 6.53958e-05 0.341948
0.185 6.19219e-05 0.324484
0.1875 5.93928e-05 0.308033
0.19 5.64971e-05 0.292519
0.1925 5.38632e-05 0.277874
0.195 5.14056e-05 0.264034
0.1975 4.92931e-05 0.250939
0.2 4.70452e-05 0.238535
0.2025 4.5024e-05 0.226777
0.205 4.28337e-05 0.215651
0.2075 4.12937e-05 0.205045
0.21 3.95345e-05 0.194952
0.2125 3.76769e-05 0.185342
0.215 3.62871e-05 0.176184
0.2175 3.4686e-05 0.167446
0.22 3.33539e-05 0.159109
0.2225 3.20465e-05 0.151155
0.225 3.06473e-05 0.143582
0.2275 2.95709e-05 0.136398
0.23 2.83379e-05 0.12963
0.2325 2.72534e-05 0.123335
0.235 2.63645e-05 0.117598
0.2375 2.50584e-05 0.112547
0.24 2.43398e-05 0.108345
0.2425 2.34322e-05 0.105087
0.245 2.3363e-05 0.102145
0.2475 2.73809e-05 0.0916603
