TITLE="Graphics"
VARIABLES= "rj, cm", "F", "dT/dt" 
0 0.00996678 27.9488
0.0025 0.00993805 27.8221
0.005 0.00985759 27.4711
0.0075 0.00971501 26.8634
0.01 0.00950739 26.009
0.0125 0.00923057 24.9193
0.015 0.00887988 23.6081
0.0175 0.00845108 22.0926
0.02 0.00794139 20.3933
0.0225 0.00735086 18.5344
0.025 0.00668367 16.5438
0.0275 0.00594867 14.4527
0.03 0.00515759 12.2953
0.0325 0.00432259 10.1076
0.035 0.00346081 7.92713
0.0375 0.00251883 5.79182
0.04 0.00607601 3.74399
0.0425 27.6595 1.7142
0.045 70689.3 94.8444
0.0475 772764 54.1937
0.04775 2.77556e-17 1.70397e-08
0.05 36.4761 9.28844
0.0525 32.968 6.56183
0.055 27.6806 4.82782
0.0575 23.0933 3.68967
0.06 19.4155 2.89926
0.0625 16.4822 2.32313
0.065 14.1146 1.88778
0.0675 12.1761 1.55021
0.07 10.5689 1.28352
0.0725 9.22273 1.06985
0.075 8.08592 0.896735
0.0775 7.11945 0.755167
0.08 6.29313 0.638452
0.0825 5.58316 0.541516
0.085 4.97042 0.460459
0.0875 4.43944 0.392251
0.09 3.97754 0.334518
0.0925 3.57426 0.285384
0.095 3.22096 0.243357
0.0975 2.91039 0.207245
0.1 2.63653 0.176088
0.1025 641319 0.149109
0.105 1.29029e+06 26614.4
0.1075 623396 0.105266
0.11 1.8176 0.0874565
0.1125 1.66503 0.0718899
0.115 1.52822 0.0582704
0.1175 1.40523 0.0463486
0.12 1.2944 0.0359132
0.1225 1.1943 0.0267839
0.125 1.1037 0.0188054
0.1275 1.02152 0.0118433
0.13 0.946835 0.00578017
0.1325 0.87885 0.000513351
0.135 0.816862 0.00404701
0.1375 0.760257 0.0079795
0.14 0.708488 0.0113527
0.1425 0.661067 0.0142265
0.145 0.61756 0.0166533
0.1475 0.577583 0.018679
0.15 0.540789 0.0203445
0.1525 0.50688 0.021686
0.155 0.475584 0.0227357
0.1575 0.446661 0.0235229
0.16 0.419898 0.0240737
0.1625 0.395107 0.0244119
0.165 0.372114 0.0245588
0.1675 0.350767 0.0245337
0.17 0.330928 0.0243542
0.1725 0.312473 0.0240358
0.175 0.295289 0.0235928
0.1775 0.279274 0.0230377
0.18 0.264334 0.0223821
0.1825 0.250388 0.0216358
0.185 0.237359 0.0208078
0.1875 0.225177 0.0199061
0.19 0.213779 0.0189374
0.1925 0.20311 0.0179076
0.195 0.193115 0.0168216
0.1975 0.18375 0.0156836
0.2 0.174972 0.0144967
0.2025 0.166741 0.0132632
0.205 0.159016 0.0119846
0.2075 0.151766 0.0106616
0.21 0.144949 0.00929427
0.2125 0.138523 0.00788211
0.215 0.132436 0.00642472
0.2175 0.126624 0.00492242
0.22 0.120999 0.00337733
0.2225 0.115445 0.00179526
0.225 0.109807 0.000188295
0.2275 0.103887 0.00142162
0.23 0.0974358 0.00299779
0.2325 0.0901584 0.00448271
0.235 0.0817374 0.00579083
0.2375 0.0718644 0.00680082
0.24 0.0603085 0.00734844
0.2425 0.0469965 0.00722158
0.245 0.0321173 0.00615996
0.2475 0.0161788 0.00386195
