TITLE="Graphics"
VARIABLES= "rj, cm", "F", "dT/dt" 
0 0.0010942 23.3842
0.0025 0.00109001 23.2729
0.005 0.00107837 22.965
0.0075 0.00105803 22.4332
0.01 0.00102908 21.6876
0.0125 0.000991559 20.7408
0.015 0.000945556 19.6072
0.0175 0.000891268 18.3043
0.02 0.000829023 16.8525
0.0225 0.000759311 15.2747
0.025 0.00068279 13.5964
0.0275 0.000600362 11.8453
0.03 0.000513363 10.051
0.0325 0.000423358 8.2443
0.035 0.000330012 6.45647
0.0375 0.000227195 4.7196
0.04 0.00215418 3.07047
0.0425 0.742597 1.32812
0.045 1.82771 104.348
0.0475 74.8889 51.4417
0.04775 1.38778e-17 1.96355e-08
0.05 7.16657 0.0872735
0.0525 5.48974 1.56422
0.055 4.20702 1.80472
0.0575 3.36666 1.68985
0.06 2.78217 1.50702
0.0625 2.34553 1.32968
0.065 2.00246 1.17326
0.0675 1.72443 1.03824
0.07 1.49482 0.92191
0.0725 1.3029 0.821438
0.075 1.14114 0.734443
0.0775 1.00391 0.659001
0.08 0.886855 0.593536
0.0825 0.786532 0.53672
0.085 0.700158 0.487409
0.0875 0.625472 0.444598
0.09 0.560625 0.407404
0.0925 0.504092 0.375048
0.095 0.454618 0.346843
0.0975 0.411157 0.322188
0.1 0.372842 0.30056
0.1025 0.338947 0.281506
0.105 0.308863 0.264636
0.1075 0.282079 0.249616
0.11 0.258161 0.236163
0.1125 0.236743 0.224035
0.115 0.217512 0.213031
0.1175 0.200202 0.202979
0.12 0.184582 0.193736
0.1225 0.170459 0.185185
0.125 0.15766 0.177226
0.1275 0.146038 0.169776
0.13 0.135466 0.162768
0.1325 0.125831 0.156144
0.135 0.117035 0.149857
0.1375 0.108991 0.143867
0.14 0.101622 0.138143
0.1425 864204 0.132657
0.145 1.94147e+06 234024
0.1475 842267 0.122313
0.15 0.0776666 0.117423
0.1525 0.0728058 0.112705
0.155 0.0683192 0.108148
0.1575 0.0641724 0.103745
0.16 0.0603374 0.0994868
0.1625 0.0567842 0.0953663
0.165 0.0534887 0.0913764
0.1675 0.0504278 0.0875105
0.17 0.0475822 0.0837628
0.1725 0.0449339 0.0801279
0.175 0.042466 0.0766012
0.1775 0.0401655 0.0731782
0.18 0.0380185 0.0698548
0.1825 0.0360125 0.0666273
0.185 0.0341374 0.063492
0.1875 0.0323828 0.0604454
0.19 0.0307395 0.0574842
0.1925 0.0291999 0.054605
0.195 0.0277561 0.0518048
0.1975 0.0264013 0.0490802
0.2 0.025131 0.0464279
0.2025 0.0239386 0.0438444
0.205 0.022822 0.0413255
0.2075 0.0217776 0.0388663
0.21 0.0208029 0.0364605
0.2125 0.0198996 0.0340999
0.215 0.0190654 0.0317736
0.2175 0.0183025 0.0294671
0.22 0.0176097 0.0271619
0.2225 0.0169849 0.0248344
0.225 0.0164198 0.0224561
0.2275 0.0158946 0.0199954
0.23 0.0153761 0.0174209
0.2325 0.014805 0.0147089
0.235 0.0140911 0.0118552
0.2375 0.013105 0.00889496
0.24 0.0116894 0.00592855
0.2425 0.0096828 0.00315494
0.245 0.00698783 0.00090307
0.2475 0.0036622 0.000350659
