TITLE="Graphics"
VARIABLES= "rj, cm", "F", "dT/dt" 
0 6.86909e-05 3.9497e-05
0.0025 3.5228e-05 3.39007e-05
0.005 1.4568e-05 2.56243e-05
0.0075 4.50418e-06 1.80866e-05
0.01 7.30619e-07 1.26231e-05
0.0125 3.06033e-07 9.03589e-06
0.015 4.19469e-07 6.75815e-06
0.0175 3.39873e-07 5.30209e-06
0.02 3.00786e-07 4.35317e-06
0.0225 3.44705e-07 3.74464e-06
0.025 136.931 3.40873e-06
0.0275 309.685 60.7352
0.03 114.066 3.49943e-06
0.0325 3.67165e-09 3.84407e-06
0.035 1.05566e-06 4.1379e-06
0.0375 2.56527e-06 3.91151e-06
0.04 3.12931e-06 2.53885e-06
0.0425 2.64634e-05 1.12478e-07
0.045 5.568e-05 6.72293e-07
0.0475 4.5447e-05 3.85835e-06
0.0475003 1.04083e-15 1.53248e-10
0.05 2.6111 1.6604
0.0525 3.09785 2.29964
0.055 5.7614 2.792
0.0575 8.59336 3.19482
0.06 11.4793 3.53542
0.0625 14.3535 3.8291
0.065 17.1762 4.08544
0.0675 19.9222 4.3109
0.07 22.5755 4.5101
0.0725 25.1255 4.68646
0.075 27.5653 4.84266
0.0775 29.8905 4.98079
0.08 32.0984 5.10256
0.0825 34.1875 5.20938
0.085 36.1572 5.30244
0.0875 38.0075 5.38272
0.09 39.739 5.45112
0.0925 41.3524 5.50837
0.095 42.849 5.55514
0.0975 44.2302 5.59202
0.1 45.4975 5.61954
0.1025 46.6528 5.63818
0.105 47.6979 5.64837
0.1075 48.6347 5.65051
0.11 49.4653 5.64497
0.1125 50.1918 5.63209
0.115 50.8163 5.6122
0.1175 51.3412 5.58559
0.12 51.7687 5.55255
0.1225 52.1011 5.51335
0.125 52.3407 5.46825
0.1275 52.49 5.41749
0.13 52.5513 5.36132
0.1325 52.5271 5.29997
0.135 52.4197 5.23366
0.1375 52.2317 5.16261
0.14 51.9656 5.08704
0.1425 51.6238 5.00714
0.145 51.2088 4.92313
0.1475 50.7231 4.8352
0.15 50.1693 4.74355
0.1525 49.5499 4.64838
0.155 48.8673 4.54986
0.1575 48.1241 4.4482
0.16 47.3229 4.34358
0.1625 46.466 4.23618
0.165 45.5562 4.12618
0.1675 44.5957 4.01375
0.17 43.5873 3.89909
0.1725 42.5333 3.78236
0.175 41.4362 3.66374
0.1775 40.2985 3.54339
0.18 39.1227 3.42149
0.1825 37.9112 3.2982
0.185 36.6664 3.1737
0.1875 35.3907 3.04814
0.19 34.0866 2.92168
0.1925 32.7564 2.7945
0.195 31.4024 2.66673
0.1975 30.027 2.53855
0.2 28.6325 2.41011
0.2025 27.2211 2.28154
0.205 25.7952 2.15302
0.2075 24.3568 2.02467
0.21 22.9083 1.89666
0.2125 21.4517 1.76911
0.215 19.9893 1.64216
0.2175 18.523 1.51597
0.22 17.055 1.39065
0.2225 15.5873 1.26634
0.225 14.1218 1.14316
0.2275 12.6606 1.02125
0.23 11.2055 0.900728
0.2325 9.75839 0.781707
0.235 8.32112 0.664306
0.2375 6.89547 0.548638
0.24 5.48319 0.434812
0.2425 4.08599 0.322935
0.245 2.70552 0.213108
0.2475 1.34339 0.105431
