TITLE="Graphics"
VARIABLES= "rj, cm", "F", "dT/dt" 
0 0.000255169 21.4999
0.0025 0.00025412 21.3961
0.005 0.000251206 21.109
0.0075 0.000246136 20.6134
0.01 0.000238955 19.9194
0.0125 0.000229705 19.039
0.015 0.000218448 17.9866
0.0175 0.000205265 16.7793
0.02 0.000190277 15.4365
0.0225 0.000173647 13.9802
0.025 0.000155604 12.4346
0.0275 0.000136457 10.8254
0.03 0.000116617 9.17989
0.0325 9.65852e-05 7.52539
0.035 7.68938e-05 5.88889
0.0375 5.60599e-05 4.2959
0.04 0.00085044 2.77385
0.0425 0.301808 1.78161
0.045 0.619477 106.75
0.0475 30.0824 47.9901
0.04775 3.46945e-17 1.94939e-08
0.05 1.58597 6.20357
0.0525 1.21677 4.71002
0.055 0.957174 3.97665
0.0575 0.784645 3.46267
0.06 0.658979 3.03968
0.0625 242819 2.67434
0.065 1.12443e+06 635671
0.0675 245136 2.07382
0.07 0.363378 1.82685
0.0725 0.31804 1.60956
0.075 0.279666 1.41834
0.0775 0.246969 1.25005
0.08 0.218942 1.10191
0.0825 0.19479 0.971518
0.085 0.173876 0.856712
0.0875 0.155686 0.755605
0.09 0.139802 0.666533
0.0925 0.12588 0.588032
0.095 0.113635 0.518813
0.0975 0.102831 0.457746
0.1 0.0932703 0.403841
0.1025 0.0847857 0.356229
0.105 0.0772358 0.314149
0.1075 0.0705004 0.276936
0.11 0.0644779 0.244008
0.1125 0.0590798 0.214854
0.115 0.0542307 0.18903
0.1175 0.049866 0.166145
0.12 0.0459285 0.145857
0.1225 0.0423706 0.127866
0.125 0.0391478 0.111911
0.1275 0.036224 0.097759
0.13 0.0335658 0.0852078
0.1325 0.0311435 0.0740771
0.135 0.0289304 0.0642055
0.1375 0.0267003 0.0554462
0.14 0.0255872 0.0475869
0.1425 0.0236598 0.0407411
0.145 0.0220887 0.0347135
0.1475 0.0206492 0.0294101
0.15 0.0193256 0.0247517
0.1525 0.0181075 0.0206694
0.155 0.0169833 0.0171031
0.1575 0.0159454 0.0139995
0.16 0.0149849 0.011311
0.1625 0.0140961 0.00899511
0.165 0.0132715 0.00701376
0.1675 0.0125063 0.00533282
0.17 0.0117947 0.00392139
0.1725 0.0111335 0.0027516
0.175 0.0105164 0.00179841
0.1775 0.00994263 0.00103874
0.18 0.0094055 0.00045195
0.1825 0.00890476 1.88686e-05
0.185 0.0084363 0.000277911
0.1875 0.00799726 0.000454321
0.19 0.00758626 0.00052503
0.1925 0.00720106 0.00050369
0.195 0.00683949 0.000402587
0.1975 0.00649969 0.000233164
0.2 0.0061807 6.03043e-06
0.2025 0.00588041 0.000269359
0.205 0.00559826 0.000584021
0.2075 0.00533223 0.000930112
0.21 0.00508229 0.00130043
0.2125 0.0048469 0.00168879
0.215 0.00462508 0.00208988
0.2175 0.00441677 0.00249941
0.22 0.00422091 0.00291418
0.2225 0.00403661 0.00333235
0.225 0.00386334 0.00375301
0.2275 0.00369806 0.00417635
0.23 0.00353665 0.00460121
0.2325 0.00337112 0.00502272
0.235 0.00318513 0.00542421
0.2375 0.00297813 0.00576436
0.24 0.00256654 0.00596302
0.2425 0.0021605 0.00582814
0.245 0.00157052 0.00509016
0.2475 0.000828864 0.00333095
