TITLE="Graphics"
VARIABLES= "rj, cm", "F", "dT/dt" 
0 0.0010738 22.8471
0.0025 0.00106959 22.7379
0.005 0.00105791 22.4358
0.0075 0.00103754 21.914
0.01 0.00100858 21.1828
0.0125 0.000971125 20.2545
0.015 0.000925315 19.1437
0.0175 0.000871381 17.8677
0.02 0.000809684 16.4466
0.0225 0.000740748 14.9031
0.025 0.000665296 13.2624
0.0275 0.000584296 11.5518
0.03 0.000499044 9.80021
0.0325 0.000411487 8.0377
0.035 0.000323963 6.29443
0.0375 0.000228553 4.59961
0.04 0.00116021 2.98624
0.0425 23.2122 1.87662
0.045 47317.8 104.069
0.0475 773840 46.3946
0.04775 2.08167e-17 1.89789e-08
0.05 6.23678 6.08063
0.0525 4.66286 4.83902
0.055 3.6442 4.17115
0.0575 3.00339 3.62054
0.06 2.54432 3.12438
0.0625 2.1841 2.68286
0.065 1.88884 2.29798
0.0675 1.64203 1.96714
0.07 1.43367 1.685
0.0725 1.25668 1.4453
0.075 1.10563 1.24188
0.0775 0.976173 1.06918
0.08 0.864805 0.922337
0.0825 0.768644 0.797232
0.085 0.685317 0.690395
0.0875 0.612858 0.598928
0.09 0.549637 0.520419
0.0925 0.494292 0.452861
0.095 0.44569 0.394583
0.0975 0.402877 0.344189
0.1 0.365052 0.300512
0.1025 0.33154 0.262573
0.105 0.301766 0.229549
0.1075 0.275246 0.200747
0.11 0.251566 0.175578
0.1125 0.230367 0.153546
0.115 0.211347 0.134226
0.1175 0.19424 0.117257
0.12 0.178814 0.10233
0.1225 0.164863 0.089176
0.125 0.151664 0.0775578
0.1275 0.142008 0.0671562
0.13 0.130983 0.0581125
0.1325 0.121496 0.0501423
0.135 0.112871 0.043108
0.1375 0.105007 0.0368961
0.14 0.0978212 0.0314105
0.1425 0.0912424 0.026569
0.145 0.0852101 0.0223003
0.1475 0.0796695 0.0185426
0.15 0.0745739 0.0152414
0.1525 0.0698805 0.0123494
0.155 0.0655507 0.00982485
0.1575 0.0615536 0.00763064
0.16 0.0578567 0.00573428
0.1625 0.0544346 0.00410693
0.165 0.0512614 0.00272294
0.1675 955494 0.00155929
0.17 2.12923e+06 241851
0.1725 933484 0.000186258
0.175 0.0406698 0.000802984
0.1775 0.0384605 0.00126934
0.18 0.0364 0.00159904
0.1825 0.0344749 0.00180436
0.185 0.0326743 0.0018967
0.1875 0.0309875 0.00188659
0.19 0.0294064 0.00178413
0.1925 0.027923 0.00159893
0.195 0.0265259 0.00134009
0.1975 0.0252134 0.00101715
0.2 0.023974 0.000639188
0.2025 0.0228052 0.000215748
0.205 0.0216986 0.000243415
0.2075 0.0206531 0.000728101
0.21 0.0196619 0.00122794
0.2125 0.0187244 0.00173226
0.215 0.0178374 0.00223064
0.2175 0.017002 0.002713
0.22 0.0162175 0.00317078
0.2225 0.0154865 0.00359718
0.225 0.0148092 0.00398855
0.2275 0.0141831 0.00434486
0.23 0.0135954 0.00466959
0.2325 0.0130161 0.00496713
0.235 0.0123798 0.00523653
0.2375 0.0116307 0.00545717
0.24 0.0103196 0.00557336
0.2425 0.00872805 0.00541708
0.245 0.00640274 0.00473572
0.2475 0.00339817 0.00311658
