TITLE="Graphics"
VARIABLES= "rj, cm", "F", "dT/dt" 
0 3.36049e-05 22.8877
0.0025 3.34735e-05 22.7784
0.005 3.31084e-05 22.4758
0.0075 3.2472e-05 21.9533
0.01 3.15669e-05 21.221
0.0125 3.03963e-05 20.2913
0.015 2.89642e-05 19.1787
0.0175 2.72778e-05 17.9007
0.02 2.53484e-05 16.4772
0.0225 2.31923e-05 14.9311
0.025 2.08317e-05 13.2876
0.0275 1.82969e-05 11.5739
0.03 1.56277e-05 9.81911
0.0325 1.28845e-05 8.05329
0.035 1.01638e-05 6.30671
0.0375 7.1606e-06 4.6083
0.04 4.20718e-05 2.99151
0.0425 23.673 2.29051
0.045 47455.3 103.235
0.0475 773801 59.8332
0.04775 4.85723e-17 1.82566e-08
0.05 0.137591 13.1537
0.0525 0.131077 10.044
0.055 0.11313 7.84298
0.0575 0.0953616 6.31921
0.06 0.0803316 5.22385
0.0625 0.068118 4.40029
0.065 0.0582378 3.75654
0.0675 0.0501847 3.23798
0.07 0.0435488 2.81087
0.0725 0.038021 2.45333
0.075 0.0333713 2.15045
0.0775 0.0294274 1.89157
0.08 0.0260581 1.66876
0.0825 0.0231624 1.47593
0.085 0.0206596 1.30829
0.0875 0.0184871 1.16198
0.09 0.0165926 1.03386
0.0925 0.0149344 0.921349
0.095 0.0134775 0.822282
0.0975 0.0121937 0.73485
0.1 0.0110586 0.657524
0.1025 0.0100513 0.589004
0.105 0.00915628 0.528181
0.1075 0.0083581 0.474103
0.11 0.00764398 0.425953
0.1125 0.00700456 0.383023
0.115 0.00643011 0.344699
0.1175 0.00591307 0.310449
0.12 0.00544661 0.279807
0.1225 0.00502476 0.252367
0.125 0.004643 0.227773
0.1275 0.00429642 0.205711
0.13 0.00398207 0.185908
0.1325 0.00369539 0.168124
0.135 0.00343493 0.152151
0.1375 0.00319235 0.1378
0.14 0.00297444 0.12488
0.1425 0.00277512 0.113246
0.145 0.00259123 0.102771
0.1475 0.00242219 0.0933415
0.15 0.00226733 0.0848525
0.1525 0.00212362 0.0772113
0.155 0.00199178 0.0703334
0.1575 921501 0.0641448
0.16 9.4684e+06 7.64902e+06
0.1625 899425 0.0535718
0.165 0.00155524 0.0490743
0.1675 0.00146539 0.0450363
0.17 0.00138182 0.0414145
0.1725 0.0013042 0.0381694
0.175 0.001232 0.0352669
0.1775 0.00116496 0.0326747
0.18 0.00110111 0.0303671
0.1825 0.00104322 0.0283119
0.185 0.000988111 0.0264894
0.1875 0.00093743 0.0248774
0.19 0.000888956 0.0234603
0.1925 0.000844738 0.0222184
0.195 0.000802435 0.02114
0.1975 0.000763475 0.0202108
0.2 0.00072685 0.0194217
0.2025 0.000692087 0.0187632
0.205 0.000660172 0.0182278
0.2075 0.000629881 0.017811
0.21 0.000602013 0.0175096
0.2125 0.000574483 0.0173212
0.215 0.000549452 0.0172401
0.2175 0.000524125 0.0172618
0.22 0.000500201 0.0173761
0.2225 0.000475134 0.0175673
0.225 0.000449685 0.0178071
0.2275 0.000421979 0.0180544
0.23 0.000391788 0.0182463
0.2325 0.000357732 0.0182972
0.235 0.000319242 0.0180865
0.2375 0.000274826 0.0174572
0.24 0.000226313 0.0162126
0.2425 0.000172115 0.0141199
0.245 0.000115771 0.0109132
0.2475 5.73147e-05 0.0063055
