TITLE="Graphics"
VARIABLES= "rj, cm", "F", "dT/dt" 
0 0.000717292 19.0793
0.0025 0.000714155 18.9859
0.005 0.000705475 18.7274
0.0075 0.000690496 18.2815
0.01 0.00066959 17.6576
0.0125 0.000643393 16.8667
0.015 0.000613183 15.9219
0.0175 0.000581908 14.8373
0.02 0.000556981 13.6267
0.0225 0.000556165 12.2989
0.025 0.000610736 10.8462
0.0275 0.000725296 9.22457
0.03 0.00069337 7.35472
0.0325 0.000184546 5.27337
0.035 0.00249871 3.62285
0.0375 0.00366319 4.01112
0.04 0.00433484 7.02962
0.0425 0.195015 7.53098
0.045 2.71915 105.658
0.0475 14395.9 2035.36
0.04775 2.77556e-17 2.07809e-08
0.05 9.25869 18.2983
0.0525 3.69089 13.7059
0.055 3.05131 11.1674
0.0575 2.67523 9.58364
0.06 2.28425 8.39091
0.0625 1.93659 7.41999
0.065 1.64804 6.60904
0.0675 1.41232 5.92432
0.07 1.21907 5.34175
0.0725 1.05903 4.84254
0.075 0.925591 4.41187
0.0775 0.813193 4.03777
0.08 0.717733 3.71066
0.0825 0.636172 3.42288
0.085 0.566051 3.16826
0.0875 520837 2.94177
0.09 1.28455e+06 255580
0.0925 507298 2.55748
0.095 0.366951 2.39347
0.0975 0.331713 2.24492
0.1 0.300648 2.10984
0.1025 0.27317 1.98656
0.105 0.248789 1.87364
0.1075 0.227089 1.76987
0.11 0.207723 1.6742
0.1125 0.190392 1.58572
0.115 0.174842 1.50367
0.1175 0.160855 1.42735
0.12 0.148247 1.3562
0.1225 0.136855 1.28968
0.125 0.126539 1.22736
0.1275 0.11718 1.16883
0.13 0.108672 1.11376
0.1325 0.100923 1.06183
0.135 0.0938541 1.01277
0.1375 0.0873925 0.966334
0.14 0.0814783 0.922317
0.1425 0.0760553 0.880522
0.145 0.071075 0.840777
0.1475 0.0664964 0.802927
0.15 0.0622799 0.766834
0.1525 0.0583909 0.732373
0.155 0.0548006 0.69943
0.1575 0.0514822 0.667902
0.16 0.0484093 0.637697
0.1625 0.0455637 0.608728
0.165 0.0429222 0.580918
0.1675 0.0404694 0.554197
0.17 0.038189 0.5285
0.1725 0.0360671 0.503765
0.175 0.0340893 0.479939
0.1775 0.0322463 0.45697
0.18 0.0305251 0.434812
0.1825 0.0289176 0.413421
0.185 0.0274135 0.392756
0.1875 0.026007 0.37278
0.19 0.0246894 0.353459
0.1925 0.0234542 0.334759
0.195 0.0222957 0.316651
0.1975 0.0212089 0.299105
0.2 0.0201889 0.282094
0.2025 0.0192301 0.265593
0.205 0.0183288 0.249577
0.2075 0.0174801 0.234024
0.21 0.0166805 0.218911
0.2125 0.0159216 0.204219
0.215 0.015201 0.189929
0.2175 0.0145098 0.176026
0.22 0.0138425 0.162498
0.2225 0.0131974 0.149339
0.225 0.0125787 0.136546
0.2275 0.0120152 0.124119
0.23 0.0115705 0.112051
0.2325 0.0113773 0.100307
0.235 0.011666 0.0887916
0.2375 0.0127543 0.0772758
0.24 0.0148974 0.0653133
0.2425 0.0177549 0.0521707
0.245 0.0192557 0.0369349
0.2475 0.0146289 0.0191147
