TITLE="Graphics"
VARIABLES= "rj, cm", "F", "dT/dt" 
0 0.00013766 23.5736
0.0025 0.000137138 23.4616
0.005 0.000135685 23.1517
0.0075 0.000133146 22.6163
0.01 0.000129529 21.8658
0.0125 0.000124838 20.9125
0.015 0.000119081 19.7709
0.0175 0.000112282 18.4587
0.02 0.000104479 16.9962
0.0225 9.57335e-05 15.4063
0.025 8.61258e-05 13.7147
0.0275 7.57583e-05 11.9493
0.03 6.47911e-05 10.14
0.0325 5.35156e-05 8.31777
0.035 4.2121e-05 6.51393
0.0375 2.77489e-05 4.75923
0.04 0.000906177 3.0982
0.0425 0.654119 1.72404
0.045 0.998393 102.82
0.0475 1.34278 59.1509
0.04775 2.77556e-17 1.83039e-08
0.05 0.567712 12.106
0.0525 0.530186 8.98234
0.055 0.454293 6.86138
0.0575 0.381018 5.44117
0.06 0.319631 4.45086
0.0625 0.26999 3.72601
0.065 0.229976 3.17177
0.0675 306941 2.73265
0.07 1.97309e+06 1.36085e+06
0.0725 304947 2.07768
0.075 0.130143 1.82649
0.0775 0.114494 1.61175
0.08 0.101182 1.42648
0.0825 0.0897858 1.26548
0.085 0.0799736 1.12478
0.0875 0.0714816 1.00127
0.09 0.0640974 0.892461
0.0925 0.0576494 0.796313
0.095 0.0519958 0.711154
0.0975 0.0470204 0.635581
0.1 0.042627 0.568407
0.1025 0.0387345 0.50862
0.105 0.0352775 0.45535
0.1075 0.0322378 0.407848
0.11 0.0293889 0.365569
0.1125 0.0269648 0.327702
0.115 0.0247502 0.293864
0.1175 0.0227542 0.263614
0.12 0.0209534 0.236562
0.1225 0.0193258 0.212359
0.125 0.0178509 0.190697
0.1275 0.016513 0.171303
0.13 0.0152964 0.153932
0.1325 0.0141872 0.138368
0.135 0.0131752 0.124415
0.1375 0.0122485 0.111896
0.14 0.0113974 0.10065
0.1425 0.0101161 0.0905263
0.145 0.0113526 0.0812575
0.1475 0.0101226 0.07314
0.15 0.00946739 0.0659113
0.1525 0.00886734 0.0594634
0.155 0.00831429 0.0537069
0.1575 0.00780519 0.0485658
0.16 0.00733497 0.0439748
0.1625 0.00689937 0.0398767
0.165 0.00649615 0.0362213
0.1675 0.00612172 0.0329639
0.17 0.00577403 0.0300651
0.1725 0.00545103 0.0274894
0.175 0.00514944 0.0252052
0.1775 0.00486936 0.0231841
0.18 0.00460749 0.0214009
0.1825 0.00436358 0.0198327
0.185 0.00413538 0.0184595
0.1875 0.00392254 0.0172633
0.19 0.00372279 0.0162285
0.1925 0.00353736 0.0153413
0.195 0.00336273 0.0145903
0.1975 0.00319982 0.013966
0.2 0.00304779 0.0134607
0.2025 0.00290517 0.0130688
0.205 0.00277197 0.0127867
0.2075 0.00264728 0.012612
0.21 0.0025297 0.0125442
0.2125 0.0024195 0.0125828
0.215 0.00231407 0.0127277
0.2175 0.00221259 0.0129771
0.22 0.0021135 0.0133256
0.2225 0.00201371 0.0137619
0.225 0.00200467 0.0142654
0.2275 0.00151414 0.0148213
0.23 0.00150081 0.0153033
0.2325 0.00137394 0.0156528
0.235 0.0012265 0.0157562
0.2375 0.0010678 0.0154571
0.24 0.000878646 0.0145736
0.2425 0.000673629 0.012867
0.245 0.000453142 0.0100677
0.2475 0.000227486 0.00588031
