TITLE="Graphics"
VARIABLES= "rj, cm", "F", "dT/dt" 
0 0.000260704 22.0532
0.0025 0.000259652 21.9472
0.005 0.00025673 21.6539
0.0075 0.000251644 21.1474
0.01 0.000244428 20.4379
0.0125 0.00023512 19.5376
0.015 0.00022377 18.461
0.0175 0.000210448 17.2252
0.02 0.000195263 15.85
0.0225 0.000178362 14.3578
0.025 0.000159951 12.773
0.0275 0.000140306 11.1223
0.03 0.000119808 9.43345
0.0325 9.89799e-05 7.73517
0.035 7.84489e-05 6.05574
0.0375 5.83617e-05 4.42201
0.04 8.67877e-05 2.85934
0.0425 0.0581512 1.63753
0.045 3.08732 107.209
0.0475 24811 11198.8
0.04775 7.63278e-17 2.06357e-08
0.05 2.72914 10.879
0.0525 0.884468 5.82138
0.055 0.961492 4.28274
0.0575 0.834043 3.41285
0.06 0.702776 2.79841
0.0625 0.596518 2.34298
0.065 0.511119 1.99659
0.0675 0.441294 1.72668
0.07 0.383361 1.51149
0.0725 0.334782 1.33642
0.075 0.293722 1.19148
0.0775 0.258795 1.06971
0.08 0.228921 0.96615
0.0825 0.203245 0.877145
0.085 0.181076 0.799974
0.0875 0.161854 0.732552
0.09 0.145122 0.673253
0.0925 0.130502 0.620789
0.095 0.117681 0.574125
0.0975 0.106401 0.532416
0.1 0.0964438 0.494972
0.1025 0.0876262 0.461216
0.105 0.079796 0.430668
0.1075 0.0728232 0.402924
0.11 0.0665965 0.377641
0.1125 0.0610223 0.354528
0.115 0.0560202 0.333335
0.1175 0.0515213 0.313846
0.12 0.0474653 0.295877
0.1225 0.0438033 0.279266
0.125 0.04049 0.26387
0.1275 0.0374847 0.249564
0.13 0.0347475 0.236235
0.1325 0.0322474 0.223795
0.135 0.0299751 0.212172
0.1375 0.0279055 0.201295
0.14 0.0260114 0.191093
0.1425 0.024274 0.181505
0.145 0.022679 0.172477
0.1475 0.021212 0.163962
0.15 0.0198609 0.155919
0.1525 0.0186173 0.14831
0.155 0.0174681 0.141102
0.1575 0.0164075 0.134266
0.16 0.0154249 0.127772
0.1625 0.0145159 0.121598
0.165 0.0136722 0.11572
0.1675 0.0128901 0.110117
0.17 0.0121627 0.104771
0.1725 0.0114854 0.0996629
0.175 0.0108532 0.0947778
0.1775 0.0102654 0.0901033
0.18 0.00971687 0.0856257
0.1825 0.00920413 0.0813328
0.185 0.00872446 0.0772135
0.1875 0.00827554 0.073258
0.19 0.00785294 0.0694577
0.1925 0.0074581 0.0658057
0.195 0.00708589 0.0622953
0.1975 0.00673724 0.0589215
0.2 0.00640758 0.0556787
0.2025 0.00609665 0.0525639
0.205 0.00580292 0.0495749
0.2075 0.00552538 0.0467108
0.21 0.00526306 0.0439711
0.2125 0.00501539 0.0413562
0.215 0.00478103 0.0388667
0.2175 0.00455834 0.0365032
0.22 0.00434807 0.0342675
0.2225 0.00414559 0.0321613
0.225 0.00394985 0.0301891
0.2275 0.00375475 0.0283585
0.23 0.00355544 0.0266861
0.2325 0.0033503 0.0251993
0.235 0.00315755 0.0239384
0.2375 0.00305545 0.0229389
0.24 0.00330773 0.0221593
0.2425 0.00452836 0.0212453
0.245 0.00745704 0.0189832
0.2475 0.00998652 0.0126597
