TITLE="Graphics"
VARIABLES= "rj, cm", "F", "dT/dt" 
0 0.000135006 23.0103
0.0025 0.000134481 22.9005
0.005 0.000133021 22.5966
0.0075 0.000130476 22.0717
0.01 0.000126855 21.3362
0.0125 0.00012217 20.4022
0.015 0.000116436 19.2844
0.0175 0.00010968 18.0002
0.02 0.000101946 16.5697
0.0225 9.32979e-05 15.0158
0.025 8.38246e-05 13.3636
0.0275 7.36446e-05 11.6407
0.03 6.29094e-05 9.87616
0.0325 5.18223e-05 8.1003
0.035 4.08945e-05 6.34385
0.0375 3.15357e-05 4.63579
0.04 9.55156e-05 2.99736
0.0425 0.0273499 1.18076
0.045 6.47613 110.151
0.0475 57704.6 52293.7
0.04775 3.46945e-17 2.26215e-08
0.05 2.19427 34.8854
0.0525 0.146897 20.1867
0.055 0.52943 15.8581
0.0575 0.465449 13.0436
0.06 0.38913 10.9247
0.0625 0.328014 9.26996
0.065 0.279041 7.94806
0.0675 0.239409 6.87412
0.07 0.206843 5.98948
0.0725 0.179786 5.25247
0.075 0.157124 4.63266
0.0775 422535 4.10725
0.08 2.33371e+06 1.49647e+06
0.0825 413727 3.27344
0.085 0.0960546 2.94056
0.0875 0.0857908 2.65144
0.09 0.0768857 2.39907
0.0925 0.0691253 2.17777
0.095 0.0623327 1.98286
0.0975 0.056364 1.81049
0.1 0.0511004 1.65748
0.1025 0.0464419 1.52115
0.105 0.0423063 1.39927
0.1075 0.0386239 1.28995
0.11 0.0353358 1.1916
0.1125 0.0323918 1.10287
0.115 0.0297506 1.02259
0.1175 0.0273746 0.949773
0.12 0.0252326 0.88355
0.1225 0.023294 0.823179
0.125 0.0215331 0.768023
0.1275 0.0199406 0.717538
0.13 0.0184951 0.671235
0.1325 0.0171789 0.628681
0.135 0.0159778 0.589497
0.1375 0.0148789 0.553349
0.14 0.0138733 0.519943
0.1425 0.0129511 0.489019
0.145 0.0121049 0.460347
0.1475 0.0113269 0.433722
0.15 0.0106108 0.408959
0.1525 0.00995027 0.385893
0.155 0.00933907 0.364377
0.1575 0.00877555 0.344282
0.16 0.00825457 0.325487
0.1625 0.00777074 0.307885
0.165 0.00732305 0.291379
0.1675 0.0069056 0.27588
0.17 0.00651921 0.261309
0.1725 0.00615814 0.247595
0.175 0.005823 0.234673
0.1775 0.00551467 0.222481
0.18 0.00522653 0.210956
0.1825 0.0049363 0.200041
0.185 0.00468503 0.189723
0.1875 0.00444647 0.179954
0.19 0.00421864 0.170694
0.1925 0.00402227 0.161914
0.195 0.00381934 0.153556
0.1975 0.0036301 0.145603
0.2 0.00345305 0.138035
0.2025 0.00328741 0.130832
0.205 0.00312997 0.123975
0.2075 0.00298103 0.117448
0.21 0.00283978 0.111239
0.2125 0.00270462 0.105336
0.215 0.00257704 0.0997324
0.2175 0.00245374 0.0944231
0.22 0.00233687 0.0894062
0.2225 0.00222253 0.0846816
0.225 0.00211322 0.0802553
0.2275 0.00200229 0.0761357
0.23 0.00188952 0.0723425
0.2325 0.00176983 0.0689083
0.235 0.00164351 0.0658857
0.2375 0.00153801 0.0633463
0.24 0.00161471 0.0613299
0.2425 0.0026092 0.0595515
0.245 0.00706094 0.0560821
0.2475 0.0181241 0.0428191
