TITLE="Graphics"
VARIABLES= "rj, cm", "F", "dT/dt" 
0 0.00225141 24.2389
0.0025 0.00224312 24.1244
0.005 0.00222006 23.8076
0.0075 0.00217971 23.2601
0.01 0.0021221 22.4924
0.0125 0.00204714 21.5166
0.015 0.00195483 20.3475
0.0175 0.00184539 19.0027
0.02 0.00171935 17.5027
0.0225 0.00157772 15.8707
0.025 0.00142191 14.1329
0.0275 0.00125348 12.3176
0.03 0.00107357 10.455
0.0325 0.0008838 8.57747
0.035 0.000693061 6.7184
0.0375 0.000505517 4.91043
0.04 0.00308442 3.18424
0.0425 24.6663 2.12905
0.045 53575.6 101.039
0.0475 773496 56.6933
0.04775 2.77556e-17 1.81677e-08
0.05 10.7023 9.0201
0.0525 8.80516 7.18987
0.055 7.06248 6.08288
0.0575 5.79901 5.27363
0.06 4.86861 4.61096
0.0625 4.15067 4.04294
0.065 3.57566 3.54864
0.0675 3.10372 3.11668
0.07 2.71015 2.73894
0.0725 2.3783 2.40863
0.075 2.09614 2.11984
0.0775 1.85463 1.86733
0.08 1.64674 1.64649
0.0825 1.46692 1.45323
0.085 1.31069 1.28399
0.0875 1.17444 1.13564
0.09 1.05519 1.00547
0.0925 0.95047 0.891113
0.095 0.858233 0.790529
0.0975 0.776758 0.701944
0.1 0.704593 0.623822
0.1025 0.640508 0.554837
0.105 0.583458 0.493839
0.1075 0.532552 0.439835
0.11 0.487028 0.391963
0.1125 0.446247 0.349477
0.115 0.410138 0.311735
0.1175 0.375959 0.278258
0.12 0.346767 0.248372
0.1225 0.319891 0.221741
0.125 0.295535 0.197998
0.1275 0.273429 0.176815
0.13 0.253331 0.157905
0.1325 0.235021 0.141016
0.135 0.218301 0.125921
0.1375 0.202993 0.11242
0.14 0.188929 0.100329
0.1425 0.174637 0.0894796
0.145 0.167602 0.0795905
0.1475 0.155181 0.0709438
0.15 0.145094 0.0632677
0.1525 0.135855 0.0564464
0.155 0.127364 0.0503841
0.1575 0.119538 0.0449996
0.16 0.112312 0.040223
0.1625 0.105626 0.0359927
0.165 0.09943 0.0322546
0.1675 0.0936825 0.0289602
0.17 0.0883407 0.026066
0.1725 0.0833723 0.0235331
0.175 0.0787467 0.021326
0.1775 0.0744313 0.0194127
0.18 0.0704064 0.017764
0.1825 0.0666425 0.0163533
0.185 1.00722e+06 0.0151559
0.1875 2.11411e+06 123013
0.19 985540 0.0133131
0.1925 0.0538413 0.0126274
0.195 0.0511197 0.0120744
0.1975 0.048561 0.0116376
0.2 0.0461571 0.011301
0.2025 0.0438926 0.0110505
0.205 0.0417632 0.0108724
0.2075 0.0397582 0.0107545
0.21 0.0378722 0.0106856
0.2125 0.0360976 0.0106559
0.215 0.0344305 0.010657
0.2175 0.0328618 0.0106818
0.22 0.0313862 0.0107247
0.2225 0.0299891 0.0107812
0.225 0.0286475 0.010847
0.2275 0.0273248 0.0109157
0.23 0.0259625 0.0109757
0.2325 0.0244714 0.0110037
0.235 0.0229156 0.0109554
0.2375 0.0200117 0.0107672
0.24 0.0174953 0.0102549
0.2425 0.0140502 0.00923897
0.245 0.0098409 0.00744166
0.2475 0.00508984 0.00450137
