TITLE="Graphics"
VARIABLES= "rj, cm", "F", "dT/dt" 
0 0.000438617 2.53874e-05
0.0025 0.0019703 1.28451e-05
0.005 8.7174e-06 1.6451e-06
0.0075 0.000329259 3.92425e-07
0.01 1.91279e-08 2.15475e-07
0.0125 8.84035e-08 5.64168e-07
0.015 1.11736e-07 7.61952e-07
0.0175 1.22334e-07 8.57115e-07
0.02 1.22881e-07 8.76604e-07
0.0225 1.15939e-07 8.3868e-07
0.025 1.03839e-07 7.57557e-07
0.0275 8.85073e-08 6.45198e-07
0.03 7.13236e-08 5.12028e-07
0.0325 5.33302e-08 3.67247e-07
0.035 3.52085e-08 2.18995e-07
0.0375 1.95446e-08 7.44699e-08
0.04 1.62304e-05 6.00726e-08
0.0425 0.000127535 1.04484e-06
0.045 2.81479e-05 6.32657e-06
0.0475 0.000358776 8.50535e-08
0.0475003 4.16334e-17 2.68897e-11
0.05 0.0454962 0.290965
0.0525 1.83941 0.402198
0.055 2.75698 0.487519
0.0575 3.67658 0.557006
0.06 4.58027 0.615475
0.0625 5.4576 0.66563
0.065 6.30245 0.709169
0.0675 7.11121 0.747239
0.07 7.88181 0.780662
0.0725 8.61314 0.810054
0.075 9.3047 0.835889
0.0775 9.9564 0.858547
0.08 10.5684 0.878335
0.0825 11.1411 0.895505
0.085 11.675 0.910274
0.0875 12.1706 0.922822
0.09 12.6287 0.933308
0.0925 13.0499 0.941869
0.095 13.435 0.948627
0.0975 13.7847 0.953689
0.1 14.0999 0.957152
0.1025 14.3813 0.959104
0.105 14.6298 0.959625
0.1075 14.8462 0.958789
0.11 15.0313 0.956662
0.1125 15.1861 0.953308
0.115 15.3112 0.948786
0.1175 15.4077 0.943152
0.12 15.4763 0.936456
0.1225 15.5179 0.928749
0.125 15.5334 0.920079
0.1275 15.5236 0.910489
0.13 15.4893 0.900024
0.1325 15.4314 0.888725
0.135 15.3508 0.876633
0.1375 15.2484 0.863786
0.14 15.1248 0.850222
0.1425 14.981 0.835978
0.145 14.8179 0.82109
0.1475 14.6361 0.805593
0.15 14.4366 0.789521
0.1525 14.2202 0.772907
0.155 13.9876 0.755785
0.1575 13.7396 0.738187
0.16 13.4771 0.720143
0.1625 13.2008 0.701686
0.165 12.9114 0.682845
0.1675 12.6098 0.66365
0.17 12.2966 0.644131
0.1725 11.9726 0.624317
0.175 11.6385 0.604237
0.1775 11.2951 0.583917
0.18 10.943 0.563387
0.1825 10.5829 0.542672
0.185 1.00773e+06 0.5218
0.1875 1.99234e+06 197.979
0.19 986041 0.479686
0.1925 9.07594 0.458497
0.195 8.68577 0.437251
0.1975 8.29147 0.415974
0.2 7.89363 0.39469
0.2025 7.49285 0.373422
0.205 7.08969 0.352193
0.2075 6.68471 0.331026
0.21 6.27846 0.309941
0.2125 5.87146 0.288962
0.215 5.46425 0.268109
0.2175 5.05731 0.247403
0.22 4.65115 0.226863
0.2225 4.24625 0.20651
0.225 3.84307 0.186362
0.2275 3.44207 0.166437
0.23 3.04369 0.146755
0.2325 2.64837 0.127332
0.235 2.25651 0.108186
0.2375 1.86853 0.0893325
0.24 1.48482 0.0707881
0.2425 1.10576 0.052568
0.245 0.731717 0.0346871
0.2475 0.363059 0.0171599
