TITLE="Graphics"
VARIABLES= "rj, cm", "F", "dT/dt" 
0 1.6766e-10 239.541
0.0025 9.0381e-11 241.079
0.005 8.85336e-11 245.309
0.0075 9.23421e-11 252.514
0.01 9.37916e-11 262.39
0.0125 9.7657e-11 274.536
0.015 5.60476e-11 288.458
0.0175 6.05951e-11 303.584
0.02 4.43379e-11 319.292
0.0225 112.462 334.953
0.025 9.7211e+12 9.7211e+12
0.0275 91.9954 363.831
0.03 2.01794e-11 376.104
0.0325 3.69482e-12 386.484
0.035 7.78755e-12 394.78
0.0375 1.93268e-11 400.926
0.04 2.30784e-11 404.971
0.0425 1.89289e-11 407.071
0.045 8.81641e-11 407.459
0.0475 2.15293e-06 414.976
0.0477463 3.42429e-10 0.00874105
0.05 0.62399 2.81745e+07
0.0525 1.62953 1.14925e+08
0.055 2.23886 1.48339e+08
0.0575 2.86681 1.80301e+08
0.06 3.51084 2.10874e+08
0.0625 4.17206 2.40209e+08
0.065 4.85275 2.68462e+08
0.0675 5.55567 2.95777e+08
0.07 6.28374 3.22288e+08
0.0725 7.03994 3.48111e+08
0.075 7.82724 3.73349e+08
0.0775 8.64864 3.98092e+08
0.08 9.50715 4.22421e+08
0.0825 10.4059 4.46406e+08
0.085 11.3479 4.70112e+08
0.0875 12.3367 4.93595e+08
0.09 13.3755 5.16908e+08
0.0925 14.468 5.40098e+08
0.095 15.618 5.63211e+08
0.0975 16.8297 5.86286e+08
0.1 18.1072 6.09364e+08
0.1025 19.4554 6.3248e+08
0.105 20.8793 6.55672e+08
0.1075 22.3842 6.78973e+08
0.11 23.9761 7.02417e+08
0.1125 25.6613 7.26038e+08
0.115 27.4468 7.49868e+08
0.1175 29.3402 7.73942e+08
0.12 31.3498 7.98293e+08
0.1225 33.4846 8.22956e+08
0.125 35.7547 8.47965e+08
0.1275 38.1709 8.73357e+08
0.13 40.7451 8.99172e+08
0.1325 43.4917 9.25447e+08
0.135 46.4242 9.52225e+08
0.1375 49.5598 9.79551e+08
0.14 52.9176 1.00747e+09
0.1425 56.5203 1.03604e+09
0.145 60.3833 1.0653e+09
0.1475 64.5392 1.09532e+09
0.15 69.0132 1.12616e+09
0.1525 73.8438 1.15788e+09
0.155 79.0631 1.19057e+09
0.1575 84.7162 1.2243e+09
0.16 90.8516 1.25917e+09
0.1625 97.5242 1.29527e+09
0.165 104.802 1.33271e+09
0.1675 112.755 1.37162e+09
0.17 121.473 1.41213e+09
0.1725 131.056 1.45441e+09
0.175 141.627 1.49861e+09
0.1775 153.326 1.54494e+09
0.18 166.321 1.59364e+09
0.1825 180.819 1.64495e+09
0.185 197.062 1.69918e+09
0.1875 215.352 1.75669e+09
0.19 236.06 1.81789e+09
0.1925 259.643 1.88326e+09
0.195 286.683 1.95339e+09
0.1975 317.916 2.02899e+09
0.2 354.297 2.11092e+09
0.2025 397.081 2.20023e+09
0.205 447.942 2.29828e+09
0.2075 509.168 2.40675e+09
0.21 583.958 2.52785e+09
0.2125 676.909 2.66453e+09
0.215 794.85 2.82077e+09
0.2175 948.339 3.0022e+09
0.22 1154.51 3.21704e+09
0.2225 1442.95 3.47789e+09
0.225 1869.01 3.80538e+09
0.2275 2548.21 4.23616e+09
0.23 3763.05 4.84402e+09
0.2325 6404.21 5.80859e+09
0.235 15069.6 7.7483e+09
0.2375 175747 1.56291e+10
0.24 7.28479e+12 3.50419e+12
0.2425 17422.5 8.00175e+09
0.245 449.498 2.26007e+09
0.2475 22.1961 6.83206e+08
