TITLE="Graphics"
VARIABLES= "rj, cm", "F", "dT/dt" 
0 0.00246444 27.4758
0.0025 0.00245705 27.3505
0.005 0.00243638 27.0033
0.0075 0.00239983 26.4026
0.01 0.00234675 25.5582
0.0125 0.00227625 24.4818
0.015 0.00218735 23.1875
0.0175 0.0020792 21.6926
0.02 0.00195138 20.0176
0.0225 0.00180414 18.1869
0.025 0.00163861 16.2279
0.0275 0.00145674 14.1718
0.03 0.00126079 12.0519
0.0325 0.00105213 9.90398
0.035 0.000827187 7.7657
0.0375 0.000561531 5.67772
0.04 0.00226955 3.69076
0.0425 0.557886 1.54982
0.045 2.11963 96.2221
0.0475 2643.12 95.1956
0.04775 9.71445e-17 2.01246e-08
0.05 25.019 25.6933
0.0525 12.9326 21.8517
0.055 8.45974 17.6191
0.0575 6.57581 14.4143
0.06 5.44923 12.0254
0.0625 4.61179 10.1918
0.065 3.93955 8.74279
0.0675 3.38745 7.57141
0.07 2.9299 6.60817
0.0725 367192 5.80554
0.075 819452 89660.8
0.0775 361490 4.55511
0.08 1.72718 4.06324
0.0825 1.53055 3.63923
0.085 1.36156 3.27155
0.0875 1.21559 2.951
0.09 1.08893 2.6702
0.0925 0.978546 2.42312
0.095 0.881954 2.20483
0.0975 0.797113 2.01126
0.1 0.722329 1.83901
0.1025 0.656191 1.68524
0.105 0.597513 1.54754
0.1075 0.545302 1.42389
0.11 0.498712 1.31256
0.1125 0.457028 1.21207
0.115 0.419637 1.12115
0.1175 0.386018 1.0387
0.12 0.35572 0.963775
0.1225 0.328355 0.895546
0.125 0.303588 0.833295
0.1275 0.281126 0.776392
0.13 0.260716 0.724286
0.1325 0.242138 0.676489
0.135 0.225194 0.632574
0.1375 0.209717 0.592159
0.14 0.195556 0.554909
0.1425 0.182578 0.520523
0.145 0.170666 0.488736
0.1475 0.159716 0.459308
0.15 0.149638 0.432025
0.1525 0.140347 0.406698
0.155 0.131771 0.383153
0.1575 0.123846 0.361237
0.16 0.116511 0.34081
0.1625 0.109716 0.321746
0.165 0.103411 0.303931
0.1675 0.097556 0.287263
0.17 0.0921113 0.271648
0.1725 0.0870411 0.257002
0.175 0.0823179 0.243248
0.1775 0.0779071 0.230318
0.18 0.0737888 0.218147
0.1825 0.0699346 0.206679
0.185 0.0663267 0.195863
0.1875 0.0629422 0.185651
0.19 0.0597653 0.176001
0.1925 0.0567784 0.166876
0.195 0.0539693 0.158241
0.1975 0.0513218 0.150067
0.2 0.0488266 0.142325
0.2025 0.0464743 0.134992
0.205 0.0442601 0.128046
0.2075 0.0421777 0.121466
0.21 0.0402294 0.115234
0.2125 0.0384246 0.109329
0.215 0.0367812 0.10373
0.2175 0.0353275 0.098408
0.22 0.0341152 0.0933275
0.2225 0.0332191 0.0884353
0.225 0.0327399 0.0836543
0.2275 0.0328059 0.0788712
0.23 0.0335478 0.0739227
0.2325 0.035047 0.0685814
0.235 0.0372199 0.0625476
0.2375 0.0396227 0.0554613
0.24 0.0411795 0.0469531
0.2425 0.0399666 0.0367653
0.245 0.0334182 0.0249647
0.2475 0.0196204 0.0122205
