TITLE="Graphics"
VARIABLES= "rj, cm", "F", "dT/dt" 
0 4.50926e-10 3.09653e-12
0.0025 4.21758e-10 3.78416e-12
0.005 8.66926e-12 7.19136e-12
0.0075 1.37534e-10 5.52229e-12
0.01 1.20194e-10 1.15894e-11
0.0125 3.57224e-10 1.49844e-12
0.015 8.93799e-11 7.17419e-12
0.0175 7.30751e-11 4.30495e-12
0.02 1.40523e-10 5.60492e-12
0.0225 2.03756e-10 8.04955e-13
0.025 6.76642e-11 4.21238e-12
0.0275 7.12142e-11 2.22111e-12
0.03 3.5666e-10 4.66127e-12
0.0325 3.26547e-09 2.53506e-11
0.035 1.16978e-08 1.83269e-10
0.0375 2.67272e-08 1.88192e-10
0.04 3.89259e-09 1.34624e-10
0.0425 2.25959e-08 3.3133e-10
0.045 1.52507e-07 2.67769e-09
0.0475 4.25024e-07 3.00929e-09
0.0475003 3.26128e-16 3.68081e-12
0.05 0.548123 0.0398945
0.0525 0.987156 0.055587
0.055 1.25907 0.0678549
0.0575 1.49849 0.0780602
0.06 1.71188 0.0868466
0.0625 1.90276 0.0945722
0.065 278932 0.101459
0.0675 558314 66.4796
0.07 278781 0.113265
0.0725 2.4785 0.118368
0.075 2.58142 0.12302
0.0775 2.66969 0.127269
0.08 2.74403 0.131151
0.0825 2.80513 0.134696
0.085 2.85365 0.137927
0.0875 2.89021 0.140865
0.09 2.91543 0.143527
0.0925 2.92991 0.145926
0.095 2.93425 0.148075
0.0975 2.92905 0.149984
0.1 2.91488 0.151661
0.1025 2.89233 0.153115
0.105 2.86197 0.154352
0.1075 2.82436 0.155377
0.11 2.78006 0.156197
0.1125 2.72964 0.156816
0.115 2.67362 0.157238
0.1175 2.61255 0.157466
0.12 2.54695 0.157506
0.1225 2.47732 0.157359
0.125 2.40417 0.157029
0.1275 2.32798 0.15652
0.13 2.24922 0.155834
0.1325 2.16834 0.154975
0.135 2.08577 0.153946
0.1375 2.00194 0.152749
0.14 1.91724 0.151388
0.1425 1.83205 0.149866
0.145 1.74675 0.148186
0.1475 1.66166 0.146353
0.15 1.57711 0.144368
0.1525 1.49341 0.142238
0.155 1.41082 0.139964
0.1575 1.32962 0.137551
0.16 1.25004 0.135004
0.1625 1.1723 0.132327
0.165 1.0966 0.129524
0.1675 1.02311 0.1266
0.17 0.951993 0.12356
0.1725 0.883382 0.120408
0.175 0.817395 0.117151
0.1775 0.754128 0.113793
0.18 0.693661 0.11034
0.1825 0.636054 0.106798
0.185 0.581349 0.103172
0.1875 0.529569 0.0994683
0.19 0.480727 0.0956927
0.1925 0.434813 0.0918514
0.195 0.391806 0.0879507
0.1975 0.351666 0.0839967
0.2 0.314348 0.0799959
0.2025 0.279785 0.0759546
0.205 0.247904 0.0718794
0.2075 0.218618 0.0677767
0.21 0.191832 0.0636531
0.2125 0.16744 0.0595149
0.215 0.145329 0.0553689
0.2175 0.125378 0.0512213
0.22 0.10746 0.0470788
0.2225 0.0914419 0.0429476
0.225 0.0771875 0.0388341
0.2275 0.0645539 0.0347447
0.23 0.0534001 0.0306854
0.2325 0.043578 0.0266624
0.235 0.0349464 0.0226816
0.2375 0.0273521 0.0187488
0.24 0.0206565 0.0148698
0.2425 0.0147124 0.0110501
0.245 0.00937942 0.00729511
0.2475 0.00451934 0.00361006
