TITLE="Graphics"
VARIABLES= "rj, cm", "F", "dT/dt" 
0 1.82359e-05 25.4208
0.0025 1.81728e-05 25.3022
0.005 1.79972e-05 24.9736
0.0075 1.76889e-05 24.4055
0.01 1.72465e-05 23.6083
0.0125 1.66673e-05 22.594
0.015 1.5949e-05 21.3774
0.0175 1.50909e-05 19.976
0.02 1.40944e-05 18.4106
0.0225 1.2965e-05 16.7048
0.025 1.17122e-05 14.8856
0.0275 1.03527e-05 12.9822
0.03 8.91261e-06 11.0264
0.0325 7.43433e-06 9.05096
0.035 5.96289e-06 7.0889
0.0375 4.29827e-06 5.17174
0.04 2.17021e-05 3.33748
0.0425 0.0289715 2.80195
0.045 0.0210116 97.781
0.0475 0.184163 57.7491
0.04775 1.38778e-17 1.71439e-08
0.05 0.0630634 13.5767
0.0525 0.0592421 10.8514
0.055 0.0513588 8.75157
0.0575 0.0435691 7.19646
0.06 0.0369891 6.01412
0.0625 0.0315991 5.08735
0.065 0.0271844 4.34273
0.0675 0.0235391 3.73326
0.07 0.0205005 3.22749
0.0725 0.0179451 2.80337
0.075 0.0157795 2.44482
0.0775 0.0139313 2.13968
0.08 0.0123462 1.87856
0.0825 0.0109793 1.65404
0.085 0.00979485 1.46017
0.0875 0.00876534 1.29213
0.09 0.00786634 1.146
0.0925 0.00707856 1.0185
0.095 0.00638639 0.906954
0.0975 0.00577571 0.80909
0.1 0.00523574 0.723013
0.1025 0.00475718 0.647122
0.105 659002 0.580061
0.1075 1.50423e+07 1.37438e+07
0.11 640567 0.467982
0.1125 0.00330878 0.421139
0.115 0.0030365 0.379421
0.1175 0.00279085 0.342206
0.12 0.00256984 0.308957
0.1225 0.00237041 0.279209
0.125 0.00218916 0.252556
0.1275 0.00202553 0.228647
0.13 0.00187646 0.207177
0.1325 0.00174104 0.187876
0.135 0.00161752 0.17051
0.1375 0.00150456 0.154872
0.14 0.00140154 0.14078
0.1425 0.00130714 0.128075
0.145 0.00122033 0.116614
0.1475 0.00114081 0.106272
0.15 0.00106783 0.096938
0.1525 0.000999776 0.0885128
0.155 0.000938059 0.0809083
0.1575 0.000880463 0.0740458
0.16 0.000827294 0.0678553
0.1625 0.000778103 0.0622733
0.165 0.000732804 0.0572439
0.1675 0.000689994 0.0527161
0.17 0.000651114 0.0486445
0.1725 0.000614294 0.0449877
0.175 0.000580638 0.0417091
0.1775 0.00054834 0.0387745
0.18 0.000519577 0.0361538
0.1825 0.000491296 0.0338201
0.185 0.000465616 0.0317474
0.1875 0.000441991 0.029914
0.19 0.00041884 0.0282991
0.1925 0.000397811 0.0268844
0.195 0.000378251 0.0256527
0.1975 0.000359528 0.0245898
0.2 0.000342061 0.0236815
0.2025 0.000325602 0.0229155
0.205 0.000310419 0.0222819
0.2075 0.000295621 0.0217691
0.21 0.000282144 0.0213688
0.2125 0.000269041 0.0210711
0.215 0.000256289 0.0208656
0.2175 0.000244281 0.0207401
0.22 0.000232566 0.0206782
0.2225 0.000220457 0.0206597
0.225 0.000208071 0.020653
0.2275 0.000195 0.0206165
0.23 0.000180953 0.0204901
0.2325 0.000165047 0.0201942
0.235 0.000147406 0.0196182
0.2375 0.000126881 0.0186235
0.24 0.000104704 0.0170314
0.2425 7.95261e-05 0.0146299
0.245 5.29391e-05 0.0111713
0.2475 2.53325e-05 0.00638599
