TITLE="Graphics"
VARIABLES= "rj, cm", "F", "dT/dt" 
0 5.48107e-08 3.57812e-07
0.0025 5.5516e-08 3.56696e-07
0.005 5.72099e-08 3.53559e-07
0.0075 6.11348e-08 3.47957e-07
0.01 6.80133e-08 3.39612e-07
0.0125 7.87927e-08 3.27998e-07
0.015 9.40064e-08 3.12271e-07
0.0175 1.12995e-07 2.91223e-07
0.02 1.33142e-07 2.63389e-07
0.0225 1.49789e-07 2.2731e-07
0.025 1.55978e-07 1.82004e-07
0.0275 1.4423e-07 1.27633e-07
0.03 1.10555e-07 6.61822e-08
0.0325 5.55001e-08 1.72686e-09
0.035 1.67261e-05 6.00688e-08
0.0375 9.56769e-07 5.00603e-08
0.04 4.53898e-06 9.73072e-08
0.0425 3.02351e-05 1.94285e-07
0.045 2.85509e-05 1.45602e-06
0.0475 0.000288332 6.18307e-07
0.0475003 2.22045e-16 1.88875e-11
0.05 0.51441 0.204815
0.0525 0.0702359 0.283159
0.055 0.115775 0.343395
0.0575 0.34212 0.392605
0.06 0.594619 0.434169
0.0625 0.865167 0.469986
0.065 1.14869 0.501246
0.0675 1.44175 0.52875
0.07 1.74183 0.553073
0.0725 2.04695 0.574642
0.075 2.35549 0.593785
0.0775 2.66603 0.610764
0.08 2.97728 0.625787
0.0825 3.28806 0.639029
0.085 3.59725 0.650633
0.0875 3.90379 0.66072
0.09 4.20667 0.669396
0.0925 4.50488 0.67675
0.095 4.7975 0.682861
0.0975 5.08361 0.687798
0.1 5.36234 0.691622
0.1025 5.63284 0.694388
0.105 5.89432 0.696146
0.1075 6.14603 0.696941
0.11 6.38725 0.696814
0.1125 6.61729 0.695803
0.115 6.83554 0.693943
0.1175 7.04141 0.691267
0.12 7.23436 0.687806
0.1225 7.41389 0.68359
0.125 7.57957 0.678646
0.1275 7.73099 0.673002
0.13 7.8678 0.666683
0.1325 7.9897 0.659713
0.135 8.09644 0.652117
0.1375 8.1878 0.64392
0.14 8.26363 0.635143
0.1425 8.32379 0.625809
0.145 8.36823 0.615942
0.1475 8.3969 0.605563
0.15 8.40983 0.594694
0.1525 8.40706 0.583357
0.155 8.3887 0.571574
0.1575 8.35488 0.559366
0.16 8.30577 0.546755
0.1625 8.24158 0.533762
0.165 8.16255 0.520408
0.1675 8.06897 0.506716
0.17 7.96114 0.492705
0.1725 7.83942 0.478398
0.175 7.70417 0.463816
0.1775 7.55579 0.448981
0.18 7.39471 0.433912
0.1825 7.22139 0.418632
0.185 7.03629 0.403162
0.1875 6.83993 0.387523
0.19 6.63281 0.371735
0.1925 6.41548 0.35582
0.195 6.18849 0.339799
0.1975 5.95241 0.323692
0.2 5.70783 0.30752
0.2025 5.45536 0.291303
0.205 5.19559 0.275061
0.2075 4.92916 0.258815
0.21 4.65668 0.242584
0.2125 4.37881 0.226388
0.215 4.09617 0.210246
0.2175 3.80942 0.194178
0.22 3.51921 0.178201
0.2225 3.22618 0.162335
0.225 2.93099 0.146598
0.2275 2.63429 0.131006
0.23 2.33671 0.115579
0.2325 2.03891 0.100332
0.235 1.7415 0.0852828
0.2375 1.44514 0.0704467
0.24 1.15042 0.0558398
0.2425 1.12951e+06 0.0414772
0.245 2.2375e+06 51.2683
0.2475 1.10973e+06 0.0135433
