TITLE="Graphics"
VARIABLES= "rj, cm", "F", "dT/dt" 
0 7.54887e-13 7.54887e-13
0.0025 2.65249e-14 2.65249e-14
0.005 9.3912e-11 6.14245e-13
0.0075 2.46724e-13 5.8259e-13
0.01 5.50651e-11 2.35187e-12
0.0125 4.23056e-10 4.62044e-12
0.015 1.6431e-09 2.0604e-11
0.0175 4.00408e-09 6.36983e-11
0.02 6.71628e-09 1.57022e-10
0.0225 3.21359e-09 2.46541e-10
0.025 5.61021e-09 1.98115e-10
0.0275 4.17377e-09 6.62924e-11
0.03 1.24462e-09 5.37692e-11
0.0325 7.20675e-10 7.48399e-11
0.035 8.99434e-09 1.55183e-13
0.0375 4.1291e-09 4.20352e-11
0.04 1.00059e-08 1.6845e-10
0.0425 5.77892e-08 9.78071e-10
0.045 2.88943e-07 5.05664e-10
0.0475 6.83581e-10 2.27629e-10
0.0475003 2.04697e-15 3.73472e-11
0.05 2.22623 0.404683
0.0525 4.61111 0.555203
0.055 6.01294 0.668669
0.0575 7.28075 0.759281
0.06 8.43581 0.833889
0.0625 9.4904 0.896387
0.065 10.4531 0.949237
0.0675 11.3308 0.994127
0.07 12.1291 1.03228
0.0725 12.8531 1.06461
0.075 13.5073 1.09185
0.0775 14.0958 1.11458
0.08 14.6224 1.13327
0.0825 15.0906 1.14832
0.085 15.5038 1.16008
0.0875 15.8649 1.16884
0.09 16.1768 1.17485
0.0925 16.4423 1.17834
0.095 16.6639 1.17951
0.0975 16.844 1.17853
0.1 16.9849 1.17558
0.1025 17.0889 1.17079
0.105 17.1579 1.16431
0.1075 678999 1.15625
0.11 1.34e+06 175.041
0.1125 659977 1.13587
0.115 17.1221 1.12374
0.1175 17.0439 1.11045
0.12 16.9411 1.09607
0.1225 16.8152 1.0807
0.125 16.6675 1.06441
0.1275 16.4995 1.04726
0.13 16.3123 1.02933
0.1325 16.1071 1.01068
0.135 15.8851 0.991362
0.1375 15.6474 0.971442
0.14 15.3951 0.950971
0.1425 15.129 0.93
0.145 14.8502 0.908579
0.1475 14.5596 0.886753
0.15 14.2581 0.864567
0.1525 13.9465 0.842062
0.155 13.6256 0.81928
0.1575 13.2961 0.796257
0.16 12.9589 0.77303
0.1625 12.6146 0.749634
0.165 12.2639 0.726102
0.1675 11.9074 0.702464
0.17 11.5458 0.678752
0.1725 11.1797 0.654993
0.175 10.8097 0.631215
0.1775 10.4362 0.607443
0.18 10.06 0.583702
0.1825 9.68141 0.560015
0.185 9.30101 0.536404
0.1875 8.91926 0.512891
0.19 8.53662 0.489495
0.1925 8.15354 0.466235
0.195 7.77043 0.44313
0.1975 7.38771 0.420196
0.2 7.00576 0.397449
0.2025 6.62497 0.374905
0.205 6.24568 0.352578
0.2075 5.86826 0.330481
0.21 5.49301 0.308627
0.2125 5.12027 0.287029
0.215 4.75032 0.265698
0.2175 4.38345 0.244644
0.22 4.01993 0.223877
0.2225 3.66003 0.203407
0.225 3.30398 0.183243
0.2275 2.95201 0.163393
0.23 2.60434 0.143865
0.2325 2.26117 0.124665
0.235 1.9227 0.105802
0.2375 1.58912 0.0872805
0.24 1.26058 0.0691072
0.2425 0.937244 0.0512874
0.245 0.619272 0.0338265
0.2475 0.306802 0.0167292
