TITLE="Graphics"
VARIABLES= "rj, cm", "F", "dT/dt" 
0 1.72037e-10 239.541
0.0025 1.23833e-10 241.079
0.005 1.25027e-10 245.309
0.0075 1.27272e-10 252.514
0.01 1.19542e-10 262.39
0.0125 1.19144e-10 274.536
0.015 8.61178e-11 288.458
0.0175 8.6402e-11 303.584
0.02 6.40625e-11 319.292
0.0225 6.15614e-11 334.953
0.025 4.35989e-11 349.973
0.0275 2.62617e-11 363.831
0.03 1.51772e-11 376.104
0.0325 1.74509e-11 386.484
0.035 2.89901e-12 394.78
0.0375 1.62572e-11 400.926
0.04 2.48406e-11 404.971
0.0425 1.7792e-11 407.071
0.045 131.218 407.459
0.0475 8.31874e+12 8.31874e+12
0.0477463 3.4853e-08 0.189655
0.05 0.952627 2.8149e+07
0.0525 121092 1.14858e+08
0.055 186390 1.48246e+08
0.0575 234423 1.80181e+08
0.06 280673 2.10728e+08
0.0625 325245 2.40036e+08
0.065 368309 2.6826e+08
0.0675 410045 2.95546e+08
0.07 450626 3.22027e+08
0.0725 490214 3.47819e+08
0.075 528950 3.73024e+08
0.0775 566964 3.97733e+08
0.08 604372 4.22026e+08
0.0825 641275 4.45974e+08
0.085 677767 4.6964e+08
0.0875 713932 4.93082e+08
0.09 749846 5.16352e+08
0.0925 785580 5.39497e+08
0.095 821199 5.62562e+08
0.0975 856764 5.85587e+08
0.1 892334 6.08611e+08
0.1025 927962 6.31672e+08
0.105 963703 6.54805e+08
0.1075 999608 6.78043e+08
0.11 1.03573e+06 7.01421e+08
0.1125 1.07211e+06 7.24972e+08
0.115 1.10881e+06 7.48729e+08
0.1175 1.14587e+06 7.72724e+08
0.12 1.18335e+06 7.96992e+08
0.1225 1.22129e+06 8.21565e+08
0.125 1.25975e+06 8.46481e+08
0.1275 1.29878e+06 8.71773e+08
0.13 1.33845e+06 8.9748e+08
0.1325 1.37881e+06 9.23642e+08
0.135 1.41991e+06 9.50299e+08
0.1375 1.46184e+06 9.77494e+08
0.14 1.50466e+06 1.00528e+09
0.1425 1.54844e+06 1.03369e+09
0.145 1.59327e+06 1.06279e+09
0.1475 1.63922e+06 1.09264e+09
0.15 1.68641e+06 1.12329e+09
0.1525 1.73491e+06 1.15482e+09
0.155 1.78486e+06 1.18729e+09
0.1575 1.83637e+06 1.22079e+09
0.16 1.88957e+06 1.25541e+09
0.1625 1.94461e+06 1.29123e+09
0.165 2.00165e+06 1.32837e+09
0.1675 2.06087e+06 1.36695e+09
0.17 2.12249e+06 1.40711e+09
0.1725 2.18672e+06 1.44898e+09
0.175 2.25382e+06 1.49275e+09
0.1775 2.3241e+06 1.5386e+09
0.18 2.39787e+06 1.58676e+09
0.1825 2.47552e+06 1.63747e+09
0.185 2.5575e+06 1.69104e+09
0.1875 2.64432e+06 1.74779e+09
0.19 2.73659e+06 1.80814e+09
0.1925 2.83501e+06 1.87254e+09
0.195 2.94043e+06 1.94156e+09
0.1975 3.05388e+06 2.01588e+09
0.2 3.1766e+06 2.09632e+09
0.2025 3.31012e+06 2.18388e+09
0.205 3.45635e+06 2.27985e+09
0.2075 3.61773e+06 2.38582e+09
0.21 3.79738e+06 2.50388e+09
0.2125 3.99945e+06 2.63677e+09
0.215 4.22954e+06 2.78823e+09
0.2175 4.49549e+06 2.96345e+09
0.22 4.80862e+06 3.16998e+09
0.2225 5.18611e+06 3.41928e+09
0.225 5.65557e+06 3.72978e+09
0.2275 6.26514e+06 4.13375e+09
0.23 7.10872e+06 4.69428e+09
0.2325 8.40394e+06 5.55841e+09
0.235 1.0828e+07 7.18678e+09
0.2375 1.9559e+07 1.22263e+10
0.24 4.30126e+14 4.30089e+14
0.2425 1.21442e+07 7.37587e+09
0.245 4.01817e+06 2.24158e+09
0.2475 1.62795e+06 6.82284e+08
