TITLE="Graphics"
VARIABLES= "rj, cm", "F", "dT/dt" 
0 0.000137948 23.6355
0.0025 0.000137426 23.5233
0.005 0.000135974 23.2127
0.0075 0.000133436 22.6762
0.01 0.000129821 21.924
0.0125 0.000125129 20.9686
0.015 0.000119371 19.8245
0.0175 0.000112566 18.5092
0.02 0.000104756 17.0431
0.0225 9.60012e-05 15.4493
0.025 8.63803e-05 13.7534
0.0275 7.59935e-05 11.9834
0.03 6.49909e-05 10.1691
0.0325 5.3675e-05 8.34183
0.035 4.24915e-05 6.53292
0.0375 2.91916e-05 4.77215
0.04 0.000710296 3.09906
0.0425 0.653024 1.74468
0.045 0.998734 102.69
0.0475 1.34217 59.0762
0.04775 1.38778e-17 1.82718e-08
0.05 0.566968 12.1627
0.0525 0.528859 9.07736
0.055 0.452695 6.97918
0.0575 0.37939 5.56979
0.06 0.318116 4.58172
0.0625 0.268659 3.85329
0.065 0.228853 3.29172
0.0675 0.19656 2.84307
0.07 0.170075 2.47483
0.0725 0.148114 2.16651
0.075 0.129724 1.90457
0.0775 0.114192 1.67962
0.08 0.100972 1.48488
0.0825 0.0896481 1.31528
0.085 0.0798903 1.16687
0.0875 0.0714384 1.03653
0.09 0.0640825 0.921743
0.0925 0.0576538 0.820409
0.095 0.052012 0.730785
0.0975 0.0470434 0.651394
0.1 0.0426523 0.580976
0.1025 0.0387602 0.518448
0.105 0.0353012 0.462873
0.1075 0.032258 0.413444
0.11 0.0294057 0.369557
0.1125 0.0269783 0.330355
0.115 0.0247588 0.295412
0.1175 0.0227601 0.264251
0.12 0.0209558 0.236449
0.1225 0.019325 0.211631
0.125 0.0178481 0.189465
0.1275 0.0165073 0.169658
0.13 0.0152885 0.151949
0.1325 0.0141775 0.136106
0.135 0.0131619 0.121921
0.1375 0.0122318 0.109202
0.14 0.0108478 0.097775
0.1425 0.0121399 0.0873416
0.145 0.0108159 0.0782087
0.1475 0.0101046 0.0700864
0.15 0.00945386 0.062852
0.1525 0.00885572 0.0564035
0.155 0.00830511 0.0506543
0.1575 0.00779701 0.0455298
0.16 0.00732765 0.0409649
0.1625 0.00689282 0.0369024
0.165 0.00649017 0.0332916
0.1675 0.00611639 0.0300874
0.17 0.00576904 0.0272497
0.1725 0.00544594 0.0247424
0.175 0.00514549 0.0225333
0.1775 0.00486506 0.0205935
0.18 0.00460376 0.0188969
0.1825 0.00435964 0.0174201
0.185 0.00413165 0.0161422
0.1875 0.00391829 0.0150446
0.19 0.00371976 0.0141108
0.1925 0.00353308 0.0133266
0.195 0.00335859 0.0126796
0.1975 0.00319619 0.0121596
0.2 0.00304319 0.0117582
0.2025 0.00290107 0.0114693
0.205 0.00276753 0.0112884
0.2075 0.00264262 0.0112129
0.21 0.00252549 0.0112416
0.2125 0.00241504 0.011374
0.215 0.00230942 0.0116096
0.2175 0.00220887 0.0119465
0.22 0.00210929 0.0123796
0.2225 0.00200997 0.0128978
0.225 0.00200128 0.0134807
0.2275 0.00151206 0.014114
0.23 0.00149831 0.0146723
0.2325 0.00137239 0.0150975
0.235 1.1166e+06 0.0152765
0.2375 4.24687e+06 2.03549e+06
0.24 1.09656e+06 0.0142476
0.2425 0.000673325 0.0126202
0.245 0.00045299 0.00990202
0.2475 0.000226087 0.00579766
