TITLE="Graphics"
VARIABLES= "rj, cm", "F", "dT/dt" 
0 1.82959e-09 1.25251e-07
0.0025 1.84059e-09 1.24061e-07
0.005 1.83422e-09 1.20716e-07
0.0075 1.70984e-09 1.14944e-07
0.01 1.63835e-09 1.07083e-07
0.0125 1.46773e-09 9.725e-08
0.015 1.36391e-09 8.59031e-08
0.0175 1.15151e-09 7.32756e-08
0.02 9.7103e-10 5.9868e-08
0.0225 8.1812e-10 4.60108e-08
0.025 5.94112e-10 3.21296e-08
0.0275 6.05285e-10 1.85707e-08
0.03 1.49098e-09 5.16958e-09
0.0325 1.84037e-06 1.07247e-08
0.035 4.50711e-05 3.01531e-07
0.0375 0.000237815 2.72509e-06
0.04 0.000530446 2.55491e-06
0.0425 0.000126896 3.46796e-06
0.045 0.000169639 1.04125e-05
0.0475 0.000519159 3.08149e-05
0.0475003 3.97599e-15 5.26811e-11
0.05 5.79311 0.577993
0.0525 5.33689 0.707984
0.055 5.77521 0.773258
0.0575 5.88404 0.795939
0.06 5.7847 0.788023
0.0625 5.54547 0.757015
0.065 5.20851 0.708069
0.0675 4.80176 0.644957
0.07 4.34468 0.570567
0.0725 3.85148 0.487194
0.075 3.3328 0.396706
0.0775 2.79693 0.300658
0.08 2.25039 0.200364
0.0825 1.69848 0.0969525
0.085 1.14552 0.00859777
0.0875 0.595114 0.115431
0.09 0.0502808 0.222794
0.0925 0.48642 0.330017
0.095 1.01281 0.436506
0.0975 1.52701 0.541729
0.1 2.02743 0.645208
0.1025 2.51268 0.746518
0.105 2.98156 0.845273
0.1075 3.43305 0.941131
0.11 3.86628 1.03378
0.1125 4.28048 1.12295
0.115 4.67502 1.20839
0.1175 5.04937 1.28988
0.12 5.40308 1.36724
0.1225 5.73579 1.44028
0.125 6.04723 1.50887
0.1275 6.33719 1.57287
0.13 6.60551 1.63219
0.1325 6.8521 1.68674
0.135 7.07695 1.73644
0.1375 7.28006 1.78125
0.14 7.46151 1.82112
0.1425 7.6214 1.85604
0.145 7.75989 1.886
0.1475 7.87717 1.91101
0.15 7.97348 1.93108
0.1525 8.04907 1.94624
0.155 8.10425 1.95655
0.1575 8.13933 1.96206
0.16 8.15468 1.96283
0.1625 8.15067 1.95894
0.165 8.12772 1.95048
0.1675 8.08625 1.93755
0.17 8.02673 1.92024
0.1725 7.94961 1.89868
0.175 7.85541 1.87298
0.1775 7.74462 1.84328
0.18 7.61777 1.8097
0.1825 7.47542 1.7724
0.185 7.31811 1.73153
0.1875 7.14643 1.68723
0.19 6.96095 1.63967
0.1925 6.76226 1.58902
0.195 6.55098 1.53544
0.1975 6.32771 1.47912
0.2 6.09308 1.42022
0.2025 5.84771 1.35895
0.205 5.59225 1.29547
0.2075 5.32731 1.22998
0.21 5.05356 1.16268
0.2125 4.77164 1.09375
0.215 4.48218 1.0234
0.2175 4.18585 0.951813
0.22 3.88329 0.879197
0.2225 3.57515 0.805749
0.225 3.26208 0.73167
0.2275 2.94473 0.65716
0.23 2.62373 0.58242
0.2325 2.29972 0.50765
0.235 1.97335 0.433048
0.2375 1.12262e+06 0.358815
0.24 2.22833e+06 1635.97
0.2425 1.10263e+06 0.212237
0.245 0.656676 0.140282
0.2475 0.32778 0.0694734
