TITLE="Graphics"
VARIABLES= "rj, cm", "F", "dT/dt" 
0 1.12627e-05 19.1846
0.0025 1.12136e-05 19.0907
0.005 1.10773e-05 18.8309
0.0075 1.0842e-05 18.3828
0.01 1.05129e-05 17.7558
0.0125 1.00987e-05 16.9611
0.015 9.61614e-06 16.0118
0.0175 9.10183e-06 14.9225
0.02 8.64928e-06 13.7079
0.0225 8.50849e-06 12.3794
0.025 9.25329e-06 10.9343
0.0275 1.15458e-05 9.33204
0.03 1.34465e-05 7.46856
0.0325 3.01352e-06 5.27227
0.035 3.99274e-05 3.24997
0.0375 8.34486e-05 3.35725
0.04 0.000691975 7.35637
0.0425 22.4995 13.68
0.045 47939 47822.5
0.0475 881130 754954
0.04775 5.55112e-17 8.97476e-06
0.05 42.581 10.2067
0.0525 26.445 5.32462
0.055 21.5725 5.07359
0.0575 17.9387 4.7627
0.06 15.104 4.42793
0.0625 12.8396 4.10168
0.065 11.0007 3.8044
0.0675 9.48898 3.536
0.07 8.23371 3.29482
0.0725 7.18265 3.07807
0.075 6.2962 2.88241
0.0775 5.54365 2.70545
0.08 4.90142 2.54417
0.0825 4.34992 2.39702
0.085 3.87432 2.26194
0.0875 3.46225 2.13751
0.09 3.10375 2.02248
0.0925 2.79061 1.9158
0.095 2.51609 1.81657
0.0975 2.27458 1.72401
0.1 2.06143 1.63746
0.1025 1.87271 1.55634
0.105 1.70513 1.48015
0.1075 1.5559 1.40847
0.11 1.42267 1.34089
0.1125 1.30341 1.27709
0.115 1.19639 1.21677
0.1175 1.10015 1.15965
0.12 1.0134 1.10551
0.1225 0.935038 1.05412
0.125 0.86411 1.00531
0.1275 0.799784 0.958878
0.13 0.741336 0.914687
0.1325 0.688133 0.872587
0.135 0.63962 0.832448
0.1375 0.595307 0.794152
0.14 0.554769 0.757587
0.1425 0.517623 0.722653
0.145 0.483536 0.689256
0.1475 0.452208 0.65731
0.15 0.423379 0.626735
0.1525 0.39681 0.597456
0.155 0.372293 0.569404
0.1575 0.349641 0.542515
0.16 0.328687 0.516727
0.1625 0.309278 0.491985
0.165 0.291281 0.468234
0.1675 0.274575 0.445426
0.17 0.259049 0.423514
0.1725 0.244606 0.402451
0.175 0.231155 0.382197
0.1775 0.218616 0.362713
0.18 0.206916 0.34396
0.1825 0.195988 0.325903
0.185 0.185772 0.308507
0.1875 0.176213 0.291741
0.19 0.167261 0.275574
0.1925 0.15887 0.259976
0.195 0.151 0.244919
0.1975 0.14361 0.230375
0.2 0.136667 0.21632
0.2025 0.130138 0.202726
0.205 1.05819e+06 0.189571
0.2075 2.25921e+07 2.04956e+07
0.21 1.03706e+06 0.16448
0.2125 0.107616 0.152502
0.215 0.102765 0.140873
0.2175 0.0981841 0.129577
0.22 0.0938558 0.118601
0.2225 0.0897641 0.107938
0.225 0.0858934 0.0975876
0.2275 0.0822307 0.0875673
0.23 0.0787625 0.0779107
0.2325 0.0754773 0.0686757
0.235 0.0723646 0.0599546
0.2375 0.0694135 0.0518731
0.24 0.0666156 0.0446025
0.2425 0.0639593 0.0383541
0.245 0.0614024 0.0333615
0.2475 0.0575837 0.0292273
