TITLE="Graphics"
VARIABLES= "rj, cm", "F", "dT/dt" 
0 0.000355895 18.9152
0.0025 0.000354338 18.8225
0.005 0.000350034 18.5661
0.0075 0.00034262 18.1236
0.01 0.000332317 17.5044
0.0125 0.000319528 16.7195
0.015 0.000305117 15.7814
0.0175 0.000291088 14.7036
0.02 0.000281997 13.498
0.0225 0.000286277 12.1692
0.025 0.00031091 10.7042
0.0275 0.000330098 9.06469
0.03 0.000214715 7.22643
0.0325 0.000269413 5.36173
0.035 0.00104254 4.15345
0.0375 0.000911947 4.62393
0.04 0.011492 6.37191
0.0425 0.518545 5.73987
0.045 1.09731 106.484
0.0475 11.4709 58.3679
0.04775 4.16334e-17 1.92344e-08
0.05 2.27098 6.77517
0.0525 1.87357 4.28918
0.055 1.52891 2.90795
0.0575 1.25522 2.03105
0.06 1.05424 1.41109
0.0625 0.897435 0.947522
0.065 0.771025 0.591101
0.0675 0.666972 0.313241
0.07 0.58018 0.0951061
0.0725 0.507125 0.0767069
0.075 0.445209 0.212148
0.0775 0.392435 0.318783
0.08 0.347226 0.402451
0.0825 0.308319 0.467705
0.085 0.274695 0.518127
0.0875 0.245517 0.556553
0.09 0.220104 0.585241
0.0925 0.19789 0.606001
0.095 0.178406 0.620287
0.0975 0.161261 0.629277
0.1 0.146127 0.633925
0.1025 0.132729 0.635008
0.105 0.120833 0.633163
0.1075 0.110242 0.628911
0.11 0.100789 0.622682
0.1125 0.0923296 0.614831
0.115 0.0847411 0.605651
0.1175 0.0779187 0.595387
0.12 0.0717705 0.584242
0.1225 0.0662188 0.572386
0.125 0.0611951 0.55996
0.1275 0.0566395 0.547085
0.13 0.0525016 0.53386
0.1325 0.0487358 0.52037
0.135 0.0453022 0.506686
0.1375 0.0421664 0.492866
0.14 0.0392983 0.478963
0.1425 0.0366695 0.465019
0.145 0.034259 0.45107
0.1475 0.0320418 0.437146
0.15 0.0300029 0.423274
0.1525 904371 0.409475
0.155 2.39634e+06 608656
0.1575 882275 0.382164
0.16 0.0233034 0.368682
0.1625 0.0219304 0.355329
0.165 0.0206563 0.342115
0.1675 0.0194744 0.329047
0.17 0.0183755 0.316131
0.1725 0.0173527 0.303372
0.175 0.0164005 0.290772
0.1775 0.0155128 0.278335
0.18 0.0146841 0.266063
0.1825 0.0139101 0.253958
0.185 0.0131862 0.24202
0.1875 0.0125086 0.230249
0.19 0.0118746 0.218646
0.1925 0.0112796 0.207211
0.195 0.0107209 0.195942
0.1975 0.0101974 0.184839
0.2 0.00970379 0.1739
0.2025 0.009241 0.163126
0.205 0.00880465 0.152513
0.2075 0.0083938 0.142061
0.21 0.00800691 0.131769
0.2125 0.00764252 0.121633
0.215 0.00729859 0.111653
0.2175 0.00697389 0.101825
0.22 0.00666664 0.0921464
0.2225 0.00637301 0.0826161
0.225 0.00608847 0.0732332
0.2275 0.00580511 0.064001
0.23 0.00550995 0.0549305
0.2325 0.00518522 0.0460471
0.235 0.00480409 0.0374001
0.2375 0.00433575 0.0290767
0.24 0.00374505 0.0212187
0.2425 0.00300345 0.0140402
0.245 0.00210551 0.00784156
0.2475 0.00107962 0.00300989
