TITLE="Graphics"
VARIABLES= "rj, cm", "F", "dT/dt" 
0 7.62365e-06 3.13908e-07
0.0025 3.35249e-06 3.34177e-07
0.005 5.49975e-06 3.27728e-07
0.0075 1.62289e-05 8.27593e-08
0.01 4.70275e-06 2.73615e-08
0.0125 1.16762e-07 2.25278e-09
0.015 1.24792e-09 4.08998e-09
0.0175 1.89464e-09 7.58009e-09
0.02 1.90868e-09 8.61306e-09
0.0225 1.69365e-09 7.74699e-09
0.025 1.17914e-09 5.56644e-09
0.0275 6.68813e-10 2.73737e-09
0.03 7.70247e-08 2.01671e-10
0.0325 2.20578e-06 1.77509e-08
0.035 6.96314e-06 9.46451e-08
0.0375 2.07307e-05 1.84456e-07
0.04 2.54254e-06 1.03449e-07
0.0425 8.55634e-06 2.18347e-07
0.045 0.000125893 1.4673e-06
0.0475 0.00023595 3.68481e-06
0.0475003 2.01228e-16 1.72578e-10
0.05 3.93025 1.87256
0.0525 6.20374 2.57178
0.055 7.94257 3.10401
0.0575 9.53249 3.53423
0.06 11.0248 3.89369
0.0625 12.4446 4.20006
0.065 13.8054 4.46447
0.0675 15.1147 4.69446
0.07 16.3767 4.89544
0.0725 17.5938 5.07147
0.075 18.767 5.22566
0.0775 19.8968 5.36048
0.08 20.9831 5.47792
0.0825 22.0255 5.57964
0.085 23.0236 5.667
0.0875 23.9765 5.74116
0.09 545590 5.80312
0.0925 1.07779e+06 330.595
0.095 530986 5.89372
0.0975 27.323 5.92377
0.1 28.0399 5.94446
0.1025 28.7076 5.95629
0.105 29.3257 5.95974
0.1075 29.8938 5.95524
0.11 30.4115 5.94316
0.1125 30.8786 5.92386
0.115 31.2948 5.89768
0.1175 31.6601 5.8649
0.12 31.9745 5.82582
0.1225 32.2381 5.78071
0.125 32.4509 5.72982
0.1275 32.6134 5.6734
0.13 32.7257 5.61166
0.1325 32.7883 5.54484
0.135 32.8016 5.47315
0.1375 32.7663 5.3968
0.14 32.683 5.31598
0.1425 32.5523 5.23091
0.145 32.375 5.14176
0.1475 32.152 5.04873
0.15 31.8842 4.95201
0.1525 31.5725 4.85177
0.155 31.218 4.74821
0.1575 30.8217 4.6415
0.16 30.3848 4.53182
0.1625 29.9084 4.41934
0.165 29.3939 4.30425
0.1675 28.8424 4.18671
0.17 28.2554 4.0669
0.1725 27.6342 3.94499
0.175 26.9801 3.82115
0.1775 26.2948 3.69556
0.18 25.5795 3.56837
0.1825 24.8358 3.43976
0.185 24.0654 3.3099
0.1875 23.2696 3.17894
0.19 22.4502 3.04707
0.1925 21.6088 2.91443
0.195 20.7469 2.78119
0.1975 19.8662 2.64751
0.2 18.9684 2.51355
0.2025 18.0552 2.37947
0.205 17.1281 2.24542
0.2075 16.189 2.11156
0.21 15.2395 1.97803
0.2125 14.2813 1.84498
0.215 13.3161 1.71257
0.2175 12.3456 1.58093
0.22 11.3715 1.45021
0.2225 10.3954 1.32054
0.225 9.41911 1.19206
0.2275 8.44418 1.0649
0.23 7.47231 0.939191
0.2325 6.50512 0.815059
0.235 5.54424 0.692624
0.2375 4.59128 0.572005
0.24 3.64781 0.453316
0.2425 2.7154 0.336667
0.245 1.79559 0.222165
0.2475 0.889883 0.10991
