TITLE="Graphics"
VARIABLES= "rj, cm", "F", "dT/dt" 
0 2.0947e-06 3.39904e-06
0.0025 2.06834e-06 3.35644e-06
0.005 2.00917e-06 3.23942e-06
0.0075 1.90986e-06 3.0402e-06
0.01 1.77403e-06 2.76714e-06
0.0125 1.6069e-06 2.43071e-06
0.015 1.41268e-06 2.04326e-06
0.0175 1.1943e-06 1.6188e-06
0.02 9.50936e-07 1.17288e-06
0.0225 6.77462e-07 7.22798e-07
0.025 3.64161e-07 2.88203e-07
0.0275 2.8758e-06 1.07897e-07
0.03 0.000102305 6.51649e-07
0.0325 0.000317569 2.25657e-06
0.035 2.89238e-06 1.50137e-06
0.0375 0.000250658 4.20604e-07
0.04 0.000495076 1.62032e-05
0.0425 0.00501013 2.56623e-05
0.045 0.000650714 1.83126e-05
0.0475 0.0100914 6.18557e-05
0.0475003 8.53484e-16 8.9041e-12
0.05 0.823574 0.0972971
0.0525 1.97262 0.134649
0.055 2.59831 0.163549
0.0575 3.16123 0.187339
0.06 3.66734 0.207609
0.0625 4.12072 0.22525
0.065 4.52482 0.240816
0.0675 4.88275 0.254678
0.07 5.19741 0.267101
0.0725 5.4715 0.27828
0.075 5.70757 0.288362
0.0775 5.90804 0.297465
0.08 6.07525 0.305681
0.0825 6.21126 0.313085
0.085 6.31866 0.319739
0.0875 6.39935 0.325695
0.09 6.45524 0.330996
0.0925 6.48813 0.335679
0.095 6.4997 0.339775
0.0975 6.49154 0.343311
0.1 6.46514 0.346313
0.1025 6.42195 0.348799
0.105 6.3633 0.350789
0.1075 6.29048 0.352301
0.11 6.20472 0.353347
0.1125 6.10717 0.353943
0.115 5.99895 0.354101
0.1175 5.88112 0.353833
0.12 5.75468 0.35315
0.1225 5.62059 0.352061
0.125 5.47978 0.350578
0.1275 5.33312 0.34871
0.13 5.18143 0.346466
0.1325 5.02552 0.343856
0.135 4.86613 0.340889
0.1375 4.70398 0.337573
0.14 4.53975 0.333918
0.1425 4.37408 0.329933
0.145 4.20757 0.325628
0.1475 4.0408 0.321011
0.15 3.8743 0.316092
0.1525 3.70858 0.31088
0.155 3.5441 0.305386
0.1575 3.3813 0.29962
0.16 3.22058 0.293591
0.1625 3.06233 0.28731
0.165 2.90686 0.280787
0.1675 2.75451 0.274033
0.17 2.60555 0.26706
0.1725 2.46023 0.259878
0.175 2.31876 0.252499
0.1775 2.18136 0.244934
0.18 2.04818 0.237195
0.1825 1.91936 0.229294
0.185 1.79502 0.221243
0.1875 1.67524 0.213054
0.19 1.56008 0.204739
0.1925 1.44959 0.196311
0.195 1.34378 0.187782
0.1975 1.24264 0.179166
0.2 1.14614 0.170474
0.2025 1.05425 0.161719
0.205 0.966879 0.152915
0.2075 0.883953 0.144073
0.21 0.805363 0.135207
0.2125 0.730991 0.126329
0.215 0.660698 0.117451
0.2175 0.594334 0.108587
0.22 1.0887e+06 0.0997491
0.2225 2.15511e+06 50.7193
0.225 1.06811e+06 0.0821993
0.2275 0.364679 0.0735118
0.23 0.315248 0.0648984
0.2325 0.268587 0.0563707
0.235 0.224475 0.0479401
0.2375 0.182679 0.0396178
0.24 0.142962 0.0314146
0.2425 0.105086 0.0233412
0.245 0.0688053 0.0154076
0.2475 0.0338767 0.00762406
