TITLE="Graphics"
VARIABLES= "rj, cm", "F", "dT/dt" 
0 739.445 26.7991
0.0025 9699.41 9418.01
0.005 69.313 26.3345
0.0075 0.00942751 25.7441
0.01 0.00920941 24.9146
0.0125 0.00892124 23.8579
0.015 0.00856007 22.5885
0.0175 0.00812374 21.1236
0.02 0.00761171 19.4841
0.0225 0.00702569 17.694
0.025 0.00636977 15.7807
0.0275 0.00564958 13.7746
0.03 0.00487148 11.7088
0.0325 0.00404804 9.61871
0.035 0.00320404 7.54132
0.0375 0.00224901 5.51352
0.04 0.00758703 3.57899
0.0425 26.2721 1.59107
0.045 65932.6 97.29
0.0475 772534 55.6005
0.04775 6.93889e-17 1.7313e-08
0.05 35.1062 11.389
0.0525 32.0798 8.65893
0.055 27.208 6.73248
0.0575 22.8975 5.35741
0.06 19.3919 4.33471
0.0625 16.5629 3.54747
0.065 14.2566 2.92658
0.0675 12.3524 2.42876
0.07 10.762 2.02505
0.0725 9.42135 1.69503
0.075 8.28254 1.42361
0.0775 7.30917 1.19934
0.08 6.47283 1.01331
0.0825 5.75094 0.858481
0.085 5.12528 0.729231
0.0875 4.58103 0.621036
0.09 4.10596 0.530226
0.0925 3.68995 0.453812
0.095 3.32455 0.389349
0.0975 3.00268 0.33483
0.1 2.71837 0.288602
0.1025 2.46657 0.249302
0.105 2.24301 0.215802
0.1075 2.04404 0.187166
0.11 1.86652 0.16262
0.1125 1.7078 0.141518
0.115 1.56555 0.123324
0.1175 1.43781 0.10759
0.12 1.32285 0.0939423
0.1225 1.21918 0.0820702
0.125 1.12552 0.0717125
0.1275 1.04072 0.0626508
0.13 0.963818 0.0547022
0.1325 0.89394 0.0477129
0.135 0.830336 0.0415539
0.1375 0.772342 0.0361165
0.14 0.719374 0.0313089
0.1425 0.670917 0.0270535
0.145 0.626516 0.0232848
0.1475 0.585769 0.019947
0.15 0.548319 0.0169925
0.1525 0.513848 0.0143808
0.155 0.482075 0.0120771
0.1575 0.452747 0.0100514
0.16 0.425641 0.0082778
0.1625 0.400554 0.00673387
0.165 0.377309 0.00539995
0.1675 0.355741 0.00425884
0.17 0.335708 0.00329534
0.1725 0.317077 0.00249597
0.175 0.299732 0.00184873
0.1775 0.283565 0.00134283
0.18 0.268482 0.000968512
0.1825 0.254395 0.000716934
0.185 0.241224 0.000580038
0.1875 0.228901 0.000550389
0.19 0.217358 0.000621194
0.1925 0.206536 0.000786138
0.195 0.196386 0.00103937
0.1975 0.186852 0.00137553
0.2 0.177896 0.0017896
0.2025 0.169471 0.00227693
0.205 0.161541 0.00283322
0.2075 0.154064 0.00345437
0.21 0.147001 0.00413636
0.2125 0.140307 0.00487497
0.215 0.133928 0.00566533
0.2175 0.127797 0.00650117
0.22 0.121833 0.00737369
0.2225 0.115919 0.00826984
0.225 0.109914 0.00916989
0.2275 0.10363 0.0100441
0.23 0.0968369 0.0108481
0.2325 0.0892661 0.0115176
0.235 0.0806263 0.0119616
0.2375 0.0706358 0.0120555
0.24 0.0590878 0.0116346
0.2425 0.0459221 0.0104899
0.245 0.0313201 0.00836751
0.2475 0.0157564 0.00497596
