TITLE="Graphics"
VARIABLES= "rj, cm", "F", "dT/dt" 
0 0.000710504 18.877
0.0025 0.000707399 18.7844
0.005 0.000698809 18.5284
0.0075 0.000684022 18.0867
0.01 0.000663497 17.4687
0.0125 0.000638092 16.6851
0.015 0.000609657 15.7486
0.0175 0.000582442 14.6723
0.02 0.000565769 13.4676
0.0225 0.000575622 12.1383
0.025 0.000621024 10.6708
0.0275 0.000639632 9.02972
0.03 0.000373096 7.20488
0.0325 0.000585903 5.39208
0.035 0.00196423 4.26237
0.0375 0.00150122 4.71298
0.04 0.0119151 6.20615
0.0425 0.547321 5.30782
0.045 1.37282 107.169
0.0475 127.35 42.7841
0.04775 4.85723e-17 1.97114e-08
0.05 5.31477 2.72113
0.0525 4.02114 1.02255
0.055 3.13817 0.36129
0.0575 2.56697 0.00325079
0.06 2.15525 0.250919
0.0625 1.83495 0.432628
0.065 1.57591 0.568589
0.0675 1.36235 0.670276
0.07 1.18429 0.745623
0.0725 1.03464 0.800515
0.075 0.908042 0.839423
0.0775 0.800319 0.865773
0.08 0.708174 0.882213
0.0825 0.628962 0.890803
0.085 0.560552 0.893152
0.0875 0.501214 0.890533
0.09 0.449535 0.883956
0.0925 0.404356 0.874233
0.095 0.364718 0.862014
0.0975 0.329823 0.847826
0.1 0.299005 0.832096
0.1025 0.271706 0.815174
0.105 0.247454 0.797342
0.1075 0.225849 0.778833
0.11 0.206552 0.759837
0.1125 0.189274 0.740509
0.115 0.173765 0.720978
0.1175 0.159813 0.701348
0.12 0.147235 0.681705
0.1225 0.13587 0.662119
0.125 0.125581 0.642646
0.1275 0.116248 0.623333
0.13 0.107767 0.604216
0.1325 0.100046 0.585326
0.135 0.0930043 0.566687
0.1375 0.0865716 0.548315
0.14 0.0806855 0.530226
0.1425 0.0752924 0.51243
0.145 0.0703422 0.494934
0.1475 0.0657922 0.477742
0.15 0.061605 0.460859
0.1525 0.0577453 0.444284
0.155 0.0541838 0.428018
0.1575 0.0508928 0.412059
0.16 0.047848 0.396404
0.1625 0.0450273 0.38105
0.165 0.0424121 0.365994
0.1675 0.0399839 0.351231
0.17 0.0377265 0.336757
0.1725 0.035627 0.322565
0.175 0.033671 0.308651
0.1775 0.0318475 0.29501
0.18 0.0301454 0.281636
0.1825 0.028556 0.268524
0.185 0.0270691 0.255667
0.1875 0.0256779 0.243062
0.19 0.0243749 0.230701
0.1925 0.0231524 0.218579
0.195 0.0220061 0.206692
0.1975 0.020929 0.195035
0.2 0.0199168 0.183601
0.2025 0.018965 0.172387
0.205 0.0180683 0.161388
0.2075 0.0172248 0.150598
0.21 1.06925e+06 0.140014
0.2125 2.4402e+06 321332
0.215 1.04829e+06 0.119442
0.2175 0.0143173 0.109444
0.22 0.0136995 0.099629
0.2225 0.0131239 0.0899896
0.225 0.0125871 0.0805152
0.2275 0.0120864 0.071194
0.23 0.0116057 0.0620128
0.2325 0.0111181 0.052961
0.235 0.01057 0.044038
0.2375 0.00986986 0.035268
0.24 0.00889109 0.0267241
0.2425 0.00747439 0.0185632
0.245 0.00548672 0.0110682
0.2475 0.002918 0.00468086
