TITLE="Graphics"
VARIABLES= "rj, cm", "F", "dT/dt" 
0 0.000276 23.6464
0.0025 0.000274955 23.5341
0.005 0.00027205 23.2234
0.0075 0.000266976 22.6867
0.01 0.000259744 21.9343
0.0125 0.000250362 20.9785
0.015 0.000238844 19.8339
0.0175 0.000225234 18.5181
0.02 0.000209611 17.0514
0.0225 0.000192097 15.4569
0.025 0.000172851 13.7603
0.0275 0.000152071 11.9894
0.03 0.000130053 10.1743
0.0325 0.000107402 8.34607
0.035 8.51153e-05 6.53628
0.0375 5.8739e-05 4.77445
0.04 0.000116119 3.09885
0.0425 0.0562865 1.8311
0.045 3.10903 103.962
0.0475 24928.1 11253.8
0.04775 1.38778e-17 2.02104e-08
0.05 2.87457 13.943
0.0525 0.804803 7.72037
0.055 0.937871 5.69292
0.0575 0.818783 4.48832
0.06 0.686897 3.61414
0.0625 0.579961 2.957
0.065 0.494934 2.45666
0.0675 0.42628 2.07119
0.07 0.369929 1.77043
0.0725 0.323056 1.53267
0.075 0.283646 1.34217
0.0775 0.250223 1.18749
0.08 0.221667 1.06025
0.0825 0.197116 0.954228
0.085 0.175893 0.864802
0.0875 0.157456 0.788493
0.09 0.14137 0.722668
0.0925 0.12728 0.665319
0.095 0.114895 0.614897
0.0975 0.103971 0.570204
0.1 0.0943068 0.530298
0.1025 0.0857318 0.494437
0.105 0.0781035 0.462027
0.1075 0.0713 0.43259
0.11 0.0652181 0.405736
0.1125 0.0597685 0.381143
0.115 0.0548755 0.358543
0.1175 0.0504665 0.337707
0.12 0.0464777 0.318448
0.1225 0.0428854 0.300621
0.125 0.0396361 0.284084
0.1275 0.0366883 0.268711
0.13 0.0340079 0.254392
0.1325 0.0315679 0.241031
0.135 0.0293414 0.228543
0.1375 0.0273074 0.216854
0.14 0.0254475 0.205899
0.1425 0.0237485 0.195618
0.145 0.0222042 0.185951
0.1475 0.0208103 0.176829
0.15 0.0195074 0.168164
0.1525 0.0181313 0.159897
0.155 0.0170329 0.152163
0.1575 0.0160389 0.144898
0.16 0.0150966 0.138021
0.1625 0.0142103 0.131487
0.165 0.0133856 0.125268
0.1675 0.0126175 0.11934
0.17 0.0119062 0.113685
0.1725 0.0112429 0.108285
0.175 0.0106257 0.103122
0.1775 0.010049 0.0981822
0.18 0.00951271 0.0934514
0.1825 0.00900853 0.0889169
0.185 0.00853908 0.0845686
0.1875 0.00809724 0.0803962
0.19 1.0219e+06 0.0763921
0.1925 3.01174e+06 988288
0.195 1.00032e+06 0.0688613
0.1975 0.00658678 0.0653233
0.2 0.00626386 0.0619317
0.2025 0.00595987 0.0586823
0.205 0.00567267 0.0555727
0.2075 0.00540342 0.0526003
0.21 0.00514868 0.0497621
0.2125 0.00490904 0.0470558
0.215 0.00468258 0.0444791
0.2175 0.00446849 0.0420293
0.22 0.00426255 0.0397045
0.2225 0.00406084 0.0375064
0.225 0.00385861 0.035442
0.2275 0.00366333 0.0335289
0.23 0.00349171 0.0317865
0.2325 0.00328208 0.0302197
0.235 0.0030825 0.0288762
0.2375 0.00300695 0.0278001
0.24 0.00335966 0.0269286
0.2425 0.00485281 0.0258194
0.245 0.00834091 0.0230171
0.2475 0.0113845 0.0153153
