TITLE="Graphics"
VARIABLES= "rj, cm", "F", "dT/dt" 
0 0.000734202 19.5851
0.0025 0.00073101 19.4895
0.005 0.000722172 19.2249
0.0075 0.000706868 18.7685
0.01 0.000685356 18.1297
0.0125 0.000658019 17.3202
0.015 0.000625513 16.3533
0.0175 0.000589054 15.2448
0.02 0.000550988 14.0113
0.0225 0.000516393 12.6699
0.025 0.000500456 11.2341
0.0275 0.000566042 9.7045
0.03 0.000952546 8.02509
0.0325 0.00206909 5.91839
0.035 0.00194822 2.61442
0.0375 0.0113967 1.66714
0.04 0.114719 2.90944
0.0425 30.3239 29.82
0.045 72075.8 91.1064
0.0475 773737 52.1936
0.04775 1.45717e-16 1.50133e-08
0.05 3.43101 7.42082
0.0525 2.92555 5.77955
0.055 2.38114 4.90976
0.0575 1.96332 4.40134
0.06 1.64966 4.07524
0.0625 1.40639 3.85716
0.065 1.21059 3.71267
0.0675 1.04792 3.62227
0.07 0.920747 3.57207
0.0725 0.804437 3.55796
0.075 0.706311 3.57044
0.0775 0.622184 3.60279
0.08 0.549562 3.6497
0.0825 0.486545 3.70686
0.085 0.431633 3.77073
0.0875 0.383615 3.83843
0.09 0.341492 3.90756
0.0925 0.304439 3.9762
0.095 0.271761 4.04279
0.0975 0.242874 4.10605
0.1 0.217282 4.165
0.1025 0.194563 4.21885
0.105 0.174355 4.26699
0.1075 0.156351 4.30898
0.11 0.140282 4.34449
0.1125 0.125919 4.3733
0.115 0.113063 4.39529
0.1175 0.101541 4.41039
0.12 0.0912019 4.4186
0.1225 0.0819154 4.41998
0.125 0.0735654 4.41462
0.1275 0.0660514 4.40264
0.13 0.0592862 4.3842
0.1325 0.0531904 4.35947
0.135 0.0476955 4.32863
0.1375 0.0427422 4.2919
0.14 0.038275 4.24949
0.1425 0.0342474 4.20161
0.145 0.0306167 4.14851
0.1475 0.0273444 4.09041
0.15 0.0243977 4.02755
0.1525 0.0217469 3.96016
0.155 0.0193625 3.88848
0.1575 0.0172223 3.81276
0.16 0.0153054 3.73321
0.1625 0.0135883 3.65008
0.165 0.0120575 3.5636
0.1675 0.0106934 3.474
0.17 0.00948393 3.38149
0.1725 0.00841365 3.2863
0.175 0.00747259 3.18866
0.1775 0.00664704 3.08876
0.18 0.00592997 2.98683
0.1825 0.00530955 2.88306
0.185 0.00477818 2.77765
0.1875 0.00432963 2.67081
0.19 1.02045e+06 2.56272
0.1925 2.33431e+06 316626
0.195 998906 2.34354
0.1975 0.00321264 2.23281
0.2 0.00307566 2.12155
0.2025 0.00298669 2.00993
0.205 0.00294088 1.89811
0.2075 0.00293474 1.78625
0.21 0.00296801 1.6745
0.2125 0.00303209 1.56301
0.215 0.00312971 1.45194
0.2175 0.00325514 1.34141
0.22 0.00340194 1.23158
0.2225 0.00356546 1.12257
0.225 0.00373201 1.01451
0.2275 0.00388881 0.907515
0.23 0.00400982 0.8017
0.2325 0.00406422 0.697149
0.235 0.00401361 0.593922
0.2375 0.00381373 0.492045
0.24 0.00342378 0.391494
0.2425 0.00281932 0.292188
0.245 0.0020061 0.19398
0.2475 0.00103269 0.0966668
