TITLE="Graphics"
VARIABLES= "rj, cm", "F", "dT/dt" 
0 3.47572e-05 23.8691
0.0025 3.4627e-05 23.756
0.005 3.42647e-05 23.443
0.0075 3.36318e-05 22.9022
0.01 3.27288e-05 22.144
0.0125 3.15562e-05 21.1806
0.015 3.01152e-05 20.0268
0.0175 2.84103e-05 18.7
0.02 2.64511e-05 17.2208
0.0225 2.4253e-05 15.6121
0.025 2.18362e-05 13.9
0.0275 1.92236e-05 12.1124
0.03 1.64437e-05 10.2794
0.0325 1.35485e-05 8.43282
0.035 1.06647e-05 6.60501
0.0375 8.4556e-06 4.82711
0.04 0.000246446 3.11831
0.0425 24.5491 2.24544
0.045 51560 101.456
0.0475 773801 59.9886
0.04775 5.55112e-17 1.7741e-08
0.05 0.125411 15.0302
0.0525 0.120463 12.1075
0.055 0.104829 9.79376
0.0575 0.0894496 8.04184
0.06 0.0762831 6.69227
0.0625 0.0653848 5.62768
0.065 0.0563908 4.77091
0.0675 0.0489207 4.07074
0.07 0.0426643 3.49188
0.0725 0.037382 3.00901
0.075 0.0328909 2.60333
0.0775 0.0290494 2.26047
0.08 0.025746 1.96919
0.0825 0.0228924 1.7206
0.085 0.0204163 1.50754
0.0875 0.018259 1.32419
0.09 0.0163694 1.16579
0.0925 0.0146907 1.02835
0.095 0.0130708 0.908325
0.0975 0.0136505 0.801164
0.1 0.00922575 0.725371
0.1025 0.0101236 0.641836
0.105 0.00905242 0.570765
0.1075 0.00822702 0.508699
0.11 0.00750981 0.454124
0.1125 0.00687218 0.405966
0.115 723716 0.363359
0.1175 8.50501e+06 7.07882e+06
0.12 703698 0.292012
0.1225 0.00491286 0.26214
0.125 0.00453704 0.235517
0.1275 0.00419603 0.211758
0.13 0.00388725 0.190532
0.1325 0.00360544 0.171549
0.135 0.00334963 0.15456
0.1375 0.00311508 0.139344
0.14 0.00290132 0.12571
0.1425 0.00270571 0.113488
0.145 0.00252591 0.102531
0.1475 0.00236076 0.0927061
0.15 0.0022093 0.0838983
0.1525 0.00206966 0.0760046
0.155 0.00194033 0.0689341
0.1575 0.0018218 0.0626052
0.16 0.00171168 0.0569461
0.1625 0.00160961 0.051892
0.165 0.00151545 0.0473846
0.1675 0.00142783 0.0433734
0.17 0.00134655 0.0398111
0.1725 0.00127086 0.036656
0.175 0.00120043 0.0338711
0.1775 0.00113523 0.0314226
0.18 0.00107351 0.0292796
0.1825 0.00101685 0.0274147
0.185 0.000963375 0.0258035
0.1875 0.000913467 0.0244232
0.19 0.000866579 0.0232533
0.1925 0.000823162 0.0222755
0.195 0.000782052 0.0214738
0.1975 0.00074339 0.0208317
0.2 0.000707548 0.0203364
0.2025 0.000673355 0.0199751
0.205 0.000641276 0.0197362
0.2075 0.000611175 0.0196085
0.21 0.000582309 0.0195814
0.2125 0.000555327 0.0196436
0.215 0.000528986 0.0197835
0.2175 0.000503437 0.0199857
0.22 0.000478389 0.0202322
0.2225 0.000453541 0.0204983
0.225 0.00042701 0.0207503
0.2275 0.000400237 0.0209417
0.23 0.000371254 0.0210107
0.2325 0.000342283 0.0208774
0.235 0.000221656 0.0204579
0.2375 0.000343097 0.018997
0.24 0.000204516 0.0175081
0.2425 0.000159343 0.0150926
0.245 0.000106922 0.0115443
0.2475 5.20471e-05 0.00660359
