TITLE="Graphics"
VARIABLES= "rj, cm", "F", "dT/dt" 
0 0.0024475 27.1906
0.0025 0.00243999 27.0661
0.005 0.00241901 26.7214
0.0075 0.00238194 26.1249
0.01 0.00232822 25.2867
0.0125 0.00225703 24.2186
0.015 0.00216749 22.9346
0.0175 0.00205889 21.4523
0.02 0.00193095 19.7922
0.0225 0.001784 17.9785
0.025 0.00161918 16.0388
0.0275 0.0014382 14.0037
0.03 0.00124271 11.9065
0.0325 0.00103286 9.78292
0.035 0.000805361 7.67091
0.0375 0.000566822 5.61189
0.04 0.00204253 3.64885
0.0425 27.583 2.04225
0.045 66163.3 95.3646
0.0475 773472 54.912
0.04775 1.45717e-16 1.64966e-08
0.05 6.80032 16.1253
0.0525 6.7249 13.2902
0.055 6.03006 10.8183
0.0575 5.24243 8.86848
0.06 209228 7.34124
0.0625 500387 76169.7
0.065 213922 5.16081
0.0675 2.93717 4.37202
0.07 2.56494 3.7247
0.0725 2.24905 3.18904
0.075 1.97955 2.74272
0.0775 1.7485 2.36862
0.08 1.54949 2.05343
0.0825 1.3774 1.78662
0.085 1.22802 1.55978
0.0875 1.09792 1.36614
0.09 0.984257 1.2002
0.0925 0.88465 1.05747
0.095 0.797119 0.934257
0.0975 0.719988 0.827523
0.1 0.651848 0.734753
0.1025 0.591493 0.653857
0.105 0.537906 0.583093
0.1075 0.490209 0.521007
0.11 0.447659 0.466375
0.1125 0.409611 0.41817
0.115 0.375514 0.375526
0.1175 0.34489 0.337707
0.12 0.317328 0.30409
0.1225 0.292467 0.274144
0.125 0.270001 0.247415
0.1275 0.249658 0.223515
0.13 0.231203 0.202108
0.1325 0.214436 0.182907
0.135 0.199184 0.165662
0.1375 0.185578 0.150161
0.14 0.172148 0.13626
0.1425 0.160835 0.123696
0.145 0.150179 0.112373
0.1475 0.140381 0.102167
0.15 0.131369 0.0929677
0.1525 0.123069 0.0846762
0.155 0.115419 0.0772048
0.1575 0.108355 0.0704759
0.16 0.101826 0.0644201
0.1625 0.0957831 0.0589758
0.165 0.0901844 0.0540879
0.1675 0.08499 0.0497068
0.17 0.0801656 0.0457883
0.1725 0.0756809 0.0422924
0.175 0.0715062 0.0391834
0.1775 0.0676162 0.0364287
0.18 0.0639899 0.033999
0.1825 0.0606033 0.031868
0.185 0.0574398 0.0300114
0.1875 0.0544806 0.0284076
0.19 0.0517108 0.0270368
0.1925 0.0491152 0.0258808
0.195 0.0466804 0.0249232
0.1975 0.0443934 0.0241488
0.2 0.0422431 0.0235436
0.2025 0.0402151 0.0230942
0.205 0.0382987 0.022788
0.2075 0.036481 0.0226121
0.21 0.0347447 0.0225531
0.2125 0.0330756 0.022596
0.215 0.0314511 0.0227232
0.2175 0.0297907 0.022913
0.22 0.028347 0.0231305
0.2225 0.0266559 0.0233584
0.225 0.0249656 0.0235431
0.2275 0.0231793 0.0236251
0.23 0.0212611 0.0235285
0.2325 0.0191744 0.0231577
0.235 0.0168965 0.0223942
0.2375 0.014413 0.0210954
0.24 0.0117328 0.0190933
0.2425 0.00888578 0.0161973
0.245 0.00592701 0.0121977
0.2475 0.00293379 0.00687327
