TITLE="Graphics"
VARIABLES= "rj, cm", "F", "dT/dt" 
0 0.000151271 26.7462
0.0025 0.000150792 26.6231
0.005 0.000149452 26.2822
0.0075 0.00014709 25.6926
0.01 0.000143676 24.8643
0.0125 0.000139167 23.8092
0.015 0.000133518 22.5417
0.0175 0.000126697 21.0793
0.02 0.000118696 19.4426
0.0225 0.000109543 17.6557
0.025 9.93015e-05 15.7459
0.0275 8.80574e-05 13.7438
0.03 7.5917e-05 11.6822
0.0325 6.30806e-05 9.59664
0.035 4.98565e-05 7.52386
0.0375 3.674e-05 5.50101
0.04 7.57777e-05 3.56359
0.0425 28.0277 2.81873
0.045 63750.9 95.0219
0.0475 773793 55.3687
0.04775 0 1.63683e-08
0.05 0.41615 16.3848
0.0525 0.415579 13.5795
0.055 0.373027 11.1194
0.0575 0.324246 9.1726
0.06 0.279519 7.64181
0.0625 0.241084 6.42364
0.065 0.208686 5.44028
0.0675 0.181453 4.63631
0.07 0.158485 3.97206
0.0725 0.139013 3.41851
0.075 0.122411 2.95393
0.0775 0.108185 2.56168
0.08 0.0959349 2.22878
0.0825 0.0853423 1.94495
0.085 0.0761475 1.70195
0.0875 0.0681376 1.49313
0.09 0.0611368 1.31306
0.0925 0.0549984 1.15727
0.095 0.049601 1.02209
0.0975 0.0448405 0.904464
0.1 0.0406311 0.801842
0.1025 0.0368988 0.712093
0.105 0.0335811 0.633423
0.1075 0.0306243 0.56432
0.11 0.0279835 0.5035
0.1125 0.0256183 0.449874
0.115 0.0234967 0.402509
0.1175 0.0215882 0.36061
0.12 0.0198685 0.323492
0.1225 0.018315 0.290567
0.125 0.0169104 0.261324
0.1275 0.0156362 0.235324
0.13 0.0144793 0.212184
0.1325 0.0134269 0.191569
0.135 0.012468 0.173189
0.1375 0.0115919 0.156791
0.14 0.0107924 0.142149
0.1425 0.0100588 0.129069
0.145 0.00938794 0.117378
0.1475 0.00877181 0.106927
0.15 0.00820657 0.0975823
0.1525 0.00768703 0.0892309
0.155 0.00719401 0.0817728
0.1575 0.00675293 0.0750917
0.16 0.0063441 0.0691122
0.1625 0.00596529 0.0637654
0.165 0.00561391 0.0589891
0.1675 0.00528729 0.0547264
0.17 0.00498465 0.0509255
0.1725 0.00470299 0.0475413
0.175 0.00444137 0.0445326
0.1775 0.00419805 0.0418631
0.18 0.00397031 0.039501
0.1825 0.0037588 0.0374169
0.185 0.00356155 0.0355851
0.1875 0.00337602 0.0339833
0.19 0.00320383 0.0325905
0.1925 1.02684e+06 0.0313885
0.195 4.01111e+06 1.98059e+06
0.1975 1.00536e+06 0.0294926
0.2 0.00261308 0.0287694
0.2025 0.00248588 0.0281773
0.205 0.0023718 0.0277029
0.2075 0.00225712 0.0273431
0.21 0.00215022 0.0270831
0.2125 0.00204552 0.026909
0.215 0.00194676 0.0268033
0.2175 0.00184756 0.0267478
0.22 0.00174885 0.0267162
0.2225 0.00164939 0.0266757
0.225 0.00154473 0.0265829
0.2275 0.00143421 0.0263806
0.23 0.00131471 0.0259941
0.2325 0.00118458 0.0253281
0.235 0.00104243 0.0242655
0.2375 0.000886671 0.0226628
0.24 0.000719236 0.0203522
0.2425 0.000542073 0.0171431
0.245 0.000358043 0.012827
0.2475 0.000174264 0.00718523
