TITLE="Graphics"
VARIABLES= "rj, cm", "F", "dT/dt" 
0 1.51397e-05 3.01422e-07
0.0025 2.86274e-06 2.63163e-07
0.005 3.16664e-06 2.327e-07
0.0075 4.83661e-06 2.36725e-07
0.01 6.14024e-07 2.56741e-07
0.0125 1.55107e-05 9.56424e-08
0.015 4.46806e-07 2.33046e-08
0.0175 5.27237e-10 6.50551e-09
0.02 7.60995e-10 4.62848e-09
0.0225 9.00358e-10 1.08502e-08
0.025 8.52226e-10 1.29235e-08
0.0275 8.19761e-10 1.16762e-08
0.03 5.96241e-10 8.00776e-09
0.0325 3.38778e-10 2.87418e-09
0.035 1.12573e-07 2.68608e-09
0.0375 2.2926e-06 1.99133e-08
0.04 6.47079e-06 7.78518e-08
0.0425 8.33635e-05 3.21309e-07
0.045 0.000301097 3.34444e-06
0.0475 2.3366e-06 8.43343e-06
0.0475003 1.52656e-16 3.47878e-11
0.05 0.232956 0.377193
0.0525 2.80716 0.521142
0.055 4.14518 0.631543
0.0575 5.47911 0.721458
0.06 6.78643 0.797134
0.0625 8.05395 0.862078
0.065 9.27393 0.918493
0.0675 10.4419 0.967866
0.07 11.5552 1.01126
0.0725 12.6127 1.04948
0.075 13.6137 1.08314
0.0775 14.5583 1.11272
0.08 15.4467 1.13863
0.0825 16.2796 1.16118
0.085 17.0577 1.18066
0.0875 17.7818 1.1973
0.09 18.4528 1.2113
0.0925 19.0717 1.22283
0.095 19.6395 1.23206
0.0975 20.1572 1.23912
0.1 20.6259 1.24412
0.1025 21.0466 1.24719
0.105 21.4206 1.24841
0.1075 21.7487 1.24789
0.11 22.0323 1.24571
0.1125 22.2723 1.24194
0.115 22.4699 1.23666
0.1175 22.6262 1.22994
0.12 22.7423 1.22184
0.1225 22.8194 1.21242
0.125 22.8585 1.20174
0.1275 22.8609 1.18986
0.13 22.8275 1.17682
0.1325 22.7596 1.16269
0.135 22.6583 1.14751
0.1375 22.5247 1.13133
0.14 22.3599 1.11419
0.1425 22.165 1.09614
0.145 21.9411 1.07723
0.1475 21.6894 1.05749
0.15 21.411 1.03698
0.1525 21.1069 1.01573
0.155 20.7783 0.993787
0.1575 20.4262 0.971186
0.16 20.0518 0.94797
0.1625 19.6561 0.924178
0.165 19.2402 0.89985
0.1675 956200 0.875022
0.17 1.89038e+06 1553.98
0.1725 934166 0.824023
0.175 17.3956 0.797926
0.1775 16.8945 0.771479
0.18 16.3793 0.744718
0.1825 15.8513 0.71768
0.185 15.3112 0.690399
0.1875 14.7602 0.66291
0.19 14.1992 0.635248
0.1925 13.6291 0.607447
0.195 13.051 0.579541
0.1975 12.4656 0.551561
0.2 11.874 0.523541
0.2025 11.2771 0.495513
0.205 10.6756 0.467509
0.2075 10.0706 0.439559
0.21 9.46285 0.411694
0.2125 8.85318 0.383944
0.215 8.24244 0.356339
0.2175 7.63142 0.328906
0.22 7.02093 0.301675
0.2225 6.41173 0.274673
0.225 5.80459 0.247927
0.2275 5.20024 0.221464
0.23 4.59941 0.195308
0.2325 4.0028 0.169485
0.235 3.41111 0.14402
0.2375 2.82499 0.118935
0.24 2.2451 0.0942546
0.2425 1.67208 0.0699996
0.245 1.10654 0.0461919
0.2475 0.549073 0.0228521
