TITLE="Graphics"
VARIABLES= "rj, cm", "F", "dT/dt" 
0 1.42006e-08 4.04022e-11
0.0025 2.0252e-08 1.46586e-10
0.005 5.59604e-08 5.0808e-10
0.0075 1.70848e-07 1.85615e-09
0.01 4.45331e-07 6.00534e-09
0.0125 8.69055e-07 1.57357e-08
0.015 1.05807e-06 3.09626e-08
0.0175 3.90362e-07 4.16797e-08
0.02 6.99651e-07 3.36034e-08
0.0225 6.61017e-07 1.46523e-08
0.025 1.4561e-07 6.9767e-09
0.0275 3.81729e-07 2.05785e-09
0.03 3.41341e-08 1.79217e-10
0.0325 4.58029e-09 1.9232e-10
0.035 8.84214e-08 3.70811e-10
0.0375 2.19474e-07 3.85033e-09
0.04 7.93438e-07 1.55627e-08
0.0425 6.12813e-06 1.15826e-08
0.045 8.81254e-07 1.77502e-08
0.0475 1.20241e-05 1.06828e-07
0.0475003 4.51028e-16 1.53838e-10
0.05 0.0158184 1.66676
0.0525 1.94735 2.30845
0.055 2.95446 2.8027
0.0575 3.97276 3.20706
0.06 4.98111 3.54897
0.0625 5.96706 3.84378
0.065 6.92313 4.10111
0.0675 7.84476 4.32743
0.07 8.72914 4.52739
0.0725 9.57456 4.70443
0.075 10.38 4.86123
0.0775 11.1451 4.99989
0.08 11.8694 5.12213
0.0825 12.5532 5.22936
0.085 13.1965 5.32277
0.0875 13.7997 5.40337
0.09 14.3632 5.47202
0.0925 14.8874 5.52949
0.095 15.3728 5.57644
0.0975 15.82 5.61347
0.1 16.2295 5.64109
0.1025 16.6019 5.6598
0.105 16.9379 5.67003
0.1075 17.2381 5.67218
0.11 17.5031 5.66662
0.1125 17.7336 5.6537
0.115 17.9304 5.63373
0.1175 18.094 5.60702
0.12 18.2253 5.57385
0.1225 18.3249 5.5345
0.125 18.3935 5.48922
0.1275 18.432 5.43827
0.13 18.441 5.38189
0.1325 18.4213 5.3203
0.135 18.3738 5.25374
0.1375 18.2991 5.18242
0.14 18.198 5.10655
0.1425 18.0715 5.02635
0.145 17.9201 4.94202
0.1475 17.7448 4.85375
0.15 17.5464 4.76175
0.1525 17.3256 4.66621
0.155 17.0833 4.56732
0.1575 922364 4.46527
0.16 1.82419e+06 3074.6
0.1625 900257 4.25243
0.165 15.9157 4.14201
0.1675 15.5783 4.02915
0.17 15.2244 3.91405
0.1725 14.8548 3.79687
0.175 14.4703 3.67779
0.1775 14.0719 3.55698
0.18 13.6602 3.43461
0.1825 13.2362 3.31086
0.185 12.8007 3.18587
0.1875 12.3544 3.05983
0.19 11.8983 2.93289
0.1925 11.4332 2.80522
0.195 10.9597 2.67697
0.1975 10.4789 2.54829
0.2 9.99136 2.41935
0.2025 9.498 2.2903
0.205 8.99958 2.16128
0.2075 8.49688 2.03244
0.21 7.99067 1.90393
0.2125 7.4817 1.77589
0.215 6.97073 1.64846
0.2175 6.4585 1.52178
0.22 5.94574 1.39598
0.2225 5.43317 1.27119
0.225 4.9215 1.14755
0.2275 4.41141 1.02517
0.23 3.9036 0.904184
0.2325 3.39873 0.784706
0.235 2.89745 0.666855
0.2375 2.40042 0.550743
0.24 1.90825 0.436481
0.2425 1.42155 0.324174
0.245 0.940927 0.213926
0.2475 0.466957 0.105836
