TITLE="Graphics"
VARIABLES= "rj, cm", "F", "dT/dt" 
0 3.95918e-09 1.5502e-07
0.0025 3.95641e-09 1.56314e-07
0.005 3.79067e-09 1.59857e-07
0.0075 3.37175e-09 1.6579e-07
0.01 2.85398e-09 1.7366e-07
0.0125 2.06823e-09 1.82781e-07
0.015 9.36551e-10 1.92184e-07
0.0175 3.80559e-10 2.00529e-07
0.02 2.15262e-09 2.06093e-07
0.0225 4.05793e-09 2.06777e-07
0.025 6.04033e-09 2.00265e-07
0.0275 7.76663e-09 1.84296e-07
0.03 8.73397e-09 1.57229e-07
0.0325 8.47785e-09 1.18714e-07
0.035 6.78457e-09 7.04098e-08
0.0375 3.40474e-09 1.63087e-08
0.04 2.0645e-06 3.77185e-08
0.0425 5.89225e-06 1.17876e-07
0.045 3.29291e-05 7.23394e-07
0.0475 0.000120205 3.30158e-07
0.0475003 5.34295e-16 2.88905e-11
0.05 0.0917411 0.313081
0.0525 1.4265 0.432726
0.055 2.11634 0.52449
0.0575 2.80513 0.599222
0.06 3.48066 0.662099
0.0625 4.13578 0.716036
0.065 4.76628 0.762855
0.0675 5.36971 0.803792
0.07 5.94468 0.839732
0.0725 6.49043 0.871337
0.075 7.00667 0.899117
0.0775 7.49336 0.92348
0.08 7.95064 0.944755
0.0825 8.37881 0.963217
0.085 8.77823 0.979096
0.0875 9.14933 0.992587
0.09 9.4926 1.00386
0.0925 9.80854 1.01306
0.095 10.0977 1.02033
0.0975 10.3606 1.02577
0.1 10.5979 1.02949
0.1025 10.81 1.03159
0.105 10.9977 1.03214
0.1075 11.1615 1.03124
0.11 11.302 1.02895
0.1125 11.4198 1.02534
0.115 11.5156 1.02048
0.1175 11.5899 1.01441
0.12 11.6433 1.00721
0.1225 11.6766 0.99892
0.125 11.6902 0.989593
0.1275 11.6849 0.979277
0.13 11.6613 0.96802
0.1325 11.6199 0.955867
0.135 11.5614 0.94286
0.1375 11.4863 0.929041
0.14 11.3955 0.914452
0.1425 11.2893 0.899131
0.145 11.1685 0.883118
0.1475 11.0336 0.866449
0.15 10.8853 0.849162
0.1525 10.7242 0.831293
0.155 10.5507 0.812877
0.1575 10.3656 0.793949
0.16 10.1695 0.774542
0.1625 9.96277 0.75469
0.165 9.74614 0.734425
0.1675 9.52012 0.713781
0.17 9.28529 0.692787
0.1725 9.04218 0.671476
0.175 8.79134 0.649879
0.1775 8.5333 0.628024
0.18 8.26859 0.605943
0.1825 1.00091e+06 0.583663
0.185 1.97923e+06 788.729
0.1875 979157 0.538623
0.19 7.15324 0.515919
0.1925 6.86276 0.493129
0.195 6.56858 0.470279
0.1975 6.27116 0.447395
0.2 5.97097 0.424503
0.2025 5.66844 0.401628
0.205 5.36401 0.378795
0.2075 5.05811 0.356029
0.21 4.75115 0.333352
0.2125 4.44355 0.310788
0.215 4.13569 0.28836
0.2175 3.82798 0.26609
0.22 3.52078 0.243999
0.2225 3.21447 0.222108
0.225 2.90941 0.200438
0.2275 2.60595 0.179009
0.23 2.30443 0.15784
0.2325 2.00518 0.13695
0.235 1.70852 0.116357
0.2375 1.41478 0.09608
0.24 1.12425 0.0761349
0.2425 0.837233 0.0565386
0.245 0.554016 0.0373072
0.2475 0.274877 0.018456
