TITLE="Graphics"
VARIABLES= "rj, cm", "F", "dT/dt" 
0 0.00068427 18.0833
0.0025 0.000681404 17.9942
0.005 0.000673563 17.7476
0.0075 0.000660425 17.3219
0.01 0.000643129 16.7256
0.0125 0.000623618 15.9679
0.015 0.00060465 15.0579
0.0175 0.000588487 14.004
0.02 0.000572324 12.812
0.0225 0.000539638 11.4881
0.025 0.000455238 10.0501
0.0275 0.000292298 8.55066
0.03 0.000123891 7.09198
0.0325 0.000150798 5.76837
0.035 7.95856e-06 4.52458
0.0375 0.00383507 3.45221
0.04 0.00602748 4.41515
0.0425 0.192129 8.26652
0.045 2.69942 107.966
0.0475 14346.6 2026.85
0.04775 1.38778e-17 2.09122e-08
0.05 8.92932 14.938
0.0525 3.81923 10.6102
0.055 3.12311 8.05354
0.0575 2.70233 6.37213
0.06 2.29617 5.08009
0.0625 1.94449 4.02255
0.065 1.65463 3.13703
0.0675 1.41766 2.38738
0.07 1.22292 1.74792
0.0725 1.06173 1.19891
0.075 0.927155 0.724662
0.0775 0.813162 0.312592
0.08 0.717295 0.0470478
0.0825 0.62976 0.362412
0.085 496967 0.638286
0.0875 1.23288e+06 252022
0.09 484477 1.09314
0.0925 0.397482 1.27979
0.095 0.356568 1.44344
0.0975 0.320648 1.58663
0.1 0.289005 1.71154
0.1025 0.261043 1.82005
0.105 0.236262 1.91379
0.1075 0.214239 1.99419
0.11 0.194617 2.06248
0.1125 0.177091 2.11976
0.115 0.161402 2.16699
0.1175 0.147326 2.20505
0.12 0.134673 2.23469
0.1225 0.123277 2.25661
0.125 0.112993 2.27143
0.1275 0.103699 2.27971
0.13 0.095285 2.28195
0.1325 0.0876568 2.27862
0.135 0.0807315 2.27013
0.1375 0.0744362 2.25689
0.14 0.0687062 2.23924
0.1425 0.0634862 2.21751
0.145 0.0587248 2.19201
0.1475 0.0543777 2.16301
0.15 0.0504056 2.13079
0.1525 0.0467743 2.09558
0.155 0.0434504 2.05762
0.1575 0.0404074 2.01712
0.16 0.037619 1.97428
0.1625 0.0350637 1.9293
0.165 0.0327203 1.88235
0.1675 0.0305701 1.8336
0.17 0.0285983 1.78322
0.1725 0.0267879 1.73136
0.175 0.0251264 1.67816
0.1775 0.0236004 1.62377
0.18 0.0222008 1.56831
0.1825 0.0209156 1.51192
0.185 0.0197352 1.45471
0.1875 0.0186528 1.3968
0.19 0.0176598 1.3383
0.1925 0.0167484 1.27931
0.195 0.0159142 1.21994
0.1975 0.0151495 1.16028
0.2 0.0144495 1.10043
0.2025 0.0138092 1.04048
0.205 0.0132262 0.980506
0.2075 0.0126918 0.920602
0.21 0.012206 0.860844
0.2125 0.0117614 0.801309
0.215 0.0113541 0.74207
0.2175 0.0109786 0.683198
0.22 0.0106293 0.624756
0.2225 0.0103046 0.566806
0.225 0.0100073 0.509404
0.2275 0.00975651 0.452602
0.23 0.00960753 0.396459
0.2325 0.00966554 0.34105
0.235 0.0101257 0.286503
0.2375 0.0112595 0.233055
0.24 0.0132784 0.181124
0.2425 0.0158717 0.131367
0.245 0.0172028 0.084586
0.2475 0.0130559 0.0411921
