TITLE="Graphics"
VARIABLES= "rj, cm", "F", "dT/dt" 
0 0.000537868 22.8976
0.0025 0.000535766 22.7883
0.005 0.000529926 22.4856
0.0075 0.000519741 21.9629
0.01 0.000505261 21.2303
0.0125 0.00048653 20.3003
0.015 0.000463614 19.1873
0.0175 0.000436629 17.9087
0.02 0.000405753 16.4847
0.0225 0.000371247 14.938
0.025 0.000333468 13.2937
0.0275 0.000292898 11.5793
0.03 0.00025017 9.82372
0.0325 0.000206248 8.05709
0.035 0.000162797 6.30971
0.0375 0.000115078 4.6104
0.04 0.000213407 2.99224
0.0425 0.125474 1.73989
0.045 2.34783 104.819
0.0475 15505.3 3460.57
0.04775 1.45717e-16 2.01799e-08
0.05 5.16556 9.74369
0.0525 2.03798 5.72713
0.055 1.85124 4.09497
0.0575 1.61793 3.20864
0.06 1.37409 2.6022
0.0625 1.16764 2.15285
0.065 0.999431 1.80954
0.0675 0.861797 1.54198
0.07 0.7479 1.3299
0.0725 0.652669 1.15923
0.075 0.572377 1.02004
0.0775 0.504215 0.905177
0.08 0.44601 0.809413
0.0825 0.396049 0.728823
0.085 0.352953 0.660418
0.0875 0.315615 0.601888
0.09 0.283124 0.551418
0.0925 0.254738 0.507574
0.095 0.229842 0.469207
0.0975 0.207928 0.435396
0.1 623903 0.405397
0.1025 1.65317e+06 421963
0.105 606512 0.354533
0.1075 0.142593 0.332776
0.11 0.13045 0.313006
0.1125 0.11957 0.294952
0.115 0.109797 0.278392
0.1175 0.101001 0.263138
0.12 0.0930668 0.249036
0.1225 0.0858936 0.235952
0.125 0.0793955 0.223777
0.1275 0.0734936 0.212414
0.13 0.0681246 0.201788
0.1325 0.0632384 0.191832
0.135 0.0587862 0.182488
0.1375 0.0547205 0.173702
0.14 0.0509995 0.165424
0.1425 0.0475883 0.157612
0.145 0.0444585 0.150228
0.1475 0.0415791 0.143238
0.15 0.0389319 0.136612
0.1525 0.0364906 0.130322
0.155 0.0342389 0.124344
0.1575 0.0321583 0.118656
0.16 0.0302335 0.113235
0.1625 0.0284514 0.108064
0.165 0.0267985 0.103125
0.1675 0.0252625 0.0984021
0.17 0.0238362 0.0938812
0.1725 0.0225099 0.0895491
0.175 0.0212748 0.0853936
0.1775 0.0201218 0.0814031
0.18 0.0190471 0.0775677
0.1825 0.0180416 0.0738779
0.185 0.0171017 0.0703255
0.1875 0.0162213 0.066903
0.19 0.0153965 0.0636037
0.1925 0.0146207 0.0604219
0.195 0.013894 0.057353
0.1975 0.0132088 0.0543927
0.2 0.0125642 0.0515379
0.2025 0.0119565 0.0487862
0.205 0.0113825 0.0461361
0.2075 0.0108414 0.0435869
0.21 0.0103287 0.0411382
0.2125 0.00984586 0.0387906
0.215 0.00938659 0.0365448
0.2175 0.00895044 0.0344023
0.22 0.00853342 0.0323659
0.2225 0.00813213 0.0304401
0.225 0.00773999 0.0286323
0.2275 0.00735874 0.0269547
0.23 0.00699442 0.0254232
0.2325 0.00668663 0.0240534
0.235 0.00653592 0.0228427
0.2375 0.00675734 0.0217239
0.24 0.00770732 0.02047
0.2425 0.00967873 0.0185365
0.245 0.0119524 0.0149393
0.2475 0.0107457 0.0085903
