TITLE="Graphics"
VARIABLES= "rj, cm", "F", "dT/dt" 
0 0.00487293 27.0083
0.0025 0.00485778 26.8844
0.005 0.00481544 26.5413
0.0075 0.00474069 25.9476
0.01 0.00463249 25.1134
0.0125 0.00448928 24.0506
0.015 0.00430946 22.7733
0.0175 0.00409178 21.2991
0.02 0.0038358 19.6486
0.0225 0.00354232 17.8458
0.025 0.0032135 15.9184
0.0275 0.00285242 13.8968
0.03 0.00246179 11.8142
0.0325 0.00204356 9.70626
0.035 0.00161451 7.61081
0.0375 0.00127719 5.56559
0.04 0.00337637 3.59403
0.0425 1.19714 1.58935
0.045 2.42841 96.9867
0.0475 304.773 47.1154
0.04775 9.02056e-17 1.88302e-08
0.05 31.7588 6.73521
0.0525 22.9334 7.78662
0.055 16.8658 7.14402
0.0575 13.1791 6.24051
0.06 10.7512 5.40583
0.0625 8.99448 4.69396
0.065 7.63746 4.09588
0.0675 6.54826 3.59241
0.07 5.65497 3.16608
0.0725 4.91288 2.80293
0.075 4.29101 2.49199
0.0775 3.76632 2.22457
0.08 448588 1.99369
0.0825 935576 47625.5
0.085 438427 1.61969
0.0875 2.33398 1.46793
0.09 2.09054 1.33507
0.0925 1.87871 1.21835
0.095 1.69357 1.11545
0.0975 1.53112 1.02442
0.1 1.388 0.943591
0.1025 1.26147 0.871568
0.105 1.14923 0.807163
0.1075 1.04933 0.749365
0.11 0.960158 0.697317
0.1125 0.880333 0.650287
0.115 0.808686 0.607649
0.1175 0.744218 0.568867
0.12 0.686073 0.533482
0.1225 0.633513 0.501098
0.125 0.585902 0.471375
0.1275 0.542685 0.444017
0.13 0.503384 0.418768
0.1325 0.467577 0.395406
0.135 0.434897 0.373735
0.1375 0.40502 0.353587
0.14 0.377663 0.334813
0.1425 0.352572 0.31728
0.145 0.329528 0.300875
0.1475 0.308332 0.285494
0.15 0.288812 0.271048
0.1525 0.270808 0.257455
0.155 0.254185 0.244645
0.1575 0.238816 0.232552
0.16 0.22459 0.221119
0.1625 0.211407 0.210295
0.165 0.199174 0.200033
0.1675 0.187815 0.190291
0.17 0.177252 0.18103
0.1725 0.167421 0.172216
0.175 0.158259 0.163818
0.1775 0.149713 0.155807
0.18 0.141731 0.148158
0.1825 0.13427 0.140846
0.185 0.127292 0.133851
0.1875 0.120767 0.127154
0.19 0.114662 0.120736
0.1925 0.108948 0.114579
0.195 0.1036 0.108668
0.1975 0.0985862 0.102986
0.2 0.0938872 0.0975177
0.2025 0.089482 0.0922485
0.205 0.0853611 0.0871637
0.2075 0.0815189 0.0822483
0.21 0.0779588 0.077486
0.2125 0.074689 0.0728586
0.215 0.0717253 0.0683439
0.2175 0.0690868 0.0639146
0.22 0.066798 0.0595362
0.2225 0.064871 0.0551654
0.225 0.0633 0.050749
0.2275 0.0620293 0.0462237
0.23 0.0609212 0.0415192
0.2325 0.0597104 0.0365657
0.235 0.0579543 0.0313082
0.2375 0.055 0.0257309
0.24 0.0500207 0.0198921
0.2425 0.0421538 0.0139682
0.245 0.0308411 0.00829821
0.2475 0.0163096 0.00340954
