TITLE="Graphics"
VARIABLES= "rj, cm", "F", "dT/dt" 
0 7.29231e-05 25.4114
0.0025 7.26711e-05 25.2927
0.005 7.19684e-05 24.9642
0.0075 7.07352e-05 24.3963
0.01 6.8965e-05 23.5993
0.0125 6.6648e-05 22.5853
0.015 6.37747e-05 21.3691
0.0175 6.03419e-05 19.9682
0.02 5.63565e-05 18.4033
0.0225 5.18391e-05 16.6981
0.025 4.68294e-05 14.8795
0.0275 4.13928e-05 12.9768
0.03 3.56355e-05 11.0217
0.0325 2.97254e-05 9.04709
0.035 2.38294e-05 7.08579
0.0375 1.73848e-05 5.16951
0.04 0.00056402 3.33547
0.0425 0.544352 2.28015
0.045 0.778124 98.5656
0.0475 0.283853 58.0707
0.04775 2.08167e-17 1.73069e-08
0.05 0.255262 13.6815
0.0525 0.23768 10.9601
0.055 0.206215 8.83185
0.0575 0.175284 7.23883
0.06 0.149215 6.01984
0.0625 0.12777 5.06303
0.065 0.110097 4.29632
0.0675 0.0954183 3.67214
0.07 0.0831263 3.15768
0.0725 0.0727556 2.72949
0.075 0.0639491 2.37018
0.0775 0.0564286 2.06659
0.08 0.049974 1.80851
0.0825 0.0444099 1.58793
0.085 0.0395927 1.3985
0.0875 0.0354066 1.23508
0.09 0.0317553 1.09354
0.0925 0.0285595 0.970485
0.095 0.0257536 0.863131
0.0975 0.0232814 0.769177
0.1 0.0210978 0.686705
0.1025 0.0191627 0.614113
0.105 0.0174436 0.550055
0.1075 0.0159121 0.493393
0.11 0.0145443 0.443162
0.1125 0.0133198 0.398542
0.115 0.0122212 0.35883
0.1175 0.0112332 0.323425
0.12 0.0103422 0.291809
0.1225 0.00953822 0.263533
0.125 0.00881043 0.238211
0.1275 0.00815075 0.215505
0.13 0.00755113 0.195122
0.1325 817827 0.176806
0.135 5.29304e+06 3.6803e+06
0.1375 796309 0.145506
0.14 0.00563982 0.132151
0.1425 0.00525939 0.120116
0.145 0.00491101 0.109265
0.1475 0.00459079 0.0994799
0.15 0.00429578 0.090654
0.1525 0.00402481 0.0826928
0.155 0.00377406 0.0755127
0.1575 0.00354333 0.0690388
0.16 0.0033294 0.0632043
0.1625 0.00313124 0.0579492
0.165 0.00294834 0.0532197
0.1675 0.00277797 0.0489684
0.17 0.00261991 0.0451512
0.1725 0.00247296 0.0417296
0.175 0.00233607 0.0386685
0.1775 0.00220879 0.0359362
0.18 0.00208995 0.0335045
0.1825 0.00197914 0.0313473
0.185 0.00187523 0.0294417
0.1875 0.00177851 0.0277665
0.19 0.00168759 0.0263028
0.1925 0.00160312 0.0250336
0.195 0.00152308 0.0239432
0.1975 0.00144859 0.0230179
0.2 0.00137814 0.0222447
0.2025 0.00131266 0.0216116
0.205 0.00124993 0.0211085
0.2075 0.00119148 0.0207243
0.21 0.00113556 0.0204491
0.2125 0.00108279 0.0202723
0.215 0.00103168 0.0201822
0.2175 0.00098276 0.0201647
0.22 0.000933782 0.0202022
0.2225 0.000885408 0.0202714
0.225 0.000835477 0.0203412
0.2275 0.00078315 0.0203678
0.23 0.000726087 0.0202929
0.2325 0.000663438 0.0200363
0.235 0.000593227 0.0194915
0.2375 0.000512798 0.0185213
0.24 0.000423453 0.0169516
0.2425 0.00032338 0.0145715
0.245 0.000216425 0.0111353
0.2475 0.000105881 0.00637162
