TITLE="Graphics"
VARIABLES= "rj, cm", "F", "dT/dt" 
0 3.24872e-05 21.972
0.0025 3.23558e-05 21.8663
0.005 3.19907e-05 21.5739
0.0075 3.13551e-05 21.069
0.01 3.04537e-05 20.3617
0.0125 2.92912e-05 19.4644
0.015 2.78739e-05 18.3913
0.0175 2.62111e-05 17.1596
0.02 2.43163e-05 15.7892
0.0225 2.22084e-05 14.3022
0.025 1.99133e-05 12.7232
0.0275 1.74664e-05 11.0786
0.03 1.49157e-05 9.39614
0.0325 1.23256e-05 7.70434
0.035 9.77307e-06 6.03131
0.0375 7.52606e-06 4.40373
0.04 4.01386e-05 2.84223
0.0425 22.6452 2.16678
0.045 43742.9 105.138
0.0475 773801 61.0239
0.04775 6.93889e-18 1.86477e-08
0.05 0.146469 12.7512
0.0525 0.135102 9.86143
0.055 0.114386 7.84505
0.0575 0.0957025 6.4191
0.06 0.0805939 5.35519
0.0625 0.0685591 4.52397
0.065 0.0588741 3.85338
0.0675 0.0509576 3.30107
0.07 0.044391 2.84009
0.0725 0.0388779 2.45194
0.075 0.0342056 2.12308
0.0775 0.0302167 1.84313
0.08 0.0267957 1.6039
0.0825 0.0238566 1.39888
0.085 0.0213183 1.22292
0.0875 0.0189803 1.07188
0.09 0.0170593 0.940733
0.0925 0.0153676 0.826851
0.095 0.0138682 0.727918
0.0975 0.0125412 0.641838
0.1 0.0113671 0.566791
0.1025 0.0103251 0.501231
0.105 0.00939891 0.443847
0.1075 0.00857362 0.393525
0.11 0.00783618 0.349321
0.1125 0.00717549 0.310427
0.115 0.00658347 0.276155
0.1175 0.00604942 0.245911
0.12 0.0055696 0.219187
0.1225 0.00513513 0.195545
0.125 0.00474238 0.174605
0.1275 0.00438644 0.15604
0.13 0.00406273 0.139563
0.1325 0.00376867 0.124929
0.135 0.00350048 0.111921
0.1375 0.00325566 0.100351
0.14 0.00303186 0.0900557
0.1425 0.00282697 0.0808903
0.145 0.00263876 0.0727293
0.1475 0.00246613 0.0654606
0.15 0.00230751 0.058986
0.1525 0.00216284 0.0532203
0.155 0.0020341 0.0481007
0.1575 0.00189567 0.0436086
0.16 0.0017866 0.0395665
0.1625 0.00168179 0.0359747
0.165 0.00158297 0.0327991
0.1675 0.00149189 0.0299977
0.17 0.00140617 0.0275331
0.1725 0.00132722 0.02537
0.175 0.00125397 0.0234794
0.1775 0.00118549 0.0218348
0.18 0.0011213 0.0204119
0.1825 0.00106183 0.0191896
0.185 0.00100597 0.0181486
0.1875 0.000953881 0.0172711
0.19 0.000905016 0.0165422
0.1925 0.000859709 0.0159466
0.195 0.000816271 0.0154726
0.1975 0.000776169 0.0151079
0.2 0.000739187 0.0148431
0.2025 0.000702877 0.0146694
0.205 0.000669415 0.0145786
0.2075 0.000636655 0.0145598
0.21 0.000611284 0.014593
0.2125 0.000582337 0.0147101
0.215 0.000555298 0.0148927
0.2175 0.000530032 0.0151303
0.22 0.000505773 0.0154161
0.2225 0.000481735 0.0157389
0.225 0.00045653 0.0160809
0.2275 0.000431103 0.0164101
0.23 0.000401733 0.01668
0.2325 0.000369522 0.016815
0.235 0.000331957 0.0167104
0.2375 0.00028894 0.0162197
0.24 1.12526e+06 0.0151553
0.2425 1.03914e+07 8.16256e+06
0.245 1.1054e+06 0.0103637
0.2475 6.18672e-05 0.00604039
