TITLE="Graphics"
VARIABLES= "rj, cm", "F", "dT/dt" 
0 602155 601440
0.0025 30.8313 24.442
0.005 0.000140192 24.1219
0.0075 0.000137682 23.5688
0.01 0.000134093 22.7929
0.0125 0.000129417 21.8066
0.015 0.000123648 20.6245
0.0175 0.000116795 19.2643
0.02 0.000108885 17.7464
0.0225 9.9979e-05 16.0945
0.025 9.0172e-05 14.3346
0.0275 7.95895e-05 12.4955
0.03 6.8323e-05 10.6076
0.0325 5.63004e-05 8.70306
0.035 4.3442e-05 6.81607
0.0375 3.16306e-05 4.98333
0.04 0.000857887 3.23632
0.0425 0.604319 1.97358
0.045 0.865854 100.566
0.0475 0.632327 58.3174
0.04775 1.38778e-17 1.7612e-08
0.05 0.497422 14.772
0.0525 0.478576 11.808
0.055 0.41746 9.47222
0.0575 0.356418 7.71456
0.06 0.303897 6.36924
0.0625 0.260357 5.31428
0.065 0.22441 4.46969
0.0675 0.194534 3.78253
0.07 0.169465 3.21644
0.0725 0.154947 2.74523
0.075 0.124667 2.37551
0.0775 0.116018 2.04288
0.08 0.102688 1.76347
0.0825 0.0912315 1.52742
0.085 0.0813232 1.32708
0.0875 0.0727112 1.15639
0.09 0.0651959 1.01044
0.0925 0.0586134 0.885238
0.095 0.0528292 0.77752
0.0975 0.0477308 0.684575
0.1 0.0432245 0.604153
0.1025 0.0392305 0.534379
0.105 0.0356817 0.473682
0.1075 0.032521 0.420741
0.11 0.0296994 0.374446
0.1125 0.0271745 0.33386
0.115 0.0249109 0.298188
0.1175 0.0228769 0.266758
0.12 0.0210454 0.238999
0.1225 0.0193938 0.214423
0.125 0.0179003 0.192617
0.1275 0.0165487 0.173227
0.13 0.0153221 0.155949
0.1325 0.0142077 0.140524
0.135 0.0131939 0.126729
0.1375 0.0122682 0.114372
0.14 0.0114242 0.103288
0.1425 0.0106512 0.0933348
0.145 0.00994358 0.0843874
0.1475 0.00929401 0.0763393
0.15 0.00869737 0.069097
0.1525 0.00814801 0.062579
0.155 0.00764218 0.0567141
0.1575 0.00717466 0.0514397
0.16 0.00674386 0.0467007
0.1625 0.00634388 0.0424487
0.165 0.00597456 0.0386403
0.1675 0.0056311 0.0352372
0.17 0.00531251 0.0322053
0.1725 0.0050165 0.0295137
0.175 0.00474055 0.0271352
0.1775 0.00448329 0.0250446
0.18 0.00424386 0.0232193
0.1825 0.00402032 0.0216389
0.185 0.00381019 0.020285
0.1875 0.00361546 0.0191399
0.19 0.00343123 0.0181886
0.1925 0.00325992 0.0174164
0.195 0.00309845 0.0168102
0.1975 0.00294741 0.0163577
0.2 0.00280471 0.0160478
0.2025 0.00267123 0.0158701
0.205 0.00254498 0.0158146
0.2075 0.00242539 0.0158721
0.21 0.0023132 0.0160328
0.2125 0.0022047 0.016287
0.215 0.00210153 0.0166234
0.2175 0.00200102 0.0170275
0.22 0.00190088 0.0174815
0.2225 0.00180105 0.0179601
0.225 0.00169691 0.0184289
0.2275 0.0015869 0.0188398
0.23 0.00146669 0.0191271
0.2325 0.00133252 0.0192013
0.235 0.00117925 0.0189432
0.2375 0.000911011 0.0181958
0.24 0.000972639 0.0165918
0.2425 0.000649155 0.0143647
0.245 0.000430126 0.0110411
0.2475 0.000211393 0.00634425
