TITLE="Graphics"
VARIABLES= "rj, cm", "F", "dT/dt" 
0 9.69339e-06 27.77
0.0025 9.665e-06 27.6438
0.005 9.58561e-06 27.2942
0.0075 9.445e-06 26.6892
0.01 9.24047e-06 25.8385
0.0125 8.96814e-06 24.7537
0.015 8.62373e-06 23.4489
0.0175 8.20348e-06 21.9412
0.02 7.70502e-06 20.251
0.0225 7.12882e-06 18.4027
0.025 6.47919e-06 16.4241
0.0275 5.76437e-06 14.3462
0.03 4.99517e-06 12.2029
0.0325 4.18041e-06 10.0302
0.035 3.30572e-06 7.86558
0.0375 2.83894e-06 5.74933
0.04 0.00200519 3.72305
0.0425 0.855683 2.32952
0.045 1.21616 93.7809
0.0475 1.55854 54.6077
0.04775 6.93889e-18 1.60645e-08
0.05 0.0242694 17.3699
0.0525 0.0243229 14.6653
0.055 0.0219858 12.1583
0.0575 0.0192322 10.1124
0.06 0.0166588 8.47127
0.0625 0.0144153 7.14767
0.065 0.0125044 6.06936
0.0675 0.0108867 5.18201
0.07 0.00951613 4.44534
0.0725 0.00835087 3.82918
0.075 0.00735551 3.31055
0.0775 0.00650196 2.87166
0.08 0.00576594 2.49852
0.0825 0.00512969 2.17997
0.085 0.00457669 1.90704
0.0875 0.00409481 1.67241
0.09 0.00367329 1.4701
0.0925 0.00330344 1.29517
0.095 0.00297845 1.14352
0.0975 0.00269093 1.01171
0.1 0.00243708 0.896884
0.1025 0.00221168 0.796619
0.105 0.00201103 0.70887
0.1075 0.00183177 0.6319
0.11 0.00167241 0.564225
0.1125 0.0015299 0.504587
0.115 0.00140475 0.451935
0.1175 0.00140317 0.405471
0.12 0.00105983 0.368697
0.1225 0.00108412 0.331993
0.125 0.00100248 0.299404
0.1275 0.000926325 0.270514
0.13 0.000856359 0.244879
0.1325 0.000793154 0.222093
0.135 0.000735375 0.201803
0.1375 0.000682802 0.183704
0.14 0.000635486 0.167535
0.1425 862958 0.15307
0.145 3.16575e+07 2.9955e+07
0.1475 841057 0.128495
0.15 0.000481055 0.118067
0.1525 0.000450436 0.1087
0.155 0.000421932 0.100279
0.1575 0.000395314 0.0927061
0.16 0.000371603 0.0858916
0.1625 0.000348965 0.0797584
0.165 0.000328223 0.0742377
0.1675 0.000309043 0.0692686
0.17 0.000291276 0.0647973
0.1725 0.00027462 0.0607755
0.175 0.000259573 0.0571609
0.1775 0.000244743 0.0539153
0.18 0.00023211 0.051005
0.1825 0.000218958 0.0483996
0.185 0.00020789 0.0460719
0.1875 0.000196706 0.0439979
0.19 0.000186978 0.0421555
0.1925 0.000177112 0.0405255
0.195 0.000168606 0.0390899
0.1975 0.000159656 0.0378328
0.2 0.000152478 0.0367394
0.2025 0.00014475 0.0357962
0.205 0.00013777 0.0349894
0.2075 0.00013144 0.0343064
0.21 0.000124587 0.0337334
0.2125 0.000118849 0.0332541
0.215 0.000112644 0.0328483
0.2175 0.00010574 0.0324864
0.22 8.74046e-05 0.0321186
0.2225 0.000109725 0.031339
0.225 9.01524e-05 0.0308989
0.2275 8.27683e-05 0.0303464
0.23 7.55107e-05 0.0295841
0.2325 6.79396e-05 0.0285117
0.235 5.97452e-05 0.0270135
0.2375 5.07921e-05 0.0249518
0.24 4.08555e-05 0.0221675
0.2425 3.08586e-05 0.0184805
0.245 2.05338e-05 0.0136941
0.2475 9.88234e-06 0.00760206
