TITLE="Graphics"
VARIABLES= "rj, cm", "F", "dT/dt" 
0 0.000184496 19.6987
0.0025 0.000183694 19.6026
0.005 0.000181478 19.3366
0.0075 0.000177639 18.8778
0.01 0.000172237 18.2357
0.0125 0.000165358 17.422
0.015 0.000157152 16.4501
0.0175 0.00014789 15.3359
0.02 0.000138083 14.0964
0.0225 0.000128716 12.7494
0.025 0.000121959 11.3103
0.0275 0.00012592 9.78681
0.03 0.000186283 8.1571
0.0325 0.000504503 6.24171
0.035 0.00122894 3.1387
0.0375 0.0015417 3.12866
0.04 0.0167103 4.10331
0.0425 0.0129707 44.1165
0.045 1.00093 84.993
0.0475 0.845919 49.1036
0.04775 0 1.25362e-08
0.05 0.502916 13.9881
0.0525 0.523988 12.3375
0.055 0.483007 10.9743
0.0575 0.427524 10.0649
0.06 0.372005 9.52387
0.0625 0.322453 9.2491
0.065 0.278222 9.16251
0.0675 0.240263 9.20391
0.07 0.208163 9.33081
0.0725 0.180226 9.51398
0.075 0.156149 9.73123
0.0775 0.13539 9.96626
0.08 0.117469 10.2071
0.0825 0.10197 10.4451
0.085 0.0885337 10.6739
0.0875 0.0768595 10.889
0.09 0.0666935 11.0871
0.0925 0.0578235 11.2662
0.095 0.0500694 11.4247
0.0975 0.0432787 11.5618
0.1 0.0373231 11.6771
0.1025 0.0320923 11.7706
0.105 0.0274927 11.8423
0.1075 0.0234444 11.8927
0.11 0.0198774 11.9223
0.1125 0.0167332 11.9317
0.115 0.0139605 11.9215
0.1175 0.0115144 11.8925
0.12 0.00935746 11.8454
0.1225 0.00745534 11.7811
0.125 0.00577985 11.7004
0.1275 0.00430494 11.6039
0.13 0.00300911 11.4927
0.1325 0.00187199 11.3673
0.135 0.000878006 11.2286
0.1375 1.0244e-05 11.0773
0.14 0.000742931 10.9142
0.1425 0.001394 10.74
0.145 0.00195394 10.5554
0.1475 0.00243067 10.3611
0.15 0.00283357 10.1577
0.1525 0.00316946 9.94587
0.155 0.0034451 9.72622
0.1575 0.00366629 9.49936
0.16 0.00383882 9.26587
0.1625 0.00396645 9.02631
0.165 0.0040545 8.78122
0.1675 0.00410631 8.53113
0.17 963460 8.27654
0.1725 3.14641e+06 1.24308e+06
0.175 941482 7.75583
0.1775 0.00401909 7.49063
0.18 0.00393744 7.22281
0.1825 0.00383626 6.95278
0.185 0.00371903 6.68096
0.1875 0.00358547 6.40775
0.19 0.0034386 6.13354
0.1925 0.00327997 5.85868
0.195 0.00311151 5.58354
0.1975 0.00293329 5.30847
0.2 0.00274774 5.03379
0.2025 0.00255649 4.75982
0.205 0.00236073 4.48687
0.2075 0.00216146 4.21522
0.21 0.00196086 3.94516
0.2125 0.00176027 3.67696
0.215 0.00156229 3.41085
0.2175 0.00136806 3.14708
0.22 0.00118007 2.88586
0.2225 0.00100105 2.62739
0.225 0.000832718 2.37184
0.2275 0.000678464 2.11939
0.23 0.000539086 1.87015
0.2325 0.000417891 1.62424
0.235 0.000314512 1.38174
0.2375 0.000230943 1.1427
0.24 0.000163941 0.907172
0.2425 0.000112598 0.675152
0.245 7.24987e-05 0.446632
0.2475 3.74527e-05 0.221592
