TITLE="Graphics"
VARIABLES= "rj, cm", "F", "dT/dt" 
0 0.00452331 24.3813
0.0025 0.00450677 24.2663
0.005 0.00446075 23.948
0.0075 0.00438023 23.398
0.01 0.00426516 22.6266
0.0125 0.00411535 21.6461
0.015 0.00393073 20.4712
0.0175 0.00371163 19.1195
0.02 0.00345909 17.6115
0.0225 0.00317505 15.9706
0.025 0.0028625 14.2229
0.0275 0.00252489 12.3969
0.03 0.00216439 10.5231
0.0325 0.00178114 8.63344
0.035 0.0013862 6.76215
0.0375 0.00104794 4.94357
0.04 0.00300056 3.20296
0.0425 43.9675 1.43299
0.045 319838 19021.9
0.0475 800222 50.2641
0.04775 0.000200479 1.92771e-08
0.05 28.4504 0.286713
0.0525 21.4086 1.78721
0.055 16.3115 1.9648
0.0575 13.0623 1.84263
0.06 10.8242 1.67444
0.0625 9.14836 1.51611
0.065 7.82323 1.37598
0.0675 6.74302 1.2525
0.07 5.84745 1.14299
0.0725 5.09726 1.04529
0.075 4.46422 0.95778
0.0775 3.92674 0.879236
0.08 3.46783 0.808666
0.0825 3.07406 0.745248
0.085 2.73477 0.688283
0.0875 2.44148 0.637138
0.09 2.18704 0.591212
0.0925 1.96543 0.549927
0.095 1.77158 0.51274
0.0975 1.60131 0.479156
0.1 1.45119 0.448735
0.1025 1.31837 0.421093
0.105 1.20047 0.395896
0.1075 1.09552 0.372857
0.11 1.00184 0.351727
0.1125 0.917998 0.332289
0.115 0.842774 0.314357
0.1175 0.775121 0.297768
0.12 0.714143 0.28238
0.1225 0.659058 0.268067
0.125 0.609195 0.254722
0.1275 0.56397 0.242249
0.13 0.52287 0.230562
0.1325 0.485453 0.219589
0.135 0.451327 0.209263
0.1375 0.420151 0.199526
0.14 0.391622 0.190327
0.1425 0.365477 0.18162
0.145 0.341478 0.173364
0.1475 0.319417 0.165522
0.15 0.29911 0.158062
0.1525 0.280392 0.150955
0.155 0.263116 0.144173
0.1575 0.24715 0.137694
0.16 0.232378 0.131495
0.1625 0.218693 0.125558
0.165 0.206001 0.119863
0.1675 0.194217 0.114396
0.17 0.183265 0.109142
0.1725 0.173074 0.104086
0.175 0.163583 0.0992171
0.1775 0.154734 0.0945234
0.18 0.146479 0.0899944
0.1825 0.138765 0.0856203
0.185 0.131555 0.0813923
0.1875 0.124808 0.0773018
0.19 0.11849 0.0733412
0.1925 0.112567 0.0695032
0.195 0.10701 0.0657811
0.1975 0.101796 0.0621686
0.2 0.0968988 0.0586597
0.2025 0.0922989 0.0552488
0.205 0.0879795 0.0519301
0.2075 0.0839319 0.0486978
0.21 0.0801428 0.0455453
0.2125 0.0766151 0.0424651
0.215 0.0733481 0.0394474
0.2175 0.0703497 0.0364797
0.22 0.0676294 0.0335455
0.2225 0.0651843 0.030623
0.225 0.0630032 0.0276852
0.2275 0.0610314 0.0246995
0.23 0.0591465 0.0216309
0.2325 0.0571306 0.0184482
0.235 0.0546155 0.0151359
0.2375 0.0510698 0.011714
0.24 0.045821 0.00826635
0.2425 0.0381699 0.00497635
0.245 0.0276776 0.00216261
0.2475 0.0145551 0.000299394
