TITLE="Graphics"
VARIABLES= "rj, cm", "F", "dT/dt" 
0 1.61256e-15 1.61256e-15
0.0025 2.00708e-10 8.15015e-13
0.005 3.48366e-09 1.12733e-11
0.0075 4.4921e-08 1.74117e-10
0.01 5.4697e-07 2.49737e-09
0.0125 5.43036e-06 3.0453e-08
0.015 4.02451e-05 2.8627e-07
0.0175 0.000208114 1.93555e-06
0.02 0.000698238 8.94207e-06
0.0225 0.00130986 2.65521e-05
0.025 0.000631687 4.46982e-05
0.0275 0.00162136 2.52441e-05
0.03 1.05835 3.46055e-05
0.0325 0.986107 1.86978e-05
0.035 5.8301e-05 6.21962e-06
0.0375 0.00031737 7.36185e-06
0.04 9.04189e-05 1.86962e-05
0.0425 0.0199328 4.87224e-05
0.045 0.0394871 0.0031191
0.0475 72.8935 0.00641769
0.0475003 7.97973e-16 1.57176e-11
0.05 0.149381 0.0175676
0.0525 2.99279e-05 0.00675795
0.055 0.0993541 0.00464978
0.0575 0.212807 0.0157782
0.06 0.335177 0.0263454
0.0625 0.461976 0.0362632
0.065 0.589859 0.0455175
0.0675 0.715134 0.0541254
0.07 0.835825 0.0621162
0.0725 0.950287 0.069524
0.075 1.05735 0.0763833
0.0775 1.15619 0.0827275
0.08 1.24627 0.088588
0.0825 1.32727 0.0939938
0.085 1.39903 0.0989714
0.0875 1.46153 0.103545
0.09 1.51485 0.107737
0.0925 1.55919 0.111567
0.095 1.59477 0.115053
0.0975 1.6219 0.118212
0.1 1.64091 0.121059
0.1025 1.65219 0.123606
0.105 1.65613 0.125868
0.1075 1.65316 0.127854
0.11 1.6437 0.129576
0.1125 1.62821 0.131044
0.115 1.60712 0.132265
0.1175 1.58088 0.133248
0.12 1.54995 0.134001
0.1225 768270 0.134531
0.125 1.51443e+06 90.6051
0.1275 747383 0.13495
0.13 1.38801 0.134851
0.1325 1.34008 0.134554
0.135 1.28999 0.134066
0.1375 1.23811 0.133391
0.14 1.18481 0.132536
0.1425 1.13043 0.131505
0.145 1.07531 0.130304
0.1475 1.01976 0.128938
0.15 0.964091 0.127412
0.1525 0.908571 0.125731
0.155 0.853468 0.123901
0.1575 0.799025 0.121927
0.16 0.745468 0.119814
0.1625 0.693002 0.117568
0.165 0.64182 0.115193
0.1675 0.592089 0.112695
0.17 0.543966 0.110081
0.1725 0.49758 0.107354
0.175 0.453055 0.104522
0.1775 0.410485 0.101589
0.18 0.36996 0.0985624
0.1825 0.331542 0.0954467
0.185 0.295287 0.0922483
0.1875 0.261228 0.0889732
0.19 0.229389 0.0856275
0.1925 0.199777 0.0822171
0.195 0.172387 0.0787483
0.1975 0.1472 0.0752272
0.2 0.124186 0.0716601
0.2025 0.103303 0.068053
0.205 0.0845 0.0644122
0.2075 0.0677131 0.060744
0.21 0.0528738 0.0570546
0.2125 0.0399021 0.05335
0.215 0.0287094 0.0496366
0.2175 0.0192065 0.0459204
0.22 0.0112911 0.0422074
0.2225 0.00486183 0.0385037
0.225 0.000190644 0.0348152
0.2275 0.00397672 0.0311477
0.23 0.00661051 0.0275071
0.2325 0.00820703 0.0238989
0.235 0.00888194 0.0203287
0.2375 0.00875366 0.016802
0.24 0.00793548 0.013324
0.2425 0.00654327 0.00989985
0.245 0.00469009 0.0065346
0.2475 0.00248503 0.00323308
