TITLE="Graphics"
VARIABLES= "rj, cm", "F", "dT/dt" 
0 4.28645e-05 18.1318
0.0025 4.26839e-05 18.0425
0.005 4.21893e-05 17.7953
0.0075 4.13588e-05 17.3687
0.01 4.02611e-05 16.7712
0.0125 3.90169e-05 16.012
0.015 3.78065e-05 15.1007
0.0175 3.68016e-05 14.0457
0.02 3.58905e-05 12.8526
0.0225 3.40928e-05 11.5265
0.025 2.90664e-05 10.0827
0.0275 1.85225e-05 8.57148
0.03 6.55821e-06 7.10011
0.0325 9.84674e-06 5.77942
0.035 1.57181e-05 4.53323
0.0375 0.000377603 3.26965
0.04 0.00111471 4.02824
0.0425 22.629 10.2647
0.045 43726.4 105.158
0.0475 773804 58.4122
0.04775 2.08167e-17 1.85386e-08
0.05 0.274669 8.7491
0.0525 0.222298 7.17983
0.055 0.179749 6.32202
0.0575 0.149302 5.77223
0.06 0.126156 5.39313
0.0625 0.107573 5.12639
0.065 0.0923068 4.93781
0.0675 0.0796418 4.80441
0.07 0.0690638 4.71017
0.0725 0.060172 4.64383
0.075 0.0526488 4.59737
0.0775 0.0462454 4.56493
0.08 447925 4.54219
0.0825 4.79128e+06 3.90596e+06
0.085 437790 4.51363
0.0875 0.0284403 4.50345
0.09 0.0253604 4.49392
0.0925 0.0226667 4.48392
0.095 0.0203041 4.47261
0.0975 0.0182245 4.45931
0.1 0.0163894 4.44354
0.1025 0.014765 4.42492
0.105 0.0133244 4.40318
0.1075 0.0120423 4.37815
0.11 0.0109 4.3497
0.1125 0.00987957 4.31777
0.115 0.00896612 4.28233
0.1175 0.00814706 4.24339
0.12 0.00741136 4.20098
0.1225 0.00674919 4.15519
0.125 0.00615288 4.10607
0.1275 0.0056146 4.05372
0.13 0.0051279 3.99825
0.1325 0.00468841 3.93976
0.135 0.00428941 3.87839
0.1375 0.00392826 3.81424
0.14 0.00360068 3.74746
0.1425 0.0033028 3.67817
0.145 0.00303264 3.6065
0.1475 0.00278644 3.53258
0.15 0.00256263 3.45656
0.1525 0.00235963 3.37856
0.155 0.00217366 3.29872
0.1575 0.00200565 3.21716
0.16 0.00185151 3.13403
0.1625 0.0017117 3.04944
0.165 0.00158425 2.96354
0.1675 0.0014687 2.87643
0.17 0.00136331 2.78825
0.1725 0.00126716 2.69911
0.175 0.00117999 2.60914
0.1775 0.0011011 2.51846
0.18 0.00102936 2.42717
0.1825 0.000964059 2.33539
0.185 0.000905224 2.24324
0.1875 0.000852505 2.15081
0.19 0.000803965 2.05821
0.1925 0.000761361 1.96555
0.195 0.000722607 1.87292
0.1975 0.000687565 1.78042
0.2 0.000657063 1.68816
0.2025 0.000629349 1.59621
0.205 0.000604966 1.50467
0.2075 0.000583458 1.41364
0.21 0.00056378 1.32318
0.2125 0.000547042 1.23339
0.215 0.000531544 1.14434
0.2175 0.00051829 1.0561
0.22 0.000505838 0.96874
0.2225 0.000495009 0.882328
0.225 0.000484255 0.796922
0.2275 0.00047465 0.712573
0.23 0.000464667 0.629329
0.2325 0.000452249 0.547228
0.235 0.000435109 0.46629
0.2375 0.000408846 0.386506
0.24 0.000367644 0.30782
0.2425 0.000305775 0.230103
0.245 0.000220919 0.15313
0.2475 0.000115334 0.0765691
