TITLE="Graphics"
VARIABLES= "rj, cm", "F", "dT/dt" 
0 1.41401e-05 1.3076e-07
0.0025 3.89566e-06 1.38568e-07
0.005 8.45129e-07 1.23097e-07
0.0075 2.12329e-06 7.78748e-08
0.01 2.78883e-06 6.36968e-09
0.0125 4.25024e-07 2.49544e-09
0.015 6.18978e-09 6.20746e-10
0.0175 2.977e-10 4.16588e-10
0.02 4.49005e-10 1.0713e-09
0.0225 5.84034e-10 1.38768e-09
0.025 4.16935e-10 1.38596e-09
0.0275 4.5862e-10 1.19661e-09
0.03 2.78645e-10 8.37551e-10
0.0325 1.18393e-10 4.09769e-10
0.035 3.05861e-09 1.26342e-11
0.0375 2.78459e-07 2.21842e-09
0.04 1.49094e-06 1.26849e-08
0.0425 1.7326e-06 4.09194e-07
0.045 8.63371e-07 1.52192e-08
0.0475 2.01435e-06 7.38462e-08
0.0475003 7.00828e-16 2.73106e-11
0.05 1.94667 0.295812
0.0525 4.02397 0.405321
0.055 5.24177 0.487457
0.0575 6.33867 0.55264
0.06 7.33311 0.605905
0.0625 8.2358 0.650119
0.065 9.05432 0.687103
0.0675 9.79472 0.718107
0.07 10.4622 0.744037
0.0725 11.0613 0.765585
0.075 11.5962 0.783293
0.0775 12.0707 0.797599
0.08 12.4885 0.808866
0.0825 12.8529 0.817399
0.085 13.167 0.823462
0.0875 13.4338 0.82728
0.09 13.6562 0.829054
0.0925 13.8367 0.828961
0.095 13.9778 0.827161
0.0975 14.0821 0.823795
0.1 14.1518 0.818995
0.1025 14.189 0.81288
0.105 14.1959 0.805559
0.1075 14.1743 0.797133
0.11 14.1263 0.787696
0.1125 14.0534 0.777336
0.115 13.9576 0.766133
0.1175 13.8403 0.754163
0.12 13.7031 0.741498
0.1225 13.5475 0.728206
0.125 13.3748 0.714347
0.1275 13.1865 0.699982
0.13 12.9837 0.685167
0.1325 820362 0.669954
0.135 1.62025e+06 185.349
0.1375 798753 0.638529
0.14 12.0512 0.622407
0.1425 11.793 0.606069
0.145 11.5267 0.589554
0.1475 11.2532 0.572898
0.15 10.9732 0.556136
0.1525 10.6877 0.5393
0.155 10.3973 0.52242
0.1575 10.1027 0.505526
0.16 9.80463 0.488644
0.1625 9.50368 0.471798
0.165 9.20047 0.455012
0.1675 8.89554 0.438307
0.17 8.58942 0.421703
0.1725 8.28261 0.405219
0.175 7.97558 0.38887
0.1775 7.66875 0.372673
0.18 7.36255 0.356642
0.1825 7.05735 0.34079
0.185 6.75351 0.325127
0.1875 6.45136 0.309665
0.19 6.15122 0.294412
0.1925 5.85336 0.279377
0.195 5.55805 0.264567
0.1975 5.26553 0.249987
0.2 4.97602 0.235644
0.2025 4.68972 0.22154
0.205 4.40681 0.20768
0.2075 4.12745 0.194067
0.21 3.85179 0.180701
0.2125 3.57994 0.167584
0.215 3.31202 0.154717
0.2175 3.04812 0.1421
0.22 2.78832 0.129732
0.2225 2.53267 0.117612
0.225 2.28123 0.105738
0.2275 2.03402 0.0941093
0.23 1.79107 0.0827226
0.2325 1.55239 0.0715757
0.235 1.31798 0.0606656
0.2375 1.08783 0.0499895
0.24 0.861905 0.0395439
0.2425 0.640197 0.0293256
0.245 0.422665 0.0193312
0.2475 0.209274 0.00955716
