TITLE="Graphics"
VARIABLES= "rj, cm", "F", "dT/dt" 
0 0.000737985 19.6987
0.0025 0.000734778 19.6026
0.005 0.000725914 19.3366
0.0075 0.000710556 18.8778
0.01 0.000688946 18.2357
0.0125 0.000661434 17.422
0.015 0.00062861 16.4501
0.0175 0.000591559 15.3359
0.02 0.000552334 14.0964
0.0225 0.000514865 12.7494
0.025 0.000487834 11.3103
0.0275 0.000503679 9.78681
0.03 0.000745132 8.1571
0.0325 0.00201801 6.24171
0.035 0.00491576 3.1387
0.0375 0.0061668 3.12866
0.04 0.0668481 4.10331
0.0425 34.1195 44.1165
0.045 85055 84.993
0.0475 773720 49.1036
0.04775 1.38778e-17 1.25362e-08
0.05 2.01201 13.9881
0.0525 2.0976 12.3375
0.055 1.93382 10.9743
0.0575 1.7119 10.0649
0.06 1.48975 9.52387
0.0625 1.29145 9.2491
0.065 1.1144 9.16251
0.0675 0.962444 9.20391
0.07 0.833926 9.33081
0.0725 0.722056 9.51398
0.075 0.625639 9.73123
0.0775 0.542497 9.96626
0.08 0.47072 10.2071
0.0825 0.408634 10.4451
0.085 0.354808 10.6739
0.0875 0.308038 10.889
0.09 0.267308 11.0871
0.0925 0.231767 11.2662
0.095 0.200695 11.4247
0.0975 0.173483 11.5618
0.1 0.149615 11.6771
0.1025 0.128652 11.7706
0.105 0.110217 11.8423
0.1075 0.09399 11.8927
0.11 0.0796927 11.9223
0.1125 0.0670888 11.9317
0.115 0.0559735 11.9215
0.1175 0.0461677 11.8925
0.12 0.0375199 11.8454
0.1225 0.0298943 11.7811
0.125 0.0231756 11.7004
0.1275 0.017263 11.6039
0.13 0.0120654 11.4927
0.1325 0.0075074 11.3673
0.135 0.00352022 11.2286
0.1375 4.05942e-05 11.0773
0.14 0.00297998 10.9142
0.1425 0.00559177 10.74
0.145 0.00783642 10.5554
0.1475 0.00974942 10.3611
0.15 0.0113653 10.1577
0.1525 0.0127125 9.94587
0.155 0.0138186 9.72622
0.1575 0.0147061 9.49936
0.16 0.0153974 9.26587
0.1625 0.0159104 9.02631
0.165 0.0162639 8.78122
0.1675 0.0164721 8.53113
0.17 963459 8.27654
0.1725 2.21411e+06 310777
0.175 941482 7.75583
0.1775 0.0161225 7.49063
0.18 0.0157953 7.22281
0.1825 0.0153906 6.95278
0.185 0.0149187 6.68096
0.1875 0.0143839 6.40775
0.19 0.0137953 6.13354
0.1925 0.0131595 5.85868
0.195 0.0124819 5.58354
0.1975 0.0117681 5.30847
0.2 0.0110243 5.03379
0.2025 0.0102569 4.75982
0.205 0.00947076 4.48687
0.2075 0.00867199 4.21522
0.21 0.00786713 3.94516
0.2125 0.00706315 3.67696
0.215 0.00626808 3.41085
0.2175 0.00548851 3.14708
0.22 0.00473529 2.88586
0.2225 0.00401595 2.62739
0.225 0.00334205 2.37184
0.2275 0.00272131 2.11939
0.23 0.00216362 1.87015
0.2325 0.00167668 1.62424
0.235 0.00126253 1.38174
0.2375 0.000925555 1.1427
0.24 0.000658684 0.907172
0.2425 0.00045201 0.675152
0.245 0.000290526 0.446632
0.2475 0.000150168 0.221592
