TITLE="Graphics"
VARIABLES= "rj, cm", "F", "dT/dt" 
0 8.02714e-10 3.37871e-12
0.0025 6.09868e-11 6.18757e-12
0.005 7.60201e-11 4.18082e-12
0.0075 2.2678e-11 2.77452e-12
0.01 1.76661e-11 2.73845e-12
0.0125 2.60537e-12 3.51497e-12
0.015 1.13182e-10 4.47648e-12
0.0175 4.13081e-10 6.64425e-12
0.02 7.09785e-09 2.0766e-11
0.0225 5.60097e-08 2.36766e-10
0.025 2.89094e-07 1.84701e-09
0.0275 7.60022e-07 9.07341e-09
0.03 4.88536e-07 2.35323e-08
0.0325 5.48171e-07 2.33847e-08
0.035 5.91176e-07 1.70637e-08
0.0375 2.44917e-06 1.34643e-08
0.04 1.14775e-06 1.79411e-08
0.0425 5.15126e-06 2.95518e-08
0.045 1.5894e-06 2.30252e-07
0.0475 4.19009e-05 1.90698e-08
0.0475003 1.91513e-15 1.76934e-11
0.05 0.481771 0.1918
0.0525 0.0657576 0.265171
0.055 0.108465 0.321586
0.0575 0.320464 0.367674
0.06 0.556956 0.406602
0.0625 0.810352 0.440148
0.065 1.0759 0.469425
0.0675 1.35038 0.495186
0.07 1.63143 0.517966
0.0725 1.9172 0.538167
0.075 2.20617 0.556097
0.0775 2.49701 0.572
0.08 2.78852 0.586071
0.0825 3.07959 0.598474
0.085 3.36918 0.609342
0.0875 3.65628 0.618791
0.09 3.93994 0.626917
0.0925 4.21924 0.633805
0.095 4.4933 0.639529
0.0975 4.76126 0.644153
0.1 5.0223 0.647735
0.1025 5.27565 0.650327
0.105 5.52054 0.651974
0.1075 5.75628 0.652719
0.11 5.9822 0.6526
0.1125 6.19765 0.651654
0.115 6.40206 0.649912
0.1175 6.59486 0.647407
0.12 6.77557 0.644166
0.1225 768253 0.640218
0.125 1.51437e+06 45.8709
0.1275 747366 0.630302
0.13 7.36883 0.624384
0.1325 7.483 0.617857
0.135 7.58297 0.610744
0.1375 7.66853 0.603066
0.14 7.73955 0.594846
0.1425 7.79589 0.586105
0.145 7.83751 0.576864
0.1475 7.86437 0.567144
0.15 7.87647 0.556965
0.1525 7.87388 0.546348
0.155 7.85669 0.535312
0.1575 7.82501 0.523879
0.16 7.77901 0.512068
0.1625 7.71889 0.499899
0.165 7.64488 0.487393
0.1675 7.55723 0.474569
0.17 7.45624 0.461447
0.1725 7.34224 0.448048
0.175 7.21557 0.434392
0.1775 7.0766 0.420497
0.18 6.92574 0.406385
0.1825 6.76341 0.392074
0.185 6.59005 0.377585
0.1875 6.40614 0.362938
0.19 6.21216 0.348152
0.1925 6.00861 0.333247
0.195 5.79602 0.318242
0.1975 5.57491 0.303157
0.2 5.34585 0.288011
0.2025 5.10939 0.272823
0.205 4.8661 0.257611
0.2075 4.61656 0.242396
0.21 4.36137 0.227195
0.2125 4.10111 0.212026
0.215 3.8364 0.196908
0.2175 3.56784 0.181859
0.22 3.29603 0.166896
0.2225 3.02159 0.152037
0.225 2.74512 0.137298
0.2275 2.46723 0.122696
0.23 2.18853 0.108247
0.2325 1.90961 0.0939673
0.235 1.63107 0.0798726
0.2375 1.3535 0.0659777
0.24 1.07747 0.0522974
0.2425 0.803555 0.0388459
0.245 0.532316 0.0256371
0.2475 0.264293 0.0126842
