TITLE="Graphics"
VARIABLES= "rj, cm", "F", "dT/dt" 
0 1.68318e-09 7.19924e-08
0.0025 1.83369e-09 7.18555e-08
0.005 2.06959e-09 7.14383e-08
0.0075 2.58387e-09 7.06431e-08
0.01 3.17858e-09 6.93108e-08
0.0125 3.88726e-09 6.72729e-08
0.015 4.56655e-09 6.4341e-08
0.0175 5.16195e-09 6.03427e-08
0.02 5.56834e-09 5.51397e-08
0.0225 5.72442e-09 4.86762e-08
0.025 5.56841e-09 4.09856e-08
0.0275 5.00325e-09 3.22273e-08
0.03 4.36514e-09 2.26801e-08
0.0325 3.35367e-09 1.26389e-08
0.035 2.24899e-09 2.51068e-09
0.0375 7.25807e-07 7.25199e-09
0.04 2.5151e-06 6.38826e-08
0.0425 1.86253e-05 2.63614e-07
0.045 5.71854e-05 4.32851e-06
0.0475 7.61339e-05 1.80337e-05
0.0475003 1.4988e-15 3.94953e-11
0.05 2.35595 0.428222
0.0525 4.88014 0.587473
0.055 6.36325 0.707514
0.0575 7.70446 0.803373
0.06 8.92631 0.8823
0.0625 10.0418 0.948412
0.065 11.0601 1.00432
0.0675 11.9884 1.0518
0.07 12.8327 1.09215
0.0725 13.5984 1.12635
0.075 14.2903 1.15516
0.0775 14.9127 1.1792
0.08 15.4696 1.19897
0.0825 15.9647 1.21489
0.085 16.4016 1.22732
0.0875 16.7834 1.23658
0.09 17.1132 1.24293
0.0925 17.3939 1.24662
0.095 587371 1.24785
0.0975 1.15956e+06 167.393
0.1 571176 1.24368
0.1025 18.0775 1.23861
0.105 18.1504 1.23175
0.1075 18.1884 1.22322
0.11 18.1934 1.21315
0.1125 18.1675 1.20165
0.115 18.1122 1.18881
0.1175 18.0294 1.17475
0.12 17.9206 1.15954
0.1225 17.7873 1.14328
0.125 17.6311 1.12604
0.1275 17.4533 1.1079
0.13 17.2552 1.08892
0.1325 17.0381 1.06919
0.135 16.8033 1.04875
0.1375 16.5518 1.02768
0.14 16.2848 1.00602
0.1425 16.0034 0.983834
0.145 15.7084 0.961171
0.1475 15.401 0.93808
0.15 15.0821 0.914609
0.1525 14.7524 0.8908
0.155 14.4129 0.866698
0.1575 14.0644 0.842341
0.16 13.7077 0.817769
0.1625 13.3435 0.793018
0.165 12.9725 0.768123
0.1675 12.5954 0.743117
0.17 12.2129 0.718032
0.1725 11.8256 0.692897
0.175 11.4342 0.667742
0.1775 11.0392 0.642594
0.18 10.6412 0.617479
0.1825 10.2408 0.592421
0.185 9.83837 0.567443
0.1875 9.43456 0.542569
0.19 9.02981 0.517819
0.1925 8.62459 0.493213
0.195 8.21934 0.468771
0.1975 7.81451 0.444509
0.2 7.41049 0.420446
0.2025 7.0077 0.396597
0.205 6.6065 0.372978
0.2075 6.20727 0.349602
0.21 5.81034 0.326484
0.2125 5.41606 0.303636
0.215 5.02474 0.281071
0.2175 4.63668 0.258798
0.22 4.25216 0.23683
0.2225 3.87147 0.215176
0.225 3.49484 0.193845
0.2275 3.12254 0.172847
0.23 2.75479 0.152188
0.2325 2.3918 0.131878
0.235 2.03378 0.111923
0.2375 1.68092 0.0923303
0.24 1.3334 0.0731055
0.2425 0.991387 0.0542547
0.245 0.655045 0.0357836
0.2475 0.324524 0.0176971
