TITLE="Graphics"
VARIABLES= "rj, cm", "F", "dT/dt" 
0 0.000685741 18.129
0.0025 0.000682853 18.0397
0.005 0.000674943 17.7926
0.0075 0.000661664 17.366
0.01 0.000644116 16.7685
0.0125 0.000624233 16.0095
0.015 0.00060489 15.0983
0.0175 0.000588811 14.0433
0.02 0.000574144 12.8502
0.0225 0.000545148 11.5243
0.025 0.000464469 10.0808
0.0275 0.000296073 8.57026
0.03 0.000106147 7.09968
0.0325 0.00015779 5.77877
0.035 0.00023707 4.53222
0.0375 0.00377464 3.27912
0.04 0.0094352 4.05377
0.0425 0.185577 9.4351
0.045 2.70306 107.277
0.0475 14361.7 2029.44
0.04775 6.93889e-17 2.08994e-08
0.05 9.41536 17.3682
0.0525 3.90241 12.1391
0.055 3.10458 8.87167
0.0575 2.66915 6.70126
0.06 2.26958 5.06855
0.0625 1.92616 3.7623
0.065 1.64171 2.68615
0.0675 1.40749 1.78479
0.07 1.21377 1.02157
0.0725 1.05248 0.370233
0.075 0.918646 0.188896
0.0775 0.800118 0.671567
0.08 0.704751 1.08841
0.0825 0.621973 1.44971
0.085 0.550852 1.76333
0.0875 0.489449 2.0357
0.09 0.436193 2.27216
0.0925 0.389804 2.47715
0.095 0.349236 2.65443
0.0975 0.313625 2.80715
0.1 0.282257 2.93802
0.1025 0.254539 3.04936
0.105 0.229973 3.14314
0.1075 0.208139 3.2211
0.11 0.188686 3.28474
0.1125 0.17131 3.33538
0.115 0.155758 3.37418
0.1175 0.141806 3.40216
0.12 0.129268 3.42024
0.1225 0.117981 3.42924
0.125 0.1078 3.42988
0.1275 0.0986069 3.42282
0.13 0.0902902 3.40867
0.1325 0.0827585 3.38797
0.135 0.0759298 3.36122
0.1375 841088 3.32887
0.14 1.95643e+06 297439
0.1425 819345 3.24901
0.145 0.0543125 3.20226
0.1475 0.0500649 3.15142
0.15 0.0461944 3.09678
0.1525 0.0426657 3.03866
0.155 0.0394454 2.97732
0.1575 0.0365078 2.91302
0.16 0.033826 2.846
0.1625 0.0313783 2.77649
0.165 0.0291436 2.70471
0.1675 0.0271034 2.63087
0.17 0.0252415 2.55516
0.1725 0.0235434 2.47776
0.175 0.0219935 2.39887
0.1775 0.0205806 2.31864
0.18 0.0192945 2.23724
0.1825 0.0181221 2.15483
0.185 0.0170564 2.07155
0.1875 0.0160879 1.98755
0.19 0.0152077 1.90297
0.1925 0.0144099 1.81793
0.195 0.0136882 1.73256
0.1975 0.0130322 1.64699
0.2 0.0124431 1.56133
0.2025 0.0119076 1.47568
0.205 0.0114277 1.39017
0.2075 0.0109936 1.30488
0.21 0.0106059 1.21993
0.2125 0.0102564 1.13539
0.215 0.00994695 1.05136
0.2175 0.00967246 0.96793
0.22 0.00943345 0.885176
0.2225 0.00923499 0.803179
0.225 0.00908382 0.722019
0.2275 0.00900765 0.641779
0.23 0.00906035 0.562553
0.2325 0.0093502 0.484461
0.235 0.0100594 0.407683
0.2375 0.0114524 0.332511
0.24 0.0137186 0.25942
0.2425 0.016515 0.189121
0.245 0.0179249 0.122455
0.2475 0.0135964 0.0598336
