TITLE="Graphics"
VARIABLES= "rj, cm", "F", "dT/dt" 
0 0.00021707 4.1471e-06
0.0025 1.94048e-05 3.51502e-06
0.005 1.61749e-05 2.63175e-06
0.0075 1.87936e-05 1.72929e-06
0.01 1.36008e-05 1.17882e-06
0.0125 4.57476e-05 5.63391e-07
0.015 8.95312e-06 4.25938e-09
0.0175 2.1446e-07 4.79134e-08
0.02 9.07859e-06 5.18692e-09
0.0225 7.77056e-08 1.65649e-09
0.025 2.62608e-08 1.6885e-10
0.0275 1.31385e-08 7.63295e-11
0.03 8.85187e-08 7.31917e-10
0.0325 1.10718e-07 4.3338e-09
0.035 1.99539e-06 1.47077e-08
0.0375 1.32924e-05 1.30237e-07
0.04 4.97995e-05 4.678e-07
0.0425 1.21756e-06 1.82947e-07
0.045 3.6152e-06 4.94421e-07
0.0475 0.000112775 3.52021e-06
0.0475003 4.85723e-17 2.89609e-11
0.05 0.0488139 0.313829
0.0525 1.9782 0.433761
0.055 2.96619 0.525746
0.0575 3.95665 0.600657
0.06 4.93019 0.663686
0.0625 5.8755 0.717752
0.065 6.78594 0.764685
0.0675 7.6576 0.805721
0.07 8.48822 0.841748
0.0725 9.27658 0.873428
0.075 10.0221 0.901276
0.0775 10.7247 0.925697
0.08 11.3846 0.947025
0.0825 12.0021 0.965531
0.085 12.5778 0.981448
0.0875 13.1123 0.994972
0.09 13.6063 1.00627
0.0925 14.0606 1.0155
0.095 14.4759 1.02278
0.0975 14.8532 1.02823
0.1 15.1931 1.03196
0.1025 15.4967 1.03407
0.105 15.7648 1.03463
0.1075 15.9983 1.03372
0.11 16.1981 1.03143
0.1125 16.3651 1.02781
0.115 16.5003 1.02293
0.1175 16.6045 1.01685
0.12 16.6786 1.00963
0.1225 16.7237 1.00132
0.125 16.7405 0.991973
0.1275 16.7301 0.981633
0.13 16.6933 0.970349
0.1325 16.6311 0.958166
0.135 16.5444 0.945128
0.1375 16.4341 0.931276
0.14 16.3011 0.916651
0.1425 16.1462 0.901294
0.145 15.9705 0.885242
0.1475 15.7747 0.868534
0.15 15.5597 0.851205
0.1525 15.3265 0.833293
0.155 15.0759 0.814833
0.1575 14.8087 0.795859
0.16 931169 0.776405
0.1625 1.83891e+06 193.238
0.165 909069 0.736192
0.1675 13.5911 0.715498
0.17 13.2536 0.694454
0.1725 12.9045 0.673092
0.175 12.5444 0.651442
0.1775 12.1743 0.629535
0.18 11.7948 0.6074
0.1825 11.4067 0.585067
0.185 11.0107 0.562564
0.1875 10.6076 0.539919
0.19 10.1979 0.51716
0.1925 9.7825 0.494315
0.195 9.36197 0.47141
0.1975 8.93698 0.448471
0.2 8.50818 0.425524
0.2025 8.07621 0.402594
0.205 7.64166 0.379707
0.2075 7.20516 0.356885
0.21 6.76728 0.334154
0.2125 6.3286 0.311536
0.215 5.88968 0.289054
0.2175 5.45107 0.26673
0.22 5.01329 0.244586
0.2225 4.57686 0.222642
0.225 4.14229 0.20092
0.2275 3.71007 0.179439
0.23 3.28068 0.158219
0.2325 2.85457 0.137279
0.235 2.4322 0.116637
0.2375 2.01401 0.0963111
0.24 1.60043 0.076318
0.2425 1.19185 0.0566746
0.245 0.788693 0.0373969
0.2475 0.391332 0.0185004
