TITLE="Graphics"
VARIABLES= "rj, cm", "F", "dT/dt" 
0 0.00220589 23.6179
0.0025 0.00219753 23.5058
0.005 0.00217428 23.1954
0.0075 0.00213368 22.6592
0.01 0.00207582 21.9075
0.0125 0.00200075 20.9527
0.015 0.00190863 19.8093
0.0175 0.00179978 18.4949
0.02 0.00167485 17.0298
0.0225 0.00153481 15.4371
0.025 0.00138094 13.7424
0.0275 0.00121483 11.9737
0.03 0.00103895 10.1609
0.0325 0.000858116 8.33501
0.035 0.000678162 6.52753
0.0375 0.000464953 4.76848
0.04 0.00200958 3.09683
0.0425 23.533 1.46989
0.045 50524.7 103.499
0.0475 773791 58.3855
0.04775 1.11022e-16 1.89239e-08
0.05 11.4033 6.56903
0.0525 9.70451 3.97634
0.055 7.8528 2.64244
0.0575 6.43403 1.88015
0.06 5.36637 1.39489
0.0625 4.54088 1.06071
0.065 3.883 0.818979
0.0675 3.34656 0.63891
0.07 2.9022 0.50229
0.0725 366638 0.397296
0.075 817244 89656.6
0.0775 360956 0.251835
0.08 1.72158 0.201239
0.0825 1.52621 0.160806
0.085 1.35787 0.128174
0.0875 1.21221 0.101574
0.09 1.08566 0.0796718
0.0925 0.975308 0.0614606
0.095 0.878725 0.0461761
0.0975 0.793897 0.0332363
0.1 0.719146 0.0221956
0.1025 0.653063 0.0127118
0.105 0.594463 0.00452025
0.1075 0.542347 0.00258514
0.11 0.495866 0.00876583
0.1125 0.454299 0.0141498
0.115 0.417031 0.0188392
0.1175 0.383535 0.022917
0.12 0.353358 0.0264509
0.1225 0.326106 0.0294975
0.125 0.301445 0.0321048
0.1275 0.279081 0.0343138
0.13 0.258757 0.0361605
0.1325 0.240255 0.037677
0.135 0.223375 0.0388919
0.1375 0.207952 0.0398316
0.14 0.193834 0.0405205
0.1425 0.18089 0.0409811
0.145 0.169005 0.0412347
0.1475 0.158079 0.0413009
0.15 0.14802 0.0411976
0.1525 0.138747 0.0409413
0.155 0.130189 0.0405472
0.1575 0.122279 0.0400289
0.16 0.11496 0.039399
0.1625 0.108178 0.038669
0.165 0.101889 0.0378493
0.1675 0.0960495 0.0369497
0.17 0.0906216 0.0359789
0.1725 0.0855724 0.0349449
0.175 0.0808694 0.033855
0.1775 0.0764859 0.0327156
0.18 0.0723974 0.0315325
0.1825 0.0685797 0.0303107
0.185 0.0650116 0.0290547
0.1875 0.0616763 0.0277683
0.19 0.0585542 0.0264547
0.1925 0.0556309 0.0251163
0.195 0.052892 0.0237553
0.1975 0.0503228 0.0223731
0.2 0.0479155 0.0209706
0.2025 0.0456549 0.0195481
0.205 0.0435364 0.0181053
0.2075 0.0415486 0.0166409
0.21 0.0396857 0.0151532
0.2125 0.0379405 0.013639
0.215 0.0363051 0.0120944
0.2175 0.0347679 0.0105143
0.22 0.0333166 0.00889347
0.2225 0.0319261 0.00722678
0.225 0.0305616 0.00551179
0.2275 0.0291689 0.00375199
0.23 0.0276707 0.00196199
0.2325 0.0259661 0.000175847
0.235 0.0239256 0.0015429
0.2375 0.0214131 0.00308765
0.24 0.018296 0.00429512
0.2425 0.0144991 0.0049324
0.245 0.0100981 0.00469093
0.2475 0.00492307 0.00319546
