TITLE="Graphics"
VARIABLES= "rj, cm", "F", "dT/dt" 
0 0.00206017 21.7337
0.0025 0.00205176 21.629
0.005 0.00202842 21.3392
0.0075 0.0019878 20.839
0.01 0.00193021 20.1384
0.0125 0.00185601 19.2496
0.015 0.00176561 18.1869
0.0175 0.00165966 16.9675
0.02 0.00153906 15.611
0.0225 0.00140507 14.1395
0.025 0.00125943 12.5773
0.0275 0.00110451 10.9506
0.03 0.000943546 9.28687
0.0325 0.000781041 7.61397
0.035 0.000622033 5.95934
0.0375 0.000464826 4.34869
0.04 0.00128663 2.80682
0.0425 0.623625 1.22899
0.045 2.06503 107.765
0.0475 2597.75 85.9694
0.04775 1.04083e-16 2.09729e-08
0.05 19.555 9.30794
0.0525 11.7695 8.25216
0.055 8.47275 6.65912
0.0575 6.82359 5.45258
0.06 5.72431 4.57356
0.0625 243199 3.91041
0.065 569767 79462
0.0675 245507 2.96954
0.07 3.13428 2.6216
0.0725 2.73305 2.32909
0.075 2.39419 2.08014
0.0775 2.10649 1.86622
0.08 1.86097 1.68098
0.0825 1.65042 1.51951
0.085 1.469 1.37798
0.0875 1.31198 1.2533
0.09 1.17551 1.14299
0.0925 1.05641 1.04501
0.095 0.952096 0.957656
0.0975 0.860397 0.879519
0.1 0.779517 0.809414
0.1025 0.707953 0.746336
0.105 0.64444 0.689431
0.1075 0.587914 0.637971
0.11 0.537467 0.591328
0.1125 0.492333 0.54896
0.115 0.451854 0.510399
0.1175 0.415465 0.475236
0.12 0.38268 0.443112
0.1225 0.353081 0.413714
0.125 0.326302 0.386764
0.1275 0.302029 0.362018
0.13 0.279979 0.339259
0.1325 0.259917 0.318293
0.135 0.241624 0.298948
0.1375 0.22492 0.281073
0.14 0.209644 0.26453
0.1425 0.195656 0.249198
0.145 0.182822 0.234966
0.1475 0.171033 0.221734
0.15 0.160183 0.209412
0.1525 0.150186 0.19792
0.155 0.140959 0.187185
0.1575 0.132434 0.177142
0.16 0.124547 0.16773
0.1625 0.117241 0.158897
0.165 0.110465 0.150594
0.1675 0.104173 0.142777
0.17 0.0983252 0.135406
0.1725 0.0928834 0.128446
0.175 0.0878122 0.121864
0.1775 0.083085 0.11563
0.18 0.0786696 0.109717
0.1825 0.0745434 0.104101
0.185 0.0706836 0.0987595
0.1875 0.0670676 0.0936735
0.19 0.0636762 0.0888247
0.1925 0.0604947 0.0841974
0.195 0.0575016 0.0797771
0.1975 0.0546879 0.0755517
0.2 0.0520361 0.0715101
0.2025 0.0495365 0.0676433
0.205 0.0471782 0.0639432
0.2075 0.044955 0.0604032
0.21 0.0428606 0.0570173
0.2125 0.040895 0.0537797
0.215 0.0390638 0.0506838
0.2175 0.0373779 0.0477206
0.22 0.0358598 0.0448769
0.2225 0.0345414 0.0421317
0.225 0.0334718 0.0394521
0.2275 0.0327047 0.0367875
0.23 0.0322983 0.0340635
0.2325 0.0322732 0.031175
0.235 0.0325456 0.0279848
0.2375 0.0328145 0.0243331
0.24 0.0323946 0.020072
0.2425 0.0300925 0.015142
0.245 0.0243346 0.00970306
0.2475 0.0139821 0.00430438
