TITLE="Graphics"
VARIABLES= "rj, cm", "F", "dT/dt" 
0 0.00287396 19.1151
0.0025 0.00286139 19.0215
0.005 0.00282662 18.7626
0.0075 0.00276659 18.3159
0.01 0.00268274 17.6909
0.0125 149.623 16.8988
0.015 24391.6 24158.6
0.0175 106.613 14.8662
0.02 0.00222279 13.6544
0.0225 0.00220885 12.3265
0.025 0.00242132 10.8765
0.0275 0.00293128 9.26087
0.03 0.00300752 7.39067
0.0325 0.000280679 5.26691
0.035 0.0101798 3.49724
0.0375 0.0167802 3.81589
0.04 0.0179629 7.16246
0.0425 22.9829 8.218
0.045 48199.7 104.617
0.0475 773829 41.2456
0.04775 6.245e-17 1.93615e-08
0.05 22.2718 0.454341
0.0525 16.4198 1.99027
0.055 12.6124 2.32618
0.0575 10.2223 2.37204
0.06 8.53114 2.33773
0.0625 7.22927 2.27614
0.065 6.18415 2.20388
0.0675 5.32868 2.12791
0.07 4.62026 2.05167
0.0725 4.02853 1.97692
0.075 3.53059 1.9045
0.0775 3.10873 1.83476
0.08 2.74909 1.76773
0.0825 2.44068 1.70334
0.085 2.17479 1.64143
0.0875 1.94442 1.58184
0.09 1.74391 1.52443
0.0925 1.56866 1.46906
0.095 1.4149 1.41561
0.0975 1.27952 1.36398
0.1 1.15992 1.3141
0.1025 1.05394 1.26589
0.105 0.959757 1.21929
0.1075 0.875826 1.17423
0.11 0.800838 1.13067
0.1125 0.733678 1.08856
0.115 0.673385 1.04785
0.1175 0.619138 1.00848
0.12 0.570226 0.970428
0.1225 0.526033 0.933636
0.125 0.486025 0.898063
0.1275 0.449739 0.863667
0.13 0.416766 0.830406
0.1325 0.386752 0.79824
0.135 0.359385 0.767128
0.1375 0.33439 0.737031
0.14 0.311526 0.707912
0.1425 0.290578 0.679733
0.145 0.271359 0.652459
0.1475 0.253699 0.626056
0.15 0.237449 0.600489
0.1525 0.222479 0.575727
0.155 0.208666 0.551739
0.1575 0.195908 0.528495
0.16 0.184108 0.505966
0.1625 0.173181 0.484125
0.165 0.163052 0.462945
0.1675 0.153651 0.4424
0.17 0.144916 0.422468
0.1725 0.136793 0.403124
0.175 0.129229 0.384346
0.1775 0.122181 0.366113
0.18 0.115608 0.348404
0.1825 0.10947 0.3312
0.185 0.103734 0.314482
0.1875 0.0983736 0.298232
0.19 0.0933555 0.282431
0.1925 0.0886588 0.267064
0.195 0.084258 0.252113
0.1975 0.0801334 0.237562
0.2 0.0762662 0.223396
0.2025 0.0726385 0.209599
0.205 0.0692354 0.196155
0.2075 0.0660414 0.18305
0.21 0.0630476 0.170266
0.2125 0.0602431 0.15779
0.215 0.0576224 0.145604
0.2175 0.0551818 0.133692
0.22 0.0529276 0.122036
0.2225 0.0508567 0.110613
0.225 0.0489735 0.0994
0.2275 0.0472627 0.0883688
0.23 0.0456729 0.0774881
0.2325 0.04409 0.0667267
0.235 0.0422826 0.0560615
0.2375 0.0398586 0.045493
0.24 0.036245 0.0350731
0.2425 0.0307322 0.0249442
0.245 0.0227168 0.0153874
0.2475 0.0121389 0.00686105
