TITLE="Graphics"
VARIABLES= "rj, cm", "F", "dT/dt" 
0 2.10463e-05 2.21671e-07
0.0025 5.11847e-06 2.21092e-07
0.005 2.7402e-06 2.01157e-07
0.0075 3.49706e-06 1.88831e-07
0.01 4.38402e-06 2.14596e-07
0.0125 2.6476e-06 2.25474e-07
0.015 1.0614e-05 4.41184e-08
0.0175 1.79396e-06 7.58652e-09
0.02 3.63935e-10 4.26891e-09
0.0225 9.26303e-10 1.3015e-08
0.025 9.79497e-10 1.92122e-08
0.0275 1.14648e-09 2.34134e-08
0.03 2.91018e-09 2.58796e-08
0.0325 8.26405e-09 2.53651e-08
0.035 1.62877e-08 1.74412e-08
0.0375 7.46426e-07 4.19026e-09
0.04 3.30384e-06 3.88014e-08
0.0425 1.79822e-06 7.90916e-08
0.045 0.000206443 6.05112e-07
0.0475 0.000414464 7.25858e-06
0.0475003 4.92661e-16 1.12696e-11
0.05 0.471753 0.122287
0.0525 1.9034 0.170164
0.055 2.66641 0.207641
0.0575 3.39873 0.238886
0.06 4.09501 0.26587
0.0625 4.75222 0.289688
0.065 5.36898 0.31102
0.0675 5.94498 0.330316
0.07 6.48056 0.347893
0.0725 6.97646 0.363984
0.075 7.43367 0.378763
0.0775 7.85334 0.392365
0.08 8.23672 0.404897
0.0825 8.58509 0.416441
0.085 8.89976 0.427066
0.0875 9.18205 0.436826
0.09 9.43326 0.445767
0.0925 9.65467 0.453924
0.095 9.84757 0.461329
0.0975 10.0132 0.468007
0.1 10.1527 0.47398
0.1025 10.2674 0.479264
0.105 10.3583 0.483875
0.1075 678027 0.487827
0.11 1.33626e+06 348.282
0.1125 659040 0.493796
0.115 10.5065 0.495832
0.1175 10.4948 0.497246
0.12 10.4656 0.498048
0.1225 10.4198 0.498244
0.125 10.3583 0.497842
0.1275 10.2819 0.496848
0.13 10.1915 0.495271
0.1325 10.0878 0.493118
0.135 9.97164 0.490397
0.1375 9.84379 0.487116
0.14 9.70493 0.483285
0.1425 9.55577 0.478912
0.145 9.39696 0.474007
0.1475 9.22916 0.468581
0.15 9.05298 0.462645
0.1525 8.86901 0.456211
0.155 8.67783 0.449291
0.1575 8.48 0.441897
0.16 8.27605 0.434044
0.1625 8.06648 0.425745
0.165 7.8518 0.417017
0.1675 7.63247 0.407873
0.17 7.40896 0.398331
0.1725 7.18169 0.388407
0.175 6.9511 0.378119
0.1775 6.71759 0.367483
0.18 6.48154 0.35652
0.1825 6.24333 0.345247
0.185 6.00332 0.333684
0.1875 5.76186 0.32185
0.19 5.51926 0.309767
0.1925 5.27586 0.297453
0.195 5.03194 0.284931
0.1975 4.7878 0.272222
0.2 4.54372 0.259346
0.2025 4.29996 0.246325
0.205 4.05676 0.233181
0.2075 3.81438 0.219935
0.21 3.57304 0.20661
0.2125 3.33295 0.193228
0.215 3.09433 0.17981
0.2175 2.85736 0.166377
0.22 2.62225 0.152953
0.2225 2.38915 0.139557
0.225 2.15824 0.126212
0.2275 1.92968 0.112939
0.23 1.70361 0.0997583
0.2325 1.48017 0.0866901
0.235 1.2595 0.0737548
0.2375 1.04172 0.060972
0.24 0.826941 0.048361
0.2425 0.61528 0.0359403
0.245 0.406838 0.0237283
0.2475 0.201715 0.0117425
