TITLE="Graphics"
VARIABLES= "rj, cm", "F", "dT/dt" 
0 2.51518e-11 7.22968e-09
0.0025 9.53134e-11 7.24939e-09
0.005 9.3031e-11 7.0689e-09
0.0075 7.39916e-11 6.77153e-09
0.01 1.14127e-10 6.3982e-09
0.0125 6.25514e-11 5.87045e-09
0.015 5.63286e-11 5.28971e-09
0.0175 8.12843e-11 4.67496e-09
0.02 4.41759e-11 3.92157e-09
0.0225 5.05132e-11 3.21872e-09
0.025 3.86774e-11 2.46808e-09
0.0275 2.12871e-11 1.69981e-09
0.03 134.766 9.8053e-10
0.0325 734.685 485.881
0.035 115.487 5.71089e-10
0.0375 1.65786e-06 1.43261e-08
0.04 4.24363e-06 5.71545e-08
0.0425 1.18356e-07 1.57425e-07
0.045 5.44981e-08 9.0505e-08
0.0475 1.20714e-05 4.34111e-07
0.0475003 8.95117e-16 2.28641e-10
0.05 7.72353 2.46897
0.0525 6.14366 3.53236
0.055 6.19559 4.39376
0.0575 5.81146 5.13563
0.06 5.16384 5.79547
0.0625 4.34998 6.39338
0.065 3.42963 6.94134
0.0675 2.44191 7.44711
0.07 1.41368 7.91601
0.0725 0.36411 8.35184
0.075 0.692707 8.75742
0.0775 1.74615 9.13491
0.08 2.78804 9.48598
0.0825 3.81202 9.81199
0.085 4.81303 10.114
0.0875 5.78703 10.393
0.09 6.73079 10.6498
0.0925 7.64169 10.8848
0.095 8.5176 11.0989
0.0975 9.35683 11.2924
0.1 10.158 11.4658
0.1025 10.92 11.6196
0.105 11.6421 11.7541
0.1075 12.3235 11.8697
0.11 12.9638 11.9667
0.1125 13.5627 12.0456
0.115 14.12 12.1066
0.1175 14.6356 12.1501
0.12 15.1096 12.1764
0.1225 15.5422 12.1858
0.125 15.9335 12.1787
0.1275 16.2839 12.1555
0.13 16.5938 12.1163
0.1325 16.8635 12.0617
0.135 17.0937 11.992
0.1375 17.2848 11.9075
0.14 17.4374 11.8086
0.1425 17.5522 11.6958
0.145 17.6299 11.5693
0.1475 17.6713 11.4295
0.15 17.6771 11.277
0.1525 17.6481 11.1121
0.155 17.5851 10.9352
0.1575 17.4891 10.7468
0.16 17.3609 10.5472
0.1625 17.2014 10.337
0.165 17.0116 10.1166
0.1675 16.7924 9.88644
0.17 16.5449 9.647
0.1725 16.27 9.39874
0.175 15.9688 9.14216
0.1775 15.6422 8.87771
0.18 15.2914 8.6059
0.1825 14.9174 8.3272
0.185 14.5213 8.04212
0.1875 14.104 7.75113
0.19 13.6669 7.45475
0.1925 13.2108 7.15347
0.195 12.7369 6.84779
0.1975 12.2464 6.53821
0.2 11.7403 6.22523
0.2025 11.2196 5.90934
0.205 10.6856 5.59106
0.2075 10.1392 5.27087
0.21 9.58171 4.94928
0.2125 9.01405 4.62676
0.215 8.43737 4.30382
0.2175 7.85273 3.98094
0.22 7.26121 3.6586
0.2225 6.66386 3.33728
0.225 6.06174 3.01744
0.2275 5.45589 2.69956
0.23 4.84734 2.38409
0.2325 4.23709 2.07149
0.235 3.62616 1.7622
0.2375 3.01553 1.45666
0.24 2.40617 1.15531
0.2425 1.79904 0.858557
0.245 1.19507 0.56682
0.2475 0.595182 0.280503
