TITLE="Graphics"
VARIABLES= "rj, cm", "F", "dT/dt" 
0 6.6157e-05 22.4524
0.0025 6.58939e-05 22.3448
0.005 6.51632e-05 22.047
0.0075 6.389e-05 21.5328
0.01 6.20822e-05 20.8123
0.0125 5.97472e-05 19.8979
0.015 5.68956e-05 18.8039
0.0175 5.35436e-05 17.5478
0.02 4.97158e-05 16.1495
0.0225 4.54468e-05 14.6314
0.025 4.07848e-05 13.0185
0.0275 3.57944e-05 11.3377
0.03 3.05628e-05 9.61736
0.0325 2.52026e-05 7.88694
0.035 1.98104e-05 6.17584
0.0375 1.44101e-05 4.51286
0.04 0.000144996 2.92666
0.0425 0.186999 2.00634
0.045 0.190986 104.366
0.0475 0.0112975 60.502
0.04775 8.32667e-17 1.85083e-08
0.05 0.28542 12.8304
0.0525 0.266342 9.79486
0.055 0.227621 7.64943
0.0575 0.191641 6.13893
0.06 0.162061 5.03215
0.0625 0.137619 4.19086
0.065 0.118227 3.52807
0.0675 0.102206 2.99546
0.07 0.0888541 2.56084
0.0725 0.0776415 2.20183
0.075 0.0681578 1.90236
0.0775 0.060085 1.65052
0.08 0.0531749 1.4373
0.0825 0.04723 1.25571
0.085 0.0420922 1.10025
0.0875 0.0376334 0.966577
0.09 0.0337478 0.851159
0.0925 0.0303494 0.751146
0.095 0.0273671 0.664197
0.0975 0.0247403 0.588383
0.1 0.0224204 0.522096
0.1025 0.0203644 0.463996
0.105 0.0185383 0.412953
0.1075 0.0169108 0.368014
0.11 0.0154576 0.328371
0.1125 0.0141563 0.293334
0.115 0.0129888 0.262314
0.1175 0.0119385 0.234808
0.12 0.010992 0.210379
0.1225 0.010137 0.188655
0.125 0.00936334 0.16931
0.1275 0.00866188 0.152065
0.13 0.00802481 0.136675
0.1325 0.00744513 0.122926
0.135 0.00691617 0.110634
0.1375 0.00643444 0.0996355
0.14 0.00599597 0.0897902
0.1425 0.00560212 0.0809847
0.145 0.00520641 0.0731529
0.1475 0.00487675 0.066087
0.15 0.00456644 0.0597502
0.1525 903077 0.0540777
0.155 5.58221e+06 3.79964e+06
0.1575 881017 0.0444679
0.16 0.00353943 0.0404162
0.1625 0.00332869 0.0368011
0.165 0.0031341 0.0335802
0.1675 0.0029533 0.0307157
0.17 0.00278523 0.0281737
0.1725 0.00262944 0.0259239
0.175 0.00248353 0.0239396
0.1775 0.00234879 0.0221961
0.18 0.00222228 0.0206717
0.1825 0.00210413 0.0193471
0.185 0.00199467 0.0182043
0.1875 0.00189128 0.0172283
0.19 0.00179532 0.0164045
0.1925 0.00170503 0.015721
0.195 0.00162083 0.0151668
0.1975 0.0015416 0.0147324
0.2 0.00146746 0.0144095
0.2025 0.0013978 0.0141908
0.205 0.00133258 0.0140705
0.2075 0.0012707 0.0140434
0.21 0.00121307 0.0141048
0.2125 0.0011576 0.0142499
0.215 0.00110468 0.0144733
0.2175 0.00105211 0.0147657
0.22 0.00100843 0.0151097
0.2225 0.000956951 0.015511
0.225 0.000905555 0.0159375
0.2275 0.000852141 0.0163503
0.23 0.00079322 0.0166949
0.2325 0.000727392 0.0168919
0.235 0.000652048 0.0168315
0.2375 0.00056582 0.0163663
0.24 0.000468546 0.0153065
0.2425 0.000361473 0.0134208
0.245 0.000243773 0.0104454
0.2475 0.000120363 0.00607766
