TITLE="Graphics"
VARIABLES= "rj, cm", "F", "dT/dt" 
0 0.000138163 23.6815
0.0025 0.000137641 23.5691
0.005 0.000136189 23.2581
0.0075 0.000133653 22.7207
0.01 0.000130037 21.9674
0.0125 0.000125346 21.0103
0.015 0.000119586 19.8643
0.0175 0.000112779 18.5468
0.02 0.000104963 17.0781
0.0225 9.62008e-05 15.4814
0.025 8.65705e-05 13.7823
0.0275 7.61698e-05 12.0088
0.03 6.5141e-05 10.1908
0.0325 5.37793e-05 8.35975
0.035 4.26878e-05 6.54713
0.0375 3.0721e-05 4.78225
0.04 9.56707e-05 3.09785
0.0425 0.0270104 1.24059
0.045 6.49296 108.814
0.0475 57820.7 52399.9
0.04775 6.93889e-17 2.23723e-08
0.05 2.18722 35.3714
0.0525 0.0890289 20.5482
0.055 0.532884 16.6261
0.0575 0.477812 14.0363
0.06 0.399525 11.9784
0.0625 0.334656 10.2899
0.065 0.282658 8.88846
0.0675 0.240799 7.71674
0.07 0.206775 6.73134
0.0725 0.178832 5.89819
0.075 0.155658 5.19026
0.0775 0.136271 4.58592
0.08 0.119923 4.06775
0.0825 0.106041 3.62161
0.085 0.094178 3.23599
0.0875 0.0839817 2.90141
0.09 0.0751713 2.61009
0.0925 0.0675205 2.35554
0.095 0.0608456 2.13237
0.0975 0.0549979 1.93607
0.1 0.0498526 1.76286
0.1025 0.0453103 1.60953
0.105 0.0412849 1.47339
0.1075 0.0377056 1.35213
0.11 0.03451 1.24382
0.1125 0.0316464 1.14678
0.115 0.0290814 1.05961
0.1175 0.0267754 0.981094
0.12 0.0246968 0.91018
0.1225 0.022816 0.84596
0.125 0.0211115 0.787652
0.1275 0.019564 0.734583
0.13 0.0181559 0.686166
0.1325 0.0168733 0.641892
0.135 0.0157042 0.601316
0.1375 0.0146428 0.564042
0.14 0.0136783 0.529708
0.1425 0.0127806 0.497979
0.145 0.0118911 0.468586
0.1475 0.0111351 0.441434
0.15 0.0104517 0.4163
0.1525 0.0098128 0.39296
0.155 0.00921684 0.371233
0.1575 0.00866315 0.350967
0.16 0.00815035 0.332036
0.1625 0.00767339 0.314325
0.165 0.00723264 0.297733
0.1675 0.00682164 0.282166
0.17 0.00644039 0.267542
0.1725 0.00608539 0.253787
0.175 0.00575413 0.240831
0.1775 0.00544612 0.228613
0.18 0.0051575 0.217075
0.1825 0.00488834 0.206167
0.185 0.00463698 0.195842
0.1875 0.00440184 0.186055
0.19 0.00418091 0.176768
0.1925 0.00397462 0.167943
0.195 0.00378104 0.159546
0.1975 0.00359988 0.151545
0.2 0.00342808 0.143911
0.2025 0.00326888 0.136617
0.205 0.0031173 0.129637
0.2075 0.00297424 0.122948
0.21 0.0028393 0.116529
0.2125 0.00270937 0.110364
0.215 0.00258425 0.104439
0.2175 0.00246055 0.0987485
0.22 0.00233772 0.0932956
0.2225 0.0022171 0.0880951
0.225 0.00210292 0.0831681
0.2275 0.00197248 0.0785334
0.23 1.10916e+06 0.0742499
0.2325 4.22958e+06 2.03011e+06
0.235 1.0889e+06 0.0671217
0.2375 0.00139301 0.0645145
0.24 0.00147803 0.0626593
0.2425 0.00255921 0.0612517
0.245 0.00733734 0.0582021
0.2475 0.0191547 0.0448198
