TITLE="Graphics"
VARIABLES= "rj, cm", "F", "dT/dt" 
0 0.000138526 23.7599
0.0025 0.000138004 23.6472
0.005 0.000136553 23.3353
0.0075 0.000134018 22.7965
0.01 0.000130405 22.0411
0.0125 0.000125713 21.0814
0.015 0.000119952 19.9322
0.0175 0.000113139 18.6108
0.02 0.000105315 17.1377
0.0225 9.65398e-05 15.536
0.025 136.498 13.8314
0.0275 603754 603518
0.03 113.69 10.2278
0.0325 5.39414e-05 8.39026
0.035 4.28216e-05 6.57137
0.0375 3.40133e-05 4.80045
0.04 0.000237983 3.09569
0.0425 24.6685 2.48983
0.045 51144 101.365
0.0475 773787 58.6315
0.04775 6.245e-17 1.76518e-08
0.05 0.481217 15.7245
0.0525 0.471292 12.6991
0.055 0.415726 10.2477
0.0575 0.356594 8.38774
0.06 0.304556 6.9604
0.0625 0.26105 5.83976
0.065 0.225062 4.94137
0.0675 0.195192 4.20925
0.07 0.170208 3.60517
0.0725 0.149138 3.10202
0.075 0.131233 2.67984
0.0775 0.115922 2.32346
0.08 0.102756 2.02108
0.0825 0.0913818 1.76337
0.085 0.0815147 1.54284
0.0875 0.0729241 1.35343
0.09 0.0654187 1.19017
0.0925 0.0588403 1.049
0.095 0.0530583 0.926552
0.0975 0.0479621 0.820031
0.1 0.043457 0.727115
0.1025 0.0394619 0.645861
0.105 0.0359003 0.574628
0.1075 0.0327374 0.512008
0.11 0.0299156 0.456834
0.1125 0.0273887 0.408124
0.115 0.02512 0.365037
0.1175 0.0230807 0.326855
0.12 0.021242 0.292957
0.1225 0.019583 0.262813
0.125 0.0180842 0.235965
0.1275 0.0167352 0.212022
0.13 0.0155294 0.190669
0.1325 0.0144381 0.171672
0.135 0.0132757 0.154839
0.1375 0.0123791 0.139627
0.14 0.0115545 0.125931
0.1425 0.0107832 0.113644
0.145 0.0100682 0.102636
0.1475 0.00940951 0.0927786
0.15 0.00880401 0.0839501
0.1525 0.00824597 0.0760443
0.155 0.00773173 0.0689673
0.1575 0.00725781 0.0626355
0.16 0.00681867 0.0569766
0.1625 0.00641384 0.051924
0.165 0.00603711 0.0474207
0.1675 0.00568876 0.0434143
0.17 0.00536458 0.0398584
0.1725 0.0050637 0.0367114
0.175 0.00478311 0.033936
0.1775 0.00452229 0.0314982
0.18 0.00427829 0.0293678
0.1825 0.00405154 0.0275173
0.185 0.00383857 0.025922
0.1875 0.00364025 0.0245594
0.19 0.00345418 0.0234092
0.1925 0.00328033 0.0224533
0.195 0.00311666 0.0216753
0.1975 0.00296391 0.0210594
0.2 0.00282033 0.0205932
0.2025 0.00268438 0.020264
0.205 0.00255827 0.0200603
0.2075 0.0024375 0.0199729
0.21 0.00232388 0.0199903
0.2125 0.00221503 0.0201028
0.215 0.00210975 0.0202979
0.2175 0.00200566 0.0205587
0.22 0.00190011 0.020862
0.2225 0.00179379 0.021172
0.225 0.00170721 0.0214458
0.2275 0.00158901 0.0216675
0.23 0.00146074 0.021758
0.2325 0.00132279 0.0216141
0.235 0.00117018 0.0211108
0.2375 0.00100319 0.0200948
0.24 0.000818349 0.0183832
0.2425 0.000620498 0.0157622
0.245 0.000413719 0.0119939
0.2475 0.000203452 0.00682522
