TITLE="Graphics"
VARIABLES= "rj, cm", "F", "dT/dt" 
0 6.50564e-05 22.0051
0.0025 6.47936e-05 21.8993
0.005 6.40634e-05 21.6065
0.0075 6.2792e-05 21.1009
0.01 6.09888e-05 20.3928
0.0125 5.86629e-05 19.4942
0.015 5.5827e-05 18.4197
0.0175 5.24996e-05 17.1864
0.02 4.87072e-05 15.814
0.0225 4.44875e-05 14.3249
0.025 3.98922e-05 12.7435
0.0275 135.422 11.0964
0.03 1.20811e+06 1.20787e+06
0.0325 114.54 7.71691
0.035 1.95547e-05 6.04127
0.0375 1.48125e-05 4.41135
0.04 0.000832401 2.85162
0.0425 0.581013 1.55052
0.045 1.02434 106.134
0.0475 1.46845 61.0105
0.04775 6.245e-17 1.8939e-08
0.05 0.305923 11.9424
0.0525 0.275992 9.04616
0.055 0.232241 7.07328
0.0575 0.194114 5.69568
0.06 0.16353 4.68151
0.0625 0.139116 3.90205
0.065 0.11937 3.28467
0.0675 0.103161 2.78557
0.07 0.0896874 2.37626
0.0725 0.0783763 2.03701
0.075 0.0688147 1.7535
0.0775 0.0610984 1.51506
0.08 0.0532415 1.31646
0.0825 0.0476768 1.14492
0.085 0.042484 0.998599
0.0875 0.0379672 0.873331
0.09 0.0340298 0.765693
0.0925 0.0305862 0.672879
0.095 0.0275644 0.592587
0.0975 0.0249049 0.522912
0.1 0.0225557 0.462277
0.1025 0.0204765 0.409365
0.105 0.0186293 0.363072
0.1075 0.0169852 0.322469
0.11 0.0155174 0.286774
0.1125 0.0142046 0.255322
0.115 0.013027 0.227552
0.1175 0.0119691 0.202982
0.12 0.0110157 0.181205
0.1225 0.0101561 0.161869
0.125 0.0093779 0.144674
0.1275 0.00867323 0.129363
0.13 0.00803398 0.11571
0.1325 0.00745197 0.103525
0.135 0.00692184 0.0926399
0.1375 0.00643868 0.0829091
0.14 0.00599643 0.0742062
0.1425 0.00559198 0.0664207
0.145 0.00522078 0.0594556
0.1475 0.00488014 0.0532257
0.15 0.00456675 0.047656
0.1525 0.00427832 0.0426797
0.155 0.00401172 0.0382378
0.1575 0.00376575 0.034277
0.16 0.00353725 0.0307489
0.1625 0.00324374 0.0276076
0.165 0.0033666 0.0247707
0.1675 0.00309197 0.0223184
0.17 0.00291616 0.020171
0.1725 0.00275277 0.0182967
0.175 0.00260094 0.0166686
0.1775 0.00245962 0.0152639
0.18 0.00232816 0.0140622
0.1825 0.00220466 0.0130456
0.185 0.00209015 0.0121978
0.1875 0.00198226 0.0115041
0.19 0.00188186 0.0109514
0.1925 0.00178717 0.010528
0.195 0.00169916 0.0102231
0.1975 0.00161622 0.0100274
0.2 0.00153845 0.00993277
0.2025 0.00146539 0.00993223
0.205 0.00139744 0.01002
0.2075 0.0013673 0.0101923
0.21 0.00117301 0.0104616
0.2125 0.00115399 0.0107789
0.215 0.00110177 0.0111584
0.2175 0.00105188 0.0115963
0.22 0.00100386 0.0120858
0.2225 0.000955664 0.0126156
0.225 0.000907168 0.0131672
0.2275 0.000856555 0.0137114
0.23 0.000801005 0.0142027
0.2325 0.000738599 0.0145726
0.235 0.000666563 0.0147214
0.2375 0.000575422 0.0145093
0.24 0.000500328 0.0137215
0.2425 0.000380529 0.0122025
0.245 0.000258617 0.00963111
0.2475 0.000129134 0.00567979
