TITLE="Graphics"
VARIABLES= "rj, cm", "F", "dT/dt" 
0 0.00228561 24.7182
0.0025 0.0022774 24.602
0.005 0.00225453 24.2803
0.0075 0.00221449 23.7244
0.01 0.00215718 22.9444
0.0125 0.00208246 21.9528
0.015 0.00199019 20.7643
0.0175 0.00188045 19.3963
0.02 0.00175367 17.8695
0.0225 0.00161073 16.2075
0.025 0.00145319 14.4366
0.0275 0.00128325 12.5856
0.03 0.0011031 10.685
0.0325 0.000911656 8.76688
0.035 0.000700289 6.86524
0.0375 0.000483429 5.01831
0.04 0.00220291 3.26453
0.0425 0.976332 1.54382
0.045 1.84988 101.301
0.0475 22.2162 57.117
0.04775 225820 7999.87
0.05 6.2305e+12 2.98238
0.0525 3.86232e+12 0.659474
0.055 3.15452e+12 0.111398
0.0575 2.62316e+12 0.310139
0.06 2.2086e+12 0.316429
0.0625 1.87745e+12 0.26944
0.065 1.60855e+12 0.217676
0.0675 1.38749e+12 0.175906
0.07 1.20393e+12 0.146695
0.0725 1.05024e+12 0.12856
0.075 9.20624e+11 0.119027
0.0775 8.10596e+11 0.115706
0.08 7.16656e+11 0.116614
0.0825 6.36027e+11 0.120216
0.085 5.66485e+11 0.125366
0.0875 5.06234e+11 0.131237
0.09 4.53815e+11 0.137241
0.0925 4.08029e+11 0.142978
0.095 3.67889e+11 0.148186
0.0975 3.32578e+11 0.152707
0.1 3.01411e+11 0.156463
0.1025 2.73817e+11 0.159434
0.105 2.49314e+11 0.161642
0.1075 2.27495e+11 0.16313
0.11 2.08014e+11 0.163948
0.1125 1.90576e+11 0.16415
0.115 1.74929e+11 0.163782
0.1175 1.60857e+11 0.162891
0.12 1.48173e+11 0.161522
0.1225 1.36715e+11 0.159719
0.125 1.26344e+11 0.157526
0.1275 1.16939e+11 0.154986
0.13 1.08393e+11 0.15214
0.1325 1.00614e+11 0.14903
0.135 9.35202e+10 0.145693
0.1375 8.70412e+10 0.142164
0.14 8.11138e+10 0.138477
0.1425 7.56825e+10 0.134662
0.145 7.06984e+10 0.130745
0.1475 6.6118e+10 0.126752
0.15 6.19026e+10 0.122704
0.1525 5.80179e+10 0.118621
0.155 5.44332e+10 0.11452
0.1575 5.11211e+10 0.110417
0.16 4.80572e+10 0.106325
0.1625 4.52195e+10 0.102256
0.165 4.25881e+10 0.0982205
0.1675 4.01454e+10 0.094227
0.17 3.78754e+10 0.0902836
0.1725 3.57635e+10 0.0863973
0.175 3.37969e+10 0.0825739
0.1775 3.19635e+10 0.0788188
0.18 3.02528e+10 0.0751365
0.1825 2.86551e+10 0.0715309
0.185 2.71614e+10 0.0680052
0.1875 2.57638e+10 0.0645623
0.19 2.44549e+10 0.0612042
0.1925 2.32282e+10 0.0579323
0.195 2.20773e+10 0.0547472
0.1975 2.09969e+10 0.0516482
0.2 1.99818e+10 0.0486338
0.2025 1.90272e+10 0.0457004
0.205 1.8129e+10 0.0428425
0.2075 1.72832e+10 0.0400524
0.21 1.64861e+10 0.0373191
0.2125 1.57345e+10 0.0346285
0.215 1.50252e+10 0.0319629
0.2175 1.43554e+10 0.0293006
0.22 1.37225e+10 0.0266173
0.2225 1.31242e+10 0.0238864
0.225 1.2558e+10 0.0210826
0.2275 1.20221e+10 0.0181856
0.23 1.15145e+10 0.0151871
0.2325 1.10334e+10 0.0121008
0.235 1.05771e+10 0.00897431
0.2375 1.01442e+10 0.00590531
0.24 9.7332e+09 0.00305746
0.2425 9.34281e+09 0.000674251
0.245 8.9718e+09 0.000913457
0.2475 8.61902e+09 0.00129426
