TITLE="Graphics"
VARIABLES= "rj, cm", "F", "dT/dt" 
0 4.4913e-10 1.30063e-12
0.0025 2.51025e-10 2.74521e-12
0.005 1.22973e-10 4.84484e-12
0.0075 4.18139e-10 6.88372e-12
0.01 1.09687e-09 1.54684e-11
0.0125 3.18336e-09 4.01102e-11
0.015 9.36961e-09 1.21574e-10
0.0175 1.75142e-08 3.3273e-10
0.02 1.63773e-08 6.24662e-10
0.0225 6.3514e-10 7.48062e-10
0.025 4.90937e-09 6.01216e-10
0.0275 4.41238e-09 5.49183e-10
0.03 9.23687e-09 5.25892e-10
0.0325 1.59876e-08 2.23403e-10
0.035 7.63915e-09 2.79313e-11
0.0375 6.2079e-08 1.52253e-10
0.04 4.41229e-09 1.85171e-09
0.0425 1.72975e-08 2.60622e-09
0.045 7.71776e-08 7.10183e-10
0.0475 1.13957e-07 4.48943e-09
0.0475003 1.04083e-16 2.59498e-12
0.05 1.01872 0.0281031
0.0525 1.96698 0.0397075
0.055 2.54177 0.0490048
0.0575 3.05845 0.0569346
0.06 212925 0.0639326
0.0625 431398 61.4948
0.065 217367 0.0759901
0.0675 4.70268 0.0812886
0.07 5.02641 0.0861975
0.0725 5.31963 0.0907642
0.075 5.58396 0.0950239
0.0775 5.82084 0.0990035
0.08 6.03156 0.102724
0.0825 6.21734 0.106202
0.085 6.37933 0.10945
0.0875 6.51861 0.112479
0.09 6.63622 0.115298
0.0925 6.73319 0.117912
0.095 6.8105 0.120329
0.0975 6.86909 0.122551
0.1 6.90992 0.124584
0.1025 6.9339 0.126429
0.105 6.94192 0.12809
0.1075 6.93488 0.129568
0.11 6.91364 0.130865
0.1125 6.87904 0.131984
0.115 6.83192 0.132924
0.1175 6.77309 0.133688
0.12 6.70334 0.134276
0.1225 6.62344 0.13469
0.125 6.53415 0.134931
0.1275 6.43619 0.135
0.13 6.33028 0.134899
0.1325 6.21711 0.134628
0.135 6.09733 0.134189
0.1375 5.9716 0.133585
0.14 5.84052 0.132816
0.1425 5.70469 0.131886
0.145 5.56467 0.130796
0.1475 5.42102 0.129548
0.15 5.27424 0.128146
0.1525 5.12483 0.126592
0.155 4.97326 0.12489
0.1575 4.81996 0.123043
0.16 4.66536 0.121054
0.1625 4.50984 0.118927
0.165 4.35378 0.116667
0.1675 4.19752 0.114277
0.17 4.04137 0.111762
0.1725 3.88564 0.109127
0.175 3.73059 0.106376
0.1775 3.57647 0.103515
0.18 3.42351 0.10055
0.1825 3.27193 0.0974844
0.185 3.12189 0.0943254
0.1875 2.97358 0.0910784
0.19 2.82714 0.0877495
0.1925 2.68269 0.0843445
0.195 2.54035 0.0808699
0.1975 2.40022 0.0773319
0.2 2.26235 0.073737
0.2025 2.12684 0.0700916
0.205 1.99371 0.0664023
0.2075 1.863 0.0626758
0.21 1.73474 0.0589187
0.2125 1.60894 0.0551378
0.215 1.4856 0.0513396
0.2175 1.36471 0.0475309
0.22 1.24626 0.0437184
0.2225 1.1302 0.0399086
0.225 1.01652 0.0361082
0.2275 0.905181 0.0323237
0.23 0.796128 0.0285615
0.2325 0.68932 0.0248279
0.235 0.584705 0.0211291
0.2375 0.48223 0.0174713
0.24 0.381839 0.0138604
0.2425 0.283478 0.0103022
0.245 0.187089 0.00680244
0.2475 0.0926178 0.0033666
