TITLE="Graphics"
VARIABLES= "rj, cm", "F", "dT/dt" 
0 0.00120156 26.4719
0.0025 0.00119768 26.3497
0.005 0.00118684 26.0113
0.0075 0.00116774 25.426
0.01 0.00114018 24.6039
0.0125 0.00110385 23.5571
0.015 0.00105844 22.2999
0.0175 0.00100375 20.8499
0.02 0.000939752 19.2277
0.0225 0.000866684 17.4574
0.025 0.000785029 15.5663
0.0275 0.000695509 13.5846
0.03 0.000599219 11.545
0.0325 0.000498367 9.4826
0.035 0.00039851 7.43323
0.0375 0.000308436 5.43085
0.04 0.000808897 3.50294
0.0425 0.262759 1.49915
0.045 2.99574 98.6638
0.0475 12777.9 1395.9
0.04775 1.38778e-17 2.10245e-08
0.05 15.5866 34.7473
0.0525 5.27842 25.6866
0.055 3.77114 19.7375
0.0575 3.26708 15.9205
0.06 209558 13.2061
0.0625 577919 152338
0.065 214246 9.5076
0.0675 1.75819 8.18882
0.07 1.51741 7.10718
0.0725 1.31772 6.20973
0.075 1.15099 5.458
0.0775 1.0108 4.82315
0.08 0.892138 4.28306
0.0825 0.79097 3.82049
0.085 0.70395 3.42185
0.0875 0.628354 3.07639
0.09 0.562394 2.77568
0.0925 0.505323 2.51299
0.095 0.455831 2.28267
0.0975 0.412539 2.07989
0.1 0.374367 1.90061
0.1025 0.34052 1.74145
0.105 0.310408 1.59961
0.1075 0.283546 1.47276
0.11 0.259533 1.35895
0.1125 0.238016 1.25653
0.115 0.218695 1.16409
0.1175 0.201305 1.08044
0.12 0.18562 1.00454
0.1225 0.17144 0.935507
0.125 0.158596 0.872563
0.1275 0.146937 0.815043
0.13 0.136335 0.762361
0.1325 0.126674 0.714009
0.135 0.117857 0.66954
0.1375 0.109795 0.62856
0.14 0.102413 0.590725
0.1425 0.0956409 0.555729
0.145 0.0894213 0.523301
0.1475 0.0836984 0.493201
0.15 0.0784284 0.465217
0.1525 0.0735656 0.439157
0.155 0.069075 0.414852
0.1575 0.0649206 0.392149
0.16 0.0610759 0.370913
0.1625 0.0575109 0.351021
0.165 0.0542009 0.332363
0.1675 0.0511261 0.314838
0.17 0.0482671 0.298358
0.1725 0.0456026 0.282841
0.175 0.0431199 0.268214
0.1775 0.0408022 0.254411
0.18 0.0386373 0.24137
0.1825 0.0366123 0.229038
0.185 0.0347161 0.217364
0.1875 0.032938 0.206305
0.19 0.03127 0.195819
0.1925 0.0297016 0.185869
0.195 0.0282264 0.176424
0.1975 0.0268363 0.167454
0.2 0.0255234 0.158932
0.2025 0.0242849 0.150836
0.205 0.0231122 0.143146
0.2075 0.0220014 0.135845
0.21 0.0209494 0.128917
0.2125 0.019951 0.12235
0.215 0.0190072 0.116134
0.2175 0.0181213 0.110259
0.22 0.0173009 0.104714
0.2225 0.016572 0.0994866
0.225 0.0159856 0.0945517
0.2275 0.0156362 0.0898639
0.23 0.0156916 0.0853337
0.2325 0.016421 0.0807901
0.235 0.0181879 0.075922
0.2375 0.0213563 0.0701984
0.24 0.0259034 0.0627929
0.2425 0.0305737 0.0525969
0.245 0.03157 0.0385105
0.2475 0.022431 0.0202958
