TITLE="Graphics"
VARIABLES= "rj, cm", "F", "dT/dt" 
0 1.22213e-12 239.541
0.0025 6.35225e-11 241.079
0.005 5.19833e-11 245.309
0.0075 6.52562e-11 252.514
0.01 4.16094e-11 262.39
0.0125 7.42943e-11 274.536
0.015 3.52429e-11 288.458
0.0175 5.76392e-11 303.584
0.02 2.66596e-11 319.292
0.0225 1.57456e-11 334.953
0.025 8.29914e-12 349.973
0.0275 2.66027e-11 363.831
0.03 9.37916e-12 376.104
0.0325 1.61435e-11 386.484
0.035 4.43379e-12 394.78
0.0375 9.43601e-12 400.926
0.04 1.11413e-11 404.971
0.0425 1.33014e-11 407.071
0.045 4.48495e-11 407.459
0.0475 3.27037e-06 414.975
0.0477463 4.71701e-09 0.0879909
0.05 0.0319187 2.8167e+07
0.0525 0.981438 1.14905e+08
0.055 1.34884 1.48312e+08
0.0575 1.7275 1.80265e+08
0.06 2.11587 2.10831e+08
0.0625 2.5146 2.40158e+08
0.065 2.92507 2.68402e+08
0.0675 3.34894 2.95709e+08
0.07 3.78796 3.22211e+08
0.0725 4.24392 3.48025e+08
0.075 4.71861 3.73253e+08
0.0775 5.21384 3.97986e+08
0.08 5.73142 4.22304e+08
0.0825 6.27321 4.46278e+08
0.085 6.84111 4.69972e+08
0.0875 7.43709 4.93444e+08
0.09 8.06323 5.16744e+08
0.0925 8.7217 5.39921e+08
0.095 9.4148 5.63019e+08
0.0975 10.145 5.8608e+08
0.1 10.9148 6.09142e+08
0.1025 11.7272 6.32242e+08
0.105 12.5851 6.55416e+08
0.1075 13.4918 6.78698e+08
0.11 14.4508 7.02123e+08
0.1125 15.4659 7.25723e+08
0.115 16.5414 7.49532e+08
0.1175 17.6818 7.73583e+08
0.12 18.8921 7.97909e+08
0.1225 20.1776 8.22545e+08
0.125 21.5445 8.47527e+08
0.1275 22.9993 8.7289e+08
0.13 24.5493 8.98672e+08
0.1325 26.2025 9.24914e+08
0.135 27.9679 9.51656e+08
0.1375 29.8553 9.78943e+08
0.14 31.8758 1.00682e+09
0.1425 34.0417 1.03534e+09
0.145 36.3669 1.06456e+09
0.1475 38.8668 1.09453e+09
0.15 41.559 1.12531e+09
0.1525 44.4632 1.15698e+09
0.155 47.6018 1.1896e+09
0.1575 51.0004 1.22327e+09
0.16 54.6883 1.25806e+09
0.1625 58.6988 1.29408e+09
0.165 63.0706 1.33143e+09
0.1675 67.8485 1.37024e+09
0.17 73.0845 1.41065e+09
0.1725 78.8395 1.4528e+09
0.175 85.185 1.49687e+09
0.1775 92.2059 1.54307e+09
0.18 100.003 1.5916e+09
0.1825 108.698 1.64274e+09
0.185 118.437 1.69677e+09
0.1875 129.4 1.75406e+09
0.19 141.805 1.815e+09
0.1925 155.928 1.88008e+09
0.195 172.111 1.94988e+09
0.1975 190.795 2.0251e+09
0.2 212.544 2.10658e+09
0.2025 238.102 2.19538e+09
0.205 268.461 2.2928e+09
0.2075 304.973 2.40052e+09
0.21 349.526 2.52072e+09
0.2125 404.826 2.65626e+09
0.215 474.887 2.81107e+09
0.2175 565.895 2.99063e+09
0.22 687.858 3.20296e+09
0.2225 857.982 3.46032e+09
0.225 1108.28 3.78265e+09
0.2275 1505.04 4.20523e+09
0.23 2208.59 4.79847e+09
0.2325 3714.94 5.73152e+09
0.235 8473.22 7.5697e+09
0.2375 7.63365e+06 1.43667e+10
0.24 1.66098e+14 1.65771e+14
0.2425 23120.7 7.80153e+09
0.245 269.314 2.25457e+09
0.2475 13.3775 6.82934e+08
