TITLE="Graphics"
VARIABLES= "rj, cm", "F", "dT/dt" 
0 1.23515e+07 1.23508e+07
0.0025 30.885 18.8879
0.005 5.4862e-06 18.6307
0.0075 5.36984e-06 18.1868
0.01 5.20785e-06 17.5658
0.0125 5.00589e-06 16.7785
0.015 4.77598e-06 15.8377
0.0175 4.54604e-06 14.7573
0.02 4.38297e-06 13.5498
0.0225 4.42583e-06 12.2217
0.025 4.84527e-06 10.7615
0.0275 5.40189e-06 9.12702
0.03 4.15645e-06 7.27064
0.0325 3.34852e-06 5.31679
0.035 1.77961e-05 3.95229
0.0375 1.91552e-05 4.42771
0.04 1.91827e-05 6.63658
0.0425 22.9088 7.01751
0.045 44676.3 104.656
0.0475 773806 60.3619
0.04775 1.38778e-17 1.86236e-08
0.05 0.0312207 9.27589
0.0525 0.0278989 6.36221
0.055 0.0231214 4.60418
0.0575 0.0190792 3.47796
0.06 0.0159306 2.6909
0.0625 0.0134806 2.10061
0.065 0.0115405 1.63652
0.0675 0.00995772 1.26137
0.07 0.00866309 0.952302
0.0725 0.0075788 0.695456
0.075 0.00666383 0.480887
0.0775 0.00588176 0.301206
0.08 0.00521434 0.150431
0.0825 0.00463812 0.0239725
0.085 0.00414123 0.0819672
0.0875 0.0037069 0.17051
0.09 0.00332841 0.244272
0.0925 0.00299661 0.305436
0.095 0.00270495 0.355839
0.0975 0.00244786 0.397033
0.1 0.00222001 0.430331
0.1025 0.00201845 0.456854
0.105 0.00183858 0.477557
0.1075 0.0016785 0.493256
0.11 0.00153503 0.50465
0.1125 0.001407 0.512344
0.115 0.00129129 0.516853
0.1175 0.00118766 0.518626
0.12 0.00109381 0.518048
0.1225 0.00100943 0.515454
0.125 0.000932554 0.511134
0.1275 0.000862876 0.505338
0.13 0.000799742 0.498285
0.1325 0.000742178 0.490164
0.135 0.000689704 0.481141
0.1375 0.000641585 0.471358
0.14 0.000597666 0.460938
0.1425 0.000557399 0.449994
0.145 0.000520799 0.438616
0.1475 0.000486498 0.42689
0.15 0.000455604 0.414885
0.1525 0.000426819 0.402663
0.155 0.00040012 0.39028
0.1575 0.000375747 0.377783
0.16 0.000352848 0.365212
0.1625 0.000332163 0.352603
0.165 0.000312654 0.339987
0.1675 0.000294445 0.327391
0.17 0.0002779 0.314837
0.1725 0.000262152 0.302347
0.175 0.000247525 0.289937
0.1775 0.000234205 0.277624
0.18 0.000221384 0.265419
0.1825 0.000209706 0.253334
0.185 0.000198544 0.24138
0.1875 0.000188449 0.229562
0.19 0.000178592 0.21789
0.1925 0.000169558 0.206369
0.195 0.000160968 0.195004
0.1975 0.000153283 0.183797
0.2 0.000145626 0.172752
0.2025 0.000138879 0.161869
0.205 0.000131925 0.151148
0.2075 0.000126202 0.140588
0.21 0.000120053 0.130185
0.2125 0.00011509 0.119937
0.215 0.000109662 0.109835
0.2175 0.000105118 0.0998751
0.22 0.000100666 0.0900508
0.2225 9.59317e-05 0.0803594
0.225 9.13696e-05 0.0708031
0.2275 8.66906e-05 0.0613948
0.23 8.17322e-05 0.0521641
0.2325 7.53704e-05 0.0431629
0.235 6.85804e-05 0.0344794
0.2375 6.04627e-05 0.0262433
0.24 5.03594e-05 0.0186357
0.2425 3.90512e-05 0.0118956
0.245 2.67525e-05 0.00631497
0.2475 1.33462e-05 0.0022299
