TITLE="Graphics"
VARIABLES= "rj, cm", "F", "dT/dt" 
0 3.75393e-05 26.4621
0.0025 3.74178e-05 26.34
0.005 3.70789e-05 26.0016
0.0075 3.64819e-05 25.4165
0.01 3.56203e-05 24.5947
0.0125 3.44846e-05 23.5481
0.015 3.30655e-05 22.2913
0.0175 3.13562e-05 20.8417
0.02 2.93563e-05 19.2201
0.0225 2.70731e-05 17.4504
0.025 2.45217e-05 15.5599
0.0275 2.17248e-05 13.5789
0.03 1.87168e-05 11.5401
0.0325 1.5568e-05 9.47855
0.035 1.24512e-05 7.42999
0.0375 9.6485e-06 5.42835
0.04 0.00192762 3.50094
0.0425 22.1202 23.7859
0.045 57020.6 56888
0.0475 1.04135e+06 727121
0.04775 2.77556e-17 1.06735e-05
0.05 129.495 49.1951
0.0525 80.745 27.6154
0.055 65.7565 22.4595
0.0575 54.6791 18.7193
0.06 46.0396 15.789
0.0625 39.1381 13.4341
0.065 33.5337 11.5148
0.0675 28.9261 9.93503
0.07 25.1 8.62433
0.0725 21.8963 7.52914
0.075 19.1941 6.60804
0.0775 16.9003 5.82858
0.08 14.9418 5.16513
0.0825 13.2608 4.59732
0.085 11.8109 4.10883
0.0875 520843 3.68649
0.09 7.41087e+06 6.38192e+06
0.0925 507301 2.99954
0.095 7.67031 2.71909
0.0975 6.93406 2.47237
0.1 6.28424 2.25451
0.1025 5.7089 2.06142
0.105 5.19802 1.88968
0.1075 4.74309 1.73644
0.11 4.33692 1.59926
0.1125 3.97334 1.47609
0.115 3.64711 1.36517
0.1175 3.35371 1.265
0.12 3.08924 1.17431
0.1225 2.85035 1.09197
0.125 2.63413 1.01705
0.1275 2.43803 0.948712
0.13 2.25985 0.886234
0.1325 2.09766 0.828992
0.135 1.94976 0.776438
0.1375 1.81468 0.728089
0.14 1.6911 0.683526
0.1425 1.57786 0.642374
0.145 1.47395 0.604304
0.1475 1.37845 0.569025
0.15 1.29056 0.536278
0.1525 1.20957 0.505832
0.155 1.13483 0.477483
0.1575 1.06578 0.451045
0.16 1.0019 0.426356
0.1625 0.942739 0.403267
0.165 0.887879 0.381647
0.1675 0.836951 0.361375
0.17 0.789625 0.342342
0.1725 0.745595 0.324452
0.175 0.704593 0.307611
0.1775 0.666372 0.291741
0.18 0.630707 0.276778
0.1825 0.597395 0.262658
0.185 0.566255 0.249313
0.1875 0.537117 0.23669
0.19 0.50983 0.224736
0.1925 0.484253 0.213405
0.195 0.460261 0.202654
0.1975 0.437737 0.192446
0.2 0.416572 0.182745
0.2025 0.396671 0.173516
0.205 0.377945 0.164724
0.2075 0.360312 0.156339
0.21 0.343695 0.148337
0.2125 0.328025 0.140698
0.215 0.313239 0.133404
0.2175 0.299277 0.126443
0.22 0.286087 0.119811
0.2225 0.273616 0.113513
0.225 0.261821 0.107567
0.2275 0.250658 0.102008
0.23 0.240088 0.096887
0.2325 0.230074 0.0922839
0.235 0.220583 0.0882985
0.2375 0.211583 0.0850642
0.24 0.203042 0.0827383
0.2425 0.194899 0.08149
0.245 0.18659 0.081257
0.2475 0.16931 0.077869
