TITLE="Graphics"
VARIABLES= "rj, cm", "F", "dT/dt" 
0 7.12867e-09 9.7411e-08
0.0025 7.01146e-09 9.62526e-08
0.005 6.75539e-09 9.30829e-08
0.0075 6.39863e-09 8.77132e-08
0.01 5.85106e-09 8.03831e-08
0.0125 5.22312e-09 7.14365e-08
0.015 4.55603e-09 6.12175e-08
0.0175 3.76465e-09 5.01283e-08
0.02 3.04273e-09 3.85803e-08
0.0225 2.27278e-09 2.6971e-08
0.025 1.55662e-09 1.56812e-08
0.0275 9.14352e-10 5.05551e-09
0.03 7.64358e-07 4.52972e-09
0.0325 1.90032e-06 5.16895e-08
0.035 6.18254e-06 2.68065e-08
0.0375 8.1731e-07 3.90936e-08
0.04 1.28775e-05 8.94003e-08
0.0425 4.77986e-05 7.18115e-07
0.045 0.000207018 4.89241e-07
0.0475 1.24096e-08 1.95351e-07
0.0475003 4.51028e-16 2.49055e-12
0.05 0.312231 0.0269907
0.0525 1.26 0.0381338
0.055 1.76747 0.0470611
0.0575 2.25691 0.0546752
0.06 2.72481 0.0613944
0.0625 3.16913 0.0674469
0.065 3.58884 0.0729714
0.0675 3.98356 0.0780587
0.07 4.35334 0.0827718
0.0725 4.69845 0.0871564
0.075 5.01933 0.0912462
0.0775 5.31651 0.0950671
0.08 5.5906 0.0986393
0.0825 5.84223 0.101978
0.085 6.07205 0.105097
0.0875 6.28073 0.108005
0.09 6.46894 0.110711
0.0925 6.63737 0.113221
0.095 6.78668 0.115541
0.0975 6.91756 0.117675
0.1 7.03065 0.119626
0.1025 7.12663 0.121398
0.105 7.20614 0.122992
0.1075 7.26982 0.124412
0.11 7.31831 0.125657
0.1125 7.35223 0.126731
0.115 7.37219 0.127634
0.1175 7.37879 0.128367
0.12 7.37263 0.128932
0.1225 7.35429 0.129329
0.125 7.32432 0.12956
0.1275 7.2833 0.129626
0.13 7.23175 0.129529
0.1325 7.17022 0.129268
0.135 7.09921 0.128847
0.1375 7.01924 0.128267
0.14 6.93081 0.127529
0.1425 6.83438 0.126635
0.145 6.73043 0.125588
0.1475 6.6194 0.12439
0.15 6.50176 0.123044
0.1525 6.37791 0.121552
0.155 6.24829 0.119918
0.1575 6.11328 0.118144
0.16 5.97329 0.116234
0.1625 5.82869 0.114192
0.165 5.67985 0.112021
0.1675 5.52712 0.109726
0.17 5.37085 0.107311
0.1725 5.21135 0.104781
0.175 979446 0.10214
0.1775 1.93573e+06 391.416
0.18 957528 0.0965456
0.1825 4.54744 0.0936025
0.185 4.37642 0.0905693
0.1875 4.20394 0.0874516
0.19 4.03023 0.0842552
0.1925 3.85555 0.0809858
0.195 3.68013 0.0776496
0.1975 3.50419 0.0742524
0.2 3.32795 0.0708006
0.2025 3.15162 0.0673004
0.205 2.97538 0.063758
0.2075 2.79943 0.0601799
0.21 2.62395 0.0565724
0.2125 2.4491 0.052942
0.215 2.27507 0.0492951
0.2175 2.102 0.0456381
0.22 1.93004 0.0419774
0.2225 1.75934 0.0383193
0.225 1.59003 0.0346703
0.2275 1.42226 0.0310365
0.23 1.25613 0.0274241
0.2325 1.09178 0.0238391
0.235 0.929309 0.0202876
0.2375 0.768841 0.0167755
0.24 0.610475 0.0133084
0.2425 0.454314 0.00989192
0.245 0.300453 0.00653154
0.2475 0.148986 0.00323253
