TITLE="Graphics"
VARIABLES= "rj, cm", "F", "dT/dt" 
0 1.31979 16.6932
0.0025 1.31618 16.6092
0.005 1.30358 16.3767
0.0075 1.28187 15.9746
0.01 1.25149 15.4101
0.0125 1.21184 14.6913
0.015 1.16026 13.828
0.0175 1.09087 12.8329
0.02 0.994788 11.7229
0.0225 0.863477 10.5228
0.025 0.696157 9.26647
0.0275 0.507039 7.99737
0.03 0.322556 6.7626
0.0325 0.166054 5.60426
0.035 0.0508726 4.55258
0.0375 10.1366 3.62266
0.04 22.1815 4.61303
0.0425 0.615766 1.49926
0.045 0.0122348 1.4002
0.0475 0.0275044 0.119124
0.04775 6.245e-17 1.30645e-10
0.05 0.35483 0.585516
0.0525 0.133513 0.650515
0.055 0.369132 0.662343
0.0575 0.633851 0.650081
0.06 0.913399 0.625664
0.0625 1.19943 0.594891
0.065 1.48672 0.56089
0.0675 1.77183 0.525465
0.07 2.05239 0.489707
0.0725 2.32669 0.45429
0.075 2.59351 0.419637
0.0775 2.85191 0.386014
0.08 3.10117 0.353584
0.0825 3.34075 0.322441
0.085 3.57021 0.292636
0.0875 3.78924 0.264188
0.09 3.99756 0.237096
0.0925 4.19498 0.211345
0.095 4.38135 0.18691
0.0975 4.55657 0.163761
0.1 4.72057 0.141864
0.1025 4.8733 0.121181
0.105 5.01477 0.101675
0.1075 5.14497 0.0833064
0.11 5.26396 0.0660382
0.1125 5.37177 0.049832
0.115 5.46849 0.0346507
0.1175 5.55421 0.0204581
0.12 5.62902 0.00721883
0.1225 5.69306 0.00510138
0.125 5.74646 0.0165358
0.1275 5.78935 0.0271169
0.13 5.8219 0.0368758
0.1325 5.84428 0.0458431
0.135 5.85666 0.0540481
0.1375 5.85924 0.0615196
0.14 5.85221 0.0682854
0.1425 5.83578 0.0743726
0.145 5.81017 0.0798076
0.1475 5.77559 0.0846161
0.15 5.73228 0.0888231
0.1525 5.68048 0.0924533
0.155 5.62044 0.0955304
0.1575 5.55239 0.0980781
0.16 5.47661 0.100119
0.1625 5.39334 0.101676
0.165 5.30287 0.102771
0.1675 5.20545 0.103426
0.17 5.10137 0.103661
0.1725 4.99091 0.103498
0.175 4.87435 0.102958
0.1775 4.75198 0.10206
0.18 4.62408 0.100824
0.1825 4.49096 0.0992701
0.185 4.3529 0.0974172
0.1875 4.2102 0.0952843
0.19 4.06317 0.0928898
0.1925 3.91209 0.0902523
0.195 3.75728 0.0873895
0.1975 3.59902 0.0843193
0.2 3.43763 0.081059
0.2025 3.27339 0.0776257
0.205 3.10662 0.0740363
0.2075 2.93761 0.0703072
0.21 2.76666 0.0664547
0.2125 2.59406 0.0624946
0.215 2.42011 0.0584426
0.2175 2.2451 0.0543139
0.22 2.06932 0.0501234
0.2225 1.89305 0.0458858
0.225 1.71658 0.0416153
0.2275 1.54019 0.037326
0.23 1.36415 0.0330314
0.2325 1.18873 0.0287447
0.235 1.0142 0.024479
0.2375 0.840825 0.0202467
0.24 0.668858 0.01606
0.2425 0.498549 0.0119308
0.245 1.13519e+06 0.0078704
0.2475 2.2523e+06 160.002
