TITLE="Graphics"
VARIABLES= "rj, cm", "F", "dT/dt" 
0 0.000343767 18.1843
0.0025 0.00034231 18.0948
0.005 0.000338317 17.847
0.0075 0.000331594 17.4194
0.01 0.000322671 16.8205
0.0125 0.000312498 16.0598
0.015 0.000302569 15.147
0.0175 0.000294509 14.0907
0.02 0.000288 12.8966
0.0225 0.000275829 11.5685
0.025 0.000238339 10.1187
0.0275 0.000151591 8.59439
0.03 4.01882e-05 7.10723
0.0325 133.781 5.79084
0.035 193955 193711
0.0375 115.914 3.08699
0.04 0.011238 3.36105
0.0425 23.0824 11.9332
0.045 45710.1 104.237
0.0475 773743 60.0838
0.04775 1.94289e-16 1.80681e-08
0.05 1.93975 11.4578
0.0525 1.73393 9.45384
0.055 1.43843 8.33233
0.0575 1.18848 7.69538
0.06 0.993257 7.30818
0.0625 0.840967 7.05742
0.065 0.720833 6.88877
0.0675 0.621603 6.77596
0.07 0.538913 6.70183
0.0725 0.469439 6.6547
0.075 0.41057 6.62637
0.0775 0.360321 6.61085
0.08 0.317178 6.60358
0.0825 0.279959 6.60102
0.085 0.247719 6.60044
0.0875 0.219694 6.59971
0.09 0.195252 6.59718
0.0925 0.173869 6.59159
0.095 0.155112 6.58199
0.0975 0.138611 6.56769
0.1 0.12406 6.54818
0.1025 0.111197 6.52312
0.105 0.0997999 6.49229
0.1075 0.0896817 6.45559
0.11 0.0806791 6.41298
0.1125 0.0726568 6.36449
0.115 0.0654922 6.3102
0.1175 0.059087 6.25024
0.12 0.0533495 6.18476
0.1225 0.0482047 6.11394
0.125 0.0435853 6.03796
0.1275 0.0394325 5.95704
0.13 0.0356952 5.87139
0.1325 0.0323311 5.78124
0.135 0.0292976 5.6868
0.1375 0.0265626 5.58833
0.14 0.0240936 5.48603
0.1425 0.021867 5.38015
0.145 0.019854 5.2709
0.1475 0.0180382 5.15852
0.15 0.0163973 5.04322
0.1525 0.014916 4.92523
0.155 0.0135785 4.80476
0.1575 0.0123728 4.68201
0.16 0.0112844 4.55719
0.1625 0.0103038 4.4305
0.165 0.00942257 4.30214
0.1675 0.00862847 4.17229
0.17 0.00791648 4.04114
0.1725 0.00727835 3.90887
0.175 0.00670771 3.77566
0.1775 0.00619753 3.64167
0.18 0.00574454 3.50707
0.1825 0.0053423 3.37202
0.185 0.00498599 3.23667
0.1875 0.00467302 3.10117
0.19 0.00439952 2.96568
0.1925 0.00416038 2.83032
0.195 0.00395444 2.69523
0.1975 0.0037787 2.56056
0.2 0.00362957 2.42641
0.2025 0.00350677 2.29293
0.205 0.00340679 2.16021
0.2075 0.00332924 2.02839
0.21 0.00327025 1.89758
0.2125 0.00323075 1.76787
0.215 0.0032061 1.63938
0.2175 0.00319571 1.51221
0.22 0.00319184 1.38646
0.2225 0.00319192 1.26221
0.225 0.00318607 1.13955
0.2275 0.0031623 1.01855
0.23 0.00310544 0.899259
0.2325 0.00299965 0.781699
0.235 0.00282475 0.665861
0.2375 0.00256328 0.551687
0.24 0.00220474 0.439067
0.2425 0.00174658 0.327834
0.245 0.00120317 0.217765
0.2475 0.000607101 0.108586
