TITLE="Graphics"
VARIABLES= "rj, cm", "F", "dT/dt" 
0 0.00495134 27.6684
0.0025 0.00493672 27.5425
0.005 0.00489582 27.1938
0.0075 0.00482343 26.5902
0.01 0.00471821 25.7417
0.0125 0.00457822 24.6598
0.015 0.00440137 23.3586
0.0175 0.00418577 21.8552
0.02 0.00393039 20.1703
0.0225 0.00363555 18.3281
0.025 0.00330348 16.3562
0.0275 0.00293831 14.2858
0.03 0.0025452 12.1507
0.0325 0.00212782 9.98649
0.035 0.00168651 7.83095
0.0375 0.00124032 5.72345
0.04 0.0041062 3.70272
0.0425 27.6079 1.7948
0.045 68938.4 95.1577
0.0475 773082 54.7276
0.04775 6.93889e-17 1.64448e-08
0.05 13.491 16.3697
0.0525 13.2935 13.6075
0.055 11.9399 11.1578
0.0575 10.399 9.20962
0.06 8.98191 7.67637
0.0625 7.75589 6.45882
0.065 6.71548 5.47981
0.0675 5.83644 4.68303
0.07 5.0927 4.02758
0.0725 4.46123 3.48332
0.075 3.92284 3.02766
0.0775 3.46187 2.64336
0.08 3.0656 2.31711
0.0825 2.72362 2.03846
0.085 2.42743 1.79916
0.0875 2.17 1.59259
0.09 1.94552 1.41344
0.0925 1.74914 1.25739
0.095 1.57681 1.12092
0.0975 1.42512 1.00112
0.1 1.29122 0.895605
0.1025 1.17268 0.802383
0.105 1.06743 0.719792
0.1075 0.973738 0.646433
0.11 0.890104 0.581126
0.1125 0.81525 0.522869
0.115 0.748078 0.470803
0.1175 0.687641 0.424191
0.12 0.633117 0.382396
0.1225 0.583788 0.344861
0.125 0.539023 0.311099
0.1275 0.498262 0.280673
0.13 0.460994 0.253193
0.1325 0.420316 0.228299
0.135 0.413711 0.205354
0.1375 0.377804 0.185195
0.14 0.351348 0.16718
0.1425 0.327302 0.151049
0.145 0.305365 0.136585
0.1475 0.285292 0.123606
0.15 0.266877 0.111953
0.1525 0.249945 0.101491
0.155 0.234344 0.0920999
0.1575 0.219947 0.0836748
0.16 0.20664 0.0761217
0.1625 0.194323 0.0693573
0.165 0.182908 0.0633067
0.1675 0.172317 0.0579029
0.17 963446 0.0530855
0.1725 1.96394e+06 60625.6
0.175 941470 0.044998
0.1775 0.136888 0.0416348
0.18 0.129495 0.0386708
0.1825 0.122596 0.0360702
0.185 0.116153 0.0338007
0.1875 0.110131 0.0318332
0.19 0.104498 0.0301415
0.1925 0.0992216 0.028702
0.195 0.0942779 0.0274933
0.1975 0.0896363 0.0264963
0.2 0.0852744 0.0256932
0.2025 0.0811646 0.0250676
0.205 0.0772836 0.0246041
0.2075 0.0736026 0.0242875
0.21 0.0700942 0.0241026
0.2125 0.0667272 0.0240327
0.215 0.0634644 0.0240594
0.2175 0.0602667 0.0241606
0.22 0.0570866 0.0243096
0.2225 0.0538728 0.0244725
0.225 0.0514655 0.0246066
0.2275 0.0444254 0.024692
0.23 0.04171 0.0245238
0.2325 0.0376933 0.0240535
0.235 0.0332731 0.0231715
0.2375 0.0284366 0.0217419
0.24 0.0231944 0.0196033
0.2425 0.0176058 0.0165705
0.245 0.0117738 0.0124385
0.2475 0.0058468 0.00698912
