TITLE="Graphics"
VARIABLES= "rj, cm", "F", "dT/dt" 
0 0.000396251 4.08297e-06
0.0025 0.000129914 2.49603e-06
0.005 6.31754e-05 1.65195e-06
0.0075 5.44238e-05 1.07657e-06
0.01 4.58775e-05 1.22486e-07
0.0125 1.27229e-05 6.08888e-08
0.015 1.71972e-07 2.66308e-08
0.0175 3.14605e-07 5.22695e-10
0.02 3.57794e-10 2.29109e-10
0.0225 4.50514e-10 1.47053e-10
0.025 3.39092e-10 2.74734e-10
0.0275 5.92162e-09 5.27433e-10
0.03 8.77235e-08 1.6193e-09
0.0325 4.14943e-06 1.10495e-08
0.035 7.341e-06 1.43669e-07
0.0375 2.26204e-07 1.04046e-07
0.04 68.4018 1.73313e-07
0.0425 485857 60.7351
0.045 60.7952 1.93182e-06
0.0475 124.193 3.3945e-06
0.0475003 0.00144948 6.87678e-11
0.05 0.121245 0.745248
0.0525 4.61234 1.03002
0.055 6.91347 1.24845
0.0575 9.21949 1.42634
0.06 11.485 1.57603
0.0625 13.6837 1.70444
0.065 15.8 1.81593
0.0675 17.8248 1.91343
0.07 19.7531 1.99905
0.0725 21.582 2.07437
0.075 23.3103 2.14059
0.0775 24.9378 2.19869
0.08 26.4651 2.24946
0.0825 27.8933 2.29354
0.085 29.2236 2.33149
0.0875 30.4576 2.36377
0.09 31.5972 2.39078
0.0925 32.644 2.41287
0.095 33.6002 2.43036
0.0975 34.4678 2.44352
0.1 35.2488 2.45259
0.1025 35.9453 2.45781
0.105 36.5595 2.45936
0.1075 37.0935 2.45745
0.11 37.5496 2.45224
0.1125 37.9298 2.4439
0.115 38.2364 2.43256
0.1175 38.4715 2.41838
0.12 38.6374 2.40148
0.1225 38.7361 2.38199
0.125 38.7699 2.36004
0.1275 38.7409 2.33572
0.13 38.6512 2.30916
0.1325 38.5031 2.28046
0.135 38.2986 2.24972
0.1375 38.0398 2.21704
0.14 37.7288 2.18251
0.1425 37.3677 2.14623
0.145 36.9585 2.10829
0.1475 36.5034 2.06878
0.15 36.0043 2.02778
0.1525 35.4632 1.98538
0.155 34.882 1.94166
0.1575 34.2628 1.89671
0.16 33.6075 1.8506
0.1625 32.918 1.80341
0.165 32.1962 1.75522
0.1675 31.4439 1.70611
0.17 30.6629 1.65615
0.1725 29.8552 1.60542
0.175 29.0224 1.55398
0.1775 28.1662 1.50192
0.18 27.2886 1.44929
0.1825 26.391 1.39617
0.185 25.4752 1.34263
0.1875 24.5428 1.28874
0.19 23.5955 1.23456
0.1925 22.6348 1.18016
0.195 21.6622 1.12559
0.1975 20.6793 1.07093
0.2 19.6875 1.01624
0.2025 18.6883 0.961573
0.205 17.6832 0.906992
0.2075 16.6734 0.852556
0.21 15.6605 0.798321
0.2125 14.6456 0.744345
0.215 13.6301 0.690682
0.2175 12.6153 0.637385
0.22 11.6023 0.584507
0.2225 10.5924 0.5321
0.225 9.58684 0.480212
0.2275 8.58664 0.428894
0.23 7.59294 0.378192
0.2325 6.60683 0.328153
0.235 5.62935 0.27882
0.2375 4.66152 0.230237
0.24 3.70432 0.182447
0.2425 2.75872 0.13549
0.245 1.82564 0.0894048
0.2475 0.905985 0.0442293
