TITLE="Graphics"
VARIABLES= "rj, cm", "F", "dT/dt" 
0 0.000258094 21.791
0.0025 0.000257043 21.686
0.005 0.000254124 21.3956
0.0075 0.000249045 20.8942
0.01 0.000241843 20.1921
0.0125 0.000232561 19.3012
0.015 0.000221252 18.236
0.0175 0.000207994 17.0137
0.02 0.000192898 15.6538
0.0225 0.000176122 14.1786
0.025 0.000157878 12.6123
0.0275 0.000138462 10.9813
0.03 0.00011827 9.3131
0.0325 9.78655e-05 7.63568
0.035 7.80972e-05 5.97664
0.0375 5.80399e-05 4.36139
0.04 9.77954e-05 2.81561
0.0425 0.0584212 1.6288
0.045 3.08388 107.725
0.0475 24792.5 11190.1
0.04775 2.08167e-17 2.07385e-08
0.05 2.72493 10.7984
0.0525 0.908408 5.90336
0.055 0.972495 4.38757
0.0575 0.841304 3.5118
0.06 0.708277 2.88317
0.0625 0.60068 2.41097
0.065 0.514192 2.04793
0.0675 0.443529 1.76292
0.07 0.384988 1.53487
0.0725 0.335993 1.3493
0.075 0.294661 1.1961
0.0775 0.259563 1.06803
0.08 0.229587 0.959775
0.0825 0.203847 0.867382
0.085 0.181639 0.78783
0.0875 0.16239 0.718788
0.09 0.145634 0.658431
0.0925 0.130992 0.605315
0.095 0.118147 0.558287
0.0975 0.10684 0.516419
0.1 0.0968558 0.478955
0.1025 0.0880103 0.445276
0.105 0.0801509 0.414874
0.1075 0.0731504 0.387324
0.11 0.0668955 0.362272
0.1125 0.0612956 0.339418
0.115 0.0562689 0.318509
0.1175 0.0517471 0.299328
0.12 0.0476695 0.281688
0.1225 0.0439874 0.265427
0.125 0.040653 0.250406
0.1275 0.0376299 0.236501
0.13 0.0348841 0.223602
0.1325 0.0323872 0.211613
0.135 0.030112 0.200445
0.1375 0.0280267 0.190016
0.14 0.026109 0.180264
0.1425 0.0243631 0.17114
0.145 0.0227656 0.162592
0.1475 0.0212975 0.154566
0.15 0.0199446 0.147013
0.1525 0.0186974 0.139892
0.155 0.0175449 0.133167
0.1575 0.0164814 0.126805
0.16 0.0154964 0.120777
0.1625 0.0145846 0.115057
0.165 0.0137393 0.10962
0.1675 0.0129539 0.104444
0.17 0.0122236 0.0995108
0.1725 0.0115449 0.0948013
0.175 0.0109122 0.0902991
0.1775 0.0103221 0.0859901
0.18 0.00977118 0.0818608
0.1825 0.00925645 0.0778992
0.185 0.0087749 0.0740947
0.1875 0.0083238 0.0704378
0.19 0.00790049 0.0669199
0.1925 0.00750424 0.0635341
0.195 0.00713053 0.0602734
0.1975 0.00678003 0.0571331
0.2 0.00644959 0.0541085
0.2025 0.00613748 0.0511964
0.205 1.05819e+06 0.0483945
0.2075 3.09614e+06 999586
0.21 1.03706e+06 0.0431162
0.2125 0.00505425 0.0406391
0.215 0.00482004 0.0382709
0.2175 0.00459574 0.036012
0.22 0.00438594 0.0338646
0.2225 0.00418231 0.03183
0.225 0.00398678 0.0299129
0.2275 0.00379146 0.0281212
0.23 0.0035934 0.02647
0.2325 0.00339016 0.0249866
0.235 0.0031972 0.0237088
0.2375 0.00309286 0.0226717
0.24 0.00332839 0.0218366
0.2425 0.00450239 0.0208638
0.245 0.00733715 0.0185814
0.2475 0.00977547 0.0123587
