TITLE="Graphics"
VARIABLES= "rj, cm", "F", "dT/dt" 
0 0.000395139 1.48529e-06
0.0025 0.00024347 2.75693e-06
0.005 0.000250972 4.55197e-06
0.0075 0.00021004 6.76755e-06
0.01 2.26654e-05 7.72118e-06
0.0125 0.00033806 4.81336e-06
0.015 1.2216e-05 1.62495e-06
0.0175 7.95246e-05 2.4727e-07
0.02 1.43675e-05 3.97043e-10
0.0225 4.07124e-08 6.15625e-07
0.025 1.43049e-07 1.11742e-06
0.0275 3.62078e-07 1.55988e-06
0.03 6.82259e-07 2.00971e-06
0.0325 9.37484e-07 2.54411e-06
0.035 6.04081e-07 3.21477e-06
0.0375 1.51298e-06 3.9338e-06
0.04 7.18651e-06 4.21683e-06
0.0425 1.52106e-05 2.8151e-06
0.045 0.000178918 1.93443e-06
0.0475 0.000472557 6.32299e-06
0.0475003 2.1233e-15 1.07629e-11
0.05 1.41271 0.116913
0.0525 2.72167 0.162674
0.055 3.50359 0.198492
0.0575 4.19263 0.228353
0.06 4.80323 0.25414
0.0625 5.34363 0.276902
0.065 5.81956 0.297287
0.0675 6.23553 0.315726
0.07 6.59542 0.332522
0.0725 6.90272 0.347898
0.075 7.16064 0.36202
0.0775 7.37224 0.375018
0.08 7.54041 0.386992
0.0825 7.66793 0.398023
0.085 7.75747 0.408175
0.0875 7.81162 0.417501
0.09 7.83287 0.426043
0.0925 7.82363 0.433837
0.095 7.78623 0.440912
0.0975 7.72292 0.447293
0.1 7.63588 0.452999
0.1025 7.52718 0.458047
0.105 7.39886 0.462453
0.1075 7.25284 0.466228
0.11 694397 0.469383
0.1125 1.3683e+06 88.0791
0.115 674999 0.473873
0.1175 6.52779 0.475224
0.12 6.3196 0.475989
0.1225 6.10371 0.476175
0.125 5.8815 0.475789
0.1275 5.6543 0.474839
0.13 5.42337 0.473331
0.1325 5.18987 0.471272
0.135 4.95491 0.468671
0.1375 4.71954 0.465534
0.14 4.48471 0.461872
0.1425 4.25134 0.457692
0.145 4.02025 0.453004
0.1475 3.79221 0.447818
0.15 3.56794 0.442144
0.1525 3.34809 0.435994
0.155 3.13324 0.42938
0.1575 2.92392 0.422314
0.16 2.72063 0.414808
0.1625 2.52377 0.406877
0.165 2.33371 0.398535
0.1675 2.15079 0.389796
0.17 1.97527 0.380677
0.1725 1.80738 0.371192
0.175 1.64729 0.361359
0.1775 1.49515 0.351195
0.18 1.35105 0.340717
0.1825 1.21504 0.329944
0.185 1.08715 0.318893
0.1875 0.967346 0.307584
0.19 0.855586 0.296036
0.1925 0.751778 0.284268
0.195 0.655806 0.272301
0.1975 0.56752 0.260154
0.2 0.486745 0.247849
0.2025 0.413278 0.235405
0.205 0.346894 0.222844
0.2075 0.287341 0.210185
0.21 0.234346 0.197451
0.2125 0.187622 0.184662
0.215 0.146855 0.171838
0.2175 0.111722 0.159002
0.22 0.0818804 0.146172
0.2225 0.0569787 0.133371
0.225 0.0366494 0.120617
0.2275 0.02052 0.107932
0.23 0.00820647 0.0953358
0.2325 0.000679033 0.0828469
0.235 0.00653085 0.0704851
0.2375 0.00974177 0.058269
0.24 0.0107097 0.046217
0.2425 0.00982867 0.034347
0.245 0.00748829 0.0226764
0.2475 0.00407497 0.0112219
