TITLE="Graphics"
VARIABLES= "rj, cm", "F", "dT/dt" 
0 5.00509e-09 1.05953e-11
0.0025 1.44667e-08 6.905e-11
0.005 7.42759e-08 4.54675e-10
0.0075 4.40542e-07 3.09933e-09
0.01 2.35647e-06 1.91455e-08
0.0125 1.03928e-05 9.97139e-08
0.015 3.51413e-05 4.1599e-07
0.0175 8.26878e-05 1.31737e-06
0.02 0.000110205 2.94498e-06
0.0225 1.7168e-05 4.10114e-06
0.025 0.000184552 2.5391e-06
0.0275 2.59326e-05 5.00409e-06
0.03 8.45135e-05 3.21468e-07
0.0325 3.20923e-06 2.463e-07
0.035 5.44073e-06 1.98621e-07
0.0375 3.26611e-05 4.58665e-07
0.04 0.000197297 1.89497e-07
0.0425 2.82758e-05 1.29801e-06
0.045 0.000210476 2.96481e-06
0.0475 0.000220548 1.46396e-05
0.0475003 4.1564e-15 3.75662e-11
0.05 2.24109 0.406897
0.0525 4.64022 0.558251
0.055 6.05053 0.672346
0.0575 7.32589 0.76346
0.06 8.48774 0.838483
0.0625 9.54845 0.901327
0.065 10.5167 0.954471
0.0675 11.3993 0.99961
0.07 12.2021 1.03797
0.0725 12.9302 1.07048
0.075 13.588 1.09788
0.0775 14.1797 1.12073
0.08 14.7092 1.13953
0.0825 15.18 1.15467
0.085 15.5953 1.16649
0.0875 15.9583 1.1753
0.09 16.2718 1.18135
0.0925 16.5387 1.18486
0.095 16.7614 1.18604
0.0975 16.9424 1.18506
0.1 17.0841 1.1821
0.1025 17.1886 1.17729
0.105 17.2579 1.17078
0.1075 17.2941 1.16269
0.11 17.299 1.15312
0.1125 17.2743 1.1422
0.115 17.2219 1.13001
0.1175 17.1433 1.11666
0.12 17.04 1.10221
0.1225 16.9134 1.08677
0.125 16.765 1.07039
0.1275 16.5961 1.05316
0.13 16.408 1.03514
0.1325 16.2018 1.01639
0.135 15.9787 0.996974
0.1375 15.7399 0.976952
0.14 15.4862 0.956377
0.1425 865365 0.935298
0.145 1.70996e+06 188.806
0.1475 843384 0.891828
0.15 14.3436 0.869526
0.1525 14.0304 0.846904
0.155 13.7078 0.824002
0.1575 13.3767 0.800858
0.16 13.0377 0.777508
0.1625 12.6916 0.753988
0.165 12.339 0.730329
0.1675 11.9807 0.706565
0.17 11.6172 0.682725
0.1725 11.2491 0.658837
0.175 10.877 0.634928
0.1775 10.5016 0.611026
0.18 10.1232 0.587153
0.1825 9.74253 0.563335
0.185 9.35998 0.539592
0.1875 8.97604 0.515947
0.19 8.59119 0.492419
0.1925 8.20587 0.469027
0.195 7.8205 0.445789
0.1975 7.4355 0.422723
0.2 7.05126 0.399845
0.2025 6.66815 0.37717
0.205 6.28654 0.354712
0.2075 5.90678 0.332485
0.21 5.52919 0.310503
0.2125 5.1541 0.288777
0.215 4.78181 0.267318
0.2175 4.41259 0.246138
0.22 4.04673 0.225247
0.2225 3.68449 0.204654
0.225 3.32611 0.184368
0.2275 2.97183 0.164397
0.23 2.62186 0.14475
0.2325 2.27641 0.125433
0.235 1.93568 0.106454
0.2375 1.59986 0.0878186
0.24 1.26911 0.0695335
0.2425 0.943592 0.0516039
0.245 0.62347 0.0340353
0.2475 0.308882 0.0168325
