TITLE="Graphics"
VARIABLES= "rj, cm", "F", "dT/dt" 
0 0.00034525 18.2753
0.0025 0.000343775 18.1854
0.005 0.000339724 17.9366
0.0075 0.000332875 17.5072
0.01 0.000323716 16.9059
0.0125 0.000313156 16.1424
0.015 0.000302739 15.227
0.0175 142.077 14.1685
0.02 193541 193306
0.0225 110.386 11.642
0.025 0.000249405 10.183
0.0275 0.000161528 8.6356
0.03 1.86098e-05 7.11494
0.0325 2.34724e-07 5.80126
0.035 0.000529347 4.67482
0.0375 0.000777613 2.92812
0.04 0.0772711 1.26588
0.0425 23.965 15.7422
0.045 49752.2 102.708
0.0475 773804 59.0339
0.04775 1.38778e-17 1.73795e-08
0.05 1.86801 13.4499
0.0525 1.67437 12.3397
0.055 1.3945 11.8663
0.0575 1.15606 11.7527
0.06 0.964767 11.8158
0.0625 0.813277 11.959
0.065 0.691484 12.1351
0.0675 0.59182 12.32
0.07 0.50907 12.5006
0.0725 0.439613 12.6691
0.075 0.380839 12.821
0.0775 0.330798 12.9534
0.08 0.287979 13.0646
0.0825 0.251189 13.1536
0.085 0.219465 13.2201
0.0875 0.192024 13.2642
0.09 0.168221 13.2862
0.0925 0.14752 13.2866
0.095 0.129476 13.2662
0.0975 0.113715 13.2258
0.1 0.099924 13.1664
0.1025 0.0878354 13.0887
0.105 0.0772254 12.9939
0.1075 0.0679004 12.8828
0.11 0.0596973 12.7566
0.1125 0.0524736 12.6161
0.115 0.0461092 12.4622
0.1175 0.0404987 12.296
0.12 0.035551 12.1183
0.1225 0.0311883 11.93
0.125 0.0273403 11.7319
0.1275 0.0239482 11.5249
0.13 0.0209588 11.3097
0.1325 0.0183265 11.087
0.135 0.0160108 10.8576
0.1375 0.013975 10.6222
0.14 0.0121889 10.3814
0.1425 0.0106237 10.1358
0.145 0.00925559 9.88598
0.1475 0.00806104 9.63254
0.15 0.00702304 9.37599
0.1525 0.00612169 9.11683
0.155 0.00534366 8.85553
0.1575 0.00467406 8.59253
0.16 0.00410035 8.32827
0.1625 0.00361327 8.06314
0.165 0.00320075 7.79751
0.1675 0.00285599 7.53173
0.17 0.00257026 7.26614
0.1725 0.00233685 7.00104
0.175 0.00214929 6.73673
0.1775 0.00200211 6.47347
0.18 0.00189085 6.21152
0.1825 0.00180996 5.95111
0.185 0.0017566 5.69247
0.1875 0.00172721 5.4358
0.19 0.00171776 5.18128
0.1925 0.00172656 4.92909
0.195 0.00175038 4.67939
0.1975 0.00178797 4.43234
0.2 0.00183746 4.18806
0.2025 0.00189543 3.9467
0.205 0.00196414 3.70835
0.2075 0.00203862 3.47313
0.21 0.00211991 3.24113
0.2125 0.00220592 3.01245
0.215 0.00229447 2.78716
0.2175 0.00238421 2.56534
0.22 0.00247018 2.34704
0.2225 0.00254875 2.13233
0.225 0.00261059 1.92125
0.2275 0.00264832 1.71381
0.23 0.00264722 1.51003
0.2325 0.00259265 1.30989
0.235 0.00246927 1.11332
0.2375 0.00226181 0.920238
0.24 0.0019597 0.730484
0.2425 0.00156301 0.543858
0.245 0.00108316 0.360106
0.2475 0.000548828 0.178929
