TITLE="Graphics"
VARIABLES= "rj, cm", "F", "dT/dt" 
0 1.28685e-06 6.66325e-09
0.0025 6.49649e-07 1.035e-08
0.005 5.2048e-07 1.39342e-08
0.0075 2.99094e-07 1.63075e-08
0.01 1.98286e-08 1.50501e-08
0.0125 6.46835e-08 1.14003e-08
0.015 1.64768e-07 8.42951e-09
0.0175 5.44681e-07 3.80249e-10
0.02 2.9379e-09 2.50264e-10
0.0225 6.52143e-11 2.98712e-10
0.025 9.07585e-11 6.04605e-10
0.0275 1.46042e-10 6.89081e-10
0.03 8.27382e-11 5.23466e-10
0.0325 7.80247e-11 2.15774e-10
0.035 7.27719e-10 1.61878e-10
0.0375 2.3212e-07 1.46693e-09
0.04 3.931e-09 2.44745e-09
0.0425 2.78228e-08 1.36411e-09
0.045 1.01007e-06 1.31937e-08
0.0475 1.98897e-06 4.03112e-08
0.0475003 5.41234e-16 1.63754e-10
0.05 0.572211 1.77419
0.0525 2.3203 2.45725
0.055 3.7472 2.98335
0.0575 5.2196 3.41378
0.06 6.69506 3.77773
0.0625 8.14892 4.09154
0.065 9.56633 4.36545
0.0675 10.938 4.60637
0.07 12.2582 4.81921
0.0725 13.5231 5.00767
0.075 14.7304 5.17457
0.0775 15.8788 5.32217
0.08 16.9675 5.45229
0.0825 17.9963 5.56643
0.085 18.965 5.66586
0.0875 19.8741 5.75165
0.09 20.724 5.82473
0.0925 21.5152 5.88591
0.095 22.2484 5.93588
0.0975 22.9244 5.97529
0.1 23.544 6.0047
0.1025 24.108 6.02462
0.105 24.6175 6.03551
0.1075 25.0733 6.0378
0.11 25.4765 6.03188
0.1125 25.828 6.01812
0.115 26.1291 5.99686
0.1175 26.3806 5.96843
0.12 26.5837 5.93312
0.1225 26.7395 5.89124
0.125 26.8492 5.84304
0.1275 26.9139 5.78881
0.13 26.9346 5.72879
0.1325 26.9127 5.66324
0.135 26.8493 5.59238
0.1375 26.7455 5.51646
0.14 26.6025 5.43571
0.1425 26.4217 5.35034
0.145 26.2041 5.26056
0.1475 25.951 5.16661
0.15 25.6637 5.06868
0.1525 25.3433 4.96698
0.155 24.9911 4.86172
0.1575 24.6083 4.75309
0.16 24.1962 4.64129
0.1625 23.7561 4.52653
0.165 23.2891 4.40899
0.1675 22.7965 4.28886
0.17 22.2796 4.16634
0.1725 21.7396 4.04161
0.175 21.1778 3.91485
0.1775 20.5953 3.78626
0.18 19.9935 3.656
0.1825 19.3735 3.52426
0.185 18.7366 3.39123
0.1875 18.0839 3.25706
0.19 17.4168 3.12194
0.1925 16.7364 2.98603
0.195 16.0439 2.84952
0.1975 15.3405 2.71255
0.2 14.6273 2.5753
0.2025 13.9055 2.43792
0.205 13.1764 2.30059
0.2075 12.4409 2.16345
0.21 11.7002 2.02666
0.2125 10.9555 1.89036
0.215 10.2079 1.75472
0.2175 9.45832 1.61987
0.22 1.08868e+06 1.48596
0.2225 2.15585e+06 811.403
0.225 1.06809e+06 1.22152
0.2275 6.46223 1.09125
0.23 5.71882 0.962465
0.2325 4.97963 0.835286
0.235 4.24561 0.709839
0.2375 3.51768 0.586243
0.24 2.79674 0.464615
0.2425 2.0837 0.345069
0.245 1.3794 0.227715
0.2475 0.684685 0.112658
