TITLE="Graphics"
VARIABLES= "rj, cm", "F", "dT/dt" 
0 3.28993e-05 22.3059
0.0025 3.27678e-05 22.1989
0.005 3.24025e-05 21.9027
0.0075 3.17661e-05 21.3913
0.01 3.08628e-05 20.6749
0.0125 2.96966e-05 19.7656
0.015 2.82732e-05 18.678
0.0175 2.66011e-05 17.4293
0.02 2.46928e-05 16.0395
0.0225 2.2566e-05 14.5309
0.025 2.02456e-05 12.9283
0.0275 1.77646e-05 11.2585
0.03 1.51668e-05 9.54976
0.0325 1.25112e-05 7.8312
0.035 9.90655e-06 6.13188
0.0375 7.70943e-06 4.47909
0.04 3.28245e-05 2.89224
0.0425 22.9649 2.15877
0.045 45086.8 104.487
0.0475 773804 60.587
0.04775 4.16334e-17 1.84959e-08
0.05 0.142441 13.1066
0.0525 0.132969 10.1534
0.055 0.113378 8.06114
0.0575 0.0951507 6.58
0.06 0.0801955 5.48094
0.0625 0.0682052 4.62842
0.065 0.0585344 3.94516
0.0675 0.0506283 3.38528
0.07 0.0440765 2.91966
0.0725 0.0385874 2.5285
0.075 394810 2.19759
0.0775 6.64917e+06 5.867e+06
0.08 387508 1.67634
0.0825 0.0235867 1.46983
0.085 0.0210544 1.2916
0.0875 0.0188438 1.13741
0.09 0.0169096 1.00367
0.0925 0.0152133 0.887321
0.095 0.0137225 0.785821
0.0975 0.0124084 0.697032
0.1 0.011247 0.619165
0.1025 0.0102174 0.550713
0.105 0.0093024 0.490407
0.1075 0.00848713 0.437168
0.11 0.00775858 0.39008
0.1125 0.00710666 0.348362
0.115 0.00652097 0.311341
0.1175 0.00599461 0.278444
0.12 0.00551986 0.249171
0.1225 0.00509099 0.223094
0.125 0.00470293 0.199838
0.1275 0.00435109 0.179081
0.13 0.00403121 0.160539
0.1325 0.00374045 0.143964
0.135 0.00347454 0.12914
0.1375 0.00323307 0.115875
0.14 0.00301074 0.104002
0.1425 0.00280864 0.0933725
0.145 0.00262352 0.0838604
0.1475 0.00245477 0.075359
0.15 0.0022904 0.0677852
0.1525 0.00214772 0.0609868
0.155 0.0020155 0.0549041
0.1575 0.00189194 0.0494761
0.16 0.00177833 0.0446404
0.1625 0.00167202 0.0403393
0.165 0.00157436 0.036521
0.1675 0.00148324 0.0331389
0.17 0.00139869 0.0301508
0.1725 0.00132047 0.0275198
0.175 0.00124717 0.0252122
0.1775 0.00117902 0.0231974
0.18 0.00111567 0.0214482
0.1825 0.00105589 0.01994
0.185 0.00100068 0.0186498
0.1875 0.000948982 0.0175577
0.19 0.000900276 0.0166453
0.1925 0.000854711 0.0158954
0.195 0.000812169 0.0152937
0.1975 0.000772108 0.014826
0.2 0.00073447 0.0144806
0.2025 0.000699819 0.0142469
0.205 0.000666293 0.0141161
0.2075 0.000635796 0.0140802
0.21 0.00060587 0.0141332
0.2125 0.00057918 0.0142685
0.215 0.000552216 0.0144814
0.2175 0.0005272 0.014764
0.22 0.000501949 0.0151055
0.2225 0.000479379 0.0154888
0.225 0.000453667 0.0159033
0.2275 0.000426724 0.0163103
0.23 0.000397233 0.0166538
0.2325 0.000363936 0.016854
0.235 0.000326806 0.0167999
0.2375 0.000282604 0.0163431
0.24 0.00023421 0.0152921
0.2425 0.000180249 0.0134147
0.245 0.000121109 0.0104438
0.2475 6.02367e-05 0.00607713
