TITLE="Graphics"
VARIABLES= "rj, cm", "F", "dT/dt" 
0 0.00124949 28.0786
0.0025 0.00124593 27.9515
0.005 0.00123595 27.5995
0.0075 0.00121826 26.99
0.01 0.00119248 26.1329
0.0125 0.00115807 25.0395
0.015 0.00111442 23.7239
0.0175 0.00106098 22.2028
0.02 0.000997345 20.4969
0.0225 0.000923494 18.6303
0.025 0.000839917 16.631
0.0275 0.000747756 14.5303
0.03 0.000648563 12.3626
0.0325 0.000543612 10.164
0.035 0.000435819 7.97233
0.0375 0.000339842 5.8255
0.04 0.00273695 3.75362
0.0425 28.3646 1.84418
0.045 69792.3 94.2774
0.0475 773726 54.2214
0.04775 2.77556e-17 1.62835e-08
0.05 3.3541 16.2559
0.0525 3.27877 13.5844
0.055 2.93194 11.2045
0.0575 2.54522 9.30085
0.06 2.1936 7.79108
0.0625 1.8919 6.58136
0.065 1.63745 5.59936
0.0675 1.42341 4.79266
0.07 1.24283 4.12329
0.0725 1.08975 3.5632
0.075 0.959306 3.09129
0.0775 0.84758 2.69131
0.08 0.751433 2.35055
0.0825 0.668335 2.05893
0.085 0.596228 1.80835
0.0875 0.533428 1.59223
0.09 0.478547 1.40519
0.0925 0.430432 1.2428
0.095 0.388121 1.1014
0.0975 0.350806 0.977932
0.1 0.317807 0.869825
0.1025 0.288546 0.774936
0.105 0.262532 0.691448
0.1075 0.239348 0.617824
0.11 0.218633 0.552755
0.1125 0.200078 0.495126
0.115 0.183416 0.443978
0.1175 0.168412 0.398485
0.12 0.154864 0.357931
0.1225 0.142587 0.321689
0.125 0.131421 0.289205
0.1275 0.117584 0.259981
0.13 0.122484 0.233213
0.1325 0.109857 0.209811
0.135 0.101868 0.188986
0.1375 0.0946326 0.170405
0.14 0.0880572 0.15379
0.1425 0.0820623 0.13891
0.145 0.0765831 0.125568
0.1475 0.0715626 0.113596
0.15 0.0669546 0.102849
0.1525 0.0627154 0.0931999
0.155 0.05881 0.0845385
0.1575 0.0552067 0.0767673
0.16 0.0518765 0.0698
0.1625 0.0487944 0.0635599
0.165 0.045939 0.0579788
0.1675 0.0432903 0.0529957
0.17 0.0408295 0.0485559
0.1725 0.038542 0.0446102
0.175 0.0364121 0.0411144
0.1775 0.0344278 0.0380287
0.18 0.0325771 0.0353169
0.1825 0.0308489 0.0329466
0.185 0.0292341 0.0308881
0.1875 0.0277238 0.0291147
0.19 0.0263098 0.0276022
0.1925 0.0249848 0.0263283
0.195 0.0237413 0.0252729
0.1975 0.0225743 0.0244176
0.2 1.04515e+06 0.0237453
0.2025 2.31635e+06 249003
0.205 1.0239e+06 0.0228868
0.2075 0.0185362 0.0226708
0.21 0.0176535 0.0225769
0.2125 0.0168056 0.0225891
0.215 0.0159843 0.0226893
0.2175 0.0151797 0.0228562
0.22 0.0143797 0.0230634
0.2225 0.0135693 0.023278
0.225 0.0127345 0.0234576
0.2275 0.012267 0.023548
0.23 0.00967281 0.0235121
0.2325 0.00914513 0.0231385
0.235 0.00808218 0.0223559
0.2375 0.00691453 0.0210325
0.24 0.00564461 0.0190098
0.2425 0.0042874 0.0161046
0.245 0.00286892 0.0121135
0.2475 0.00142489 0.00681925
