TITLE="Graphics"
VARIABLES= "rj, cm", "F", "dT/dt" 
0 2.40748e+06 2.40677e+06
0.0025 30.8468 22.8727
0.005 3.32219e-05 22.5691
0.0075 3.25855e-05 22.0447
0.01 3.16804e-05 21.3099
0.0125 3.05093e-05 20.3769
0.015 2.9076e-05 19.2603
0.0175 2.73875e-05 17.9775
0.02 2.5455e-05 16.5487
0.0225 2.32943e-05 14.9965
0.025 2.09278e-05 13.3463
0.0275 1.83851e-05 11.6255
0.03 1.57044e-05 9.86316
0.0325 1.29395e-05 8.08959
0.035 1.02234e-05 6.33539
0.0375 7.66112e-06 4.62928
0.04 0.000298954 2.99576
0.0425 0.0666673 2.24788
0.045 0.0609907 103.101
0.0475 0.128922 59.1076
0.04775 2.77556e-17 1.8342e-08
0.05 0.155905 11.4182
0.0525 0.132379 9.26907
0.055 0.108732 7.72011
0.0575 0.0909453 6.51516
0.06 0.0773488 5.53735
0.0625 0.0664629 4.73102
0.065 0.0574766 4.06128
0.0675 0.0499437 3.50194
0.07 0.0435819 3.03216
0.0725 0.0381844 2.63528
0.075 0.0335872 2.29804
0.0775 0.0296561 2.00993
0.08 0.0262813 1.76257
0.0825 0.0233709 1.54925
0.085 0.0208515 1.36456
0.0875 0.0186609 1.2041
0.09 0.0167494 1.06426
0.0925 0.0150753 0.942037
0.095 0.0136038 0.834951
0.0975 0.0123066 0.740909
0.1 0.011159 0.658147
0.1025 0.0101415 0.585173
0.105 0.00923641 0.520716
0.1075 0.00842976 0.463689
0.11 0.00770829 0.413163
0.1125 0.00706225 0.368336
0.115 0.00648171 0.328518
0.1175 0.00595971 0.293111
0.12 0.00548866 0.261596
0.1225 0.00506359 0.233523
0.125 0.00467894 0.208503
0.1275 0.0043306 0.1862
0.13 0.00400769 0.166323
0.1325 0.00372014 0.14856
0.135 0.00345701 0.132692
0.1375 0.00321645 0.118521
0.14 0.00299616 0.105871
0.1425 0.0027942 0.094581
0.145 0.00260889 0.0845088
0.1475 0.00243855 0.0755275
0.15 0.00228197 0.0675244
0.1525 0.00213769 0.0603994
0.155 0.00200503 0.0540644
0.1575 0.00188099 0.0484444
0.16 0.0017674 0.0434563
0.1625 0.00166236 0.0390408
0.165 0.00156493 0.0351427
0.1675 0.00147405 0.0317107
0.17 0.00139009 0.0286982
0.1725 0.00131145 0.0260633
0.175 0.0012384 0.0237678
0.1775 0.00116893 0.0217749
0.18 0.00112263 0.020043
0.1825 0.00103386 0.018678
0.185 0.000996159 0.0174212
0.1875 0.000942923 0.0163889
0.19 0.000894408 0.0155479
0.1925 0.000849871 0.0148798
0.195 0.000794753 0.014375
0.1975 0.000777349 0.0139186
0.2 0.000726782 0.0136709
0.2025 0.000692083 0.0135166
0.205 0.000659185 0.0134515
0.2075 0.000627574 0.0134653
0.21 0.000597539 0.013546
0.2125 0.000568841 0.0136794
0.215 0.000541512 0.0138514
0.2175 0.000515715 0.0140449
0.22 0.000490648 0.0142479
0.2225 0.000466567 0.0144408
0.225 0.000443085 0.0146051
0.2275 0.000420014 0.0147186
0.23 0.0003961 0.014753
0.2325 0.000370314 0.0146685
0.235 0.000340297 0.0144053
0.2375 0.000305009 0.0138697
0.24 0.000261495 0.0129233
0.2425 0.000207709 0.0113677
0.245 0.000144198 0.00893103
0.2475 7.31861e-05 0.0052719
