TITLE="Graphics"
VARIABLES= "rj, cm", "F", "dT/dt" 
0 1.28669e-10 7.5563e-10
0.0025 3.33269e-11 7.46642e-10
0.005 4.66002e-11 7.31406e-10
0.0075 3.33014e-11 7.10593e-10
0.01 2.76603e-11 6.72348e-10
0.0125 7.24286e-12 6.30024e-10
0.015 145.763 5.76343e-10
0.0175 735.585 485.881
0.02 109.161 4.50754e-10
0.0225 1.34872e-11 3.85112e-10
0.025 1.38717e-11 3.13081e-10
0.0275 3.79958e-12 2.39835e-10
0.03 2.7466e-12 1.75529e-10
0.0325 9.85012e-13 1.09095e-10
0.035 1.16472e-11 4.34446e-11
0.0375 2.75935e-09 1.42681e-11
0.04 7.23999e-08 2.64403e-10
0.0425 1.48741e-07 3.04473e-09
0.045 7.80512e-07 9.16558e-10
0.0475 5.69113e-09 1.15088e-10
0.0475003 9.99201e-16 1.02929e-10
0.05 0.0996473 1.11533
0.0525 2.36807 1.54237
0.055 3.54049 1.87036
0.0575 4.71758 2.13792
0.06 5.87737 2.36346
0.0625 7.00696 2.55732
0.065 8.09868 2.72599
0.0675 9.14793 2.87384
0.07 10.152 3.00402
0.0725 11.1094 3.11886
0.075 12.0192 3.22017
0.0775 12.8812 3.30939
0.08 13.6954 3.38769
0.0825 14.4621 3.45601
0.085 15.1817 3.51518
0.0875 15.8546 3.56588
0.09 16.4815 3.6087
0.0925 17.0631 3.64416
0.095 17.6001 3.67271
0.0975 18.0932 3.69476
0.1 18.5432 3.71066
0.1025 18.9508 3.72075
0.105 19.3169 3.72532
0.1075 19.6423 3.72463
0.11 19.9278 3.71895
0.1125 20.1743 3.7085
0.115 20.3826 3.6935
0.1175 20.5536 3.67415
0.12 20.6881 3.65065
0.1225 20.787 3.62317
0.125 20.8512 3.59189
0.1275 20.8817 3.55698
0.13 20.8792 3.51859
0.1325 20.8447 3.47688
0.135 20.779 3.432
0.1375 20.6832 3.38408
0.14 20.5581 3.33328
0.1425 20.4046 3.27973
0.145 20.2237 3.22356
0.1475 20.0163 3.1649
0.15 19.7833 3.10387
0.1525 19.5256 3.04062
0.155 19.2442 2.97525
0.1575 18.94 2.9079
0.16 18.614 2.83868
0.1625 18.2671 2.76771
0.165 17.9003 2.69511
0.1675 17.5144 2.62099
0.17 17.1104 2.54547
0.1725 16.6893 2.46866
0.175 16.252 2.39067
0.1775 15.7994 2.31162
0.18 15.3325 2.2316
0.1825 14.8521 2.15074
0.185 14.3593 2.06913
0.1875 13.8548 1.98688
0.19 13.3398 1.9041
0.1925 12.8149 1.82088
0.195 12.2812 1.73733
0.1975 11.7396 1.65355
0.2 11.1909 1.56964
0.2025 10.6359 1.48569
0.205 10.0757 1.40179
0.2075 9.51096 1.31805
0.21 8.9426 1.23455
0.2125 8.37147 1.15139
0.215 7.79837 1.06865
0.2175 7.22412 0.986419
0.22 6.64953 0.904784
0.2225 6.07539 0.823828
0.225 5.50247 0.743633
0.2275 4.93153 0.664277
0.23 4.36331 0.585839
0.2325 3.79856 0.508395
0.235 3.23798 0.432017
0.2375 2.68228 0.356778
0.24 2.13214 0.282745
0.2425 1.58823 0.209988
0.245 1.05119 0.13857
0.2475 0.521654 0.0685538
