TITLE="Graphics"
VARIABLES= "rj, cm", "F", "dT/dt" 
0 0.00213615 22.6987
0.0025 0.00212774 22.5901
0.005 0.00210436 22.2896
0.0075 0.00206361 21.7706
0.01 0.00200571 21.0434
0.0125 149.487 20.1203
0.015 37895.9 37666.2
0.0175 106.515 17.7473
0.02 0.00160867 16.3347
0.0225 0.00147126 14.8008
0.025 0.00132098 13.1705
0.0275 0.00115983 11.4711
0.03 0.000990484 9.73131
0.0325 0.000816433 7.9809
0.035 0.000641737 6.24984
0.0375 0.000495747 4.56737
0.04 0.00152072 2.9538
0.0425 22.9237 1.79709
0.045 46927.7 104.659
0.0475 774244 7.08987
0.04775 6.245e-17 1.91517e-08
0.05 13.19 4.99694
0.0525 9.10846 4.27049
0.055 7.15219 3.7472
0.0575 6.03976 3.20293
0.06 5.17375 2.70127
0.0625 4.43662 2.26876
0.065 3.87507 1.90194
0.0675 3.34555 1.60087
0.07 2.91233 1.35066
0.0725 2.54663 1.14168
0.075 2.23657 0.966208
0.0775 1.97242 0.818157
0.08 1.74627 0.692728
0.0825 1.55169 0.586113
0.085 1.38347 0.495252
0.0875 1.23738 0.417655
0.09 1.11001 0.351273
0.0925 0.998527 0.294407
0.095 0.900626 0.245638
0.0975 0.81437 0.203776
0.1 0.738141 0.167821
0.1025 0.67058 0.136928
0.105 0.610537 0.11038
0.1075 0.557032 0.0875713
0.11 0.509236 0.0679844
0.1125 0.466435 0.0511783
0.115 0.428021 0.0367764
0.1175 0.393467 0.0244557
0.12 0.362318 0.0139393
0.1225 0.334183 0.00498922
0.125 0.308717 0.00259988
0.1275 0.285622 0.00900516
0.13 0.26464 0.0143802
0.1325 0.245543 0.0188584
0.135 0.228136 0.0225555
0.1375 0.212245 0.0255718
0.14 0.197714 0.0279942
0.1425 0.184404 0.029898
0.145 0.172196 0.0313488
0.1475 0.160981 0.0324036
0.15 0.150663 0.0331125
0.1525 0.141158 0.0335191
0.155 0.132392 0.0336619
0.1575 0.124294 0.0335745
0.16 0.116807 0.0332864
0.1625 0.109875 0.0328236
0.165 0.10345 0.032209
0.1675 0.0974869 0.0314625
0.17 0.0919491 0.030602
0.1725 0.0867992 0.029643
0.175 0.0820049 0.0285991
0.1775 0.0775375 0.0274824
0.18 0.0733712 0.0263036
0.1825 0.0694798 0.0250719
0.185 0.065845 0.0237957
0.1875 0.0624427 0.0224822
0.19 0.0592587 0.021138
0.1925 0.056272 0.0197688
0.195 0.0534713 0.0183801
0.1975 0.0508381 0.0169767
0.2 0.0483607 0.0155632
0.2025 0.0460236 0.0141445
0.205 0.0438143 0.0127257
0.2075 0.0417194 0.0113127
0.21 0.0397266 0.00991227
0.2125 0.0378219 0.00853315
0.215 0.0359983 0.00718586
0.2175 0.0342475 0.00588321
0.22 0.0325662 0.0046401
0.2225 0.0309631 0.00347317
0.225 0.0294541 0.00239914
0.2275 0.0280657 0.00143237
0.23 0.0268318 0.00058125
0.2325 0.0257696 0.000155781
0.235 0.0248442 0.000792513
0.2375 0.0239004 0.0013511
0.24 0.0225611 0.00184443
0.2425 0.020158 0.00223435
0.245 0.0158108 0.00235834
0.2475 0.00890034 0.00183471
