TITLE="Graphics"
VARIABLES= "rj, cm", "F", "dT/dt" 
0 1.91623e-10 1.24916e-11
0.0025 2.66642e-10 9.51918e-12
0.005 8.93249e-10 1.92026e-11
0.0075 5.27955e-08 8.40146e-11
0.01 2.6241e-07 2.29011e-09
0.0125 9.0802e-07 1.0661e-08
0.015 1.71056e-06 2.94583e-08
0.0175 1.83116e-06 5.76076e-08
0.02 2.50076e-07 7.64276e-08
0.0225 1.20342e-06 6.01419e-08
0.025 5.98064e-07 3.81808e-08
0.0275 5.37093e-07 5.77909e-08
0.03 2.74843e-06 4.08985e-08
0.0325 1.76501e-08 2.07027e-08
0.035 2.39102e-07 1.15506e-08
0.0375 1.86545e-06 1.80672e-08
0.04 1.04289e-05 5.00213e-08
0.0425 2.31447e-06 2.22703e-08
0.045 1.36985e-05 1.05259e-07
0.0475 7.26832e-06 7.7992e-07
0.0475003 9.08995e-16 6.14081e-11
0.05 0.107427 0.665397
0.0525 4.11832 0.919669
0.055 6.17306 1.1147
0.0575 8.23213 1.27354
0.06 10.255 1.40719
0.0625 12.2182 1.52186
0.065 14.1079 1.62141
0.0675 15.9159 1.70846
0.07 17.6376 1.78492
0.0725 19.2706 1.85216
0.075 20.8138 1.91129
0.0775 22.2671 1.96318
0.08 23.6308 2.00851
0.0825 24.906 2.04787
0.085 26.0938 2.08175
0.0875 27.1957 2.11058
0.09 28.2132 2.13469
0.0925 29.1479 2.15442
0.095 30.0017 2.17004
0.0975 30.7763 2.18179
0.1 31.4737 2.18989
0.1025 32.0956 2.19455
0.105 32.644 2.19594
0.1075 33.1208 2.19423
0.11 33.528 2.18958
0.1125 33.8675 2.18213
0.115 34.1413 2.17201
0.1175 34.3512 2.15935
0.12 34.4993 2.14426
0.1225 34.5874 2.12686
0.125 34.6176 2.10725
0.1275 34.5917 2.08554
0.13 34.5116 2.06183
0.1325 34.3793 2.0362
0.135 34.1967 2.00875
0.1375 33.9656 1.97957
0.14 33.6879 1.94874
0.1425 33.3655 1.91635
0.145 33.0001 1.88247
0.1475 32.5937 1.84719
0.15 32.148 1.81059
0.1525 31.6649 1.77273
0.155 31.146 1.73369
0.1575 30.5931 1.69356
0.16 30.008 1.65238
0.1625 29.3923 1.61025
0.165 28.7478 1.56722
0.1675 28.076 1.52337
0.17 27.3787 1.47877
0.1725 26.6575 1.43347
0.175 25.9138 1.38754
0.1775 25.1494 1.34105
0.18 24.3657 1.29406
0.1825 23.5643 1.24663
0.185 22.7466 1.19883
0.1875 21.9141 1.15071
0.19 21.0682 1.10233
0.1925 20.2104 1.05375
0.195 19.342 1.00503
0.1975 18.4643 0.956229
0.2 17.5788 0.907394
0.2025 16.6866 0.858582
0.205 15.7891 0.809847
0.2075 14.8875 0.761241
0.21 13.983 0.712816
0.2125 13.0768 0.66462
0.215 12.1701 0.616705
0.2175 11.264 0.569116
0.22 10.3595 0.521902
0.2225 9.45783 0.475108
0.225 8.55994 0.428778
0.2275 7.66687 0.382957
0.23 6.77961 0.337685
0.2325 1.11224e+06 0.293005
0.235 2.20278e+06 204.183
0.2375 1.0921e+06 0.205577
0.24 3.3075 0.162906
0.2425 2.46318 0.120978
0.245 1.63005 0.0798289
0.2475 0.808895 0.039492
