TITLE="Graphics"
VARIABLES= "rj, cm", "F", "dT/dt" 
0 2.31297e-05 19.7637
0.0025 2.30292e-05 19.6673
0.005 2.27517e-05 19.4006
0.0075 2.22708e-05 18.9404
0.01 2.1594e-05 18.2965
0.0125 2.07313e-05 17.4803
0.015 1.97004e-05 16.5055
0.0175 1.85329e-05 15.388
0.02 1.72893e-05 14.1451
0.0225 1.60832e-05 12.7947
0.025 1.51305e-05 11.3531
0.0275 1.50207e-05 9.8301
0.03 1.93393e-05 8.21725
0.0325 5.26928e-05 6.40701
0.035 0.000196656 3.63441
0.0375 7.79403e-05 3.34904
0.04 0.00316118 11.2833
0.0425 36.9232 55.9848
0.045 95207.8 78.7466
0.0475 773813 45.4362
0.04775 2.08167e-17 1.08246e-08
0.05 0.069907 12.5255
0.0525 0.0658057 12.8778
0.055 0.0558812 13.3519
0.0575 0.046984 13.9353
0.06 0.0396419 14.5674
0.0625 0.0336472 15.2092
0.065 0.0286995 15.8392
0.0675 0.0245552 16.4448
0.07 0.0210398 17.0186
0.0725 0.0180305 17.5554
0.075 0.0154378 18.0519
0.0775 0.0131947 18.5058
0.08 0.0112488 18.9157
0.0825 0.00955684 19.2808
0.085 0.00808418 19.6009
0.0875 0.00680102 19.8763
0.09 0.00568225 20.1078
0.0925 0.0047068 20.2961
0.095 0.00385559 20.4427
0.0975 0.00311327 20.5487
0.1 0.00246643 20.6156
0.1025 0.00190265 20.6452
0.105 0.00141238 20.6389
0.1075 0.000985774 20.5985
0.11 0.00061623 20.5257
0.1125 0.000296064 20.4221
0.115 2.0368e-05 20.2895
0.1175 0.000217251 20.1294
0.12 0.000420114 19.9435
0.1225 0.000593338 19.7333
0.125 0.000739398 19.5004
0.1275 0.000861982 19.2463
0.13 0.000963325 18.9724
0.1325 0.00104656 18.6801
0.135 0.00111342 18.3707
0.1375 0.00116553 18.0456
0.14 0.00120455 17.7058
0.1425 0.00123306 17.3527
0.145 0.00125072 16.9874
0.1475 0.00126023 16.6109
0.15 0.0012616 16.2244
0.1525 0.00125596 15.8287
0.155 0.00124525 15.4249
0.1575 0.00122825 15.0138
0.16 0.00120722 14.5963
0.1625 0.0011824 14.1732
0.165 0.00115369 13.7454
0.1675 0.00112246 13.3136
0.17 0.00108851 12.8784
0.1725 0.00105275 12.4406
0.175 0.00101506 12.0008
0.1775 0.000975612 11.5596
0.18 0.000935502 11.1176
0.1825 0.000894391 10.6753
0.185 1.00723e+06 10.2333
0.1875 1.20802e+07 1.00891e+07
0.19 985556 9.35206
0.1925 0.000724147 8.91371
0.195 0.000681519 8.47745
0.1975 0.000638455 8.04367
0.2 0.000596034 7.61275
0.2025 0.000553311 7.18503
0.205 0.000511512 6.76086
0.2075 0.000469919 6.34054
0.21 0.000428853 5.92437
0.2125 0.000388229 5.51264
0.215 0.000348338 5.10559
0.2175 0.00030911 4.70347
0.22 0.000271035 4.30653
0.2225 0.000234006 3.91495
0.225 0.000198339 3.52895
0.2275 0.00016437 3.14869
0.23 0.000133259 2.77433
0.2325 0.000104761 2.40599
0.235 7.87293e-05 2.04376
0.2375 5.81609e-05 1.68772
0.24 3.95634e-05 1.33789
0.2425 2.66671e-05 0.994256
0.245 1.5644e-05 0.65678
0.2475 7.78506e-06 0.325391
