TITLE="Graphics"
VARIABLES= "rj, cm", "F", "dT/dt" 
0 8.0196e-10 4.13227e-12
0.0025 2.60659e-10 8.03849e-12
0.005 1.2684e-10 4.61962e-12
0.0075 7.47026e-10 5.16137e-12
0.01 7.06268e-09 4.52132e-11
0.0125 4.89552e-08 3.65569e-10
0.015 2.42732e-07 2.34897e-09
0.0175 7.5438e-07 1.03422e-08
0.02 1.15116e-06 2.80943e-08
0.0225 3.09509e-07 4.03345e-08
0.025 4.10142e-07 3.4332e-08
0.0275 2.8043e-06 6.75352e-08
0.03 5.03575e-07 9.80613e-08
0.0325 1.4026e-06 9.51972e-08
0.035 4.47152e-06 1.10091e-07
0.0375 2.1833e-07 1.26148e-07
0.04 6.72864e-06 1.85269e-07
0.0425 5.1392e-05 4.44006e-07
0.045 1.28257e-06 2.14151e-06
0.0475 0.000120812 2.50641e-07
0.0475003 5.82867e-16 6.72486e-11
0.05 0.26878 0.730517
0.0525 2.08928 1.01011
0.055 3.04244 1.2276
0.0575 3.98929 1.40805
0.06 4.91798 1.56345
0.0625 5.82212 1.70057
0.065 6.69862 1.82366
0.0675 7.54632 1.93558
0.07 8.36521 2.03842
0.0725 9.156 2.13371
0.075 9.91981 2.22264
0.0775 10.658 2.30618
0.08 11.3721 2.38509
0.0825 12.0638 2.46001
0.085 12.7347 2.53147
0.0875 13.3864 2.59993
0.09 14.0207 2.66577
0.0925 14.6392 2.72935
0.095 15.2436 2.79095
0.0975 15.8354 2.85085
0.1 16.4163 2.90928
0.1025 16.9878 2.96646
0.105 17.5514 3.02259
0.1075 18.1086 3.07783
0.11 18.6609 3.13237
0.1125 19.2097 3.18635
0.115 41.8391 3.23993
0.1175 43.3488 3.29804
0.12 23.066 3.34209
0.1225 23.5124 3.37731
0.125 23.8979 3.40418
0.1275 24.2241 3.42312
0.13 806995 3.43453
0.1325 1.59272e+06 1473.93
0.135 785561 3.43625
0.1375 24.968 3.42724
0.14 25.0215 3.41206
0.1425 25.0253 3.39103
0.145 24.9809 3.36441
0.1475 24.8898 3.33247
0.15 24.7537 3.29549
0.1525 24.5741 3.2537
0.155 24.3526 3.20736
0.1575 24.0909 3.15669
0.16 23.7905 3.10193
0.1625 23.453 3.04329
0.165 23.0799 2.981
0.1675 22.6729 2.91526
0.17 22.2335 2.84629
0.1725 21.7633 2.77428
0.175 21.2638 2.69944
0.1775 20.7367 2.62196
0.18 20.1834 2.54203
0.1825 19.6055 2.45985
0.185 19.0047 2.3756
0.1875 18.3823 2.28946
0.19 17.7399 2.20161
0.1925 17.079 2.11223
0.195 16.4011 2.02151
0.1975 15.7078 1.92959
0.2 15.0004 1.83667
0.2025 14.2804 1.7429
0.205 13.5493 1.64845
0.2075 12.8084 1.55347
0.21 12.0593 1.45813
0.2125 11.3032 1.36258
0.215 10.5415 1.26698
0.2175 9.77566 1.17147
0.22 9.00686 1.07619
0.2225 8.23645 0.981298
0.225 7.46571 0.886925
0.2275 6.69586 0.793207
0.23 5.92815 0.700279
0.2325 5.16375 0.608269
0.235 4.40385 0.517303
0.2375 3.64958 0.427503
0.24 2.90204 0.338987
0.2425 2.16232 0.251871
0.245 1.43147 0.166263
0.2475 0.710498 0.082272
