TITLE="Graphics"
VARIABLES= "rj, cm", "F", "dT/dt" 
0 2.26079e-05 19.2631
0.0025 2.25091e-05 19.1689
0.005 2.22358e-05 18.9082
0.0075 2.17634e-05 18.4585
0.01 2.11019e-05 17.8292
0.0125 2.02673e-05 17.0316
0.015 1.92892e-05 16.0789
0.0175 1.82296e-05 14.9859
0.02 1.72425e-05 13.7681
0.0225 1.67606e-05 12.4383
0.025 1.79417e-05 10.9978
0.0275 2.28485e-05 9.41218
0.03 3.02062e-05 7.56813
0.0325 1.72316e-05 5.31198
0.035 7.46601e-05 2.97877
0.0375 0.000214417 2.6956
0.04 7.52658e-06 7.46502
0.0425 0.00391413 11.7785
0.045 0.835158 105.027
0.0475 8050.29 37899.1
0.04775 6.93889e-17 1.96696e-08
0.05 0.256758 11.5265
0.0525 0.0551675 6.26791
0.055 0.0983953 5.85587
0.0575 0.0824252 5.44252
0.06 0.0688579 5.01929
0.0625 0.0580595 4.61645
0.065 0.0494108 4.24691
0.0675 0.0423988 3.9135
0.07 0.036651 3.61457
0.0725 0.0318637 3.3467
0.075 0.0278755 3.10651
0.0775 0.0244959 2.89029
0.08 0.0216311 2.69503
0.0825 0.0191769 2.51791
0.085 0.0170676 2.35663
0.0875 0.015244 2.20915
0.09 0.0136604 2.07377
0.0925 0.0122785 1.94903
0.095 0.0110681 1.8337
0.0975 0.0100033 1.72672
0.1 0.00906409 1.62719
0.1025 0.00823235 1.53435
0.105 0.00749308 1.44754
0.1075 0.00683471 1.36619
0.11 0.00624658 1.28982
0.1125 0.00571971 1.21801
0.115 0.00524654 1.15037
0.1175 0.00482075 1.0866
0.12 0.0044366 1.0264
0.1225 0.00408956 0.969523
0.125 0.00377522 0.915749
0.1275 0.00348975 0.864875
0.13 0.00323042 0.816719
0.1325 0.0029947 0.771119
0.135 0.00277916 0.727925
0.1375 0.00258271 0.687001
0.14 0.00240271 0.648222
0.1425 0.00223789 0.611471
0.145 0.00208718 0.576643
0.1475 884861 0.543635
0.15 1.14189e+07 9.6702e+06
0.1525 862821 0.482714
0.155 0.00159499 0.454631
0.1575 0.00149505 0.428026
0.16 0.00140306 0.402826
0.1625 0.0013175 0.37896
0.165 0.00123877 0.356362
0.1675 0.00116585 0.334968
0.17 0.0010976 0.314717
0.1725 0.00103522 0.295553
0.175 0.000976501 0.277418
0.1775 0.000922311 0.26026
0.18 0.000872032 0.244028
0.1825 0.000824676 0.228672
0.185 0.000781127 0.214146
0.1875 0.000740478 0.200404
0.19 0.000702522 0.187402
0.1925 0.000666751 0.175097
0.195 0.00063382 0.163449
0.1975 0.000602962 0.152418
0.2 0.000574097 0.141965
0.2025 0.000546936 0.132053
0.205 0.00052206 0.122646
0.2075 0.000497885 0.113709
0.21 0.00047608 0.105207
0.2125 0.000454841 0.097111
0.215 0.00043502 0.0893904
0.2175 0.000415849 0.082019
0.22 0.000397307 0.0749757
0.2225 0.000378528 0.0682465
0.225 0.000359774 0.0618259
0.2275 0.000339382 0.055724
0.23 0.000318153 0.0499671
0.2325 0.000293031 0.0446075
0.235 0.000265269 0.0397281
0.2375 0.000233253 0.0354469
0.24 0.000198043 0.031925
0.2425 0.000169102 0.0293552
0.245 0.000322646 0.0278732
0.2475 0.00286427 0.0259295
