TITLE="Graphics"
VARIABLES= "rj, cm", "F", "dT/dt" 
0 0.00104412 22.0862
0.0025 0.00103991 21.98
0.005 0.00102822 21.6863
0.0075 0.00100787 21.1791
0.01 0.000979005 20.4688
0.0125 0.000941762 19.5673
0.015 0.000896339 18.4892
0.0175 0.000843025 17.2518
0.02 0.000782239 15.8747
0.0225 0.000714575 14.3803
0.025 0.000640848 12.7932
0.0275 0.000562161 11.14
0.03 134.507 9.44858
0.0325 75773 75532.5
0.035 115.251 6.06564
0.0375 0.000235405 4.42946
0.04 0.00078656 2.86356
0.0425 0.286246 1.18776
0.045 2.91045 107.46
0.0475 12610.1 1371.77
0.04775 6.245e-17 2.16014e-08
0.05 12.6763 20.0826
0.0525 5.31701 14.8754
0.055 4.00107 11.4758
0.0575 3.42962 9.33961
0.06 2.94065 7.83223
0.0625 2.51323 6.68127
0.065 2.15262 5.7634
0.0675 1.85235 5.01278
0.07 1.60246 4.38892
0.0725 1.39364 3.8644
0.075 1.21818 3.4195
0.0775 1.06989 3.03941
0.08 0.943849 2.71273
0.0825 0.83615 2.43045
0.085 0.743644 2.18538
0.0875 0.6638 1.97168
0.09 0.594563 1.78455
0.0925 0.53426 1.62008
0.095 0.481522 1.47497
0.0975 0.435218 1.34651
0.1 0.394418 1.2324
0.1025 0.358341 1.13072
0.105 0.326338 1.03982
0.1075 0.297863 0.958332
0.11 0.272453 0.885062
0.1125 0.249717 0.819002
0.115 0.22932 0.759284
0.1175 0.210978 0.70516
0.12 0.194445 0.655984
0.1225 0.17951 0.611196
0.125 0.165987 0.570308
0.1275 0.153717 0.532896
0.13 0.142557 0.49859
0.1325 0.132389 0.467069
0.135 0.123117 0.438052
0.1375 0.11465 0.411288
0.14 0.106901 0.386558
0.1425 0.0997963 0.363664
0.145 0.0932725 0.342434
0.1475 0.0872726 0.322713
0.15 0.0817468 0.304364
0.1525 0.0766503 0.287265
0.155 0.0719468 0.271308
0.1575 0.0675974 0.256395
0.16 0.0635717 0.242438
0.1625 0.0598431 0.229359
0.165 0.0563835 0.217087
0.1675 0.0531707 0.205556
0.17 0.0501847 0.194708
0.1725 0.0474052 0.184491
0.175 0.0448168 0.174857
0.1775 0.0424023 0.165761
0.18 0.0401489 0.157164
0.1825 0.0380428 0.149029
0.185 0.0360742 0.141322
0.1875 0.0342293 0.134014
0.19 0.0325008 0.127077
0.1925 0.0308792 0.120485
0.195 0.0293546 0.114216
0.1975 0.0279197 0.108249
0.2 0.0265684 0.102567
0.2025 0.0252923 0.0971523
0.205 0.0240858 0.0919925
0.2075 0.0229426 0.0870759
0.21 0.0218588 0.0823935
0.2125 0.0208291 0.0779382
0.215 0.0198529 0.0737051
0.2175 0.0189292 0.0696906
0.22 0.0180627 0.0658913
0.2225 0.0172695 0.0623026
0.225 0.0165769 0.0589141
0.2275 0.0160429 0.0557025
0.23 0.0157723 0.0526184
0.2325 0.0159296 0.0495626
0.235 0.0167505 0.0463495
0.2375 0.0184644 0.0426556
0.24 0.0210414 0.0379712
0.2425 0.0236027 0.0316126
0.245 0.0235315 0.0229247
0.2475 0.0163756 0.0118683
