TITLE="Graphics"
VARIABLES= "rj, cm", "F", "dT/dt" 
0 4.49579e-08 1.23247e-07
0.0025 4.4553e-08 1.25074e-07
0.005 4.4227e-08 1.30118e-07
0.0075 4.33086e-08 1.38852e-07
0.01 4.14532e-08 1.51086e-07
0.0125 3.7719e-08 1.66489e-07
0.015 3.15124e-08 1.84424e-07
0.0175 2.11419e-08 2.03823e-07
0.02 5.58559e-09 2.22896e-07
0.0225 1.6581e-08 2.38951e-07
0.025 4.49522e-08 2.48173e-07
0.0275 7.73577e-08 2.45754e-07
0.03 1.06505e-07 2.26441e-07
0.0325 1.21328e-07 1.86103e-07
0.035 1.0859e-07 1.24025e-07
0.0375 6.3365e-08 4.54681e-08
0.04 2.19681e-06 3.78488e-08
0.0425 5.59744e-06 1.17526e-07
0.045 3.3486e-05 7.21302e-07
0.0475 0.00011922 3.38029e-07
0.0475003 7.14706e-16 3.65488e-12
0.05 0.544624 0.0396548
0.0525 0.980854 0.055249
0.055 1.25103 0.0674394
0.0575 1.48893 0.0775797
0.06 1.70095 0.0863099
0.0625 1.89062 0.093986
0.065 2.06018 0.100828
0.0675 2.21125 0.106984
0.07 2.34508 0.112559
0.0725 2.46268 0.117628
0.075 2.56494 0.12225
0.0775 2.65264 0.126472
0.08 2.72651 0.130328
0.0825 2.78722 0.13385
0.085 2.83543 0.13706
0.0875 2.87175 0.139979
0.09 2.89681 0.142623
0.0925 2.9112 0.145006
0.095 2.91552 0.147141
0.0975 2.91035 0.149037
0.1 2.89627 0.150704
0.1025 2.87386 0.152148
0.105 2.84369 0.153376
0.1075 2.80633 0.154395
0.11 2.76231 0.155209
0.1125 2.71221 0.155824
0.115 2.65655 0.156243
0.1175 2.59587 0.156469
0.12 2.53069 0.156508
0.1225 2.46151 0.156362
0.125 2.38883 0.156034
0.1275 2.31312 0.155528
0.13 2.23486 0.154846
0.1325 2.1545 0.153993
0.135 2.07246 0.152969
0.1375 1.98916 0.15178
0.14 1.905 0.150427
0.1425 1.82036 0.148915
0.145 1.7356 0.147246
0.1475 1.65105 0.145424
0.15 1.56704 0.143452
0.1525 1.48387 0.141334
0.155 1.40181 0.139075
0.1575 1.32113 0.136678
0.16 1.24206 0.134147
0.1625 1.16482 0.131486
0.165 1.0896 0.128701
0.1675 1.01658 0.125795
0.17 0.945915 0.122774
0.1725 0.877743 0.119643
0.175 0.812178 0.116407
0.1775 0.749314 0.11307
0.18 993945 0.109639
0.1825 1.96453e+06 98.4034
0.185 972131 0.102516
0.1875 0.526189 0.0988359
0.19 0.477658 0.0950843
0.1925 0.432038 0.0912674
0.195 0.389304 0.0873914
0.1975 0.349422 0.0834625
0.2 0.312341 0.0794871
0.2025 0.277999 0.0754716
0.205 0.246322 0.0714223
0.2075 0.217223 0.0673457
0.21 0.190608 0.0632482
0.2125 0.166371 0.0591364
0.215 0.144401 0.0550167
0.2175 0.124578 0.0508955
0.22 0.106774 0.0467793
0.2225 0.0908594 0.0426744
0.225 0.0766938 0.0385871
0.2275 0.064143 0.0345237
0.23 0.0530589 0.0304902
0.2325 0.0433006 0.0264928
0.235 0.0347222 0.0225373
0.2375 0.0271785 0.0186295
0.24 0.0205243 0.0147752
0.2425 0.0146188 0.0109798
0.245 0.00931923 0.0072487
0.2475 0.00449108 0.0035871
