TITLE="Graphics"
VARIABLES= "rj, cm", "F", "dT/dt" 
0 0.00111526 23.9518
0.0025 0.0011111 23.8384
0.005 0.00109952 23.5245
0.0075 0.00107928 22.9822
0.01 0.0010504 22.2218
0.0125 0.00101288 21.2557
0.015 0.000966759 20.0984
0.0175 0.000912162 18.7676
0.02 0.000849395 17.2837
0.0225 0.000778951 15.6698
0.025 0.000701486 13.9519
0.0275 0.000617728 12.1581
0.03 0.000528514 10.3186
0.0325 0.000435352 8.46505
0.035 133.087 6.63032
0.0375 75831.7 75588.1
0.04 116.417 3.13908
0.0425 0.73394 1.39894
0.045 1.83104 103.205
0.0475 75.0008 50.7703
0.04775 3.46945e-17 1.93813e-08
0.05 7.03779 0.415247
0.0525 5.35347 1.1785
0.055 4.1042 1.4659
0.0575 3.29838 1.43345
0.06 2.73832 1.33445
0.0625 2.31675 1.22973
0.065 1.98253 1.13197
0.0675 1.70973 1.0427
0.07 1.48339 0.961351
0.0725 1.2937 0.887183
0.075 1.13359 0.819585
0.0775 0.997645 0.758035
0.08 0.881624 0.702047
0.0825 0.782107 0.651143
0.085 0.696317 0.604864
0.0875 0.621984 0.56278
0.09 0.557282 0.52451
0.0925 0.500773 0.48973
0.095 0.451334 0.458144
0.0975 0.407965 0.429453
0.1 0.369782 0.403352
0.1025 0.336027 0.379545
0.105 0.306073 0.357758
0.1075 0.279401 0.33775
0.11 0.255582 0.319311
0.1125 0.234252 0.302262
0.115 0.215103 0.286447
0.1175 0.197875 0.271735
0.12 0.182337 0.258011
0.1225 0.168297 0.245175
0.125 0.155582 0.233142
0.1275 0.144047 0.221835
0.13 0.133561 0.211189
0.1325 0.124011 0.201145
0.135 0.1153 0.191651
0.1375 0.10734 0.182663
0.14 0.100054 0.174139
0.1425 0.0933759 0.166044
0.145 0.0872445 0.158346
0.1475 0.0816079 0.151016
0.15 0.0764179 0.144028
0.1525 0.0716344 0.13736
0.155 0.0672179 0.130989
0.1575 0.0631367 0.124897
0.16 0.0593601 0.119067
0.1625 0.0558616 0.113482
0.165 0.0526167 0.108128
0.1675 0.0496044 0.102992
0.17 0.0468042 0.0980617
0.1725 0.0441997 0.0933246
0.175 0.0417734 0.0887705
0.1775 0.0395122 0.0843893
0.18 0.0374023 0.0801716
0.1825 0.0354319 0.0761084
0.185 0.03359 0.0721915
0.1875 0.0318666 0.0684129
0.19 0.030254 0.0647652
0.1925 0.0287417 0.0612412
0.195 0.0273241 0.0578342
0.1975 0.0259936 0.0545377
0.2 0.0247446 0.0513457
0.2025 0.0235718 0.0482519
0.205 0.0224709 0.0452504
0.2075 0.0214389 0.0423349
0.21 0.0204727 0.0394984
0.2125 0.0195717 0.036733
0.215 0.0187371 0.0340289
0.2175 0.0179678 0.0313737
0.22 0.0172668 0.0287517
0.2225 0.0166325 0.0261425
0.225 0.0160608 0.0235209
0.2275 0.0155387 0.0208576
0.23 0.0150343 0.0181215
0.2325 0.0144939 0.0152861
0.235 0.0138268 0.0123413
0.2375 0.0129002 0.00931246
0.24 0.0115495 0.00628786
0.2425 0.00960311 0.00345324
0.245 0.0069529 0.00112588
0.2475 0.00365242 0.000226059
