TITLE="Graphics"
VARIABLES= "rj, cm", "F", "dT/dt" 
0 0.000722003 19.22
0.0025 0.000718851 19.126
0.005 0.00071012 18.8658
0.0075 0.000695033 18.417
0.01 0.000673922 17.7889
0.0125 0.000647321 16.9929
0.015 0.00061624 16.0421
0.0175 0.000582855 14.9511
0.02 0.000552656 13.7351
0.0225 0.000540745 12.4061
0.025 0.000584398 10.9633
0.0275 0.000737406 9.36835
0.03 0.000911368 7.51211
0.0325 0.000347173 5.28538
0.035 0.00250803 3.12528
0.0375 0.0060103 3.07869
0.04 0.00496652 7.43326
0.0425 0.478767 10.3603
0.045 1.36156 103.056
0.0475 128.066 40.3044
0.04775 4.16334e-17 1.92292e-08
0.05 5.94291 3.58092
0.0525 4.28576 4.79305
0.055 3.21628 4.6489
0.0575 2.56594 4.27259
0.06 2.12356 3.90467
0.0625 1.79361 3.5858
0.065 1.53371 3.31389
0.0675 1.32268 3.07997
0.07 1.14824 2.87584
0.0725 1.00235 2.69523
0.075 0.879264 2.5335
0.0775 0.7747 2.38723
0.08 0.685338 2.25383
0.0825 0.608565 2.13134
0.085 0.542288 2.01824
0.0875 0.484817 1.91331
0.09 0.434777 1.81556
0.0925 0.391036 1.72419
0.095 0.352661 1.63851
0.0975 0.318876 1.55798
0.1 0.289036 1.48209
0.1025 0.262597 1.41046
0.105 0.239103 1.34271
0.1075 0.218167 1.27855
0.11 0.199461 1.21769
0.1125 0.182707 1.15991
0.115 0.167663 1.10498
0.1175 0.154125 1.05273
0.12 0.141916 1.00298
0.1225 0.130882 0.955576
0.125 0.12089 0.910383
0.1275 0.111826 0.867274
0.13 0.103586 0.826132
0.1325 0.0960848 0.786852
0.135 0.0892437 0.749334
0.1375 0.0829941 0.713489
0.14 0.0772768 0.679231
0.1425 0.0720388 0.646482
0.145 0.0672324 0.615167
0.1475 0.0628166 0.585217
0.15 0.0587542 0.556567
0.1525 0.0550118 0.529156
0.155 0.0515605 0.502925
0.1575 0.0483738 0.477819
0.16 0.0454277 0.453787
0.1625 0.042701 0.430779
0.165 0.0401755 0.408748
0.1675 0.0378326 0.387648
0.17 0.0356591 0.367439
0.1725 0.033637 0.348078
0.175 0.0317584 0.329526
0.1775 0.0300082 0.311748
0.18 0.0283776 0.294706
0.1825 0.0268564 0.278367
0.185 0.0254373 0.2627
0.1875 0.0241105 0.247672
0.19 0.0228701 0.233253
0.1925 0.0217098 0.219416
0.195 0.0206238 0.206134
0.1975 0.019606 0.193379
0.2 0.0186533 0.181127
0.2025 0.0177619 0.169352
0.205 0.0169276 0.158031
0.2075 0.0161489 0.147138
0.21 0.015426 0.13665
0.2125 0.0147556 0.126539
0.215 0.0141414 0.116778
0.2175 0.0135819 0.107336
0.22 0.0130826 0.0981775
0.2225 0.0126426 0.0892613
0.225 0.0122633 0.0805403
0.2275 0.0119377 0.0719604
0.23 0.0116507 0.063462
0.2325 1.11371e+06 0.0549841
0.235 2.5343e+06 325635
0.2375 1.09354e+06 0.0379098
0.24 0.00960489 0.0293232
0.2425 0.00819559 0.0208513
0.245 0.00608523 0.0127842
0.2475 0.00326082 0.00560753
