TITLE="Graphics"
VARIABLES= "rj, cm", "F", "dT/dt" 
0 0.000504695 21.2218
0.0025 0.0005026 21.1191
0.005 0.000496784 20.8352
0.0075 0.00048667 20.3452
0.01 0.00047235 19.659
0.0125 0.000453923 18.7887
0.015 0.000431517 17.7487
0.0175 0.000405309 16.5558
0.02 0.000375552 15.2293
0.0225 0.000342596 13.7912
0.025 0.000306934 12.2652
0.0275 0.000269432 10.6769
0.03 0.00023351 9.05258
0.0325 0.000220282 7.41573
0.035 0.000302528 5.76373
0.0375 0.000214676 3.98833
0.04 0.00913574 2.18853
0.0425 0.322553 3.48492
0.045 0.882967 106.627
0.0475 290.735 5.76661
0.04775 3.46945e-17 1.95362e-08
0.05 3.44316 3.94972
0.0525 2.40308 3.19417
0.055 1.87216 2.82307
0.0575 1.55473 2.45628
0.06 1.32167 2.0979
0.0625 1.13481 1.77067
0.065 0.98041 1.48349
0.0675 0.851274 1.23664
0.07 0.742508 1.02667
0.0725 0.650393 0.849022
0.075 0.571996 0.699114
0.0775 0.504965 0.572759
0.08 0.447402 0.466314
0.0825 0.397761 0.376671
0.085 0.354778 0.301214
0.0875 0.317417 0.237747
0.09 0.284819 0.184429
0.0925 0.256277 0.139718
0.095 0.2312 0.102316
0.0975 0.209097 0.0711301
0.1 0.189554 0.045234
0.1025 0.172222 0.0238432
0.105 0.156808 0.00628876
0.1075 0.143065 0.00800125
0.11 0.130783 0.0195161
0.1125 0.119781 0.0286734
0.115 0.109904 0.0358292
0.1175 0.101016 0.0412881
0.12 0.0930008 0.0453113
0.1225 0.0857576 0.0481234
0.125 0.0791995 0.0499177
0.1275 0.0732514 0.0508606
0.13 0.0678465 0.0510953
0.1325 0.0629271 0.050745
0.135 0.0584415 0.0499155
0.1375 0.0543468 0.0486978
0.14 0.0506005 0.0471699
0.1425 0.0471704 0.0453986
0.145 0.044024 0.0434411
0.1475 0.0411343 0.0413459
0.15 0.0384769 0.0391544
0.1525 0.03603 0.0369014
0.155 0.033773 0.0346165
0.1575 0.0316909 0.0323242
0.16 0.0297655 0.030045
0.1625 0.0279844 0.0277958
0.165 0.0263345 0.0255903
0.1675 0.024804 0.0234398
0.17 0.0233838 0.0213532
0.1725 0.0220636 0.0193374
0.175 0.0208355 0.0173974
0.1775 0.0196921 0.015537
0.18 0.0186267 0.0137588
0.1825 0.0176314 0.0120642
0.185 0.0167033 0.0104538
0.1875 0.0158344 0.00892768
0.19 0.0150212 0.00748534
0.1925 1.02829e+06 0.00612606
0.195 2.53147e+06 495149
0.1975 1.00678e+06 0.0036531
0.2 0.0122414 0.00253773
0.2025 0.011646 0.00150232
0.205 0.0110847 0.000546834
0.2075 0.0105534 0.000328096
0.21 0.0100512 0.00112108
0.2125 0.00957522 0.00183004
0.215 0.00912554 0.00245224
0.2175 0.00869938 0.00298481
0.22 0.00829937 0.00342491
0.2225 0.00792449 0.0037709
0.225 0.00757859 0.00402321
0.2275 0.00726276 0.00418601
0.23 0.00698038 0.00426877
0.2325 0.00672736 0.0042878
0.235 0.00648912 0.0042647
0.2375 0.00621844 0.0042198
0.24 0.00582537 0.00415216
0.2425 0.0051516 0.00399944
0.245 0.0040005 0.00357041
0.2475 0.00223366 0.00246076
