TITLE="Graphics"
VARIABLES= "rj, cm", "F", "dT/dt" 
0 0.00137292 18.1512
0.0025 0.00136712 18.0618
0.005 0.00135124 17.8144
0.0075 0.00132454 17.3874
0.01 0.00128921 16.7894
0.0125 0.00124907 16.0297
0.015 0.00120999 15.1178
0.0175 0.00117783 14.0623
0.02 0.00114987 12.8688
0.0225 0.00109557 11.5419
0.025 0.00093847 10.0959
0.0275 0.000597085 8.57988
0.03 0.000192473 7.10296
0.0325 0.000306574 5.78382
0.035 0.000740062 4.54205
0.0375 0.00788573 3.19628
0.04 0.0255009 3.80575
0.0425 0.396202 10.1496
0.045 1.74035 106.537
0.0475 3666.42 206.111
0.04775 3.46945e-17 2.02131e-08
0.05 15.2994 9.12178
0.0525 8.67875 7.04484
0.055 6.34713 4.93238
0.0575 5.19912 3.35663
0.06 4.38404 2.14822
0.0625 3.72861 1.17686
0.065 3.18797 0.370706
0.0675 2.7397 0.311296
0.07 2.37417 0.895081
0.0725 2.03671 1.40034
0.075 1.78493 1.83512
0.0775 1.56191 2.21263
0.08 1.37304 2.54077
0.0825 1.21139 2.82623
0.085 1.07233 3.07448
0.0875 0.952141 3.29009
0.09 0.847799 3.47684
0.0925 0.756836 3.63795
0.095 0.677231 3.77614
0.0975 0.607315 3.89375
0.1 0.545709 3.99279
0.1025 0.491258 4.07499
0.105 0.442995 4.14187
0.1075 0.400107 4.19477
0.11 692516 4.23484
0.1125 1.50434e+06 139779
0.115 673204 4.2806
0.1175 0.269925 4.28805
0.12 0.245365 4.28625
0.1225 0.223275 4.27588
0.125 0.203377 4.25756
0.1275 0.185429 4.23186
0.13 0.169219 4.19931
0.1325 0.154562 4.1604
0.135 0.141296 4.11556
0.1375 0.129275 4.06523
0.14 0.118378 4.00979
0.1425 0.108488 3.9496
0.145 0.0995089 3.88501
0.1475 0.0913521 3.81634
0.15 0.0839382 3.74389
0.1525 0.077199 3.66796
0.155 0.0710707 3.58881
0.1575 0.0654967 3.5067
0.16 0.060429 3.42188
0.1625 0.0558203 3.33459
0.165 0.0516302 3.24504
0.1675 0.0478235 3.15345
0.17 0.0443648 3.06003
0.1725 0.0412251 2.96497
0.175 0.0383788 2.86845
0.1775 0.0357972 2.77066
0.18 0.0334628 2.67177
0.1825 0.0313515 2.57194
0.185 0.0294458 2.47134
0.1875 0.0277285 2.37011
0.19 0.0261836 2.26841
0.1925 0.0247989 2.16637
0.195 0.023557 2.06414
0.1975 0.022449 1.96183
0.2 0.0214618 1.85958
0.2025 0.0205856 1.75751
0.205 0.0198091 1.65573
0.2075 0.019127 1.55436
0.21 0.0185289 1.4535
0.2125 0.0180119 1.35325
0.215 0.0175761 1.25371
0.2175 0.0172202 1.15498
0.22 0.0169602 1.05715
0.2225 0.0168131 0.960318
0.225 0.0168168 0.864584
0.2275 0.0170231 0.770058
0.23 0.0175002 0.676871
0.2325 0.0183225 0.585182
0.235 0.0195116 0.495187
0.2375 0.0209501 0.407128
0.24 0.0221802 0.32127
0.2425 0.0221738 0.237832
0.245 0.019254 0.156848
0.2475 0.0117361 0.0779213
