TITLE="Graphics"
VARIABLES= "rj, cm", "F", "dT/dt" 
0 0.000341535 18.0458
0.0025 0.000340112 17.9569
0.005 0.00033622 17.7107
0.0075 0.000329711 17.2858
0.01 0.000321168 16.6904
0.0125 0.000311561 15.9337
0.015 0.000302212 15.0248
0.0175 0.000294058 13.9718
0.02 0.000285328 12.7807
0.0225 0.000267539 11.4587
0.025 0.000224125 10.0254
0.0275 0.000145095 8.5347
0.03 6.76048e-05 7.08486
0.0325 6.61322e-05 5.76059
0.035 8.90506e-05 4.52963
0.0375 0.00340193 3.59184
0.04 0.00429124 4.60845
0.0425 21.791 8.05443
0.045 41273.5 106.598
0.0475 773740 61.1723
0.04775 9.71445e-17 1.88883e-08
0.05 2.09026 9.58885
0.0525 1.81138 7.14975
0.055 1.48904 5.71685
0.0575 1.23319 4.80618
0.06 1.03625 4.1803
0.0625 0.881206 3.72782
0.065 0.756014 3.39115
0.0675 0.652986 3.13665
0.07 0.567046 2.94252
0.0725 0.494577 2.79356
0.075 0.432826 2.67858
0.0775 0.379971 2.58881
0.08 0.338188 2.51745
0.0825 0.298957 2.46312
0.085 0.265271 2.4211
0.0875 0.236239 2.38798
0.09 0.211053 2.36129
0.0925 0.189083 2.33921
0.095 0.169836 2.32034
0.0975 0.152912 2.3036
0.1 0.13798 2.28813
0.1025 0.124767 2.27327
0.105 0.113042 2.25849
0.1075 0.10261 2.24337
0.11 0.0933064 2.2276
0.1125 0.0849877 2.21092
0.115 0.077535 2.19314
0.1175 0.0708432 2.17412
0.12 0.0648228 2.15376
0.1225 0.0593966 2.13197
0.125 0.0544967 2.10872
0.1275 0.0500656 2.08398
0.13 0.0460515 2.05774
0.1325 0.0424092 2.03001
0.135 0.039101 2.0008
0.1375 0.0360919 1.97015
0.14 0.0333506 1.93809
0.1425 0.0308511 1.90467
0.145 0.0285699 1.86993
0.1475 0.0264856 1.83393
0.15 0.0245791 1.79672
0.1525 0.0228339 1.75836
0.155 0.021236 1.71891
0.1575 0.0197702 1.67844
0.16 0.0184262 1.63701
0.1625 0.0171927 1.59469
0.165 0.0160593 1.55153
0.1675 0.0150185 1.50761
0.17 0.014062 1.46299
0.1725 971209 1.41773
0.175 2.54202e+06 623156
0.1775 949270 1.32558
0.18 0.0109444 1.27881
0.1825 0.0103139 1.23166
0.185 0.00973527 1.1842
0.1875 0.00920131 1.13649
0.19 0.00871049 1.08858
0.1925 0.00825984 1.04054
0.195 0.00784379 0.992422
0.1975 0.00746299 0.944288
0.2 0.00711194 0.896191
0.2025 0.00678893 0.848188
0.205 0.0064934 0.800331
0.2075 0.0062214 0.752674
0.21 0.00597189 0.705266
0.2125 0.00574265 0.658158
0.215 0.00553137 0.611398
0.2175 0.00533648 0.565031
0.22 0.005154 0.519102
0.2225 0.00498 0.473651
0.225 0.00480736 0.428714
0.2275 0.00462794 0.384316
0.23 0.00442647 0.340472
0.2325 0.0041865 0.297176
0.235 0.00388696 0.254392
0.2375 0.0034989 0.212044
0.24 0.00300449 0.170003
0.2425 0.00238751 0.128073
0.245 0.00165358 0.08599
0.2475 0.000837435 0.0434236
