TITLE="Graphics"
VARIABLES= "rj, cm", "F", "dT/dt" 
0 1.09352e-09 4.45661e-07
0.0025 1.0719e-09 4.45832e-07
0.005 9.37983e-10 4.46294e-07
0.0075 7.93494e-10 4.47048e-07
0.01 3.66395e-10 4.47984e-07
0.0125 2.54201e-10 4.48859e-07
0.015 1.55935e-09 4.49217e-07
0.0175 3.69914e-09 4.48209e-07
0.02 7.05771e-09 4.44382e-07
0.0225 1.20589e-08 4.35413e-07
0.025 1.88669e-08 4.17859e-07
0.0275 2.70286e-08 3.8709e-07
0.03 3.5076e-08 3.37711e-07
0.0325 3.99272e-08 2.64864e-07
0.035 3.71599e-08 1.66809e-07
0.0375 2.3431e-08 4.84946e-08
0.04 2.87015e-06 7.59162e-08
0.0425 7.83325e-05 6.38695e-07
0.045 1.82552e-07 3.00552e-07
0.0475 0.000200736 1.4913e-07
0.0475003 3.46945e-17 3.43859e-11
0.05 0.235157 0.37265
0.0525 3.10847 0.514883
0.055 4.59938 0.623969
0.0575 178553 0.712817
0.06 365661 234.676
0.0625 185476 0.851769
0.065 10.3239 0.907515
0.0675 11.6288 0.956303
0.07 12.8731 0.999187
0.0725 14.0553 1.03695
0.075 15.1747 1.07021
0.0775 16.2314 1.09945
0.08 17.2256 1.12504
0.0825 18.158 1.14733
0.085 19.0293 1.16658
0.0875 19.8405 1.18303
0.09 20.5925 1.19686
0.0925 21.2866 1.20826
0.095 21.9236 1.21738
0.0975 22.5049 1.22435
0.1 23.0315 1.2293
0.1025 23.5046 1.23233
0.105 23.9256 1.23354
0.1075 24.2954 1.23303
0.11 24.6155 1.23087
0.1125 24.887 1.22715
0.115 25.1111 1.22193
0.1175 25.2891 1.21529
0.12 25.4222 1.20729
0.1225 25.5116 1.19798
0.125 25.5586 1.18743
0.1275 25.5645 1.17569
0.13 25.5304 1.16281
0.1325 25.4576 1.14885
0.135 25.3474 1.13385
0.1375 25.201 1.11786
0.14 25.0197 1.10092
0.1425 24.8046 1.08309
0.145 24.557 1.0644
0.1475 24.2782 1.04491
0.15 23.9693 1.02464
0.1525 23.6316 1.00364
0.155 23.2664 0.981956
0.1575 22.8747 0.959625
0.16 22.4579 0.936685
0.1625 22.0171 0.913177
0.165 21.5536 0.889138
0.1675 21.0685 0.864607
0.17 20.5629 0.83962
0.1725 20.0382 0.814215
0.175 19.4953 0.788428
0.1775 18.9355 0.762296
0.18 18.3599 0.735854
0.1825 17.7696 0.709137
0.185 17.1658 0.682181
0.1875 16.5495 0.65502
0.19 15.9219 0.627687
0.1925 15.2839 0.600217
0.195 14.6367 0.572643
0.1975 13.9814 0.544996
0.2 13.3188 0.51731
0.2025 12.6502 0.489616
0.205 11.9763 0.461944
0.2075 11.2984 0.434327
0.21 10.6172 0.406794
0.2125 9.93373 0.379374
0.215 9.24897 0.352097
0.2175 8.5638 0.324992
0.22 7.87912 0.298085
0.2225 7.1958 0.271404
0.225 6.5147 0.244977
0.2275 5.83666 0.218828
0.23 5.16249 0.192984
0.2325 4.493 0.167468
0.235 3.82896 0.142306
0.2375 3.17113 0.11752
0.24 2.52025 0.0931328
0.2425 1.87704 0.0691665
0.245 1.2422 0.0456422
0.2475 0.61641 0.0225801
