TITLE="Graphics"
VARIABLES= "rj, cm", "F", "dT/dt" 
0 8.2385e-06 22.3502
0.0025 8.20546e-06 22.243
0.005 8.11419e-06 21.9463
0.0075 7.95501e-06 21.434
0.01 7.72919e-06 20.7164
0.0125 7.43753e-06 19.8055
0.015 7.0815e-06 18.716
0.0175 6.66315e-06 17.4651
0.02 6.18567e-06 16.0727
0.0225 5.65338e-06 14.5612
0.025 5.07245e-06 12.9555
0.0275 4.45113e-06 11.2824
0.03 3.8003e-06 9.57015
0.0325 3.13413e-06 7.84802
0.035 2.47521e-06 6.14518
0.0375 1.90402e-06 4.48945
0.04 1.78597e-05 2.90157
0.0425 0.00297519 2.21181
0.045 0.00223698 104.361
0.0475 0.0177124 59.7745
0.04775 4.16334e-17 1.85652e-08
0.05 0.039372 11.5941
0.0525 0.0333666 9.4097
0.055 0.0274144 7.81533
0.0575 0.0229662 6.56358
0.06 0.0195704 5.54368
0.0625 242817 4.70267
0.065 2.08301e+07 2.03414e+07
0.0675 245135 3.42761
0.07 0.0110853 2.94499
0.0725 0.00971742 2.54061
0.075 0.0085491 2.20014
0.0775 0.00754802 1.91205
0.08 0.00668683 1.66713
0.0825 0.00594351 1.45795
0.085 0.0052997 1.27853
0.0875 0.00473957 1.12402
0.09 0.00425103 0.990466
0.0925 0.00382351 0.874618
0.095 0.00344749 0.773799
0.0975 0.00311682 0.685787
0.1 0.00282407 0.608733
0.1025 0.00256516 0.541088
0.105 0.00233492 0.481554
0.1075 0.00212985 0.429033
0.11 0.00194686 0.3826
0.1125 0.00178288 0.341466
0.115 0.00163587 0.304961
0.1175 0.00150394 0.27251
0.12 0.00138454 0.243622
0.1225 0.00127706 0.217873
0.125 0.00118 0.194897
0.1275 0.00109186 0.174382
0.13 0.00101213 0.15606
0.1325 0.000937956 0.139696
0.135 0.000871644 0.12504
0.1375 0.000811236 0.111915
0.14 0.000756004 0.100169
0.1425 0.000705158 0.0896602
0.145 0.000657992 0.0802637
0.1475 0.000615809 0.0718652
0.15 0.000575956 0.0643644
0.1525 0.000539497 0.0576709
0.155 0.000506185 0.0517042
0.1575 0.000475148 0.0463932
0.16 0.000446514 0.0416743
0.1625 0.000420094 0.0374917
0.165 0.000395398 0.0337974
0.1675 0.000372375 0.0305355
0.17 0.000351339 0.0276691
0.1725 0.000331777 0.0251614
0.175 0.000313228 0.0229791
0.1775 0.000296147 0.021092
0.18 0.000280387 0.0194724
0.1825 0.000265157 0.0180951
0.185 0.00025163 0.0169381
0.1875 0.000238145 0.0159807
0.19 0.000226358 0.0152044
0.1925 0.000214669 0.0145917
0.195 0.000204092 0.0141277
0.1975 0.000193793 0.0137972
0.2 0.000184426 0.0135855
0.2025 0.000175399 0.0134809
0.205 0.00016684 0.0134679
0.2075 0.000158808 0.0135335
0.21 0.00015136 0.0136625
0.2125 0.000143645 0.0138429
0.215 0.000137422 0.014059
0.2175 0.000130096 0.0142932
0.22 0.000123952 0.0145284
0.2225 0.000117821 0.014746
0.225 0.000112068 0.0149261
0.2275 0.000105902 0.0150457
0.23 0.000100008 0.0150755
0.2325 9.36674e-05 0.0149763
0.235 8.62645e-05 0.0146922
0.2375 7.67406e-05 0.0141319
0.24 6.67056e-05 0.0131553
0.2425 5.22641e-05 0.0115612
0.245 3.6518e-05 0.00907517
0.2475 1.8575e-05 0.00535302
