TITLE="Graphics"
VARIABLES= "rj, cm", "F", "dT/dt" 
0 9.16201e-05 19.5479
0.0025 9.12216e-05 19.4524
0.005 9.01182e-05 19.1883
0.0075 8.82075e-05 18.7326
0.01 8.55228e-05 18.095
0.0125 8.21133e-05 17.2868
0.015 7.80643e-05 16.3216
0.0175 7.35337e-05 15.2149
0.02 6.88326e-05 13.9834
0.0225 6.46743e-05 12.6437
0.025 6.33251e-05 11.2086
0.0275 7.3759e-05 9.67515
0.03 0.000125259 7.97541
0.0325 0.00024614 5.81586
0.035 0.000134228 2.53897
0.0375 0.0014687 1.08266
0.04 0.0182671 4.32438
0.0425 29.5407 26.615
0.045 68749.5 92.3945
0.0475 773797 53.4628
0.04775 6.93889e-17 1.52951e-08
0.05 0.404826 8.93827
0.0525 0.354986 6.88014
0.055 0.295701 5.5319
0.0575 0.248278 4.60653
0.06 0.211265 3.94649
0.0625 0.181545 3.47014
0.065 0.157016 3.12897
0.0675 0.136404 2.89
0.07 0.118885 2.72886
0.0725 0.10387 2.62674
0.075 0.0909609 2.56875
0.0775 0.0805335 2.54316
0.08 0.0709215 2.54392
0.0825 0.0626578 2.56337
0.085 0.0555245 2.59579
0.0875 0.0493367 2.63688
0.09 0.0439422 2.68337
0.0925 0.0392186 2.73273
0.095 0.0350676 2.78298
0.0975 0.0314081 2.83259
0.1 0.0281725 2.88035
0.1025 0.0253062 2.9253
0.105 0.0227605 2.96674
0.1075 0.0204956 3.0041
0.11 0.0184767 3.03697
0.1125 0.0166741 3.06508
0.115 0.0150607 3.08822
0.1175 0.0136159 3.10629
0.12 0.0123189 3.11921
0.1225 0.0111527 3.127
0.125 0.0101034 3.12969
0.1275 0.00915757 3.12735
0.13 0.00830424 3.12008
0.1325 0.00753349 3.10799
0.135 0.00683662 3.09121
0.1375 0.00620631 3.06989
0.14 0.0056356 3.04418
0.1425 0.00511873 3.01424
0.145 0.00465066 2.98025
0.1475 0.00422634 2.94237
0.15 0.00384163 2.90078
0.1525 903077 2.85565
0.155 4.21719e+06 2.43463e+06
0.1575 881017 2.75549
0.16 0.00263304 2.70081
0.1625 0.00239979 2.6433
0.165 0.00218803 2.58313
0.1675 0.00199813 2.52047
0.17 0.00182639 2.45549
0.1725 0.00167215 2.38837
0.175 0.00153371 2.31926
0.1775 0.00141056 2.24833
0.18 0.00129964 2.17574
0.1825 0.0012017 2.10165
0.185 0.00111467 2.02622
0.1875 0.00103781 1.94958
0.19 0.00097072 1.8719
0.1925 0.000911542 1.79332
0.195 0.000861241 1.71398
0.1975 0.00081668 1.63401
0.2 0.000779585 1.55356
0.2025 0.000747727 1.47275
0.205 0.000721224 1.3917
0.2075 0.00069929 1.31055
0.21 0.000682292 1.2294
0.2125 0.000667641 1.14837
0.215 0.000657665 1.06758
0.2175 0.000649707 0.987115
0.22 0.000644849 0.907087
0.2225 0.000640118 0.827588
0.225 0.000636781 0.748705
0.2275 0.000631356 0.670517
0.23 0.0006225 0.593092
0.2325 0.000605447 0.516481
0.235 0.000576917 0.44071
0.2375 0.0005314 0.365772
0.24 0.000464809 0.291618
0.2425 0.000375212 0.218144
0.245 0.000261632 0.145196
0.2475 0.000132936 0.0725626
