TITLE="Graphics"
VARIABLES= "rj, cm", "F", "dT/dt" 
0 0.00121247 26.8203
0.0025 0.00120864 26.697
0.005 0.00119796 26.3555
0.0075 0.00117913 25.7647
0.01 0.00115189 24.9347
0.0125 0.00111589 23.8775
0.015 0.00107076 22.6072
0.0175 0.00101623 21.1414
0.02 0.000952224 19.5008
0.0225 0.00087896 17.7094
0.025 0.000796949 15.7946
0.0275 0.000706897 13.787
0.03 0.000609581 11.7195
0.0325 0.000506536 9.62758
0.035 0.000401446 7.54835
0.0375 0.000275238 5.51841
0.04 9.67101e-05 3.58543
0.0425 27.6588 2.42585
0.045 64278.1 95.3735
0.0475 773650 55.0328
0.04775 4.85723e-17 1.65436e-08
0.05 3.4659 15.4708
0.0525 3.43622 12.5241
0.055 3.07792 10.044
0.0575 2.67142 8.13428
0.06 2.29971 6.66894
0.0625 1.98041 5.52969
0.065 1.71115 4.63046
0.0675 1.48473 3.91092
0.07 1.29378 3.32843
0.0725 1.132 2.8522
0.075 0.994242 2.45949
0.0775 0.876407 2.13316
0.08 0.775181 1.86009
0.0825 0.687887 1.63009
0.085 0.612335 1.43515
0.0875 0.546728 1.26896
0.09 0.489573 1.12646
0.0925 0.439627 1.0036
0.095 0.39585 0.897129
0.0975 0.357367 0.804388
0.1 0.323443 0.723223
0.1025 0.293452 0.65187
0.105 0.266865 0.588878
0.1075 0.243234 0.533047
0.11 0.222175 0.483382
0.1125 0.203359 0.439054
0.115 0.186507 0.399366
0.1175 0.171378 0.363731
0.12 0.157762 0.331655
0.1225 0.145484 0.302716
0.125 0.134384 0.276552
0.1275 0.124332 0.252854
0.13 0.115207 0.231356
0.1325 0.10691 0.211825
0.135 0.0993507 0.194059
0.1375 0.0924511 0.177883
0.14 0.0861436 0.163141
0.1425 0.0803671 0.149696
0.145 0.0750679 0.137427
0.1475 0.0702008 0.126228
0.15 0.0657217 0.116002
0.1525 0.0615959 0.106664
0.155 0.0577898 0.0981358
0.1575 0.0542738 0.0903501
0.16 0.051021 0.0832442
0.1625 0.048009 0.0767622
0.165 0.0452173 0.0708533
0.1675 0.0426246 0.0654717
0.17 0.0402183 0.0605756
0.1725 0.0379772 0.0561276
0.175 0.0358936 0.0520931
0.1775 0.0339518 0.0484412
0.18 0.0321441 0.0451439
0.1825 0.0304636 0.0421766
0.185 0.0289012 0.0395184
0.1875 1.01391e+06 0.0371525
0.19 2.2511e+06 246556
0.1925 992297 0.0331788
0.195 0.0234949 0.0315448
0.1975 0.0223458 0.0301269
0.2 0.0212603 0.0289096
0.2025 0.0202969 0.0278772
0.205 0.0193266 0.0270286
0.2075 0.0184124 0.0263477
0.21 0.0175443 0.0258194
0.2125 0.0167122 0.0254284
0.215 0.0159051 0.0251574
0.2175 0.0151114 0.0249852
0.22 0.0143154 0.0248851
0.2225 0.0135049 0.024822
0.225 0.0126601 0.0247502
0.2275 0.0117624 0.02461
0.23 0.0107945 0.0243241
0.2325 0.00973707 0.0237944
0.235 0.00857868 0.0228994
0.2375 0.0073134 0.0214917
0.24 0.00594595 0.0193982
0.2425 0.0044943 0.0164223
0.245 0.00298848 0.0123485
0.2475 0.00147454 0.00695011
