TITLE="Graphics"
VARIABLES= "rj, cm", "F", "dT/dt" 
0 5.2361e-10 1.3785e-11
0.0025 3.54674e-09 2.46953e-11
0.005 1.72225e-08 1.42059e-10
0.0075 7.7364e-08 7.69748e-10
0.01 2.90014e-07 3.52365e-09
0.0125 7.84844e-07 1.23988e-08
0.015 1.30238e-06 3.07072e-08
0.0175 9.38662e-07 4.87111e-08
0.02 3.16536e-07 4.99034e-08
0.0225 2.0748e-06 6.38088e-08
0.025 2.40036e-06 1.12314e-07
0.0275 8.77714e-08 1.14082e-07
0.03 5.4226e-07 1.10415e-07
0.0325 1.91879e-06 8.67002e-08
0.035 6.14822e-06 4.87251e-08
0.0375 4.17314e-08 1.93661e-08
0.04 4.01157e-06 1.33503e-08
0.0425 8.85769e-06 1.14117e-07
0.045 8.38197e-05 7.0936e-07
0.0475 8.14038e-05 2.17251e-05
0.0475003 225820 12.8404
0.05 6.269e+12 0.208053
0.0525 3.81129e+12 0.285117
0.055 3.12035e+12 0.342945
0.0575 2.59838e+12 0.388863
0.06 2.18974e+12 0.426411
0.0625 1.86261e+12 0.457605
0.065 1.59661e+12 0.483722
0.0675 1.3777e+12 0.505641
0.07 1.19581e+12 0.523999
0.0725 1.04342e+12 0.539281
0.075 9.14831e+11 0.551867
0.0775 8.0564e+11 0.562065
0.08 7.12386e+11 0.570129
0.0825 6.32324e+11 0.576273
0.085 5.63255e+11 0.580681
0.0875 5.03403e+11 0.583511
0.09 4.5132e+11 0.584905
0.0925 4.05822e+11 0.584984
0.095 3.65928e+11 0.583861
0.0975 3.30829e+11 0.581637
0.1 2.99846e+11 0.5784
0.1025 2.72412e+11 0.574236
0.105 2.48049e+11 0.569221
0.1075 2.26352e+11 0.563425
0.11 2.06979e+11 0.556913
0.1125 1.89637e+11 0.549747
0.115 1.74075e+11 0.541982
0.1175 1.60078e+11 0.533673
0.12 1.4746e+11 0.524869
0.1225 1.36062e+11 0.515617
0.125 1.25745e+11 0.50596
0.1275 1.16388e+11 0.49594
0.13 1.07885e+11 0.485596
0.1325 1.00146e+11 0.474964
0.135 9.30876e+10 0.46408
0.1375 8.66406e+10 0.452975
0.14 8.07424e+10 0.441682
0.1425 7.53377e+10 0.430228
0.145 7.03778e+10 0.418641
0.1475 6.58194e+10 0.406947
0.15 6.16243e+10 0.39517
0.1525 5.77581e+10 0.383334
0.155 5.41904e+10 0.371459
0.1575 5.0894e+10 0.359565
0.16 4.78445e+10 0.347671
0.1625 4.502e+10 0.335796
0.165 4.24008e+10 0.323955
0.1675 3.99694e+10 0.312163
0.17 3.77099e+10 0.300435
0.1725 3.56077e+10 0.288783
0.175 3.365e+10 0.277221
0.1775 3.1825e+10 0.265758
0.18 3.01221e+10 0.254405
0.1825 2.85315e+10 0.243171
0.185 2.70446e+10 0.232065
0.1875 2.56533e+10 0.221095
0.19 2.43503e+10 0.210266
0.1925 2.3129e+10 0.199585
0.195 2.19833e+10 0.189057
0.1975 2.09076e+10 0.178687
0.2 1.9897e+10 0.168479
0.2025 1.89467e+10 0.158436
0.205 1.80524e+10 0.14856
0.2075 1.72103e+10 0.138855
0.21 1.64167e+10 0.129321
0.2125 1.56684e+10 0.11996
0.215 1.49622e+10 0.110772
0.2175 1.42953e+10 0.101759
0.22 1.36652e+10 0.0929187
0.2225 1.30694e+10 0.0842522
0.225 1.25057e+10 0.0757584
0.2275 1.19721e+10 0.0674364
0.23 1.14667e+10 0.0592847
0.2325 1.09876e+10 0.0513021
0.235 1.05333e+10 0.0434867
0.2375 1.01023e+10 0.0358369
0.24 9.69304e+09 0.0283507
0.2425 9.30432e+09 0.021026
0.245 8.93489e+09 0.0138607
0.2475 8.58362e+09 0.0068528
