TITLE="Graphics"
VARIABLES= "rj, cm", "F", "dT/dt" 
0 0.000157548 28.4757
0.0025 0.000157115 28.3475
0.005 0.0001559 27.9923
0.0075 0.000153742 27.3773
0.01 0.000150588 26.5121
0.0125 0.000146365 25.408
0.015 0.000140987 24.0786
0.0175 0.000134372 22.5407
0.02 0.000126459 20.8147
0.0225 0.000117223 18.9247
0.025 0.000106709 16.8989
0.0275 9.50592e-05 14.7689
0.03 8.25374e-05 12.5696
0.0325 6.94615e-05 10.3378
0.035 5.56024e-05 8.11083
0.0375 3.50494e-05 5.92828
0.04 0.000136992 3.85876
0.0425 0.0246005 1.49928
0.045 6.6172 98.9672
0.0475 58677.8 53183.3
0.04775 4.85723e-17 2.20611e-08
0.05 2.88141 59.4299
0.0525 0.128323 36.0151
0.055 0.521795 28.5895
0.0575 0.470519 23.5652
0.06 0.387121 19.6837
0.0625 0.320239 16.601
0.065 0.268186 14.1173
0.0675 0.2272 12.0945
0.07 0.194433 10.4316
0.0725 0.167858 9.05343
0.075 0.146025 7.90268
0.0775 0.127885 6.93524
0.08 0.112662 6.11675
0.0825 0.099772 5.42014
0.085 0.0887719 4.82397
0.0875 0.0793189 4.31105
0.09 0.0711428 3.86756
0.0925 0.0640314 3.48227
0.095 0.0578144 3.14605
0.0975 0.0523531 2.85139
0.1 0.047536 2.5921
0.1025 0.04327 2.36304
0.105 0.0394795 2.15995
0.1075 0.0360996 1.97925
0.11 0.0330772 1.81793
0.1125 0.0303671 1.67347
0.115 0.0279303 1.54369
0.1175 0.0257338 1.42679
0.12 0.0237503 1.32118
0.1225 0.0219538 1.22553
0.125 0.0203245 1.13869
0.1275 0.0188437 1.05966
0.13 0.0174956 0.987567
0.1325 0.0162654 0.921666
0.135 0.0151408 0.8613
0.1375 0.014113 0.805895
0.14 0.0131698 0.754947
0.1425 0.0123044 0.708013
0.145 0.0115086 0.664702
0.1475 0.0107764 0.624669
0.15 0.0101006 0.587606
0.1525 0.00947767 0.553241
0.155 913716 0.52133
0.1575 3.71251e+06 1.90614e+06
0.16 891609 0.464028
0.1625 0.00741632 0.438269
0.165 0.00699097 0.414223
0.1675 0.00659577 0.391749
0.17 0.00622766 0.370721
0.1725 0.00588417 0.351026
0.175 0.00556532 0.332558
0.1775 0.00526603 0.315225
0.18 0.00498735 0.298943
0.1825 0.00472627 0.283633
0.185 0.00448205 0.269227
0.1875 0.00425326 0.25566
0.19 0.00403836 0.242876
0.1925 0.00383721 0.23082
0.195 0.00364782 0.219445
0.1975 0.0034699 0.208706
0.2 0.00330358 0.198563
0.2025 0.00314547 0.188977
0.205 0.0029981 0.179915
0.2075 0.00285816 0.171344
0.21 0.00272688 0.163234
0.2125 0.0026018 0.155559
0.215 0.00248359 0.148294
0.2175 0.00237008 0.141418
0.22 0.00225915 0.134915
0.2225 0.00215153 0.128773
0.225 0.00204181 0.122991
0.2275 0.00192928 0.11758
0.23 0.00180923 0.112564
0.2325 0.00168183 0.107991
0.235 0.00155155 0.103931
0.2375 0.00147139 0.100461
0.24 0.00169347 0.0975762
0.2425 0.00333981 0.0947294
0.245 0.0102637 0.0888216
0.2475 0.0272423 0.0673296
