TITLE="Graphics"
VARIABLES= "rj, cm", "F", "dT/dt" 
0 3.41249e-05 23.3255
0.0025 3.3994e-05 23.2144
0.005 3.36298e-05 22.9072
0.0075 3.29942e-05 22.3764
0.01 3.20893e-05 21.6324
0.0125 3.09168e-05 20.6876
0.015 2.94798e-05 19.5564
0.0175 2.77844e-05 18.2565
0.02 2.5841e-05 16.8081
0.0225 2.3665e-05 15.234
0.025 2.12772e-05 13.5597
0.0275 1.87063e-05 11.8131
0.03 1.59934e-05 10.0235
0.0325 1.31817e-05 8.22161
0.035 1.02623e-05 6.43879
0.0375 7.12692e-06 4.70718
0.04 0.00165239 3.06197
0.0425 19.6051 20.8497
0.045 44369.5 44231.5
0.0475 1.03843e+06 727187
0.04775 7.63278e-17 8.29873e-06
0.05 100.686 38.5895
0.0525 62.7758 21.8389
0.055 51.1273 17.6654
0.0575 42.5154 14.6607
0.06 35.7975 12.3554
0.0625 30.4308 10.5325
0.065 26.0728 9.05908
0.0675 22.49 7.84819
0.07 19.5151 6.84057
0.0725 17.0241 5.99393
0.075 14.9232 5.27701
0.0775 13.1398 4.66602
0.08 11.6171 4.14243
0.0825 10.3102 3.69154
0.085 9.18293 3.30153
0.0875 8.20628 2.96282
0.09 7.35655 2.66753
0.0925 6.61435 2.40916
0.095 5.96367 2.18231
0.0975 5.39125 1.98248
0.1 4.88601 1.80589
0.1025 4.43869 1.64933
0.105 4.04148 1.51012
0.1075 3.68778 1.38597
0.11 3.37197 1.27493
0.1125 3.08929 1.17534
0.115 2.83565 1.08577
0.1175 2.60752 1.005
0.12 2.40189 0.931958
0.1225 2.21616 0.865708
0.125 2.04804 0.80556
0.1275 1.89557 0.750788
0.13 1.75704 0.700789
0.1325 1.63093 0.655045
0.135 1.51594 0.613103
0.1375 1.41092 0.574569
0.14 1.31483 0.539096
0.1425 1.22679 0.506382
0.145 1.14599 0.476159
0.1475 1.07175 0.4482
0.15 1.00343 0.422317
0.1525 0.940323 0.398415
0.155 0.882448 0.375215
0.1575 0.828626 0.354558
0.16 0.778972 0.335156
0.1625 0.732975 0.31699
0.165 0.690322 0.29998
0.1675 0.650727 0.284036
0.17 0.61393 0.269075
0.1725 0.579698 0.255018
0.175 0.547818 0.241795
0.1775 0.5181 0.229342
0.18 0.49037 0.217599
0.1825 0.464471 0.206512
0.185 0.440259 0.196032
0.1875 0.417605 0.186114
0.19 0.396389 0.176717
0.1925 0.376503 0.167802
0.195 0.357849 0.159337
0.1975 0.340336 0.151288
0.2 0.323881 0.143631
0.2025 0.308409 0.136338
0.205 0.293851 0.129388
0.2075 0.280141 0.122763
0.21 1.06925e+06 0.116446
0.2125 1.01427e+07 8.02386e+06
0.215 1.04829e+06 0.104651
0.2175 0.232653 0.0994429
0.22 0.222438 0.0942425
0.2225 0.212739 0.0893638
0.225 0.203565 0.0847894
0.2275 0.194883 0.0805214
0.23 0.186659 0.0765763
0.2325 0.17887 0.0729822
0.235 0.171488 0.0697885
0.2375 0.16449 0.0670767
0.24 0.157854 0.0649719
0.2425 0.151535 0.0636399
0.245 0.145096 0.063126
0.2475 0.131685 0.0603416
