TITLE="Graphics"
VARIABLES= "rj, cm", "F", "dT/dt" 
0 0.00245171 27.2609
0.0025 0.00244423 27.1362
0.005 0.00242332 26.7908
0.0075 0.00238638 26.1933
0.01 0.00233281 25.3536
0.0125 0.00226179 24.2834
0.015 0.0021724 22.9969
0.0175 0.0020639 21.5114
0.02 0.00193598 19.8477
0.0225 0.00178896 18.0298
0.025 0.00162397 16.0853
0.0275 0.00144279 14.045
0.03 0.00124723 11.9422
0.0325 0.00103766 9.81261
0.035 0.000811205 7.6941
0.0375 0.000579912 5.62777
0.04 0.00227607 3.6544
0.0425 0.542822 2.3103
0.045 1.26989 95.1176
0.0475 1197.91 13.51
0.04775 9.71445e-17 1.78296e-08
0.05 14.6882 1.31716
0.0525 8.87643 0.69332
0.055 6.61423 0.130624
0.0575 5.52345 0.0710738
0.06 4.75518 0.0904966
0.0625 4.11724 0.0436601
0.065 3.57044 0.0182316
0.0675 307411 0.0759431
0.07 699178 85052.8
0.0725 305402 0.160843
0.075 2.07565 0.188561
0.0775 1.82897 0.208412
0.08 1.61756 0.221913
0.0825 1.43566 0.230379
0.085 1.27849 0.234902
0.0875 1.14216 0.236369
0.09 1.02345 0.235497
0.0925 0.919709 0.232859
0.095 0.828745 0.228914
0.0975 0.748728 0.224024
0.1 0.678123 0.218477
0.1025 0.615644 0.212497
0.105 0.560201 0.206257
0.1075 0.510872 0.19989
0.11 0.46687 0.193496
0.1125 0.427524 0.187148
0.115 0.392257 0.180899
0.1175 0.360572 0.174784
0.12 0.332045 0.168828
0.1225 0.306302 0.163043
0.125 0.283024 0.157436
0.1275 0.261932 0.152007
0.13 0.242781 0.146754
0.1325 0.22536 0.141671
0.135 0.209483 0.13675
0.1375 0.194985 0.131984
0.14 0.18173 0.127365
0.1425 0.169587 0.122883
0.145 0.158449 0.11853
0.1475 0.148214 0.114298
0.15 0.138796 0.110177
0.1525 0.130119 0.106162
0.155 0.122111 0.102244
0.1575 0.114713 0.0984162
0.16 0.107871 0.0946733
0.1625 0.101532 0.091009
0.165 0.0956485 0.087418
0.1675 0.0901796 0.0838962
0.17 0.0850876 0.0804404
0.1725 0.0803437 0.077049
0.175 0.0759308 0.0737212
0.1775 0.0718228 0.0704555
0.18 0.0679956 0.0672496
0.1825 0.064422 0.0641005
0.185 0.0610776 0.0610056
0.1875 0.0579452 0.0579624
0.19 0.0550047 0.0549692
0.1925 0.0522423 0.0520251
0.195 0.0496431 0.04913
0.1975 0.0471937 0.0462845
0.2 0.0448868 0.0434903
0.2025 0.0427041 0.0407493
0.205 0.0406327 0.038065
0.2075 0.038658 0.0354422
0.21 0.0367667 0.0328882
0.2125 0.0349527 0.030413
0.215 0.0332171 0.0280293
0.2175 0.0315664 0.0257511
0.22 0.0300164 0.0235926
0.2225 0.0285999 0.0215653
0.225 0.0273646 0.0196743
0.2275 0.0263718 0.0179117
0.23 0.0256942 0.0162501
0.2325 0.0253773 0.0146341
0.235 0.0253854 0.012976
0.2375 0.0254995 0.0111597
0.24 0.0251761 0.00906668
0.2425 0.0234398 0.0066366
0.245 0.0190046 0.00397505
0.2475 0.0109365 0.00149258
