TITLE="Graphics"
VARIABLES= "rj, cm", "F", "dT/dt" 
0 3.34435e-06 8.63741e-09
0.0025 2.6366e-06 2.24492e-08
0.005 3.24875e-06 4.62239e-08
0.0075 3.56171e-06 8.21264e-08
0.01 2.35283e-06 1.15092e-07
0.0125 1.76789e-07 1.18266e-07
0.015 1.37015e-06 8.34279e-08
0.0175 3.46937e-07 5.63743e-08
0.02 2.19312e-07 6.48242e-08
0.0225 3.24995e-06 2.68967e-08
0.025 3.11761e-07 4.61848e-09
0.0275 7.08944e-07 8.41154e-08
0.03 8.89771e-07 4.93253e-10
0.0325 5.19494e-09 5.1948e-10
0.035 4.06695e-08 1.12965e-09
0.0375 2.29951e-08 5.45557e-09
0.04 8.56379e-07 1.16018e-08
0.0425 6.65371e-06 7.00219e-08
0.045 3.96348e-05 2.72833e-07
0.0475 1.50451e-05 2.20683e-06
0.0475003 225820 6.42021
0.05 6.26895e+12 0.111853
0.0525 3.81126e+12 0.155646
0.055 3.12033e+12 0.189927
0.0575 2.59836e+12 0.218507
0.06 2.18972e+12 0.24319
0.0625 1.8626e+12 0.264977
0.065 1.5966e+12 0.28449
0.0675 1.37769e+12 0.30214
0.07 1.1958e+12 0.318218
0.0725 1.04341e+12 0.332937
0.075 9.14825e+11 0.346456
0.0775 8.05635e+11 0.358899
0.08 7.12381e+11 0.370361
0.0825 6.32319e+11 0.380921
0.085 5.63251e+11 0.39064
0.0875 5.03399e+11 0.399568
0.09 4.51317e+11 0.407746
0.0925 4.05819e+11 0.415208
0.095 3.65926e+11 0.421982
0.0975 3.30827e+11 0.42809
0.1 2.99844e+11 0.433553
0.1025 2.7241e+11 0.438387
0.105 2.48047e+11 0.442605
0.1075 2.26351e+11 0.44622
0.11 2.06978e+11 0.449242
0.1125 1.89636e+11 0.45168
0.115 1.74074e+11 0.453542
0.1175 1.60077e+11 0.454836
0.12 1.4746e+11 0.45557
0.1225 1.36062e+11 0.455749
0.125 1.25745e+11 0.455381
0.1275 1.16388e+11 0.454472
0.13 1.07885e+11 0.45303
0.1325 1.00146e+11 0.45106
0.135 9.30876e+10 0.448571
0.1375 8.66408e+10 0.445571
0.14 8.07426e+10 0.442066
0.1425 7.53379e+10 0.438066
0.145 7.03781e+10 0.43358
0.1475 6.58198e+10 0.428617
0.15 6.16246e+10 0.423187
0.1525 5.77585e+10 0.417301
0.155 5.41908e+10 0.410971
0.1575 5.08945e+10 0.404208
0.16 4.7845e+10 0.397025
0.1625 4.50205e+10 0.389434
0.165 4.24014e+10 0.38145
0.1675 3.997e+10 0.373086
0.17 3.77104e+10 0.364358
0.1725 3.56083e+10 0.355281
0.175 3.36506e+10 0.34587
0.1775 3.18256e+10 0.336141
0.18 3.01227e+10 0.326113
0.1825 2.85322e+10 0.315801
0.185 2.70452e+10 0.305224
0.1875 2.56539e+10 0.2944
0.19 2.43509e+10 0.283347
0.1925 2.31296e+10 0.272084
0.195 2.19839e+10 0.26063
0.1975 2.09083e+10 0.249004
0.2 1.98976e+10 0.237227
0.2025 1.89473e+10 0.225316
0.205 1.80531e+10 0.213293
0.2075 1.72109e+10 0.201177
0.21 1.64173e+10 0.188989
0.2125 1.5669e+10 0.176748
0.215 1.49628e+10 0.164474
0.2175 1.42959e+10 0.152187
0.22 1.36658e+10 0.139908
0.2225 1.307e+10 0.127655
0.225 1.25063e+10 0.115448
0.2275 1.19727e+10 0.103307
0.23 1.14672e+10 0.0912502
0.2325 1.09881e+10 0.0792966
0.235 1.05338e+10 0.0674645
0.2375 1.01027e+10 0.0557719
0.24 9.6935e+09 0.0442364
0.2425 9.30476e+09 0.0328751
0.245 8.93532e+09 0.0217046
0.2475 8.58403e+09 0.010741
