TITLE="Graphics"
VARIABLES= "rj, cm", "F", "dT/dt" 
0 0.000178646 18.9985
0.0025 0.000177865 18.9055
0.005 0.000175703 18.648
0.0075 0.000171976 18.2038
0.01 0.000166784 17.5822
0.0125 0.000160305 16.7943
0.015 0.000152909 15.8528
0.0175 0.000145464 14.7716
0.02 0.000140064 13.5636
0.0225 0.000141187 12.2356
0.025 0.000154778 10.7768
0.0275 0.000174688 9.14414
0.03 0.000140113 7.28408
0.0325 133.774 5.30666
0.035 387640 387396
0.0375 115.905 4.36497
0.04 0.000810145 6.70604
0.0425 0.0408956 6.80819
0.045 2.41796 106.449
0.0475 20134 11647
0.04775 9.02056e-17 1.99526e-08
0.05 1.84464 6.63134
0.0525 0.667742 3.525
0.055 0.753811 3.18983
0.0575 0.652386 3.03601
0.06 0.548398 2.87047
0.0625 0.463933 2.70522
0.065 0.396201 2.55087
0.0675 0.341173 2.41013
0.07 0.295687 2.28232
0.0725 0.257885 2.16617
0.075 0.226069 2.05992
0.0775 0.199039 1.96205
0.08 0.176042 1.87144
0.0825 0.156177 1.78704
0.085 0.139162 1.70824
0.0875 0.124369 1.63431
0.09 0.111497 1.56475
0.0925 0.100253 1.49913
0.095 0.0903934 1.43709
0.0975 0.0817187 1.37831
0.1 0.0740603 1.32253
0.1025 0.0672792 1.26951
0.105 0.0612571 1.21903
0.1075 0.0558946 1.17092
0.11 0.0511059 1.12501
0.1125 0.0468206 1.08114
0.115 0.0429743 1.03919
0.1175 0.0395164 0.999024
0.12 0.0363993 0.960532
0.1225 0.033584 0.923611
0.125 0.0310364 0.888163
0.1275 0.0287263 0.854102
0.13 0.0266269 0.821345
0.1325 0.0247171 0.789817
0.135 0.022975 0.759448
0.1375 0.0213853 0.730171
0.14 0.0199299 0.701928
0.1425 0.0185968 0.674661
0.145 0.017374 0.648317
0.1475 0.01625 0.622849
0.15 0.0152154 0.59821
0.1525 0.0142628 0.574359
0.155 0.0133829 0.551254
0.1575 0.0125706 0.528859
0.16 0.0118185 0.50714
0.1625 0.0111226 0.486065
0.165 0.0104768 0.465602
0.1675 0.00987713 0.445724
0.17 0.0093199 0.426404
0.1725 0.008802 0.407617
0.175 0.00831857 0.38934
0.1775 0.00786845 0.371551
0.18 0.00744858 0.35423
0.1825 0.00705595 0.337357
0.185 0.0066884 0.320915
0.1875 0.00634539 0.304886
0.19 0.0060237 0.289253
0.1925 0.00572154 0.274003
0.195 0.00543837 0.259121
0.1975 0.00517306 0.244593
0.2 0.00492272 0.230406
0.2025 0.0046884 0.216549
0.205 0.00446668 0.203009
0.2075 0.00425868 0.189777
0.21 0.00406229 0.17684
0.2125 0.00387621 0.164191
0.215 0.00369978 0.15182
0.2175 0.0035309 0.13972
0.22 0.00336687 0.127888
0.2225 0.00320508 0.116324
0.225 0.00304196 0.105038
0.2275 0.00287046 0.0940476
0.23 0.00268699 0.0833915
0.2325 0.0024862 0.0731283
0.235 0.0022742 0.0633427
0.2375 0.00209408 0.054138
0.24 0.00210561 0.0455841
0.2425 0.00277428 0.0375324
0.245 0.00493944 0.0290842
0.2475 0.00770182 0.0176427
