TITLE="Graphics"
VARIABLES= "rj, cm", "F", "dT/dt" 
0 6.48009e-09 2.67488e-08
0.0025 6.76581e-09 2.72841e-08
0.005 7.3509e-09 2.88067e-08
0.0075 8.40501e-09 3.16483e-08
0.01 9.91088e-09 3.61082e-08
0.0125 1.184e-08 4.26249e-08
0.015 1.41175e-08 5.17645e-08
0.0175 1.63728e-08 6.41709e-08
0.02 1.81172e-08 8.04537e-08
0.0225 1.82659e-08 1.00954e-07
0.025 1.53099e-08 1.25368e-07
0.0275 7.32868e-09 1.52124e-07
0.03 7.28556e-09 1.77712e-07
0.0325 2.86731e-08 1.96091e-07
0.035 5.30761e-08 1.9888e-07
0.0375 7.1824e-08 1.77167e-07
0.04 7.42496e-08 1.25339e-07
0.0425 5.35908e-08 4.55383e-08
0.045 5.46376e-06 4.9777e-08
0.0475 7.79191e-06 2.93348e-07
0.0475003 1.63064e-15 3.19915e-11
0.05 0.0541162 0.346644
0.0525 2.18533 0.479118
0.055 3.2767 0.580724
0.0575 4.37082 0.663469
0.06 5.44624 0.733091
0.0625 6.49048 0.792812
0.065 7.4962 0.844653
0.0675 8.45907 0.889981
0.07 9.37661 0.929776
0.0725 10.2475 0.964771
0.075 11.071 0.995531
0.0775 11.8472 1.02251
0.08 12.5761 1.04607
0.0825 13.2582 1.06651
0.085 13.8941 1.08409
0.0875 14.4846 1.09903
0.09 15.0303 1.11151
0.0925 15.5321 1.1217
0.095 15.9909 1.12975
0.0975 606140 1.13577
0.1 1.19471e+06 169.01
0.1025 589295 1.14221
0.105 17.4146 1.14283
0.1075 17.6726 1.14183
0.11 17.8933 1.1393
0.1125 18.0778 1.1353
0.115 18.2271 1.12991
0.1175 18.3422 1.1232
0.12 18.4241 1.11522
0.1225 18.4738 1.10605
0.125 18.4925 1.09572
0.1275 18.481 1.0843
0.13 18.4404 1.07183
0.1325 18.3716 1.05838
0.135 18.2759 1.04397
0.1375 18.154 1.02867
0.14 18.007 1.01252
0.1425 17.836 0.995556
0.145 17.6418 0.977826
0.1475 17.4256 0.95937
0.15 17.1881 0.940229
0.1525 16.9305 0.920444
0.155 16.6537 0.900053
0.1575 16.3586 0.879095
0.16 16.0461 0.857607
0.1625 15.7171 0.835626
0.165 15.3727 0.813188
0.1675 15.0136 0.790329
0.17 14.6408 0.767085
0.1725 14.2551 0.743488
0.175 13.8573 0.719574
0.1775 13.4485 0.695376
0.18 13.0293 0.670927
0.1825 12.6006 0.646258
0.185 12.1631 0.621401
0.1875 11.7178 0.596388
0.19 11.2653 0.571249
0.1925 10.8064 0.546014
0.195 10.3418 0.520713
0.1975 9.87237 0.495375
0.2 9.3987 0.470028
0.2025 8.92151 0.444701
0.205 8.44149 0.419419
0.2075 7.9593 0.394211
0.21 7.4756 0.369103
0.2125 6.99101 0.344119
0.215 6.50615 0.319286
0.2175 6.02163 0.294627
0.22 5.53803 0.270166
0.2225 5.05592 0.245928
0.225 4.57587 0.221934
0.2275 4.09841 0.198207
0.23 3.62407 0.174767
0.2325 3.15337 0.151637
0.235 2.68679 0.128836
0.2375 2.22483 0.106384
0.24 1.76795 0.0843
0.2425 1.31661 0.0626021
0.245 0.871256 0.0413082
0.2475 0.432303 0.0204353
