TITLE="Graphics"
VARIABLES= "rj, cm", "F", "dT/dt" 
0 0.000538695 22.9408
0.0025 0.000536593 22.8312
0.005 0.000530754 22.5281
0.0075 0.00052057 22.0046
0.01 0.000506089 21.2709
0.0125 0.000487354 20.3393
0.015 0.00046443 19.2245
0.0175 0.000437429 17.9437
0.02 0.000406531 16.5173
0.0225 0.000371991 14.9678
0.025 136.515 13.3205
0.0275 151142 150906
0.03 113.705 9.8438
0.0325 0.000206653 8.07363
0.035 0.000163232 6.32278
0.0375 0.000118754 4.61996
0.04 0.000324725 2.99468
0.0425 0.460697 1.82439
0.045 0.625987 103.774
0.0475 0.609262 59.9875
0.04775 2.77556e-17 1.85448e-08
0.05 2.39489 11.3122
0.0525 2.20125 8.30006
0.055 1.85823 6.31226
0.0575 1.5565 4.97215
0.06 1.30991 4.0245
0.0625 1.1122 3.32285
0.065 0.952291 2.78464
0.0675 0.821213 2.36082
0.07 0.712477 2.02039
0.0725 0.621406 1.74258
0.075 0.544548 1.51287
0.0775 0.479277 1.32074
0.08 0.423547 1.15843
0.0825 0.37573 1.02008
0.085 0.334518 0.901218
0.0875 0.298844 0.798377
0.09 0.267838 0.708851
0.0925 0.240783 0.630499
0.095 0.217086 0.56161
0.0975 0.196256 0.500798
0.1 0.177882 0.446936
0.1025 0.161623 0.399091
0.105 0.147189 0.356488
0.1075 0.134338 0.318475
0.11 0.122864 0.284501
0.1125 0.112593 0.254094
0.115 0.103374 0.226849
0.1175 0.0950797 0.202414
0.12 0.0876014 0.180486
0.1225 0.0808416 0.160796
0.125 0.074721 0.14311
0.1275 0.0691646 0.127219
0.13 0.0641131 0.112941
0.1325 0.0595148 0.100109
0.135 0.0556085 0.0885793
0.1375 0.051227 0.0783834
0.14 0.048014 0.0690947
0.1425 0.0447954 0.0607794
0.145 0.0418397 0.0533426
0.1475 0.0391232 0.0466982
0.15 0.0366235 0.0407695
0.1525 0.0343201 0.0354879
0.155 0.0321946 0.0307922
0.1575 0.0302311 0.0266273
0.16 0.0284133 0.0229437
0.1625 0.0267306 0.0196963
0.165 0.0251684 0.0168446
0.1675 0.0237181 0.0143515
0.17 0.022321 0.012183
0.1725 0.0212072 0.0102912
0.175 0.0199876 0.00868869
0.1775 0.018898 0.00733202
0.18 0.0178823 0.00619816
0.1825 0.0169347 0.0052667
0.185 0.0160505 0.00451969
0.1875 0.0152232 0.00394131
0.19 0.0144501 0.00351731
0.1925 0.0137263 0.00323521
0.195 0.013048 0.00308432
0.1975 0.0124136 0.00305482
0.2 0.0118182 0.00313904
0.2025 0.0112598 0.00332994
0.205 0.0107362 0.00362207
0.2075 0.0102441 0.00401093
0.21 0.00980494 0.00449301
0.2125 0.00930061 0.00507296
0.215 0.00890936 0.00572936
0.2175 0.00851315 0.00646611
0.22 0.00812624 0.00727685
0.2225 0.00774221 0.00815037
0.225 0.00734747 0.0090678
0.2275 0.00688592 0.00999722
0.23 0.00652367 0.0108691
0.2325 0.00596243 0.0116539
0.235 0.00536893 0.0122248
0.2375 0.00468299 0.0124378
0.24 0.00389197 0.0121044
0.2425 0.00299928 0.0109878
0.245 0.00205426 0.0088062
0.2475 0.00102227 0.00525669
