TITLE="Graphics"
VARIABLES= "rj, cm", "F", "dT/dt" 
0 7.70754e-05 27.5094
0.0025 7.68449e-05 27.3839
0.005 7.62002e-05 27.0365
0.0075 7.50597e-05 26.4353
0.01 7.34036e-05 25.5902
0.0125 7.12032e-05 24.5128
0.015 6.84275e-05 23.2173
0.0175 6.50497e-05 21.7209
0.02 6.10558e-05 20.0442
0.0225 5.64535e-05 18.2114
0.025 5.1278e-05 16.2503
0.0275 4.55909e-05 14.1916
0.03 3.94646e-05 12.0691
0.0325 3.29479e-05 9.91833
0.035 2.59555e-05 7.777
0.0375 1.72554e-05 5.6854
0.04 0.000425522 3.69734
0.0425 29.0712 3.06065
0.045 67087.3 93.2048
0.0475 773799 53.9086
0.04775 4.16334e-17 1.62541e-08
0.05 0.243407 13.4599
0.0525 0.220374 11.2913
0.055 0.186544 9.50378
0.0575 0.157752 8.05725
0.06 0.134809 6.86446
0.0625 0.116336 5.86867
0.065 0.101126 5.03241
0.0675 0.088368 4.32805
0.07 0.0775305 3.73366
0.0725 0.06825 3.23111
0.075 0.0602604 2.8053
0.0775 0.0533561 2.44363
0.08 0.0473718 2.13558
0.0825 0.0421708 1.87241
0.085 0.0376397 1.64687
0.0875 0.0336818 1.45295
0.09 0.0302166 1.28567
0.0925 0.0271752 1.14087
0.095 0.024499 1.01512
0.0975 0.0221384 0.905562
0.1 0.0200514 0.809793
0.1025 0.0182016 0.725817
0.105 0.0165579 0.651958
0.1075 0.0150948 0.586804
0.11 0.0137885 0.529169
0.1125 0.0126202 0.478047
0.115 0.011573 0.432588
0.1175 0.0106319 0.392068
0.12 0.00978488 0.355872
0.1225 0.00902028 0.323471
0.125 0.00832927 0.294413
0.1275 0.00770288 0.268308
0.13 0.00713399 0.244815
0.1325 0.00661618 0.223641
0.135 0.00614484 0.204526
0.1375 0.00571395 0.187244
0.14 0.00532065 0.171596
0.1425 0.00496112 0.15741
0.145 0.00463127 0.144534
0.1475 0.00432919 0.132837
0.15 0.00405178 0.122203
0.1525 0.00379589 0.112531
0.155 0.00356045 0.103734
0.1575 0.00334298 0.0957311
0.16 0.00314211 0.0884522
0.1625 0.00295554 0.0818337
0.165 0.00278284 0.0758187
0.1675 0.00262329 0.0703552
0.17 0.00247382 0.0653972
0.1725 0.00233546 0.060902
0.175 0.00220695 0.0568315
0.1775 0.00208648 0.0531508
0.18 0.00197426 0.0498283
0.1825 0.00186954 0.0468346
0.185 0.00177159 0.0441431
0.1875 0.00167988 0.0417288
0.19 0.00159352 0.039569
0.1925 0.00151283 0.0376413
0.195 0.00143644 0.0359254
0.1975 0.00136468 0.0344014
0.2 0.00129723 0.0330496
0.2025 0.00123276 0.0318516
0.205 0.00117248 0.0307884
0.2075 0.00111474 0.0298417
0.21 0.00106043 0.0289934
0.2125 0.00100862 0.0282248
0.215 0.000959182 0.027518
0.2175 0.000911975 0.0268544
0.22 1.08849e+06 0.0262145
0.2225 6.19184e+06 4.0372e+06
0.225 1.0679e+06 0.0249154
0.2275 0.000730987 0.0241988
0.23 0.000681522 0.0233844
0.2325 0.000628049 0.022413
0.235 0.000566766 0.0212035
0.2375 0.000496201 0.019644
0.24 0.000414361 0.0175861
0.2425 0.000320912 0.0148399
0.245 0.000217649 0.0111736
0.2475 0.000108519 0.00632158
