TITLE="Graphics"
VARIABLES= "rj, cm", "F", "dT/dt" 
0 3.28838e-05 7.78755e-06
0.0025 1.67287e-05 7.11832e-06
0.005 8.84008e-06 6.13561e-06
0.0075 4.68942e-06 5.09065e-06
0.01 2.61497e-06 4.13661e-06
0.0125 1.55659e-06 3.30707e-06
0.015 9.75517e-07 2.5946e-06
0.0175 6.25936e-07 1.98294e-06
0.02 3.99307e-07 1.45691e-06
0.0225 2.45013e-07 1.00416e-06
0.025 1.37177e-07 6.14837e-07
0.0275 5.83301e-08 2.80944e-07
0.03 5.84177e-06 3.99424e-09
0.0325 1.9196e-06 8.75833e-08
0.035 3.21196e-07 9.48853e-08
0.0375 2.87964e-06 1.37794e-07
0.04 3.93694e-05 2.05161e-07
0.0425 3.82812e-06 2.09123e-07
0.045 4.45499e-05 3.41504e-07
0.0475 2.27125e-05 2.67479e-06
0.0475003 1.41553e-15 7.14709e-11
0.05 0.251882 0.774445
0.0525 10.1864 1.07039
0.055 15.4824 1.29738
0.0575 20.8177 1.48225
0.06 26.0749 1.63781
0.0625 31.1861 1.77126
0.065 36.1116 1.88712
0.0675 40.828 1.98845
0.07 45.3218 2.07743
0.0725 49.5856 2.1557
0.075 53.6159 2.22452
0.0775 57.412 2.2849
0.08 60.975 2.33766
0.0825 64.3069 2.38347
0.085 67.411 2.42291
0.0875 70.2908 2.45646
0.09 72.9504 2.48453
0.0925 75.3943 2.50749
0.095 77.6271 2.52566
0.0975 79.6534 2.53934
0.1 81.4784 2.54877
0.1025 83.1068 2.55419
0.105 84.5438 2.55581
0.1075 85.7944 2.55382
0.11 86.8637 2.54841
0.1125 87.7568 2.53974
0.115 88.4789 2.52796
0.1175 89.035 2.51322
0.12 89.4302 2.49566
0.1225 89.6695 2.47541
0.125 89.7581 2.45259
0.1275 89.7009 2.42732
0.13 89.503 2.39972
0.1325 89.1692 2.36989
0.135 88.7046 2.33795
0.1375 88.1139 2.30398
0.14 87.4021 2.2681
0.1425 86.5739 2.2304
0.145 85.6342 2.19097
0.1475 884447 2.14991
0.15 1.74565e+06 49.4365
0.1525 862410 2.06324
0.155 80.8527 2.01781
0.1575 79.4247 1.9711
0.16 77.9126 1.92318
0.1625 76.3209 1.87414
0.165 74.6539 1.82406
0.1675 72.9158 1.77302
0.17 71.1111 1.72111
0.1725 69.2437 1.66838
0.175 67.3178 1.61493
0.1775 65.3375 1.56082
0.18 63.3067 1.50613
0.1825 61.2295 1.45093
0.185 59.1095 1.39529
0.1875 56.9507 1.33929
0.19 54.7567 1.28298
0.1925 52.5311 1.22644
0.195 50.2777 1.16974
0.1975 47.9999 1.11294
0.2 45.7011 1.0561
0.2025 43.3847 0.999286
0.205 41.0541 0.942565
0.2075 38.7124 0.885993
0.21 36.3629 0.829632
0.2125 34.0085 0.773539
0.215 31.6524 0.71777
0.2175 29.2975 0.662383
0.22 26.9467 0.607432
0.2225 24.6027 0.552969
0.225 22.2683 0.499047
0.2275 19.9462 0.445716
0.23 17.639 0.393025
0.2325 15.3491 0.341023
0.235 13.079 0.289755
0.2375 10.8311 0.239267
0.24 8.60773 0.189603
0.2425 6.41108 0.140804
0.245 4.24333 0.0929113
0.2475 2.10658 0.045964
