TITLE="Graphics"
VARIABLES= "rj, cm", "F", "dT/dt" 
0 3.91863e-08 1.72193e-05
0.0025 7.5025e-08 1.72209e-05
0.005 3.76399e-07 1.72129e-05
0.0075 8.35167e-07 1.71512e-05
0.01 1.36026e-06 1.69697e-05
0.0125 1.86481e-06 1.65973e-05
0.015 2.2864e-06 1.59713e-05
0.0175 2.57846e-06 1.50469e-05
0.02 2.70479e-06 1.38037e-05
0.0225 2.64837e-06 1.22502e-05
0.025 2.42126e-06 1.04256e-05
0.0275 2.06254e-06 8.39521e-06
0.03 1.62215e-06 6.24137e-06
0.0325 1.13755e-06 4.05299e-06
0.035 6.13605e-07 1.91898e-06
0.0375 2.96335e-06 7.06049e-08
0.04 0.000272138 2.25861e-06
0.0425 0.00369268 4.20812e-06
0.045 0.000641131 1.15236e-05
0.0475 0.00700697 6.09932e-05
0.0475003 8.25728e-16 6.67505e-12
0.05 1.97703 0.0715905
0.0525 4.69607 0.0973408
0.055 6.20259 0.116141
0.0575 7.57705 0.130575
0.06 8.83504 0.141909
0.0625 9.98689 0.150877
0.065 11.0409 0.157951
0.0675 12.0044 0.163462
0.07 12.8837 0.167654
0.0725 13.6848 0.170716
0.075 14.413 0.1728
0.0775 15.073 0.174029
0.08 15.6692 0.174508
0.0825 16.2056 0.174325
0.085 16.6859 0.173557
0.0875 17.1135 0.172271
0.09 17.4913 0.170528
0.0925 17.8222 0.16838
0.095 18.1088 0.165874
0.0975 18.3535 0.163055
0.1 18.5584 0.159961
0.1025 18.7257 0.156627
0.105 18.8572 0.153086
0.1075 18.9548 0.149368
0.11 19.0199 0.1455
0.1125 19.0543 0.141508
0.115 19.0593 0.137414
0.1175 19.0364 0.13324
0.12 18.9867 0.129006
0.1225 18.9115 0.124729
0.125 18.812 0.120426
0.1275 18.6892 0.116113
0.13 18.5442 0.111803
0.1325 18.3779 0.10751
0.135 18.1913 0.103245
0.1375 17.9853 0.0990197
0.14 17.7609 0.0948428
0.1425 17.5187 0.0907238
0.145 17.2597 0.0866707
0.1475 16.9846 0.0826906
0.15 16.6943 0.0787901
0.1525 16.3894 0.0749748
0.155 16.0707 0.0712499
0.1575 15.7389 0.0676197
0.16 15.3948 0.0640879
0.1625 15.039 0.0606578
0.165 14.6721 0.0573318
0.1675 14.295 0.0541122
0.17 13.9081 0.0510004
0.1725 13.5123 0.0479976
0.175 13.1081 0.0451045
0.1775 12.6962 0.0423211
0.18 12.2771 0.0396475
0.1825 11.8517 0.0370829
0.185 11.4203 0.0346265
0.1875 10.9838 0.032277
0.19 10.5426 0.0300329
0.1925 10.0974 0.0278923
0.195 9.64872 0.0258531
0.1975 9.19723 0.0239128
0.2 8.74348 0.0220689
0.2025 8.28803 0.0203185
0.205 7.83146 0.0186585
0.2075 7.37432 0.0170857
0.21 6.91715 0.0155968
0.2125 6.46049 0.0141881
0.215 1.08011e+06 0.012856
0.2175 2.14089e+06 100.96
0.22 1.05931e+06 0.0104062
0.2225 4.64934 0.00928062
0.225 4.20292 0.00821586
0.2275 3.75999 0.00720781
0.23 3.32101 0.0062523
0.2325 2.88641 0.00534516
0.235 2.45662 0.0044822
0.2375 2.03203 0.00365923
0.24 1.61303 0.00287208
0.2425 1.19999 0.00211663
0.245 0.793255 0.0013888
0.2475 0.393151 0.000684565
