TITLE="Graphics"
VARIABLES= "rj, cm", "F", "dT/dt" 
0 9.20711e-06 25.7608
0.0025 9.17579e-06 25.6409
0.005 9.08888e-06 25.3091
0.0075 8.93619e-06 24.7353
0.01 8.71655e-06 23.9299
0.0125 8.42852e-06 22.9049
0.015 8.07049e-06 21.675
0.0175 7.64165e-06 20.2577
0.02 7.14256e-06 18.6738
0.0225 6.57549e-06 16.947
0.025 5.94477e-06 15.1045
0.0275 5.25773e-06 13.1758
0.03 4.5257e-06 11.193
0.0325 3.76699e-06 9.18977
0.035 3.01124e-06 7.20029
0.0375 2.36051e-06 5.25722
0.04 8.32298e-05 3.38642
0.0425 0.0880616 2.78631
0.045 0.0954854 97.1224
0.0475 0.0612369 58.6026
0.04775 6.93889e-18 1.68853e-08
0.05 0.0292171 15.0462
0.0525 0.0280389 12.3218
0.055 0.0245984 10.0695
0.0575 0.0210775 8.32726
0.06 0.0180282 6.96591
0.0625 0.0154864 5.88126
0.065 0.0133777 5.00195
0.0675 0.0116196 4.27931
0.07 0.0101432 3.67912
0.0725 0.00889432 3.17646
0.075 0.00783115 2.75265
0.0775 0.00692088 2.39329
0.08 0.0061376 2.08709
0.0825 0.00546069 1.82508
0.085 0.00487328 1.60002
0.0875 0.00436187 1.40602
0.09 0.00391448 1.23826
0.0925 0.00352268 1.09277
0.095 0.00317765 0.96623
0.0975 0.00287384 0.8559
0.1 0.00260428 0.759473
0.1025 0.002366 0.675006
0.105 0.00215356 0.600862
0.1075 0.00196438 0.53565
0.11 0.00179536 0.478188
0.1125 0.0016439 0.427467
0.115 0.00150807 0.382623
0.1175 0.00138537 0.342916
0.12 0.00127563 0.307705
0.1225 0.00117574 0.27644
0.125 0.00108578 0.248646
0.1275 0.00100425 0.223906
0.13 0.000929626 0.201863
0.1325 0.000862466 0.182203
0.135 0.000800717 0.164654
0.1375 0.000744863 0.148975
0.14 0.000693141 0.134958
0.1425 0.000646508 0.122419
0.145 0.000603403 0.111197
0.1475 0.000563499 0.101149
0.15 0.000527503 0.0921501
0.1525 0.000493881 0.0840894
0.155 0.00046288 0.0768696
0.1575 0.000434452 0.0704033
0.16 0.000408075 0.064614
0.1625 0.000383886 0.0594335
0.165 0.000361114 0.0548008
0.1675 0.000340115 0.0506622
0.17 0.000320828 0.0469691
0.1725 0.000303013 0.0436792
0.175 0.000285617 0.0407531
0.1775 0.000270272 0.0381576
0.18 0.000255792 0.0358609
0.1825 0.000241921 0.0338357
0.185 0.000229371 0.0320575
0.1875 0.000217487 0.0305034
0.19 0.000206199 0.0291538
0.1925 0.00019588 0.0279908
0.195 0.000186151 0.0269974
0.1975 0.00017691 0.0261588
0.2 0.000168192 0.0254623
0.2025 0.000160374 0.0248941
0.205 0.000152359 0.0244437
0.2075 0.000145559 0.0240997
0.21 0.000138236 0.0238499
0.2125 0.000131903 0.0236839
0.215 0.000125743 0.0235871
0.2175 0.000119264 0.0235447
0.22 0.000113426 0.0235355
0.2225 0.000107099 0.0235335
0.225 0.000101006 0.0235033
0.2275 9.43345e-05 0.0233967
0.23 8.70045e-05 0.0231496
0.2325 7.87697e-05 0.0226769
0.235 7.04743e-05 0.0218675
0.2375 6.02917e-05 0.0205828
0.24 4.93324e-05 0.0186506
0.2425 3.75051e-05 0.0158661
0.245 2.45323e-05 0.0119992
0.2475 1.15084e-05 0.00679628
