TITLE="Graphics"
VARIABLES= "rj, cm", "F", "dT/dt" 
0 0.00838074 4.42649e-05
0.0025 0.00336081 6.21705e-05
0.005 0.00183956 6.49518e-05
0.0075 0.0019663 1.9261e-05
0.01 0.00209816 0.000497646
0.0125 0.00124437 3.04705e-07
0.015 145.763 3.91507e-07
0.0175 310.439 60.7352
0.02 109.161 1.10076e-06
0.0225 3.44308e-07 1.13837e-06
0.025 3.13584e-07 1.0174e-06
0.0275 2.57886e-07 7.79317e-07
0.03 1.87223e-07 4.6549e-07
0.0325 1.26689e-07 1.1551e-07
0.035 0.00010953 2.3625e-07
0.0375 0.00117832 7.15944e-06
0.04 0.00472443 3.56386e-05
0.0425 0.00230533 0.000542508
0.045 0.00202095 7.4668e-06
0.0475 0.00770479 0.000139557
0.0475003 5.55112e-16 2.48444e-10
0.05 4.05322 2.70036
0.0525 5.11752 3.73882
0.055 9.40656 4.53838
0.0575 13.9569 5.19232
0.06 18.5873 5.74509
0.0625 23.1936 6.2216
0.065 27.7132 6.63741
0.0675 32.1066 7.00305
0.07 36.3488 7.32602
0.0725 40.4233 7.61192
0.075 44.3198 7.86507
0.0775 48.0315 8.08891
0.08 51.5545 8.28619
0.0825 54.8868 8.45923
0.085 58.0277 8.60994
0.0875 60.9775 8.73996
0.09 63.7372 8.85069
0.0925 66.3085 8.94337
0.095 68.6935 9.01907
0.0975 70.8945 9.07875
0.1 72.9142 9.12328
0.1025 74.7555 9.15342
0.105 76.4214 9.16988
0.1075 77.9152 9.17331
0.11 79.2401 9.1643
0.1125 80.3995 9.14342
0.115 81.3969 9.11117
0.1175 82.2359 9.06805
0.12 82.92 9.01452
0.1225 83.4529 8.95101
0.125 83.8383 8.87795
0.1275 84.08 8.79572
0.13 84.1817 8.70473
0.1325 84.1472 8.60534
0.135 83.9803 8.49792
0.1375 83.6849 8.38281
0.14 83.2648 8.26035
0.1425 82.724 8.13089
0.145 82.0663 7.99475
0.1475 81.2956 7.85225
0.15 80.416 7.70371
0.1525 79.4312 7.54943
0.155 78.3454 7.38974
0.1575 77.1623 7.22492
0.16 75.886 7.05529
0.1625 74.5205 6.88112
0.165 73.0696 6.70273
0.1675 71.5373 6.52039
0.17 69.9277 6.33439
0.1725 68.2445 6.14502
0.175 66.4918 5.95255
0.1775 64.6734 5.75726
0.18 62.7934 5.55944
0.1825 60.8554 5.35934
0.185 58.8635 5.15724
0.1875 56.8215 4.95341
0.19 54.7332 4.7481
0.1925 52.6023 4.54158
0.195 50.4328 4.33411
0.1975 48.2282 4.12593
0.2 45.9923 3.91731
0.2025 43.7288 3.70847
0.205 41.4412 3.49968
0.2075 39.1333 3.29116
0.21 36.8085 3.08316
0.2125 34.4703 2.8759
0.215 32.1222 2.66961
0.2175 29.7676 2.46451
0.22 27.4097 2.26083
0.2225 25.052 2.05878
0.225 22.6976 1.85857
0.2275 20.3497 1.66039
0.23 18.0115 1.46446
0.2325 15.6859 1.27097
0.235 13.3759 1.0801
0.2375 11.0845 0.892044
0.24 8.81452 0.706978
0.2425 6.56868 0.525076
0.245 4.34971 0.346505
0.2475 2.16023 0.171428
