TITLE="Graphics"
VARIABLES= "rj, cm", "F", "dT/dt" 
0 1.13788e-05 19.4067
0.0025 1.13293e-05 19.3119
0.005 1.1192e-05 19.0494
0.0075 1.09544e-05 18.5967
0.01 1.0621e-05 17.9632
0.0125 1.01989e-05 17.1603
0.015 9.70023e-06 16.2013
0.0175 9.14894e-06 15.1015
0.02 8.59775e-06 13.877
0.0225 8.19152e-06 12.5431
0.025 8.39919e-06 11.1078
0.0275 1.05812e-05 9.55232
0.03 1.67346e-05 7.77193
0.0325 2.05391e-05 5.49453
0.035 2.07736e-05 2.59058
0.0375 0.000155151 1.04151
0.04 0.000124804 6.9468
0.0425 0.00157735 17.652
0.045 0.00202558 97.2162
0.0475 0.06094 55.3427
0.04775 2.77556e-17 1.68744e-08
0.05 0.0618392 6.59208
0.0525 0.0511545 4.53695
0.055 0.0411966 3.3759
0.0575 0.0339281 2.60702
0.06 0.0285373 2.04081
0.0625 0.0243499 1.60239
0.065 0.0209793 1.25628
0.0675 0.0182032 0.981731
0.07 0.0158824 0.764531
0.0725 0.0139226 0.593955
0.075 0.0122571 0.461528
0.0775 0.0108235 0.360482
0.08 0.00959598 0.284987
0.0825 0.00853135 0.230483
0.085 0.00760688 0.193093
0.0875 0.00680045 0.169588
0.09 0.00609517 0.15728
0.0925 0.0054755 0.153932
0.095 0.00492923 0.157672
0.0975 0.0044502 0.166904
0.1 0.00402268 0.180411
0.1025 0.00364427 0.197072
0.105 0.00330841 0.21599
0.1075 0.00300804 0.236431
0.11 0.00273924 0.257783
0.1125 0.00249524 0.279524
0.115 0.00226876 0.301141
0.1175 0.00206465 0.322029
0.12 0.00194048 0.341688
0.1225 0.00177066 0.361162
0.125 0.00161804 0.379941
0.1275 0.00148525 0.397624
0.13 0.00136737 0.41401
0.1325 0.00126085 0.429002
0.135 0.00116426 0.442542
0.1375 0.00107601 0.454596
0.14 0.00099592 0.465144
0.1425 0.000922374 0.474181
0.145 0.000855327 0.481712
0.1475 0.000794021 0.48775
0.15 0.000737844 0.492316
0.1525 0.000685826 0.49544
0.155 0.000638611 0.497152
0.1575 0.000595393 0.497494
0.16 0.000555119 0.496507
0.1625 0.000518744 0.494236
0.165 0.000484699 0.490731
0.1675 0.000453614 0.486042
0.17 0.000424956 0.480221
0.1725 0.000398489 0.473323
0.175 0.00037421 0.465403
0.1775 0.000351929 0.456516
0.18 0.000330954 0.446719
0.1825 0.000312035 0.436067
0.185 0.000294281 0.424616
0.1875 0.000278052 0.412423
0.19 0.000262663 0.399541
0.1925 0.000249182 0.386026
0.195 0.000236205 0.37193
0.1975 0.00022397 0.357307
0.2 0.000213244 0.342208
0.2025 0.000202979 0.326683
0.205 0.000193523 0.310783
0.2075 0.000184983 0.294555
0.21 0.000176881 0.278048
0.2125 0.000169398 0.261307
0.215 0.000162571 0.24438
0.2175 0.000156495 0.22731
0.22 0.000150629 0.210143
0.2225 0.000145124 0.192921
0.225 0.000139975 0.175685
0.2275 0.000135034 0.158471
0.23 0.000129483 0.14131
0.2325 0.000123889 0.124218
0.235 0.000115508 0.107191
0.2375 0.000105971 0.0901884
0.24 1.12526e+06 0.0731248
0.2425 2.31496e+07 2.09207e+07
0.245 1.1054e+06 0.0381157
0.2475 2.65783e-05 0.0196252
