TITLE="Graphics"
VARIABLES= "rj, cm", "F", "dT/dt" 
0 1.27125e-12 1.27125e-12
0.0025 3.16277e-14 3.16277e-14
0.005 3.06688e-15 3.06688e-15
0.0075 3.96272e-11 1.00911e-12
0.01 1.00355e-10 1.92542e-12
0.0125 2.82171e-11 2.08598e-12
0.015 4.66319e-11 9.49952e-13
0.0175 5.80287e-11 1.91031e-12
0.02 9.85182e-11 4.4009e-12
0.0225 9.8176e-12 6.7226e-12
0.025 3.36112e-10 9.12203e-13
0.0275 70.2991 8.19028e-12
0.03 486280 60.7351
0.0325 59.4665 1.63747e-11
0.035 8.93338e-11 4.91596e-12
0.0375 8.43409e-10 2.47271e-11
0.04 6.08642e-09 6.96526e-11
0.0425 2.03074e-08 4.86681e-10
0.045 1.14754e-07 5.67591e-11
0.0475 1.14486e-09 5.54528e-11
0.0475003 7.49401e-16 9.55318e-11
0.05 3.72434 1.03613
0.0525 7.45991 1.42455
0.055 9.82981 1.72027
0.0575 12.044 1.9593
0.06 14.137 2.15895
0.0625 16.126 2.329
0.065 18.0206 2.47562
0.0675 19.8267 2.60299
0.07 21.5485 2.7141
0.0725 23.189 2.81121
0.075 24.7502 2.89605
0.0775 26.2338 2.96999
0.08 27.6411 3.03416
0.0825 28.9731 3.08947
0.085 30.2307 3.1367
0.0875 31.4146 3.1765
0.09 32.5255 3.20944
0.0925 33.564 3.236
0.095 34.5306 3.2566
0.0975 35.4259 3.27162
0.1 36.2504 3.28141
0.1025 37.0047 3.28624
0.105 37.6894 3.28641
0.1075 38.3051 3.28214
0.11 38.8525 3.27368
0.1125 39.3323 3.26121
0.115 39.7453 3.24495
0.1175 40.0922 3.22506
0.12 40.3739 3.20171
0.1225 40.5912 3.17506
0.125 40.7452 3.14526
0.1275 40.8368 3.11246
0.13 40.8671 3.07677
0.1325 40.8372 3.03835
0.135 40.7482 2.9973
0.1375 40.6014 2.95376
0.14 40.398 2.90784
0.1425 40.1393 2.85965
0.145 39.8266 2.80931
0.1475 39.4614 2.75692
0.15 39.0451 2.70258
0.1525 38.5791 2.64642
0.155 38.0651 2.58852
0.1575 37.5044 2.52898
0.16 36.8987 2.46792
0.1625 36.2497 2.40542
0.165 35.559 2.34158
0.1675 34.8283 2.27651
0.17 34.0592 2.21029
0.1725 33.2535 2.14301
0.175 32.413 2.07478
0.1775 31.5394 2.00568
0.18 30.6346 1.93581
0.1825 29.7003 1.86525
0.185 28.7383 1.79409
0.1875 27.7506 1.72243
0.19 26.7388 1.65034
0.1925 25.7049 1.57792
0.195 24.6508 1.50525
0.1975 23.5782 1.43242
0.2 22.4891 1.35951
0.2025 21.3852 1.28659
0.205 20.2685 1.21376
0.2075 19.1408 1.14108
0.21 18.0039 1.06865
0.2125 16.8596 0.996528
0.215 15.7097 0.924799
0.2175 14.5561 0.853534
0.22 13.4005 0.782806
0.2225 12.2447 0.712686
0.225 11.0905 0.643243
0.2275 9.93947 0.574545
0.23 8.79345 0.506657
0.2325 7.65407 0.439643
0.235 6.52299 0.373566
0.2375 5.40183 0.308485
0.24 4.29219 0.24446
0.2425 3.19563 0.181545
0.245 2.11368 0.119796
0.2475 1.04785 0.0592645
