TITLE="Graphics"
VARIABLES= "rj, cm", "F", "dT/dt" 
0 0.000521529 22.0594
0.0025 0.000519425 21.9533
0.005 0.000513582 21.6599
0.0075 0.000503409 21.1533
0.01 0.000488977 20.4437
0.0125 0.00047036 19.5431
0.015 0.000447657 18.4663
0.0175 0.000421012 17.2302
0.02 0.000390636 15.8546
0.0225 0.000356829 14.362
0.025 0.000319999 12.7768
0.0275 0.0002807 11.1256
0.03 0.000239689 9.43627
0.0325 0.000198016 7.7375
0.035 0.000156928 6.05758
0.0375 0.000119907 4.4234
0.04 0.00023445 2.8567
0.0425 0.127533 1.66713
0.045 2.3383 106.505
0.0475 15467 3450.9
0.04775 9.71445e-17 2.01833e-08
0.05 4.705 5.58829
0.0525 1.96218 2.70623
0.055 1.85402 1.9741
0.0575 1.64633 1.72142
0.06 1.40646 1.54882
0.0625 1.19595 1.39637
0.065 1.02206 1.25889
0.0675 0.8794 1.13665
0.07 0.761599 1.02902
0.0725 0.663474 0.934571
0.075 0.58107 0.85161
0.0775 0.511322 0.778466
0.08 0.451726 0.71366
0.0825 0.40033 0.656072
0.085 0.356344 0.605004
0.0875 0.318405 0.559594
0.09 0.285417 0.51901
0.0925 0.256593 0.482562
0.095 0.231316 0.449694
0.0975 0.209083 0.419951
0.1 0.189467 0.392952
0.1025 0.172107 0.368369
0.105 0.156699 0.34592
0.1075 0.142984 0.325362
0.11 0.130742 0.306481
0.1125 0.119787 0.289093
0.115 0.109957 0.273038
0.1175 0.101119 0.258173
0.12 0.0931517 0.244378
0.1225 0.085956 0.231543
0.125 0.079442 0.219575
0.1275 0.0735342 0.208391
0.13 0.0681662 0.197918
0.1325 0.0632799 0.18809
0.135 0.0588225 0.178851
0.1375 0.0547519 0.17015
0.14 0.0510269 0.161942
0.1425 0.0476137 0.154186
0.145 0.0444803 0.146846
0.1475 0.0416025 0.13989
0.15 0.0389538 0.133288
0.1525 0.0365153 0.127014
0.155 0.034267 0.121041
0.1575 0.0321821 0.115345
0.16 0.0302387 0.109909
0.1625 0.0284533 0.104722
0.165 0.0268035 0.0997688
0.1675 0.0252722 0.0950319
0.17 0.0238456 0.090495
0.1725 0.0225184 0.0861449
0.175 0.0212813 0.0819694
0.1775 0.0201285 0.077958
0.18 0.0190531 0.0741009
0.1825 1.00178e+06 0.0703885
0.185 2.47395e+06 490960
0.1875 980012 0.0633641
0.19 0.01541 0.0600362
0.1925 0.0146399 0.0568211
0.195 0.0139179 0.0537119
0.1975 0.0132392 0.0507021
0.2 0.0126017 0.0477858
0.2025 0.0120008 0.0449576
0.205 0.011435 0.0422128
0.2075 0.0109041 0.0395476
0.21 0.0104046 0.0369577
0.2125 0.00992528 0.0344379
0.215 0.00946338 0.0319879
0.2175 0.00901588 0.0296116
0.22 0.00857647 0.0273177
0.2225 0.0081384 0.0251218
0.225 0.00769562 0.0230483
0.2275 0.00724321 0.0211326
0.23 0.00679508 0.0194224
0.2325 0.00638883 0.01797
0.235 0.00613306 0.016815
0.2375 0.00623741 0.0159347
0.24 0.00704794 0.0151499
0.2425 0.00883946 0.0139739
0.245 0.0109536 0.0114962
0.2475 0.00988208 0.00669176
