TITLE="Graphics"
VARIABLES= "rj, cm", "F", "dT/dt" 
0 0.0004254 3.55472e-06
0.0025 0.000132783 2.07461e-06
0.005 6.48099e-05 1.40886e-06
0.0075 8.59726e-05 8.38486e-07
0.01 4.74408e-07 1.56396e-07
0.0125 2.99712e-05 5.9682e-09
0.015 1.02619e-07 2.72168e-08
0.0175 3.81027e-07 1.6949e-09
0.02 5.99665e-09 2.32196e-10
0.0225 1.21174e-09 1.47786e-10
0.025 1.05034e-09 2.75463e-10
0.0275 1.07986e-08 5.47524e-10
0.03 2.04745e-07 1.97625e-09
0.0325 4.2756e-06 2.72679e-08
0.035 7.51203e-06 1.14504e-07
0.0375 4.56587e-07 1.04332e-07
0.04 1.53716e-06 1.7139e-07
0.0425 5.10315e-05 6.42672e-07
0.045 0.000229391 1.03599e-06
0.0475 1.02211e-08 8.54942e-07
0.0475003 0.000115746 1.68373e-10
0.05 15367.7 1.82428
0.0525 108608 2.52661
0.055 231809 412.323
0.0575 120577 3.51015
0.06 6.88399 3.88436
0.0625 8.37888 4.20703
0.065 9.83628 4.48867
0.0675 11.2467 4.73638
0.07 12.6041 4.95523
0.0725 13.9047 5.14901
0.075 15.1461 5.32062
0.0775 16.3269 5.47238
0.08 17.4463 5.60617
0.0825 18.5041 5.72354
0.085 19.5002 5.82577
0.0875 20.435 5.91399
0.09 21.3088 5.98913
0.0925 22.1224 6.05203
0.095 22.8762 6.10342
0.0975 23.5713 6.14394
0.1 24.2084 6.17417
0.1025 24.7883 6.19465
0.105 25.3122 6.20585
0.1075 25.7808 6.2082
0.11 26.1954 6.20212
0.1125 26.5569 6.18797
0.115 26.8664 6.16611
0.1175 27.125 6.13688
0.12 27.3339 6.10057
0.1225 27.4941 6.0575
0.125 27.6069 6.00795
0.1275 27.6734 5.95218
0.13 27.6947 5.89047
0.1325 27.6722 5.82307
0.135 27.6069 5.75021
0.1375 27.5002 5.67215
0.14 27.3533 5.58912
0.1425 27.1673 5.50133
0.145 26.9436 5.40903
0.1475 26.6834 5.31242
0.15 26.3879 5.21173
0.1525 26.0585 5.10716
0.155 25.6963 4.99892
0.1575 25.3028 4.88723
0.16 24.8791 4.77228
0.1625 24.4265 4.65428
0.165 23.9463 4.53342
0.1675 23.4399 4.4099
0.17 22.9084 4.28392
0.1725 22.3531 4.15567
0.175 21.7754 4.02534
0.1775 21.1765 3.89311
0.18 20.5577 3.75918
0.1825 19.9202 3.62373
0.185 19.2653 3.48693
0.1875 18.5943 3.34898
0.19 17.9083 3.21005
0.1925 17.2087 3.07031
0.195 16.4967 2.92993
0.1975 15.7734 2.7891
0.2 15.0401 2.64798
0.2025 14.298 2.50673
0.205 13.5482 2.36552
0.2075 12.792 2.2245
0.21 12.0304 2.08385
0.2125 11.2647 1.94371
0.215 10.496 1.80424
0.2175 9.72525 1.66559
0.22 8.95369 1.5279
0.2225 8.18237 1.39132
0.225 7.41233 1.25599
0.2275 6.64461 1.12205
0.23 5.88022 0.989628
0.2325 5.12017 0.85886
0.235 4.36543 0.729872
0.2375 3.61696 0.602788
0.24 2.87568 0.477727
0.2425 2.14251 0.354808
0.245 1.41833 0.234142
0.2475 0.704016 0.115837
