TITLE="Graphics"
VARIABLES= "rj, cm", "F", "dT/dt" 
0 0.000262733 22.259
0.0025 0.000261681 22.1521
0.005 0.000258758 21.8565
0.0075 0.000253668 21.346
0.01 0.000246444 20.6308
0.0125 0.000237118 19.7232
0.015 0.000225738 18.6377
0.0175 0.00021237 17.3914
0.02 0.000197118 16.0042
0.0225 0.000180125 14.4987
0.025 0.000161589 12.8994
0.0275 0.000141777 11.2331
0.03 0.000121046 9.52811
0.0325 9.98887e-05 7.81334
0.035 7.92903e-05 6.11772
0.0375 6.15059e-05 4.46805
0.04 0.000574094 2.88414
0.0425 0.135638 2.06985
0.045 0.157271 104.706
0.0475 4.01614 58.4648
0.04775 6.245e-17 1.87635e-08
0.05 1.3466 10.0713
0.0525 1.09885 8.10249
0.055 0.891398 6.72883
0.0575 0.745171 5.64714
0.06 0.634872 4.76119
0.0625 0.54616 4.03029
0.065 0.472498 3.42644
0.0675 0.410536 2.92638
0.07 0.358119 2.51059
0.0725 0.31361 2.16313
0.075 0.275679 1.87118
0.0775 0.243233 1.62455
0.08 0.21537 1.41511
0.0825 0.191351 1.23635
0.085 0.170569 1.0831
0.0875 0.152517 0.95114
0.09 0.13678 0.837081
0.0925 0.123011 0.738141
0.095 0.110924 0.652034
0.0975 0.100279 0.576866
0.1 0.0908758 0.511064
0.1025 0.0825453 0.453311
0.105 659008 0.4025
0.1075 2.15749e+06 858992
0.11 640572 0.318113
0.1125 0.0573971 0.283076
0.115 0.0526695 0.252012
0.1175 0.0484171 0.224429
0.12 0.0445852 0.199905
0.1225 0.0411236 0.178076
0.125 0.0379907 0.158625
0.1275 0.0351503 0.141278
0.13 0.0325719 0.125796
0.1325 0.0302359 0.111973
0.135 0.0281463 0.0996411
0.1375 0.0260691 0.0886952
0.14 0.024334 0.0788558
0.1425 0.0227086 0.0700604
0.145 0.0212073 0.062213
0.1475 0.0198259 0.0552173
0.15 0.0185548 0.048986
0.1525 0.0173842 0.0434412
0.155 0.0163044 0.0385138
0.1575 0.015307 0.0341427
0.16 0.0143846 0.0302729
0.1625 0.0135313 0.0268556
0.165 0.0127398 0.0238475
0.1675 0.0120051 0.0212093
0.17 0.0113202 0.0189054
0.1725 0.0107114 0.0169024
0.175 0.0100779 0.0151968
0.1775 0.00955207 0.0137202
0.18 0.00903731 0.0124744
0.1825 0.00855666 0.0114371
0.185 0.00810929 0.0105884
0.1875 0.00768994 0.00991141
0.19 0.00729733 0.00939063
0.1925 0.00693027 0.0090117
0.195 0.00658434 0.00876209
0.1975 0.006261 0.0086296
0.2 0.00594053 0.00860371
0.2025 0.005678 0.00865902
0.205 0.0053901 0.00880919
0.2075 0.0051324 0.0090282
0.21 0.0048876 0.00930445
0.2125 0.0046527 0.00962589
0.215 0.00443043 0.0099778
0.2175 0.00421626 0.0103456
0.22 0.00401309 0.0107127
0.2225 0.00381637 0.0110622
0.225 0.00362643 0.0113755
0.2275 0.00343851 0.0116315
0.23 0.00327351 0.011803
0.2325 0.00307627 0.0118781
0.235 0.00285809 0.0118078
0.2375 0.00259663 0.0115189
0.24 0.00226114 0.0108947
0.2425 0.00183056 0.00974904
0.245 0.00129265 0.00780907
0.2475 0.000665455 0.00470699
