TITLE="Graphics"
VARIABLES= "rj, cm", "F", "dT/dt" 
0 2.27413e-05 19.3909
0.0025 2.26422e-05 19.2961
0.005 2.23676e-05 19.0339
0.0075 2.18927e-05 18.5815
0.01 2.12265e-05 17.9484
0.0125 2.03832e-05 17.1461
0.015 1.93879e-05 16.1879
0.0175 1.82893e-05 15.0888
0.02 1.71973e-05 13.8651
0.0225 1.64172e-05 12.5317
0.025 1.69226e-05 11.0961
0.0275 2.14176e-05 9.53753
0.03 3.3347e-05 7.74874
0.0325 3.83946e-05 5.46704
0.035 4.7093e-05 2.62158
0.0375 0.000300886 1.25238
0.04 0.00673734 7.06761
0.0425 26.5836 16.8065
0.045 58350.6 97.815
0.0475 773805 57.5502
0.04775 6.93889e-18 1.67961e-08
0.05 0.105364 9.62279
0.0525 0.0968536 6.6469
0.055 0.0826422 4.65474
0.0575 0.06964 3.31743
0.06 0.0589331 2.3893
0.0625 0.0502383 1.72638
0.065 0.0431138 1.24349
0.0675 0.0373299 0.887263
0.07 0.0322904 0.625076
0.0725 0.0282623 0.429795
0.075 0.0247576 0.286629
0.0775 0.0217873 0.182846
0.08 447912 0.109258
0.0825 8.69714e+06 7.81184e+06
0.085 437778 0.0266648
0.0875 0.0135504 0.00834641
0.09 0.0121263 0.000822245
0.0925 0.0108819 0.0016187
0.095 0.00979517 0.00878102
0.0975 0.00881895 0.0207732
0.1 0.00797723 0.0363329
0.1025 0.00722828 0.0544863
0.105 0.00656863 0.0744467
0.1075 0.00593389 0.0956493
0.11 0.00547391 0.117015
0.1125 0.0049581 0.13905
0.115 0.00453941 0.16084
0.1175 0.00415896 0.182196
0.12 0.00381556 0.202914
0.1225 0.00350551 0.222825
0.125 0.00322488 0.241797
0.1275 0.00297042 0.259725
0.13 0.00273588 0.276517
0.1325 0.0025135 0.292072
0.135 0.00227921 0.306202
0.1375 0.00192277 0.318395
0.14 0.00224951 0.326604
0.1425 0.00190986 0.336415
0.145 0.00173236 0.345515
0.1475 0.00160257 0.353398
0.15 0.00148696 0.359986
0.1525 0.00138384 0.365265
0.155 0.00128914 0.369254
0.1575 0.00120289 0.371986
0.16 0.00112347 0.3735
0.1625 0.00105053 0.37384
0.165 0.000982974 0.373053
0.1675 0.000921249 0.371185
0.17 0.000864088 0.368285
0.1725 0.000811094 0.364403
0.175 0.00076255 0.359589
0.1775 0.000717628 0.353894
0.18 0.000676067 0.347368
0.1825 0.000637538 0.340062
0.185 0.000602272 0.332028
0.1875 0.000569371 0.323317
0.19 0.000539357 0.313979
0.1925 0.000511332 0.304065
0.195 0.000485162 0.293626
0.1975 0.000461714 0.28271
0.2 0.000439399 0.271367
0.2025 0.000419224 0.259647
0.205 0.000400232 0.247596
0.2075 0.000382553 0.235261
0.21 0.000366678 0.222688
0.2125 0.000351417 0.209921
0.215 0.000337112 0.197001
0.2175 0.00032367 0.183966
0.22 0.000310223 0.170851
0.2225 0.00029778 0.157684
0.225 0.000283867 0.144485
0.2275 0.00026988 0.131261
0.23 0.000254012 0.118006
0.2325 0.000235518 0.10469
0.235 0.000214152 0.091255
0.2375 0.000188517 0.0776093
0.24 0.000157973 0.0636198
0.2425 0.000122538 0.049106
0.245 8.29174e-05 0.0338438
0.2475 4.08435e-05 0.0175698
