TITLE="Graphics"
VARIABLES= "rj, cm", "F", "dT/dt" 
0 1.1555e-11 3.21282e-09
0.0025 6.13498e-11 3.18496e-09
0.005 4.86259e-11 3.08267e-09
0.0075 5.93031e-11 2.92043e-09
0.01 4.36423e-11 2.68653e-09
0.0125 3.71605e-11 2.40767e-09
0.015 5.49344e-11 2.08281e-09
0.0175 142.577 1.7209e-09
0.02 735.288 485.881
0.0225 110.784 9.71806e-10
0.025 1.38491e-11 5.92773e-10
0.0275 1.51235e-11 2.52794e-10
0.03 4.59698e-09 5.65596e-11
0.0325 2.73155e-07 8.55732e-10
0.035 2.60811e-06 8.85651e-09
0.0375 5.51831e-08 1.64656e-08
0.04 2.14945e-06 3.09364e-08
0.0425 3.50802e-06 5.0485e-08
0.045 5.3256e-05 6.15914e-07
0.0475 0.000128368 1.22148e-06
0.0475003 2.35922e-16 1.2625e-10
0.05 0.122823 1.36808
0.0525 2.90149 1.89188
0.055 4.33791 2.29419
0.0575 5.78007 2.62237
0.06 7.20103 2.89901
0.0625 8.58498 3.1368
0.065 9.92253 3.34368
0.0675 11.208 3.52503
0.07 12.4382 3.6847
0.0725 13.6111 3.82555
0.075 14.7258 3.94981
0.0775 15.7819 4.05924
0.08 16.7794 4.15527
0.0825 17.7187 4.23907
0.085 18.6002 4.31163
0.0875 19.4246 4.37381
0.09 20.1927 4.42633
0.0925 20.9052 4.46981
0.095 21.563 4.50483
0.0975 22.1671 4.53186
0.1 22.7183 4.55136
0.1025 23.2177 4.56373
0.105 23.6662 4.56932
0.1075 24.0648 4.56848
0.11 24.4145 4.5615
0.1125 24.7165 4.54867
0.115 24.9716 4.53027
0.1175 25.1811 4.50653
0.12 25.3458 4.47769
0.1225 25.467 4.44399
0.125 25.5457 4.40562
0.1275 25.5829 4.36279
0.13 25.5799 4.3157
0.1325 25.5376 4.26453
0.135 25.4571 4.20948
0.1375 25.3397 4.15071
0.14 25.1864 4.0884
0.1425 24.9984 4.02271
0.145 24.7767 3.9538
0.1475 24.5226 3.88185
0.15 24.2371 3.807
0.1525 23.9214 3.72942
0.155 23.5767 3.64924
0.1575 23.2041 3.56663
0.16 22.8047 3.48172
0.1625 22.3797 3.39467
0.165 21.9302 3.30562
0.1675 21.4575 3.21471
0.17 20.9626 3.12208
0.1725 20.4467 3.02787
0.175 19.9109 2.93222
0.1775 19.3564 2.83525
0.18 18.7844 2.73711
0.1825 18.1959 2.63793
0.185 17.5921 2.53783
0.1875 16.9741 2.43695
0.19 16.3431 2.33542
0.1925 15.7001 2.23335
0.195 15.0463 2.13088
0.1975 14.3827 2.02812
0.2 13.7104 1.92519
0.2025 13.0306 1.82222
0.205 12.3442 1.71933
0.2075 11.6523 1.61661
0.21 10.956 1.5142
0.2125 10.2563 1.4122
0.215 9.55417 1.31072
0.2175 8.85064 1.20986
0.22 8.1467 1.10973
0.2225 7.44329 1.01044
0.225 6.74138 0.912078
0.2275 6.04189 0.814747
0.23 5.34575 0.718542
0.2325 4.65385 0.623555
0.235 3.96706 0.529876
0.2375 3.28624 0.437594
0.24 2.61224 0.346792
0.2425 1.94586 0.257554
0.245 1.28791 0.169958
0.2475 0.639151 0.0840824
