TITLE="Graphics"
VARIABLES= "rj, cm", "F", "dT/dt" 
0 1.54012e-05 3.02196e-07
0.0025 8.26773e-05 6.94095e-08
0.005 2.51857e-08 6.80485e-08
0.0075 5.09137e-08 1.12885e-07
0.01 5.7884e-08 1.26617e-07
0.0125 5.55441e-08 1.2375e-07
0.015 4.80404e-08 1.10609e-07
0.0175 3.84608e-08 9.11921e-08
0.02 2.84508e-08 6.84254e-08
0.0225 1.90272e-08 4.45351e-08
0.025 9.85382e-09 2.12397e-08
0.0275 4.47857e-08 1.63838e-11
0.03 2.94092e-06 2.43608e-08
0.0325 1.56518e-06 9.99139e-08
0.035 8.34917e-06 3.60053e-08
0.0375 7.73616e-06 5.78825e-08
0.04 2.89532e-05 2.33595e-07
0.0425 0.000141042 1.21608e-06
0.045 6.823e-05 7.62282e-06
0.0475 0.00033937 2.52291e-07
0.0475003 4.05231e-15 9.67601e-12
0.05 1.26874 0.104489
0.0525 2.44492 0.145449
0.055 3.14708 0.177522
0.0575 3.76578 0.204267
0.06 4.314 0.22737
0.0625 4.79916 0.247767
0.065 5.22638 0.266036
0.0675 5.59975 0.282564
0.07 5.92275 0.297622
0.0725 6.1985 0.311408
0.075 6.42993 0.324072
0.0775 6.61976 0.335729
0.08 6.77059 0.346469
0.0825 6.88493 0.356364
0.085 6.96517 0.365472
0.0875 7.01365 0.37384
0.09 7.03259 0.381507
0.0925 7.02418 0.388502
0.095 6.99049 0.394854
0.0975 6.93355 0.400583
0.1 6.8553 0.405707
0.1025 6.75764 0.410243
0.105 6.64236 0.414202
0.1075 6.51121 0.417596
0.11 6.36585 0.420434
0.1125 6.20788 0.422726
0.115 6.03882 0.424479
0.1175 5.86015 0.4257
0.12 5.67324 0.426396
0.1225 5.47941 0.426572
0.125 5.27993 0.426236
0.1275 5.07598 0.425394
0.13 4.86867 0.424051
0.1325 4.65907 0.422215
0.135 4.44817 0.419892
0.1375 4.2369 0.41709
0.14 4.02612 0.413816
0.1425 3.81664 0.410077
0.145 3.60923 0.405884
0.1475 3.40455 0.401243
0.15 3.20326 0.396165
0.1525 3.00594 0.39066
0.155 2.8131 0.384739
0.1575 2.62524 0.378412
0.16 2.44278 0.371691
0.1625 2.26609 0.364589
0.165 2.09552 0.357118
0.1675 1.93134 0.349291
0.17 1.77381 0.341123
0.1725 1.62312 0.332627
0.175 1.47943 0.323819
0.1775 1.34288 0.314713
0.18 1.21354 0.305326
0.1825 1.09146 0.295674
0.185 0.976667 0.285774
0.1875 0.869132 0.275641
0.19 0.768812 0.265294
0.1925 0.675626 0.25475
0.195 0.589471 0.244027
0.1975 0.510212 0.233143
0.2 0.437692 0.222117
0.2025 0.371729 0.210966
0.205 1.05704e+06 0.19971
0.2075 2.09135e+06 100.475
0.21 1.03593e+06 0.176955
0.2125 0.169072 0.165494
0.215 0.132446 0.154002
0.2175 0.100875 0.142498
0.22 0.0740512 0.131001
0.2225 0.0516591 0.119528
0.225 0.0333697 0.108099
0.2275 0.0188484 0.0967307
0.23 0.00774927 0.0854416
0.2325 0.000271993 0.074249
0.235 0.00557198 0.0631702
0.2375 0.00850337 0.0522219
0.24 0.00942171 0.0414207
0.2425 0.00867948 0.0307826
0.245 0.00662916 0.0203231
0.2475 0.0036147 0.0100574
