TITLE="Graphics"
VARIABLES= "rj, cm", "F", "dT/dt" 
0 0.00230846 25.0454
0.0025 0.00230032 24.928
0.005 0.00227762 24.6031
0.0075 0.00223782 24.0414
0.01 0.0021808 23.2534
0.0125 0.00210631 22.2511
0.015 0.00201415 21.0494
0.0175 0.00190432 19.6658
0.02 0.00177713 18.121
0.0225 0.00163336 16.4386
0.025 0.00147446 14.6451
0.0275 0.00130275 12.7697
0.03 0.00112152 10.8434
0.0325 0.000934032 8.89842
0.035 0.000738948 6.96738
0.0375 0.000514049 5.08401
0.04 0.00256476 3.28946
0.0425 0.569628 2.15313
0.045 1.27489 99.7801
0.0475 1189.93 10.3728
0.04775 1.73472e-16 1.84253e-08
0.05 13.7653 2.26414
0.0525 8.84905 2.20538
0.055 6.8152 2.15891
0.0575 5.74314 1.9174
0.06 4.94717 1.61416
0.0625 4.27712 1.3238
0.065 3.70457 1.07074
0.0675 3.21733 0.858237
0.07 2.80382 0.682354
0.0725 2.4528 0.537481
0.075 2.15416 0.418222
0.0775 1.89922 0.319942
0.08 1.68072 0.238836
0.0825 1.49267 0.171823
0.085 1.33014 0.116421
0.0875 1.1891 0.0706247
0.09 1.06622 0.0328057
0.0925 0.958773 0.00163568
0.095 0.864488 0.0239757
0.0975 0.781482 0.0449278
0.1 0.708174 0.0619652
0.1025 0.64324 0.0757074
0.105 0.585559 0.0866716
0.1075 677045 0.0952908
0.11 1.44421e+06 108244
0.1125 658115 0.106892
0.115 0.410377 0.11044
0.1175 0.37723 0.112791
0.12 0.347352 0.114133
0.1225 0.320366 0.114623
0.125 0.295941 0.114398
0.1275 0.273792 0.113572
0.13 0.253671 0.112246
0.1325 0.235358 0.110503
0.135 0.218662 0.108417
0.1375 0.203417 0.10605
0.14 0.189473 0.103456
0.1425 0.1767 0.10068
0.145 0.164984 0.0977617
0.1475 0.154219 0.0947353
0.15 0.144317 0.0916294
0.1525 0.135196 0.0884686
0.155 0.126784 0.0852735
0.1575 0.119016 0.082062
0.16 0.111835 0.0788487
0.1625 0.105188 0.0756458
0.165 0.0990293 0.0724635
0.1675 0.0933162 0.0693101
0.17 0.0880107 0.0661922
0.1725 0.0830777 0.063115
0.175 0.0784888 0.0600827
0.1775 0.0742142 0.0570982
0.18 0.0702276 0.0541636
0.1825 0.0665075 0.0512805
0.185 0.0630323 0.0484495
0.1875 0.0597815 0.0456709
0.19 0.0567381 0.0429447
0.1925 0.0538838 0.0402708
0.195 0.0512048 0.0376488
0.1975 0.0486845 0.0350788
0.2 0.0463081 0.0325613
0.2025 0.0440621 0.0300976
0.205 0.0419331 0.0276901
0.2075 0.0399067 0.0253427
0.21 0.0379723 0.0230616
0.2125 0.0361181 0.0208548
0.215 0.0343391 0.0187335
0.2175 0.0326339 0.0167109
0.22 0.0310094 0.0148019
0.2225 0.0294887 0.0130214
0.225 0.0281047 0.0113814
0.2275 0.0269044 0.00988637
0.23 0.0259478 0.00852751
0.2325 0.0252668 0.00727621
0.235 0.0248325 0.00608033
0.2375 0.0244562 0.00486779
0.24 0.0236756 0.00356828
0.2425 0.0216626 0.00216489
0.245 0.0173268 0.000785287
0.2475 0.0098837 0.000180446
