TITLE="Graphics"
VARIABLES= "rj, cm", "F", "dT/dt" 
0 5.03972e-07 8.20668e-10
0.0025 8.61782e-07 3.8864e-09
0.005 2.74799e-06 1.71648e-08
0.0075 9.69617e-06 7.57384e-08
0.01 2.99289e-05 2.96853e-07
0.0125 7.20299e-05 9.59079e-07
0.015 0.000117858 2.38881e-06
0.0175 8.9762e-05 4.20548e-06
0.02 7.41841e-05 4.42747e-06
0.0225 0.000146661 1.20857e-06
0.025 2.32967e-05 8.13951e-07
0.0275 70.2991 1.20313e-07
0.03 486280 60.7351
0.0325 59.4665 2.33622e-09
0.035 9.91171e-07 7.58748e-09
0.0375 2.35537e-05 1.07163e-07
0.04 4.9934e-05 6.46467e-07
0.0425 0.000388801 3.05959e-06
0.045 2.55284e-05 4.13272e-06
0.0475 0.000927465 1.20441e-06
0.0475003 5.34295e-16 1.6266e-11
0.05 0.184552 0.17602
0.0525 0.866727 0.243386
0.055 1.22626 0.295187
0.0575 1.57295 0.337509
0.06 1.90331 0.373258
0.0625 2.21534 0.404067
0.065 2.50805 0.430957
0.0675 2.78108 0.454617
0.07 3.03444 0.475542
0.0725 3.26841 0.494099
0.075 3.48339 0.51057
0.0775 3.67993 0.52518
0.08 3.85859 0.538108
0.0825 4.02 0.549504
0.085 4.16481 0.559492
0.0875 4.29368 0.568176
0.09 4.40728 0.575645
0.0925 4.50625 0.581978
0.095 4.59126 0.587242
0.0975 4.66294 0.591495
0.1 4.72193 0.594792
0.1025 4.76885 0.597179
0.105 4.80431 0.598699
0.1075 4.82888 0.59939
0.11 4.84315 0.599288
0.1125 4.84766 0.598425
0.115 4.84295 0.596833
0.1175 4.82955 0.594538
0.12 4.80796 0.591569
0.1225 4.77866 0.587949
0.125 4.74212 0.583704
0.1275 4.6988 0.578855
0.13 4.64911 0.573426
0.1325 4.5935 0.567437
0.135 4.53234 0.560909
0.1375 4.46604 0.553864
0.14 4.39496 0.54632
0.1425 4.31944 0.538297
0.145 4.23984 0.529814
0.1475 4.15648 0.520891
0.15 4.06966 0.511546
0.1525 3.97969 0.501799
0.155 3.88685 0.491667
0.1575 3.7914 0.48117
0.16 3.69361 0.470325
0.1625 3.59372 0.459152
0.165 3.49197 0.447668
0.1675 3.38858 0.435893
0.17 3.28376 0.423843
0.1725 3.17772 0.411539
0.175 3.07064 0.398997
0.1775 2.9627 0.386237
0.18 2.85409 0.373277
0.1825 2.74496 0.360135
0.185 2.63547 0.346828
0.1875 2.52576 0.333376
0.19 2.41597 0.319796
0.1925 2.30623 0.306106
0.195 2.19667 0.292325
0.1975 2.0874 0.278469
0.2 1.97852 0.264558
0.2025 1.87014 0.250607
0.205 1.76236 0.236636
0.2075 1.65526 0.22266
0.21 1.54892 0.208697
0.2125 1.44343 0.194764
0.215 1.33885 0.180878
0.2175 1.23525 0.167054
0.22 1.1327 0.15331
0.2225 1.03125 0.13966
0.225 0.930944 0.126121
0.2275 0.83184 0.112708
0.23 0.73398 0.0994355
0.2325 0.637404 0.0863185
0.235 0.542148 0.0733712
0.2375 0.448246 0.0606074
0.24 0.355727 0.0480407
0.2425 0.264621 0.0356841
0.245 0.17495 0.0235504
0.2475 0.0867396 0.0116517
