TITLE="Graphics"
VARIABLES= "rj, cm", "F", "dT/dt" 
0 1.06738e-08 1.62769e-09
0.0025 4.0701e-08 1.10921e-09
0.005 5.79585e-08 4.03116e-10
0.0075 8.38017e-10 1.48452e-10
0.01 9.71151e-09 9.24467e-12
0.0125 8.4754e-10 6.96497e-12
0.015 1.00847e-11 3.59898e-12
0.0175 2.58104e-11 2.36769e-13
0.02 5.42665e-11 4.81867e-12
0.0225 5.18516e-10 1.03556e-14
0.025 1.86569e-10 1.80731e-11
0.0275 3.68778e-10 1.12855e-11
0.03 1.15219e-09 1.06676e-11
0.0325 6.33765e-10 8.76407e-12
0.035 2.31799e-09 1.08165e-11
0.0375 5.26919e-09 8.25355e-11
0.04 2.2342e-08 6.86061e-11
0.0425 5.89719e-09 1.17284e-10
0.045 4.96824e-08 3.99011e-10
0.0475 5.86282e-08 2.0613e-09
0.0475003 1.8735e-15 9.10537e-12
0.05 1.19425 0.0987743
0.0525 2.30073 0.137448
0.055 2.96169 0.167722
0.0575 3.54413 0.192961
0.06 4.06027 0.214759
0.0625 4.51708 0.234
0.065 4.91937 0.251232
0.0675 5.27099 0.26682
0.07 5.5752 0.281019
0.0725 5.83495 0.294017
0.075 6.05296 0.305956
0.0775 6.23182 0.316944
0.08 6.37397 0.327067
0.0825 6.48175 0.336393
0.085 6.55744 0.344976
0.0875 6.6032 0.35286
0.09 6.62116 0.360083
0.0925 6.61334 0.366672
0.095 6.58172 0.372654
0.0975 6.5282 0.378049
0.1 6.45462 0.382873
0.1025 6.36273 0.387142
0.105 6.25426 0.390867
0.1075 6.13082 0.39406
0.11 5.994 0.396728
0.1125 5.84529 0.398881
0.115 5.68614 0.400526
0.1175 5.51792 0.401669
0.12 5.34194 0.402317
0.1225 5.15944 0.402475
0.125 4.97161 0.40215
0.1275 4.77955 0.401348
0.13 4.58434 0.400074
0.1325 4.38696 0.398334
0.135 4.18835 0.396136
0.1375 3.98939 0.393486
0.14 3.79089 0.390391
0.1425 3.59361 0.386859
0.145 3.39827 0.382897
0.1475 3.20551 0.378514
0.15 3.01593 0.373719
0.1525 2.83009 0.368522
0.155 2.64847 0.362931
0.1575 2.47154 0.356959
0.16 2.29969 0.350615
0.1625 2.13328 0.343912
0.165 1.97263 0.336861
0.1675 1.81801 0.329475
0.17 1.66964 0.321767
0.1725 971910 0.313751
0.175 1.92033e+06 97.89
0.1775 949947 0.296849
0.18 1.14198 0.287993
0.1825 1.02701 0.278886
0.185 0.9189 0.269546
0.1875 0.817632 0.259987
0.19 0.723161 0.250226
0.1925 0.635413 0.24028
0.195 0.554286 0.230165
0.1975 0.47966 0.219898
0.2 0.411381 0.209497
0.2025 0.349281 0.198978
0.205 0.293166 0.188361
0.2075 0.242827 0.177661
0.21 0.198033 0.166898
0.2125 0.158538 0.156087
0.215 0.124079 0.145248
0.2175 0.0943834 0.134398
0.22 0.069161 0.123554
0.2225 0.0481142 0.112733
0.225 0.0309324 0.101953
0.2275 0.0173007 0.0912312
0.23 0.00689641 0.0805838
0.2325 0.000612397 0.0700275
0.235 0.00555386 0.0595785
0.2375 0.00826499 0.0492526
0.24 0.00907967 0.0390655
0.2425 0.00832988 0.0290323
0.245 0.00634723 0.0191675
0.2475 0.00345819 0.0094855
