TITLE="Graphics"
VARIABLES= "rj, cm", "F", "dT/dt" 
0 0.000178136 18.9376
0.0025 0.000177356 18.8448
0.005 0.000175202 18.5881
0.0075 0.000171489 18.1452
0.01 0.000166326 17.5253
0.0125 0.000159907 16.7396
0.015 0.000152648 15.8007
0.0175 0.000145514 14.722
0.02 0.000140741 13.5157
0.0225 0.000142648 12.1872
0.025 0.000155424 10.7238
0.0275 0.000167873 9.08564
0.03 0.000115918 7.24046
0.0325 0.000126401 5.34527
0.035 0.000538331 4.0868
0.0375 0.000505613 4.56344
0.04 0.000743976 6.45944
0.0425 22.6315 6.51368
0.045 43835 105.126
0.0475 773775 58.3955
0.04775 2.08167e-17 1.88165e-08
0.05 1.09398 7.91357
0.0525 0.886681 5.7311
0.055 0.718077 4.35561
0.0575 0.598679 3.3592
0.06 0.507767 2.59493
0.0625 0.434761 1.99579
0.065 0.374205 1.52083
0.0675 0.324156 1.1399
0.07 0.282126 0.832185
0.0725 0.246745 0.581974
0.075 0.216661 0.377584
0.0775 0.191045 0.209884
0.08 0.16933 0.0719511
0.0825 0.150389 0.0414376
0.085 0.13407 0.134688
0.0875 0.119897 0.211255
0.09 0.107538 0.27394
0.0925 0.0967255 0.325032
0.095 0.0872317 0.366409
0.0975 0.0788711 0.399622
0.1 0.0714851 0.425955
0.1025 0.0649411 0.446477
0.105 0.0591287 0.462079
0.1075 0.053951 0.473508
0.11 0.0493279 0.48139
0.1125 0.045189 0.486254
0.115 0.0414758 0.488546
0.1175 0.0381366 0.488642
0.12 0.0351273 0.486865
0.1225 0.0324089 0.483487
0.125 0.0299494 0.478743
0.1275 0.0277188 0.472831
0.13 0.0256924 0.465924
0.1325 0.0238485 0.45817
0.135 0.0221668 0.449696
0.1375 0.0206309 0.440612
0.14 0.0192268 0.431014
0.1425 0.0179386 0.420986
0.145 0.0167579 0.410599
0.1475 0.0156725 0.399916
0.15 0.014673 0.388993
0.1525 0.0137524 0.377878
0.155 0.0129023 0.366614
0.1575 0.0121176 0.355236
0.16 0.0113905 0.343779
0.1625 0.0107182 0.33227
0.165 0.0100933 0.320734
0.1675 0.00951405 0.309194
0.17 0.0089756 0.29767
0.1725 0.00847473 0.286178
0.175 0.00800692 0.274733
0.1775 0.0075726 0.263348
0.18 0.00716555 0.252036
0.1825 0.00678671 0.240807
0.185 0.00643139 0.229668
0.1875 0.00609948 0.218629
0.19 0.00578868 0.207695
0.1925 0.00549695 0.196873
0.195 0.00522284 0.186167
0.1975 0.0049668 0.175582
0.2 0.00472486 0.165121
0.2025 0.00449705 0.154787
0.205 0.00428332 0.144584
0.2075 0.00408016 0.134514
0.21 0.00388854 0.124581
0.2125 0.00370578 0.114788
0.215 0.00353237 0.10514
0.2175 0.00336571 0.0956445
0.22 0.00320653 0.0863088
0.2225 0.00305298 0.0771425
0.225 1.09978e+06 0.0681579
0.2275 3.47771e+06 1.29719e+06
0.23 1.07934e+06 0.0507965
0.2325 0.00246386 0.0424628
0.235 0.002296 0.0344079
0.2375 0.0020917 0.0266969
0.24 0.00183063 0.0194406
0.2425 0.00148992 0.0128193
0.245 0.0010573 0.00710684
0.2475 0.00054727 0.00267965
