TITLE="Graphics"
VARIABLES= "rj, cm", "F", "dT/dt" 
0 0.00974466 27.0034
0.0025 0.00971436 26.8796
0.005 0.00962966 26.5364
0.0075 0.00948014 25.9428
0.01 0.00926368 25.1088
0.0125 0.00897722 24.0461
0.015 0.00861755 22.769
0.0175 0.00818216 21.295
0.02 0.0076702 19.6447
0.0225 0.00708327 17.8423
0.025 0.00642567 15.9152
0.0275 0.00570354 13.8939
0.03 0.00492234 11.8117
0.0325 0.00408612 9.70422
0.035 0.00322939 7.60919
0.0375 0.00254253 5.56432
0.04 0.0060229 3.5939
0.0425 26.5231 1.63473
0.045 66788.3 96.8493
0.0475 772574 55.347
0.04775 6.245e-17 1.72644e-08
0.05 35.4896 10.9869
0.0525 32.3607 8.29027
0.055 27.3781 6.43818
0.0575 22.9785 5.14505
0.06 19.4066 4.19933
0.0625 16.5303 3.47942
0.065 14.1919 2.91484
0.0675 12.2673 2.46242
0.07 10.6656 2.09404
0.0725 9.32036 1.79038
0.075 8.18207 1.53757
0.0775 7.2128 1.32533
0.08 6.38298 1.14589
0.0825 472925 0.993207
0.085 958185 24211.6
0.0875 461558 0.750248
0.09 4.05095 0.653238
0.0925 3.64348 0.569127
0.095 3.28604 0.495948
0.0975 2.97144 0.432089
0.1 2.69365 0.376217
0.1025 2.44761 0.327223
0.105 2.22906 0.284181
0.1075 2.03438 0.246308
0.11 1.8605 0.212943
0.1125 1.7048 0.183521
0.115 1.56505 0.157561
0.1175 1.4393 0.134645
0.12 1.32591 0.114416
0.1225 1.22345 0.0965605
0.125 1.13067 0.0808083
0.1275 1.0465 0.066922
0.13 0.969986 0.0546937
0.1325 0.900319 0.0439407
0.135 0.836772 0.0345019
0.1375 0.778713 0.0262353
0.14 0.725583 0.019015
0.1425 0.676891 0.0127295
0.145 0.632197 0.00727953
0.1475 0.591119 0.00257704
0.15 0.55331 0.00145649
0.1525 0.518465 0.00489112
0.155 0.486312 0.00778935
0.1575 0.456603 0.010207
0.16 0.429122 0.0121942
0.1625 0.403673 0.0137955
0.165 0.380077 0.0150511
0.1675 0.358176 0.0159968
0.17 0.337828 0.0166648
0.1725 0.3189 0.0170842
0.175 0.30128 0.0172808
0.1775 0.284858 0.017278
0.18 0.269541 0.0170967
0.1825 0.255243 0.0167556
0.185 0.241886 0.0162716
0.1875 0.229398 0.0156597
0.19 0.217717 0.014933
0.1925 0.206783 0.0141034
0.195 0.196542 0.0131808
0.1975 0.186942 0.0121742
0.2 0.177936 0.0110911
0.2025 0.169482 0.00993816
0.205 0.161537 0.00872087
0.2075 0.154062 0.00744406
0.21 0.147012 0.00611197
0.2125 0.140344 0.00472864
0.215 0.134001 0.00329838
0.2175 0.127916 0.00182661
0.22 0.122003 0.000321026
0.2225 0.116142 0.00120659
0.225 0.110192 0.00273782
0.2275 0.103959 0.00424421
0.23 0.0972088 0.00568267
0.2325 0.0896689 0.0069898
0.235 0.0810413 0.00807519
0.2375 0.0710413 0.00881435
0.24 0.0594576 0.00904203
0.2425 0.0462288 0.00854787
0.245 0.0315382 0.00707628
0.2475 0.0158702 0.00433304
