TITLE="Graphics"
VARIABLES= "rj, cm", "F", "dT/dt" 
0 0.000302937 26.7971
0.0025 0.00030198 26.6739
0.005 0.000299308 26.3326
0.0075 0.000294594 25.7421
0.01 0.000287778 24.9127
0.0125 0.000278772 23.8561
0.015 0.000267485 22.5867
0.0175 0.00025385 21.122
0.02 0.000237848 19.4825
0.0225 0.000219536 17.6926
0.025 136.432 15.7794
0.0275 301866 301632
0.03 113.633 11.7078
0.0325 0.000126489 9.61789
0.035 0.000100109 7.54067
0.0375 7.16954e-05 5.51306
0.04 0.000242512 3.57544
0.0425 0.0546736 1.42327
0.045 6.86517 100.224
0.0475 55478.4 25121.9
0.04775 1.38778e-17 2.14958e-08
0.05 4.85531 45.4064
0.0525 0.177509 27.6722
0.055 0.909406 21.6524
0.0575 0.887231 18.0161
0.06 0.755596 15.279
0.0625 0.635399 13.0957
0.065 0.537255 11.3145
0.0675 0.457942 9.84188
0.07 0.393439 8.61195
0.0725 0.340476 7.57604
0.075 0.296558 6.697
0.0775 0.259803 5.94603
0.08 0.228784 5.30053
0.0825 0.202407 4.74253
0.085 0.179827 4.25767
0.0875 0.160383 3.83435
0.09 0.143548 3.46313
0.0925 0.128901 3.1363
0.095 0.116102 2.84746
0.0975 0.104874 2.59133
0.1 0.0949854 2.36348
0.1025 0.0862478 2.16019
0.105 0.0785023 1.97831
0.1075 0.071615 1.81518
0.11 0.0654752 1.66852
0.1125 0.0599853 1.53636
0.115 0.0550644 1.41702
0.1175 0.050644 1.30905
0.12 0.0466627 1.21117
0.1225 0.0430699 1.12227
0.125 0.0398201 1.0414
0.1275 0.0368752 0.967708
0.13 0.0342009 0.900443
0.1325 0.0317679 0.83895
0.135 0.0295503 0.782647
0.1375 0.0275258 0.731017
0.14 0.0256737 0.683603
0.1425 0.0239774 0.639997
0.145 0.0224204 0.599834
0.1475 0.0209899 0.56279
0.15 0.0196731 0.528574
0.1525 0.0184591 0.496925
0.155 0.0173389 0.46761
0.1575 0.0163033 0.440417
0.16 0.0153448 0.415158
0.1625 0.0144565 0.391663
0.165 0.0136325 0.369777
0.1675 0.0128667 0.349362
0.17 0.0121546 0.330292
0.1725 0.0114917 0.312455
0.175 0.0108735 0.295746
0.1775 0.0102969 0.280072
0.18 0.00975775 0.265351
0.1825 0.00925481 0.251504
0.185 0.0087824 0.238461
0.1875 0.00834149 0.22616
0.19 0.0079268 0.214543
0.1925 0.00753796 0.203556
0.195 0.00717311 0.193154
0.1975 0.00682879 0.18329
0.2 0.00650492 0.173928
0.2025 0.00619922 0.165031
0.205 0.00590923 0.156567
0.2075 0.00563417 0.148509
0.21 0.00537182 0.140833
0.2125 0.00511838 0.133521
0.215 0.00487375 0.12656
0.2175 0.0046325 0.119944
0.22 0.00439343 0.113676
0.2225 0.00415053 0.10777
0.225 0.00390309 0.102251
0.2275 0.00364632 0.0971607
0.23 0.00338675 0.0925561
0.2325 0.00314417 0.0885048
0.235 0.00300543 0.0850643
0.2375 0.00323601 0.0822044
0.24 0.00459322 0.0795679
0.2425 0.00885215 0.075794
0.245 0.018368 0.0669436
0.2475 0.0278928 0.0444554
