TITLE="Graphics"
VARIABLES= "rj, cm", "F", "dT/dt" 
0 7.11832e-10 4.69459e-12
0.0025 4.97441e-10 1.00987e-11
0.005 1.93733e-11 9.54898e-12
0.0075 4.6227e-10 3.65964e-12
0.01 2.31393e-11 5.08331e-12
0.0125 1.54828e-10 4.80483e-12
0.015 2.54669e-10 3.55863e-12
0.0175 3.1082e-10 2.29023e-12
0.02 9.34616e-11 2.22691e-12
0.0225 2.88755e-10 7.35551e-12
0.025 1.71711e-09 1.68512e-11
0.0275 5.08888e-09 7.16784e-11
0.03 5.03315e-09 1.89525e-10
0.0325 69.3618 1.66329e-10
0.035 486056 60.7351
0.0375 60.1025 1.97824e-10
0.04 1.57253e-09 1.21756e-10
0.0425 1.17301e-08 2.35538e-10
0.045 1.18081e-07 1.77088e-09
0.0475 2.66082e-07 3.33104e-09
0.0475003 3.60822e-16 3.1389e-11
0.05 0.0530608 0.340112
0.0525 2.14416 0.47009
0.055 3.21498 0.569781
0.0575 4.28849 0.650968
0.06 5.34365 0.719278
0.0625 6.36821 0.777874
0.065 7.35499 0.828738
0.0675 8.29972 0.873212
0.07 9.19997 0.912258
0.0725 10.0544 0.946593
0.075 10.8625 0.976774
0.0775 11.624 1.00324
0.08 12.3392 1.02636
0.0825 13.0085 1.04641
0.085 13.6324 1.06366
0.0875 14.2117 1.07832
0.09 14.7471 1.09057
0.0925 15.2395 1.10057
0.095 15.6896 1.10846
0.0975 16.0985 1.11437
0.1 16.4669 1.11841
0.1025 16.796 1.12069
0.105 17.0866 1.1213
0.1075 17.3396 1.12032
0.11 17.5562 1.11783
0.1125 17.7372 1.11391
0.115 17.8837 1.10862
0.1175 17.9966 1.10204
0.12 18.077 1.09421
0.1225 18.1258 1.08521
0.125 18.1441 1.07507
0.1275 18.1328 1.06387
0.13 18.093 1.05164
0.1325 18.0255 1.03844
0.135 17.9316 1.0243
0.1375 17.812 1.00929
0.14 17.6678 0.993443
0.1425 17.5 0.976799
0.145 17.3095 0.959403
0.1475 17.0973 0.941295
0.15 16.8643 0.922515
0.1525 16.6116 0.903102
0.155 16.3399 0.883096
0.1575 16.0504 0.862532
0.16 15.7438 0.841449
0.1625 15.421 0.819882
0.165 15.0831 0.797867
0.1675 14.7307 0.775439
0.17 14.3649 0.752632
0.1725 13.9865 0.729481
0.175 13.5963 0.706017
0.1775 13.1951 0.682275
0.18 12.7838 0.658286
0.1825 12.3632 0.634082
0.185 11.934 0.609693
0.1875 11.497 0.585152
0.19 11.053 0.560486
0.1925 10.6028 0.535727
0.195 10.147 0.510903
0.1975 9.68638 0.486042
0.2 9.22163 0.461173
0.2025 8.75343 0.436322
0.205 8.28246 0.411517
0.2075 7.80935 0.386784
0.21 7.33476 0.362149
0.2125 6.8593 0.337636
0.215 6.38357 0.31327
0.2175 5.90818 0.289076
0.22 5.43369 0.265076
0.2225 4.96067 0.241294
0.225 4.48966 0.217753
0.2275 4.02119 0.194472
0.23 3.55579 0.171475
0.2325 3.09396 0.14878
0.235 2.63617 0.126409
0.2375 2.18291 0.10438
0.24 1.73464 0.0827117
0.2425 1.29181 0.0614226
0.245 0.85484 0.0405299
0.2475 0.424157 0.0200503
