TITLE="Graphics"
VARIABLES= "rj, cm", "F", "dT/dt" 
0 0.000150569 26.5667
0.0025 0.000150086 26.4442
0.005 0.000148736 26.1049
0.0075 0.000146358 25.5181
0.01 0.000142923 24.6939
0.0125 149.336 23.6442
0.015 602041 601815
0.0175 106.405 20.9291
0.02 0.000117893 19.3019
0.0225 0.000108753 17.5258
0.025 9.85336e-05 15.6283
0.0275 8.73233e-05 13.6395
0.03 7.52468e-05 11.5923
0.0325 6.25437e-05 9.52194
0.035 4.97851e-05 7.46461
0.0375 3.86795e-05 5.45547
0.04 9.89035e-05 3.52106
0.0425 0.0255562 1.43266
0.045 6.56664 102.973
0.0475 58329.1 52864.6
0.04775 6.93889e-17 2.1941e-08
0.05 2.53447 46.9368
0.0525 0.0821673 27.175
0.055 0.502869 21.5868
0.0575 0.461349 17.9729
0.06 0.386188 15.1954
0.0625 0.323383 12.9755
0.065 0.273069 11.1683
0.0675 0.23263 9.67896
0.07 0.199816 8.43966
0.0725 0.172904 7.39993
0.075 0.150603 6.52123
0.0775 0.131948 5.77368
0.08 0.116211 5.13384
0.0825 0.102835 4.58312
0.085 0.0913893 4.10667
0.0875 0.0815356 3.69249
0.09 0.0730069 3.33085
0.0925 0.065589 3.01378
0.095 0.0591078 2.73471
0.0975 0.0534223 2.48822
0.1 0.0484149 2.26975
0.1025 0.04399 2.0755
0.105 0.0400664 1.90228
0.1075 0.0365768 1.74735
0.11 0.0334633 1.60842
0.1125 0.0306795 1.48351
0.115 0.0281813 1.37092
0.1175 0.0259364 1.2692
0.12 0.0239123 1.17709
0.1225 0.0220851 1.09349
0.125 0.0204296 1.01745
0.1275 0.0189293 0.948156
0.13 0.0175649 0.88487
0.1325 0.016322 0.826959
0.135 0.0151891 0.773867
0.1375 0.014153 0.725099
0.14 0.0132043 0.680221
0.1425 0.0123352 0.638849
0.145 0.011536 0.600641
0.1475 0.0108012 0.565294
0.15 0.0101248 0.53254
0.1525 0.00949988 0.502136
0.155 0.00892352 0.47387
0.1575 0.00838967 0.447549
0.16 0.00789621 0.423
0.1625 0.00743836 0.40007
0.165 0.0070137 0.378618
0.1675 0.00661948 0.358519
0.17 0.00625107 0.339658
0.1725 0.00590593 0.321935
0.175 0.00558629 0.305263
0.1775 0.0052892 0.289561
0.18 0.00501136 0.27475
0.1825 0.00475141 0.260762
0.185 0.00450821 0.247534
0.1875 0.00427949 0.235007
0.19 0.00406587 0.223132
0.1925 0.00386491 0.211861
0.195 0.00367609 0.201152
0.1975 0.00349856 0.190966
0.2 0.00333094 0.181266
0.2025 0.00317353 0.172024
0.205 0.00302452 0.163208
0.2075 0.00288451 0.154795
0.21 0.00275051 0.146759
0.2125 0.00262112 0.139081
0.215 0.00249574 0.13175
0.2175 0.00237428 0.12476
0.22 0.00225264 0.118113
0.2225 0.0021311 0.11182
0.225 0.00200649 0.105905
0.2275 0.00187555 0.100407
0.23 0.001739 0.0953844
0.2325 0.00159199 0.0909149
0.235 0.00144779 0.0870987
0.2375 0.0013478 0.0840395
0.24 0.0015205 0.0817625
0.2425 0.00295059 0.0798063
0.245 0.00902057 0.0754565
0.2475 0.023925 0.0577135
