TITLE="Graphics"
VARIABLES= "rj, cm", "F", "dT/dt" 
0 4.34126e-05 18.3998
0.0025 4.32253e-05 18.3094
0.005 4.27103e-05 18.0591
0.0075 4.18352e-05 17.6272
0.01 4.06533e-05 17.0226
0.0125 3.92677e-05 16.2552
0.015 3.787e-05 15.3359
0.0175 3.67582e-05 14.2744
0.02 3.61954e-05 13.0769
0.0225 3.57982e-05 11.744
0.025 3.32026e-05 10.2756
0.0275 2.30451e-05 8.69746
0.03 8.44882e-07 7.11857
0.0325 2.05497e-05 5.77267
0.035 3.42193e-05 4.85702
0.0375 0.00062914 3.6649
0.04 0.00310281 4.73877
0.0425 0.00473856 24.2937
0.045 2.98445 105.957
0.0475 29237.4 67901.5
0.04775 8.32667e-17 1.78848e-08
0.05 0.832888 9.3692
0.0525 0.0341654 17.9328
0.055 0.148364 30.1104
0.0575 0.108811 38.6579
0.06 0.0766305 44.8022
0.0625 0.0534456 49.1851
0.065 0.0365622 52.2315
0.0675 0.0241924 54.2416
0.07 0.0151424 55.4358
0.0725 0.00857519 55.9818
0.075 0.00388245 56.0102
0.0775 0.000610066 55.6247
0.08 0.00158479 54.9088
0.0825 0.00296656 53.9304
0.085 0.00373779 52.7454
0.0875 0.00405519 51.4
0.09 0.00404171 49.9324
0.0925 0.00379138 48.3744
0.095 0.00337713 46.7525
0.0975 0.00285569 45.0887
0.1 0.00226999 43.4014
0.1025 0.001653 41.7058
0.105 0.00102864 40.0145
0.1075 0.000415773 38.3379
0.11 0.000173683 36.6843
0.1125 0.000730017 35.0606
0.115 0.00124745 33.4723
0.1175 0.00172193 31.9238
0.12 0.002153 30.4182
0.1225 0.00253893 28.9582
0.125 0.00288105 27.5455
0.1275 0.00318075 26.1813
0.13 0.00343851 24.8662
0.1325 0.0036586 23.6006
0.135 0.00384188 22.3843
0.1375 0.00399117 21.2169
0.14 0.00410971 20.0978
0.1425 0.00419832 19.0261
0.145 0.00426061 18.0009
0.1475 0.00429935 17.021
0.15 0.00431522 16.0851
0.1525 0.00431181 15.1921
0.155 0.0042898 14.3403
0.1575 921538 13.5286
0.16 6.72064e+06 4.9012e+06
0.1625 899461 12.0191
0.165 0.00405875 11.3184
0.1675 0.00397331 10.6519
0.17 0.00387775 10.0179
0.1725 0.00377684 9.41521
0.175 0.00366869 8.84223
0.1775 0.00355597 8.29764
0.18 0.00343883 7.78006
0.1825 0.00331917 7.28817
0.185 0.00319619 6.82067
0.1875 0.00307267 6.37631
0.19 0.00294735 5.95387
0.1925 0.00282298 5.55218
0.195 0.00269743 5.17011
0.1975 0.00257422 4.80657
0.2 0.00245105 4.46051
0.2025 0.00232976 4.13093
0.205 0.00221146 3.81686
0.2075 0.00209371 3.51738
0.21 0.00198007 3.23162
0.2125 0.00186794 2.95873
0.215 0.00175897 2.6979
0.2175 0.00165355 2.44839
0.22 0.00154988 2.20945
0.2225 0.00144969 1.98041
0.225 0.00135219 1.76059
0.2275 0.0012559 1.54938
0.23 0.00115962 1.34616
0.2325 0.00106335 1.15037
0.235 0.000961759 0.961405
0.2375 0.000853176 0.778705
0.24 0.000746332 0.601665
0.2425 0.000748164 0.429706
0.245 0.0018868 0.262772
0.2475 0.0106996 0.106059
