TITLE="Graphics"
VARIABLES= "rj, cm", "F", "dT/dt" 
0 1.72478e-10 1.72478e-10
0.0025 3.97643e-11 1.61759e-10
0.005 1.22569e-10 1.65486e-10
0.0075 2.81148e-11 1.28876e-10
0.01 8.82811e-11 1.02742e-10
0.0125 2.23223e-11 6.17203e-11
0.015 2.33154e-11 2.8084e-11
0.0175 1.43448e-10 2.32506e-12
0.02 1.05718e-08 5.97837e-11
0.0225 2.05704e-07 1.1596e-09
0.025 1.67195e-06 1.354e-08
0.0275 3.00888e-06 6.55485e-08
0.03 2.44963e-06 7.43848e-08
0.0325 3.93666e-06 5.51081e-08
0.035 2.53241e-06 1.81773e-07
0.0375 2.11832e-05 8.90336e-08
0.04 1.09697e-05 9.58171e-08
0.0425 4.33142e-05 4.49644e-07
0.045 0.000226931 2.01673e-06
0.0475 0.000158662 4.29313e-05
0.0475003 7.49401e-16 4.25628e-11
0.05 2.53646 0.461083
0.0525 5.25423 0.632591
0.055 6.8516 0.76188
0.0575 8.29624 0.865128
0.06 9.61241 0.950143
0.0625 10.8141 1.02136
0.065 11.9111 1.08158
0.0675 12.9111 1.13273
0.07 13.8208 1.1762
0.0725 14.6457 1.21305
0.075 15.3912 1.24409
0.0775 16.0618 1.26999
0.08 16.6618 1.29128
0.0825 17.1954 1.30844
0.085 17.6661 1.32184
0.0875 18.0776 1.33182
0.09 18.433 1.33867
0.0925 18.7355 1.34265
0.095 18.988 1.34398
0.0975 19.1933 1.34287
0.1 19.3539 1.33951
0.1025 19.4723 1.33405
0.105 19.5509 1.32667
0.1075 19.592 1.31749
0.11 19.5975 1.30665
0.1125 19.5696 1.29426
0.115 19.5102 1.28044
0.1175 19.421 1.2653
0.12 19.3039 1.24892
0.1225 19.1604 1.23141
0.125 782756 1.21284
0.1275 1.54549e+06 183.133
0.13 761625 1.17287
0.1325 18.3536 1.15162
0.135 18.1006 1.12961
0.1375 17.8298 1.10691
0.14 17.5422 1.08359
0.1425 17.239 1.05969
0.145 16.9214 1.03528
0.1475 16.5902 1.01041
0.15 16.2467 0.985132
0.1525 15.8916 0.95949
0.155 15.5259 0.93353
0.1575 15.1505 0.907297
0.16 14.7662 0.880831
0.1625 14.3739 0.854172
0.165 13.9742 0.827359
0.1675 13.5681 0.800425
0.17 13.156 0.773406
0.1725 12.7389 0.746334
0.175 12.3172 0.71924
0.1775 11.8917 0.692153
0.18 11.463 0.665101
0.1825 11.0316 0.638111
0.185 10.5982 0.611208
0.1875 10.1632 0.584415
0.19 9.72716 0.557757
0.1925 9.29065 0.531254
0.195 8.85411 0.504926
0.1975 8.41801 0.478794
0.2 7.98279 0.452875
0.2025 7.54889 0.427187
0.205 7.11671 0.401746
0.2075 6.68665 0.376568
0.21 6.25907 0.351667
0.2125 5.83434 0.327056
0.215 5.41279 0.30275
0.2175 4.99476 0.27876
0.22 4.58055 0.255098
0.2225 4.17045 0.231773
0.225 3.76474 0.208797
0.2275 3.36369 0.186179
0.23 2.96753 0.163927
0.2325 2.57651 0.142051
0.235 2.19084 0.120556
0.2375 1.81073 0.0994522
0.24 1.43637 0.0787445
0.2425 1.06794 0.0584397
0.245 0.705628 0.0385437
0.2475 0.349581 0.0190621
