TITLE="Graphics"
VARIABLES= "rj, cm", "F", "dT/dt" 
0 2.95917e-07 4.73839e-09
0.0025 1.4137e-07 2.86411e-09
0.005 9.95121e-08 1.5635e-09
0.0075 8.95144e-08 2.83575e-10
0.01 1.55172e-08 1.97689e-10
0.0125 2.7455e-09 8.94172e-10
0.015 2.39882e-09 1.07368e-09
0.0175 1.99421e-09 7.02358e-10
0.02 8.16185e-09 5.17744e-12
0.0225 7.25541e-11 7.01919e-13
0.025 4.03002e-11 9.37394e-13
0.0275 2.96868e-11 3.13159e-12
0.03 1.48293e-10 3.91226e-12
0.0325 3.48061e-10 1.2609e-11
0.035 2.06047e-10 7.69275e-13
0.0375 1.20181e-09 4.89216e-12
0.04 6.77884e-09 6.69715e-11
0.0425 3.19384e-08 6.72571e-11
0.045 5.16411e-09 1.96274e-10
0.0475 6.78134e-08 7.13098e-10
0.0475003 1.17961e-16 2.62801e-12
0.05 1.03169 0.0284607
0.0525 1.99203 0.0402128
0.055 2.57413 0.0496284
0.0575 3.0974 0.0576591
0.06 3.57277 0.0647462
0.0625 4.00631 0.0711301
0.065 4.40195 0.0769571
0.0675 4.76256 0.0823231
0.07 5.09041 0.0872945
0.0725 5.38737 0.0919193
0.075 5.65506 0.0962332
0.0775 5.89495 0.100264
0.08 6.10836 0.104031
0.0825 6.29651 0.107554
0.085 6.46056 0.110843
0.0875 6.60161 0.113911
0.09 6.72073 0.116765
0.0925 6.81893 0.119413
0.095 6.89722 0.12186
0.0975 6.95656 0.124111
0.1 6.9979 0.126169
0.1025 7.02219 0.128038
0.105 7.03032 0.12972
0.1075 7.02318 0.131217
0.11 7.00167 0.132531
0.1125 6.96663 0.133664
0.115 6.91891 0.134616
0.1175 6.85933 0.13539
0.12 6.78869 0.135985
0.1225 6.70778 0.136405
0.125 6.61735 0.136649
0.1275 6.51814 0.136719
0.13 6.41089 0.136616
0.1325 6.29627 0.136341
0.135 6.17497 0.135897
0.1375 842340 0.135285
0.14 1.66153e+06 93.3121
0.1425 820549 0.133565
0.145 5.63553 0.132461
0.1475 5.49004 0.131197
0.15 5.3414 0.129777
0.1525 5.19008 0.128204
0.155 5.03658 0.12648
0.1575 4.88133 0.124609
0.16 4.72476 0.122595
0.1625 4.56727 0.120441
0.165 4.40922 0.118152
0.1675 4.25097 0.115731
0.17 4.09283 0.113184
0.1725 3.93511 0.110516
0.175 3.77809 0.10773
0.1775 3.62201 0.104833
0.18 3.4671 0.101829
0.1825 3.31359 0.0987252
0.185 3.16164 0.0955261
0.1875 3.01145 0.0922378
0.19 2.86314 0.0888664
0.1925 2.71685 0.0854182
0.195 2.5727 0.0818993
0.1975 2.43078 0.0783163
0.2 2.29116 0.0746756
0.2025 2.15392 0.0709838
0.205 2.01909 0.0672476
0.2075 1.88672 0.0634736
0.21 1.75683 0.0596687
0.2125 1.62943 0.0558396
0.215 1.50452 0.0519931
0.2175 1.38209 0.0481359
0.22 1.26212 0.0442749
0.2225 1.14459 0.0404166
0.225 1.02947 0.0365679
0.2275 0.916706 0.0327352
0.23 0.806266 0.028925
0.2325 0.698096 0.0251439
0.235 0.592151 0.021398
0.2375 0.48837 0.0176937
0.24 0.386701 0.0140368
0.2425 0.287088 0.0104333
0.245 0.189471 0.00688903
0.2475 0.0937978 0.00340946
