TITLE="Graphics"
VARIABLES= "rj, cm", "F", "dT/dt" 
0 8.4917e-05 6.07295e-07
0.0025 2.37793e-05 3.4909e-07
0.005 1.66104e-05 2.29839e-07
0.0075 1.55189e-05 9.08248e-09
0.01 2.8889e-06 1.98544e-08
0.0125 1.50521e-08 3.77122e-08
0.015 3.07505e-08 7.0085e-08
0.0175 4.35185e-08 8.04742e-08
0.02 2.43873e-08 6.97692e-08
0.0225 8.16224e-08 5.08888e-08
0.025 2.73447e-07 6.17071e-11
0.0275 3.96265e-08 3.09886e-10
0.03 5.00833e-07 2.32844e-09
0.0325 2.33375e-06 2.12503e-08
0.035 7.1589e-07 7.56454e-08
0.0375 2.9433e-06 1.74689e-08
0.04 2.23059e-06 1.14693e-07
0.0425 2.95484e-05 2.30843e-07
0.045 1.78871e-06 2.92049e-07
0.0475 6.55292e-05 6.50488e-08
0.0475003 4.85723e-16 1.53679e-11
0.05 0.173241 0.166559
0.0525 0.813554 0.230278
0.055 1.15143 0.279271
0.0575 1.47738 0.319297
0.06 1.7881 0.353105
0.0625 2.08169 0.382238
0.065 2.3572 0.407665
0.0675 2.61428 0.430038
0.07 2.85293 0.449822
0.0725 369846 0.467367
0.075 733927 144.759
0.0775 363962 0.49675
0.08 3.62988 0.508971
0.0825 3.7822 0.519743
0.085 3.91892 0.529182
0.0875 4.04065 0.537389
0.09 4.148 0.544446
0.0925 4.24159 0.550429
0.095 4.32204 0.555401
0.0975 4.38995 0.559417
0.1 4.4459 0.562529
0.1025 4.49047 0.56478
0.105 4.52424 0.566211
0.1075 4.54775 0.566858
0.11 4.56155 0.566756
0.1125 4.56614 0.565934
0.115 4.56204 0.564423
0.1175 4.54974 0.562247
0.12 4.5297 0.559433
0.1225 4.50239 0.556005
0.125 4.46824 0.551985
0.1275 4.42769 0.547394
0.13 4.38113 0.542255
0.1325 4.32896 0.536587
0.135 4.27156 0.53041
0.1375 4.20929 0.523743
0.14 4.14249 0.516604
0.1425 4.07152 0.509013
0.145 3.99667 0.500988
0.1475 3.91826 0.492547
0.15 3.83659 0.483707
0.1525 3.75192 0.474486
0.155 3.66454 0.464903
0.1575 3.57469 0.454973
0.16 3.48261 0.444716
0.1625 3.38855 0.434148
0.165 3.29272 0.423287
0.1675 3.19533 0.41215
0.17 3.09658 0.400755
0.1725 2.99667 0.389118
0.175 2.89578 0.377258
0.1775 2.79406 0.365191
0.18 2.6917 0.352935
0.1825 2.58885 0.340507
0.185 2.48564 0.327924
0.1875 2.38222 0.315203
0.19 2.27872 0.302362
0.1925 2.17526 0.289418
0.195 2.07196 0.276386
0.1975 1.96892 0.263285
0.2 1.86626 0.250131
0.2025 1.76406 0.236941
0.205 1.66241 0.22373
0.2075 1.5614 0.210516
0.21 1.46112 0.197314
0.2125 1.36162 0.18414
0.215 1.26298 0.171011
0.2175 1.16527 0.157941
0.22 1.06853 0.144946
0.2225 0.972835 0.132041
0.225 0.87822 0.11924
0.2275 0.784734 0.106559
0.23 0.69242 0.0940103
0.2325 0.601315 0.0816088
0.235 0.511454 0.0693678
0.2375 0.42287 0.0573004
0.24 0.33559 0.0454193
0.2425 0.249641 0.033737
0.245 0.165047 0.0222653
0.2475 0.0818295 0.011016
