TITLE="Graphics"
VARIABLES= "rj, cm", "F", "dT/dt" 
0 6.83811e-05 23.3813
0.0025 6.81193e-05 23.2701
0.005 6.73913e-05 22.9622
0.0075 6.61204e-05 22.4304
0.01 6.43109e-05 21.6849
0.0125 6.19657e-05 20.7382
0.015 5.90906e-05 19.6047
0.0175 5.56977e-05 18.302
0.02 5.18076e-05 16.8504
0.0225 4.74508e-05 15.2727
0.025 4.26685e-05 13.5946
0.0275 3.75173e-05 11.8437
0.03 3.20805e-05 10.0496
0.0325 2.64552e-05 8.24319
0.035 2.06196e-05 6.4556
0.0375 1.43672e-05 4.719
0.04 0.000292686 3.06908
0.0425 0.301454 2.06972
0.045 0.339726 102.536
0.0475 0.11717 59.5908
0.04775 4.85723e-17 1.80958e-08
0.05 0.26764 13.5773
0.0525 0.255911 10.4724
0.055 0.221797 8.20744
0.0575 0.187805 6.60234
0.06 0.158849 5.42998
0.0625 0.135147 4.54145
0.065 0.115837 3.84629
0.0675 0.0999924 3.28885
0.07 0.0868607 2.8335
0.0725 0.0758684 2.45628
0.075 0.0665867 2.14037
0.0775 0.0586918 1.87345
0.08 0.0519355 1.64622
0.0825 0.0461227 1.45152
0.085 0.0410994 1.28371
0.0875 0.0367402 1.13833
0.09 0.0329434 1.01176
0.0925 0.0296241 0.901101
0.095 0.026713 0.80396
0.0975 0.0241514 0.718383
0.1 0.0218904 0.642752
0.1025 0.0198887 0.575723
0.105 0.0181113 0.516167
0.1075 0.0165293 0.463137
0.11 0.0151183 0.415832
0.1125 0.0138599 0.373575
0.115 0.0127063 0.33581
0.1175 0.0116918 0.301936
0.12 0.0107733 0.271551
0.1225 0.00994152 0.244282
0.125 0.00918783 0.219797
0.1275 0.00850401 0.1978
0.13 0.00788208 0.178031
0.1325 0.00731548 0.160258
0.135 0.00679753 0.144275
0.1375 0.00632431 0.129895
0.14 0.00588929 0.116951
0.1425 0.00548688 0.105285
0.145 0.00531814 0.0947426
0.1475 0.00461802 0.0860472
0.15 0.00450878 0.0774996
0.1525 903077 0.0698856
0.155 5.5822e+06 3.79964e+06
0.1575 881017 0.057017
0.16 0.00348474 0.0515938
0.1625 0.00327674 0.0467533
0.165 0.00308467 0.0424374
0.1675 0.00290615 0.0385954
0.17 0.00274012 0.0351817
0.1725 0.00258661 0.0321553
0.175 0.00244311 0.0294801
0.1775 0.00230914 0.027123
0.18 0.00218502 0.0250546
0.1825 0.00206843 0.0232481
0.185 0.00196003 0.0216801
0.1875 0.00185844 0.0203288
0.19 0.00176379 0.0191749
0.1925 0.00167467 0.0182021
0.195 0.00159165 0.0173946
0.1975 0.00151408 0.0167393
0.2 0.0014406 0.0162256
0.2025 0.00137276 0.0158429
0.205 0.00130816 0.0155841
0.2075 0.0012483 0.0154416
0.21 0.00119137 0.0154105
0.2125 0.0011379 0.0154853
0.215 0.00108637 0.0156604
0.2175 0.00103716 0.015929
0.22 0.000988568 0.0162799
0.2225 0.000894539 0.0166961
0.225 0.000927566 0.0169852
0.2275 0.000827835 0.0174196
0.23 0.000767175 0.017766
0.2325 0.000699956 0.0179374
0.235 0.000624945 0.0178163
0.2375 0.000538508 0.0172547
0.24 0.000442823 0.0160611
0.2425 0.000337391 0.0140076
0.245 0.000225492 0.010835
0.2475 0.000111596 0.0062616
