TITLE="Graphics"
VARIABLES= "rj, cm", "F", "dT/dt" 
0 2.25625e-08 1.00949e-07
0.0025 2.3117e-08 1.02794e-07
0.005 2.33747e-08 1.08018e-07
0.0075 2.36365e-08 1.17213e-07
0.01 2.38891e-08 1.30394e-07
0.0125 2.37564e-08 1.47601e-07
0.015 2.26301e-08 1.68707e-07
0.0175 1.9792e-08 1.93252e-07
0.02 1.42459e-08 2.20117e-07
0.0225 4.03678e-09 2.47204e-07
0.025 1.23594e-08 2.70654e-07
0.0275 3.5999e-08 2.84376e-07
0.03 6.45095e-08 2.79702e-07
0.0325 8.84571e-08 2.467e-07
0.035 9.15225e-08 1.78295e-07
0.0375 5.87162e-08 7.72843e-08
0.04 2.28695e-06 3.81269e-08
0.0425 3.27984e-06 1.17115e-07
0.045 3.75311e-05 7.16612e-07
0.0475 0.000110926 3.52675e-07
0.0475003 8.18789e-16 2.04317e-11
0.05 1.43154 0.221274
0.0525 2.96322 0.303234
0.055 3.8612 0.364736
0.0575 4.67051 0.413572
0.06 5.40468 0.453506
0.0625 6.07154 0.486682
0.065 6.67664 0.514458
0.0675 7.22441 0.53777
0.07 7.71861 0.557295
0.0725 8.16262 0.573548
0.075 8.55948 0.586933
0.0775 8.912 0.597779
0.08 9.22278 0.606355
0.0825 9.49427 0.61289
0.085 9.72876 0.617578
0.0875 9.92843 0.620588
0.09 10.0953 0.62207
0.0925 10.2314 0.622154
0.095 10.3385 0.62096
0.0975 10.4183 0.618594
0.1 10.4726 0.615152
0.1025 10.5028 0.610724
0.105 10.5107 0.605389
0.1075 10.4975 0.599225
0.11 10.4646 0.592299
0.1125 10.4134 0.584677
0.115 10.345 0.57642
0.1175 10.2608 0.567583
0.12 10.1617 0.558219
0.1225 10.0489 0.548379
0.125 9.92343 0.538108
0.1275 9.78622 0.527452
0.13 9.6382 0.51645
0.1325 9.48026 0.505143
0.135 9.31324 0.493567
0.1375 9.13792 0.481757
0.14 8.95507 0.469746
0.1425 8.76541 0.457564
0.145 8.5696 0.445241
0.1475 8.36832 0.432804
0.15 8.16215 0.42028
0.1525 7.9517 0.407691
0.155 7.7375 0.395061
0.1575 7.52009 0.382412
0.16 7.29995 0.369762
0.1625 7.07755 0.357132
0.165 6.85333 0.344539
0.1675 6.62772 0.331998
0.17 6.4011 0.319524
0.1725 6.17384 0.307132
0.175 5.9463 0.294835
0.1775 988183 0.282644
0.18 1.95585e+06 196.404
0.1825 966281 0.258622
0.185 5.03948 0.246811
0.1875 4.815 0.235143
0.19 4.59191 0.223626
0.1925 4.37042 0.212266
0.195 4.15072 0.20107
0.1975 3.93301 0.190041
0.2 3.71744 0.179184
0.2025 3.50418 0.168503
0.205 3.29336 0.158
0.2075 3.0851 0.147678
0.21 2.87951 0.137538
0.2125 2.6767 0.127582
0.215 2.47675 0.117811
0.2175 2.27972 0.108224
0.22 2.08569 0.0988227
0.2225 1.89471 0.0896056
0.225 1.7068 0.0805721
0.2275 1.52201 0.0717213
0.23 1.34036 0.0630517
0.2325 1.16185 0.0545618
0.235 0.986497 0.0462499
0.2375 0.814289 0.038114
0.24 0.645222 0.0301521
0.2425 0.479277 0.022362
0.245 0.316441 0.0147415
0.2475 0.156686 0.00728823
