TITLE="Graphics"
VARIABLES= "rj, cm", "F", "dT/dt" 
0 0.00014 24.0816
0.0025 0.000139481 23.9677
0.005 0.000138036 23.6525
0.0075 0.00013551 23.1078
0.01 0.000131904 22.3441
0.0125 0.000127216 21.3736
0.015 0.000121448 20.211
0.0175 0.000114616 18.8738
0.02 0.000106756 17.3826
0.0225 9.79294e-05 15.7606
0.025 8.82216e-05 14.0337
0.0275 7.77241e-05 12.2301
0.03 6.65256e-05 10.3802
0.0325 5.47979e-05 8.5158
0.035 4.29747e-05 6.67005
0.0375 3.13596e-05 4.87516
0.04 5.46156e-05 3.16157
0.0425 0.025889 1.86855
0.045 2.98779 104.128
0.0475 26258.2 23765.9
0.04775 6.245e-17 2.01577e-08
0.05 1.479 14.4208
0.0525 0.286857 6.9763
0.055 0.468623 5.23134
0.0575 0.407244 4.22056
0.06 0.343028 3.501
0.0625 0.291511 2.96408
0.065 0.249966 2.55045
0.0675 0.215858 2.22276
0.07 0.187488 1.95692
0.0725 0.163672 1.737
0.075 0.143539 1.55214
0.0775 0.126416 1.39476
0.08 0.111773 1.25933
0.0825 0.0991872 1.14178
0.085 0.0883195 1.03904
0.0875 0.0788996 0.94871
0.09 0.0707054 0.868916
0.0925 0.0635539 0.798127
0.095 0.057291 0.735084
0.0975 0.0517864 0.678728
0.1 0.0469317 0.628167
0.1025 0.0426351 0.582649
0.105 0.0388215 0.541534
0.1075 0.0354264 0.50428
0.11 0.0323922 0.470421
0.1125 0.0296701 0.43957
0.115 0.0272343 0.411406
0.1175 0.0250454 0.385636
0.12 0.0230731 0.362
0.1225 0.0212914 0.340273
0.125 0.0196776 0.320257
0.1275 0.0182144 0.30178
0.13 0.0168845 0.284692
0.1325 0.0156758 0.268859
0.135 0.0145748 0.254161
0.1375 0.0135794 0.240486
0.14 0.0126794 0.227714
0.1425 0.0118412 0.215716
0.145 0.0109905 0.204405
0.1475 0.010288 0.193882
0.15 0.0096552 0.184061
0.1525 0.0090609 0.174836
0.155 0.00850535 0.166139
0.1575 0.00799006 0.157919
0.16 0.00751236 0.15014
0.1625 0.00706959 0.142768
0.165 0.00665982 0.135772
0.1675 0.00627902 0.129126
0.17 964822 0.122802
0.1725 3.84878e+06 1.94002e+06
0.175 942810 0.111031
0.1775 0.00500412 0.105543
0.18 0.004737 0.100296
0.1825 0.00448764 0.0952724
0.185 0.00425475 0.090459
0.1875 0.00403573 0.0858417
0.19 0.00383166 0.081409
0.1925 0.00363835 0.0771501
0.195 0.00345865 0.0730564
0.1975 0.00328747 0.0691191
0.2 0.00312726 0.0653331
0.2025 0.00297599 0.0616926
0.205 0.0028319 0.0581948
0.2075 0.00269638 0.0548379
0.21 0.00256619 0.0516216
0.2125 0.00244275 0.0485489
0.215 0.0023227 0.0456243
0.2175 0.0022067 0.0428582
0.22 0.00209945 0.0402647
0.2225 0.00200881 0.0378522
0.225 0.00190683 0.0356082
0.2275 0.00179951 0.0335513
0.23 0.00169049 0.0317176
0.2325 0.00157442 0.0301538
0.235 0.00144947 0.0289263
0.2375 0.0013302 0.028122
0.24 0.00131855 0.0278228
0.2425 0.00185949 0.0279192
0.245 0.00437758 0.0273124
0.2475 0.010015 0.0213741
