TITLE="Graphics"
VARIABLES= "rj, cm", "F", "dT/dt" 
0 0.00251173 28.3091
0.0025 0.00250471 28.1814
0.005 0.00248505 27.8275
0.0075 0.00245016 27.2148
0.01 0.00239923 26.3529
0.0125 0.00233112 25.2533
0.015 0.00224453 23.9296
0.0175 0.00213823 22.3988
0.02 0.00201131 20.6811
0.0225 0.00186354 18.8009
0.025 0.00169575 16.7862
0.0275 0.0015103 14.6686
0.03 0.00131097 12.4825
0.0325 0.00110054 10.2646
0.035 0.000874012 8.05257
0.0375 0.000642603 5.88743
0.04 0.0020811 3.80983
0.0425 0.547417 1.62138
0.045 2.12789 94.4424
0.0475 2650.09 96.6165
0.04775 1.11022e-16 1.97979e-08
0.05 24.9932 26.0468
0.0525 12.5572 21.9564
0.055 8.18165 17.6913
0.0575 6.43501 14.536
0.06 5.39233 12.1996
0.0625 4.59161 10.3963
0.065 3.92891 8.95403
0.0675 3.37402 7.77222
0.07 2.90983 6.78832
0.0725 2.52176 5.96038
0.075 2.19675 5.25829
0.0775 1.92357 4.6593
0.08 1.69283 4.14566
0.0825 1.49687 3.70318
0.085 1.3295 3.32037
0.0875 1.18574 2.98784
0.09 1.06159 2.69784
0.0925 0.95381 2.44395
0.095 0.859807 2.22085
0.0975 0.777455 2.02408
0.1 0.70501 1.84991
0.1025 0.641026 1.6952
0.105 0.58428 1.55728
0.1075 0.533728 1.43391
0.11 0.488487 1.32321
0.1125 709411 1.22358
0.115 1.50978e+06 109858
0.1175 689692 1.05238
0.12 0.348992 0.978679
0.1225 0.322429 0.911709
0.125 0.298407 0.850701
0.1275 0.276605 0.794981
0.13 0.256758 0.743961
0.1325 0.238648 0.697131
0.135 0.222095 0.65405
0.1375 0.206941 0.61433
0.14 0.193051 0.577637
0.1425 0.180302 0.543672
0.145 0.168585 0.512178
0.1475 0.157803 0.482921
0.15 0.147869 0.455699
0.1525 0.138703 0.430328
0.155 0.130236 0.406646
0.1575 0.122406 0.384508
0.16 0.115154 0.363784
0.1625 0.108431 0.344355
0.165 0.102191 0.326116
0.1675 0.0963933 0.308974
0.17 0.0910008 0.29284
0.1725 0.0859793 0.277639
0.175 0.0813005 0.263298
0.1775 0.0769348 0.249755
0.18 0.0728593 0.23695
0.1825 0.0690498 0.22483
0.185 0.065487 0.213347
0.1875 0.0621491 0.202457
0.19 0.0590225 0.192117
0.1925 0.0560857 0.182292
0.195 0.0533271 0.172947
0.1975 0.0507306 0.164052
0.2 0.0482811 0.155578
0.2025 0.04597 0.147502
0.205 0.0437825 0.1398
0.2075 0.0417156 0.132455
0.21 0.039763 0.125449
0.2125 0.0379309 0.118767
0.215 0.0362376 0.112393
0.2175 0.0347106 0.106309
0.22 0.0334137 0.10049
0.2225 0.0324291 0.094893
0.225 0.0318784 0.0894545
0.2275 0.0319192 0.08407
0.23 0.0327085 0.07858
0.2325 0.0343565 0.0727521
0.235 0.0367926 0.0662706
0.2375 0.0395621 0.0587465
0.24 0.0415303 0.0497705
0.2425 0.0406651 0.039041
0.245 0.0342346 0.0265894
0.2475 0.0201895 0.013076
