TITLE="Graphics"
VARIABLES= "rj, cm", "F", "dT/dt" 
0 2.50218e-06 1.74009e-08
0.0025 8.73601e-07 2.12735e-08
0.005 4.26034e-07 2.2289e-08
0.0075 5.03033e-08 1.96219e-08
0.01 1.1052e-07 1.42606e-08
0.0125 2.52545e-07 9.32499e-09
0.015 4.00623e-07 6.66515e-10
0.0175 1.20449e-07 1.5611e-10
0.02 7.17236e-08 8.39513e-11
0.0225 1.32305e-10 8.6187e-10
0.025 1.99485e-10 1.51748e-09
0.0275 3.36232e-10 1.85734e-09
0.03 2.81506e-10 1.85922e-09
0.0325 2.84098e-10 1.59159e-09
0.035 2.03744e-10 1.10993e-09
0.0375 1.77692e-10 5.06498e-10
0.04 8.27125e-08 1.69477e-10
0.0425 6.42259e-07 7.47595e-09
0.045 2.97015e-06 1.62287e-08
0.0475 3.4451e-09 1.62068e-08
0.0475003 0.000236481 1.93123e-10
0.05 18170.6 2.09559
0.0525 166221 188.681
0.055 88583.3 3.47369
0.0575 10.6676 3.95514
0.06 12.3376 4.3574
0.0625 13.9265 4.70025
0.065 15.4494 4.99615
0.0675 16.9146 5.25352
0.07 18.3269 5.47844
0.0725 19.6889 5.67543
0.075 21.0018 5.84798
0.0775 22.2662 5.99885
0.08 23.4819 6.13028
0.0825 24.6485 6.24411
0.085 25.7653 6.34187
0.0875 26.8318 6.42486
0.09 27.8469 6.4942
0.0925 28.81 6.55083
0.095 29.7202 6.59559
0.0975 30.5768 6.62922
0.1 31.3791 6.65237
0.1025 32.1263 6.66561
0.105 32.8181 6.66947
0.1075 33.4538 6.66443
0.11 34.0332 6.65091
0.1125 34.5559 6.62932
0.115 35.0217 6.60001
0.1175 35.4305 6.56333
0.12 35.7823 6.5196
0.1225 36.0773 6.46912
0.125 36.3155 6.41217
0.1275 36.4973 6.34902
0.13 36.6229 6.27993
0.1325 36.693 6.20516
0.135 36.7079 6.12493
0.1375 36.6684 6.03948
0.14 36.5751 5.94904
0.1425 36.4289 5.85383
0.145 36.2305 5.75407
0.1475 35.9809 5.64996
0.15 35.6812 5.54172
0.1525 35.3324 5.42955
0.155 34.9356 5.31366
0.1575 34.4921 5.19424
0.16 34.0032 5.0715
0.1625 33.4701 4.94563
0.165 32.8943 4.81683
0.1675 32.2772 4.68529
0.17 31.6202 4.55121
0.1725 30.925 4.41478
0.175 30.1931 4.2762
0.1775 29.4261 4.13564
0.18 28.6256 3.99331
0.1825 27.7934 3.84939
0.185 26.9312 3.70406
0.1875 26.0407 3.55751
0.19 25.1237 3.40993
0.1925 24.182 3.26149
0.195 23.2175 3.11239
0.1975 22.2319 2.96279
0.2 21.2272 2.81288
0.2025 20.2052 2.66283
0.205 19.1677 2.51282
0.2075 18.1168 2.36301
0.21 17.0542 2.21358
0.2125 15.9819 2.06469
0.215 14.9018 1.91651
0.2175 13.8157 1.76919
0.22 12.7256 1.6229
0.2225 11.6333 1.47779
0.225 10.5407 1.33401
0.2275 9.44967 1.19171
0.23 8.36206 1.05103
0.2325 7.2797 0.91212
0.235 6.2044 0.775105
0.2375 5.13796 0.640123
0.24 4.08214 0.5073
0.2425 3.0387 0.376759
0.245 2.00936 0.248621
0.2475 0.995805 0.122998
