TITLE="Graphics"
VARIABLES= "rj, cm", "F", "dT/dt" 
0 0.00068689 18.1645
0.0025 0.000683985 18.075
0.005 0.000676026 17.8275
0.0075 0.000662639 17.4003
0.01 0.000644899 16.8019
0.0125 0.00062472 16.0418
0.015 0.000605053 15.1296
0.0175 0.000588966 14.0737
0.02 0.000575381 12.88
0.0225 0.000549354 11.5526
0.025 0.00047218 10.105
0.0275 0.000300262 8.58568
0.03 8.99848e-05 7.10477
0.0325 0.00014767 5.78674
0.035 0.000448255 4.55
0.0375 0.0034624 3.15169
0.04 0.0129499 3.64437
0.0425 0.179415 10.5254
0.045 2.7061 106.67
0.0475 14374.6 2031.67
0.04775 2.08167e-17 2.0623e-08
0.05 9.31394 16.4063
0.0525 3.73845 10.8591
0.055 3.00474 7.54055
0.0575 2.61246 5.39591
0.06 2.23584 3.80017
0.0625 1.90411 2.52355
0.065 1.62566 1.46655
0.0675 1.39467 0.575164
0.07 1.20446 0.185043
0.0725 1.03919 0.838975
0.075 0.906496 1.40288
0.0775 0.79284 1.89155
0.08 0.696192 2.31602
0.0825 0.613556 2.68521
0.085 0.542534 3.0064
0.0875 0.481198 3.28562
0.09 0.427988 3.52788
0.0925 0.381637 3.73743
0.095 0.341105 3.91784
0.0975 0.305536 4.07219
0.1 0.274221 4.20311
0.1025 0.246567 4.31288
0.105 0.222079 4.40349
0.1075 0.200337 4.47668
0.11 0.180986 4.53399
0.1125 0.163725 4.57677
0.115 0.148298 4.60625
0.1175 0.134481 4.62349
0.12 0.122084 4.62948
0.1225 0.110946 4.62509
0.125 0.100921 4.61113
0.1275 0.0918864 4.58832
0.13 0.0837347 4.55733
0.1325 0.0763693 4.51877
0.135 0.0697103 4.47321
0.1375 0.0636823 4.42116
0.14 0.0582224 4.36311
0.1425 0.0532725 4.2995
0.145 0.0487845 4.23076
0.1475 0.0447112 4.15728
0.15 0.0410143 4.07943
0.1525 0.0376575 3.99755
0.155 0.0346105 3.91197
0.1575 0.0318427 3.823
0.16 0.0293305 3.73092
0.1625 0.0270496 3.63602
0.165 0.0249812 3.53856
0.1675 0.0231045 3.43878
0.17 0.0214042 3.33692
0.1725 0.0198647 3.23322
0.175 0.0184715 3.12787
0.1775 0.0172134 3.0211
0.18 0.0160781 2.91309
0.1825 0.0150547 2.80404
0.185 0.0141357 2.69412
0.1875 0.0133096 2.58351
0.19 0.0125704 2.47238
0.1925 0.0119106 2.36087
0.195 0.0113212 2.24915
0.1975 0.0107999 2.13736
0.2 0.0103354 2.02563
0.2025 0.00992637 1.9141
0.205 0.00956458 1.80291
0.2075 0.00924737 1.69216
0.21 0.0089676 1.58197
0.2125 0.00872282 1.47245
0.215 0.00850941 1.36371
0.2175 0.00832415 1.25584
0.22 0.00816819 1.14894
0.2225 0.00804509 1.04308
0.225 1.09824e+06 0.938364
0.2275 2.49861e+06 324300
0.23 1.07783e+06 0.732696
0.2325 0.00846746 0.631973
0.235 0.00929323 0.53289
0.2375 0.0108394 0.435757
0.24 0.0133164 0.341078
0.2425 0.0163653 0.24961
0.245 0.0180177 0.162251
0.2475 0.0137774 0.0794643
