TITLE="Graphics"
VARIABLES= "rj, cm", "F", "dT/dt" 
0 9.38925e-08 2.11436e-05
0.0025 9.32456e-08 2.1022e-05
0.005 9.21051e-08 2.06852e-05
0.0075 9.01758e-08 2.01039e-05
0.01 8.74998e-08 1.92902e-05
0.0125 8.39321e-08 1.82584e-05
0.015 7.96836e-08 1.70262e-05
0.0175 7.45476e-08 1.56142e-05
0.02 6.87377e-08 1.40467e-05
0.0225 6.21644e-08 1.23511e-05
0.025 5.48537e-08 1.05583e-05
0.0275 4.69318e-08 8.70214e-06
0.03 3.82634e-08 6.81981e-06
0.0325 2.90636e-08 4.95122e-06
0.035 1.93865e-08 3.13892e-06
0.0375 1.11459e-08 1.42688e-06
0.04 1.17491e-05 1.42007e-07
0.0425 0.000583666 3.99069e-06
0.045 0.00152432 3.02891e-05
0.0475 0.00801295 4.55241e-06
0.0475003 4.996e-16 1.61531e-10
0.05 0.0165168 1.75185
0.0525 2.04605 2.42614
0.055 3.10418 2.94547
0.0575 4.17408 3.37034
0.06 5.23353 3.72956
0.0625 6.26944 4.0393
0.065 7.27396 4.30965
0.0675 8.24229 4.54743
0.07 9.17148 4.7575
0.0725 10.0597 4.94349
0.075 10.906 5.10821
0.0775 11.7098 5.25388
0.08 12.4709 5.38229
0.0825 13.1893 5.49494
0.085 13.8652 5.59306
0.0875 14.499 5.67772
0.09 15.091 5.74984
0.0925 15.6418 5.8102
0.095 16.1518 5.85951
0.0975 16.6216 5.89839
0.1 625104 5.92741
0.1025 1.23451e+06 2717.94
0.105 607639 5.95778
0.1075 18.1116 5.96003
0.11 18.39 5.95417
0.1125 18.6323 5.94057
0.115 18.839 5.91958
0.1175 19.0109 5.8915
0.12 19.1488 5.85664
0.1225 19.2534 5.81528
0.125 19.3256 5.7677
0.1275 19.366 5.71416
0.13 19.3755 5.6549
0.1325 19.3548 5.59019
0.135 19.3049 5.52024
0.1375 19.2264 5.44529
0.14 19.1202 5.36557
0.1425 18.9872 5.2813
0.145 18.8282 5.19268
0.1475 18.644 5.09993
0.15 18.4355 5.00326
0.1525 18.2036 4.90287
0.155 17.949 4.79896
0.1575 17.6727 4.69173
0.16 17.3756 4.58138
0.1625 17.0585 4.46809
0.165 16.7222 4.35207
0.1675 16.3677 4.23349
0.17 15.9959 4.11254
0.1725 15.6076 3.98942
0.175 15.2036 3.8643
0.1775 14.785 3.73736
0.18 14.3525 3.60879
0.1825 13.907 3.47875
0.185 13.4494 3.34743
0.1875 12.9805 3.21499
0.19 12.5013 3.08162
0.1925 12.0125 2.94747
0.195 11.5151 2.81271
0.1975 11.0099 2.67751
0.2 10.4977 2.54203
0.2025 9.97931 2.40643
0.205 9.45564 2.27087
0.2075 8.92747 2.1355
0.21 8.3956 2.00048
0.2125 7.86084 1.86594
0.215 7.32398 1.73205
0.2175 6.78579 1.59895
0.22 6.24705 1.46677
0.2225 5.70851 1.33565
0.225 5.1709 1.20574
0.2275 4.63497 1.07715
0.23 4.10142 0.950031
0.2325 3.57097 0.824496
0.235 3.04429 0.700668
0.2375 2.52207 0.578669
0.24 2.00495 0.458613
0.2425 1.49359 0.340611
0.245 0.988617 0.224773
0.2475 0.490627 0.111202
