TITLE="Graphics"
VARIABLES= "rj, cm", "F", "dT/dt" 
0 0.0100216 28.1942
0.0025 0.00999335 28.0668
0.005 0.00991412 27.7138
0.0075 0.00977357 27.1027
0.01 0.00956858 26.2432
0.0125 0.0092947 25.1467
0.015 0.00894691 23.827
0.0175 0.00852049 22.301
0.02 0.00801209 20.5892
0.0225 0.0074211 18.7158
0.025 0.0067512 16.7087
0.0275 0.00601175 14.5996
0.03 0.00521634 12.4226
0.0325 0.00437368 10.2143
0.035 0.00348793 8.01262
0.0375 0.00272914 5.85696
0.04 0.00573495 3.77632
0.0425 27.9553 1.7307
0.045 71704.8 94.3225
0.0475 772813 53.8935
0.04775 7.63278e-17 1.69267e-08
0.05 36.3371 9.39269
0.0525 32.6912 6.77821
0.055 27.3472 5.11186
0.0575 22.759 4.00583
0.06 19.1098 3.22228
0.0625 16.2175 2.63621
0.065 13.8935 2.18045
0.0675 11.9964 1.8165
0.07 10.426 1.5206
0.0725 9.1113 1.27701
0.075 8.00068 1.07467
0.0775 7.05554 0.90542
0.08 6.24628 0.763084
0.0825 5.54973 0.64284
0.085 4.94739 0.54087
0.0875 4.42434 0.454116
0.09 3.96839 0.380098
0.0925 3.56948 0.316794
0.095 3.2193 0.262545
0.0975 2.91089 0.215979
0.1 2.63845 0.175958
0.1025 2.39706 0.141531
0.105 2.18257 0.111902
0.1075 1.99147 0.0864007
0.11 1.82075 0.0644589
0.1125 1.66786 0.0455936
0.115 1.53061 0.0293925
0.1175 1.40713 0.015502
0.12 1.29582 0.00361823
0.1225 1.19526 0.00652002
0.125 1.10427 0.0151377
0.1275 1.02178 0.0224283
0.13 0.946852 0.0285584
0.1325 0.878678 0.033672
0.135 0.816534 0.0378933
0.1375 0.759788 0.0413305
0.14 0.707883 0.0440777
0.1425 0.660328 0.0462173
0.145 874678 0.0478216
0.1475 1.75772e+06 29366.8
0.15 852683 0.0496718
0.1525 0.505696 0.0500236
0.155 0.474324 0.0500537
0.1575 0.445343 0.049801
0.16 0.418536 0.0493001
0.1625 0.393712 0.0485816
0.165 0.3707 0.0476728
0.1675 0.349341 0.0465977
0.17 0.329498 0.0453779
0.1725 0.311042 0.0440324
0.175 0.29386 0.0425781
0.1775 0.277848 0.0410301
0.18 0.262913 0.0394016
0.1825 0.248969 0.0377045
0.185 0.23594 0.0359492
0.1875 0.223757 0.034145
0.19 0.212357 0.0322999
0.1925 0.201683 0.0304209
0.195 0.191683 0.0285139
0.1975 0.182315 0.0265839
0.2 0.173531 0.0246348
0.2025 0.165299 0.0226696
0.205 0.157578 0.0206902
0.2075 0.150338 0.0186974
0.21 0.143539 0.0166913
0.2125 0.137143 0.0146711
0.215 0.131099 0.0126356
0.2175 0.125344 0.0105841
0.22 0.119792 0.0085172
0.2225 0.114328 0.00643865
0.225 0.108797 0.00435811
0.2275 0.102999 0.0022947
0.23 0.0966779 0.000281836
0.2325 0.0895414 0.00162641
0.235 0.0812582 0.00334813
0.2375 0.0715159 0.00476549
0.24 0.0600736 0.00571746
0.2425 0.0468537 0.00599462
0.245 0.0320415 0.00533873
0.2475 0.0161475 0.00344948
