TITLE="Graphics"
VARIABLES= "rj, cm", "F", "dT/dt" 
0 0.00072486 19.3054
0.0025 0.000721699 19.211
0.005 0.00071294 18.9498
0.0075 0.000697795 18.4992
0.01 0.000676575 17.8686
0.0125 0.000649771 17.0695
0.015 0.000618273 16.1149
0.0175 0.000583909 15.02
0.02 0.000551083 13.8002
0.0225 0.000532316 12.4694
0.025 0.000563512 11.031
0.0275 0.000720355 9.45456
0.03 0.00101174 7.62587
0.0325 0.000766618 5.35024
0.035 0.00219458 2.84451
0.0375 0.00774211 2.27022
0.04 0.00722806 7.42814
0.0425 24.9492 12.9726
0.045 54371 100.925
0.0475 773777 57.8497
0.04775 2.08167e-17 1.76663e-08
0.05 3.69871 8.70613
0.0525 3.36565 5.64916
0.055 2.81332 3.71331
0.0575 2.35209 2.43588
0.06 1.98487 1.54822
0.0625 1.69221 0.907852
0.065 1.45507 0.43564
0.0675 1.25969 0.0839186
0.07 1.09659 0.178379
0.0725 0.959069 0.372826
0.075 0.842243 0.515097
0.0775 422530 0.616926
0.08 1.07695e+06 239716
0.0825 413723 0.733089
0.085 0.518714 0.759777
0.0875 0.46309 0.771598
0.09 0.414597 0.771909
0.0925 0.372184 0.763368
0.095 0.334975 0.748086
0.0975 0.302234 0.727736
0.1 0.273343 0.703653
0.1025 0.247777 0.676896
0.105 0.225094 0.648308
0.1075 0.204917 0.618558
0.11 0.186923 0.588177
0.1125 0.170838 0.557584
0.115 0.156425 0.527109
0.1175 0.143482 0.497011
0.12 0.131833 0.467489
0.1225 0.121327 0.438697
0.125 0.111833 0.410752
0.1275 0.103236 0.383739
0.13 0.0954371 0.357723
0.1325 0.0883501 0.332743
0.135 0.0818983 0.308828
0.1375 0.0760159 0.28599
0.14 0.0706432 0.264234
0.1425 0.0657302 0.243556
0.145 0.0612294 0.223943
0.1475 0.0571022 0.205379
0.15 0.0533118 0.187845
0.1525 0.0498264 0.171315
0.155 0.0466189 0.155764
0.1575 0.0436618 0.141162
0.16 0.0409343 0.12748
0.1625 0.0384159 0.114685
0.165 0.0360879 0.102746
0.1675 0.0339337 0.0916289
0.17 0.0319396 0.0813007
0.1725 0.0300913 0.0717276
0.175 0.0283769 0.0628757
0.1775 0.0267859 0.0547111
0.18 0.0253083 0.0472003
0.1825 0.0239351 0.0403097
0.185 0.0226568 0.034006
0.1875 0.021469 0.0282567
0.19 0.0203615 0.0230292
0.1925 0.01933 0.0182917
0.195 0.0183681 0.0140128
0.1975 0.0174711 0.0101617
0.2 0.016634 0.00670812
0.2025 0.0158526 0.0036224
0.205 0.0151222 0.000875489
0.2075 0.0144401 0.00156106
0.21 0.0138017 0.0037151
0.2125 0.0132034 0.00561357
0.215 0.0126398 0.00728246
0.2175 0.0121052 0.00874612
0.22 0.0115919 0.0100262
0.2225 0.0110881 0.0111406
0.225 0.0105799 0.0121001
0.2275 0.0100457 0.0129059
0.23 0.0094611 0.0135438
0.2325 0.00879571 0.0139785
0.235 0.00821454 0.0141453
0.2375 0.00646372 0.0139619
0.24 0.00563135 0.0132032
0.2425 0.00439935 0.0116962
0.245 0.00300997 0.00919308
0.2475 0.00151721 0.00540114
