TITLE="Graphics"
VARIABLES= "rj, cm", "F", "dT/dt" 
0 4.9591e-10 1.4916e-08
0.0025 3.97496e-10 1.47765e-08
0.005 4.05776e-10 1.43874e-08
0.0075 4.05422e-10 1.37391e-08
0.01 3.78843e-10 1.28376e-08
0.0125 3.40766e-10 1.17161e-08
0.015 2.98222e-10 1.04126e-08
0.0175 2.79287e-10 8.96603e-09
0.02 2.19539e-10 7.41892e-09
0.0225 1.83653e-10 5.8222e-09
0.025 1.28566e-10 4.22202e-09
0.0275 1.0847e-10 2.67217e-09
0.03 4.86927e-11 1.21986e-09
0.0325 3.6601e-08 8.61959e-11
0.035 8.48015e-07 6.4748e-09
0.0375 8.06011e-06 5.13592e-09
0.04 1.10242e-08 7.35352e-09
0.0425 8.00514e-06 1.73091e-08
0.045 2.53834e-05 1.8389e-07
0.0475 1.13964e-05 1.416e-06
0.0475003 1.73472e-16 1.55645e-10
0.05 0.544053 1.68634
0.0525 2.20539 2.33557
0.055 3.56165 2.83563
0.0575 4.96114 3.24474
0.06 6.36354 3.59066
0.0625 7.74541 3.88894
0.065 9.09263 4.14929
0.0675 10.3964 4.37827
0.07 11.6512 4.58058
0.0725 12.8534 4.7597
0.075 14.001 4.91834
0.0775 15.0925 5.05863
0.08 16.1273 5.1823
0.0825 17.1051 5.29079
0.085 18.026 5.3853
0.0875 18.89 5.46684
0.09 19.6978 5.53631
0.0925 20.4498 5.59445
0.095 21.1467 5.64195
0.0975 21.7892 5.67941
0.1 22.3781 5.70736
0.1025 22.9142 5.72629
0.105 23.3985 5.73664
0.1075 23.8317 5.73882
0.11 24.2149 5.73319
0.1125 710127 5.72011
0.115 1.40007e+06 711.565
0.1175 690362 5.67288
0.12 25.2674 5.63933
0.1225 25.4155 5.59951
0.125 25.5197 5.55371
0.1275 25.5812 5.50216
0.13 25.6009 5.44511
0.1325 25.5801 5.3828
0.135 25.5197 5.31546
0.1375 25.4211 5.2433
0.14 25.2852 5.16654
0.1425 25.1133 5.0854
0.145 24.9065 5.00007
0.1475 24.666 4.91077
0.15 24.3929 4.81769
0.1525 24.0883 4.72102
0.155 23.7536 4.62097
0.1575 23.3898 4.51772
0.16 22.9981 4.41146
0.1625 22.5797 4.30238
0.165 22.1359 4.19066
0.1675 21.6677 4.07648
0.17 21.1764 3.96003
0.1725 20.6631 3.84147
0.175 20.1291 3.72099
0.1775 19.5755 3.59877
0.18 19.0034 3.47496
0.1825 18.4141 3.34975
0.185 17.8088 3.2233
0.1875 17.1884 3.09578
0.19 16.5544 2.96735
0.1925 15.9076 2.83817
0.195 15.2494 2.70841
0.1975 14.5808 2.57823
0.2 13.903 2.44777
0.2025 13.2169 2.3172
0.205 12.5239 2.18667
0.2075 11.8248 2.05632
0.21 11.1208 1.9263
0.2125 10.413 1.79676
0.215 9.70237 1.66783
0.2175 8.98994 1.53966
0.22 8.27672 1.41238
0.2225 7.56371 1.28613
0.225 6.85189 1.16103
0.2275 6.14221 1.03721
0.23 5.43562 0.914805
0.2325 4.73303 0.793924
0.235 4.03536 0.674688
0.2375 3.34347 0.557213
0.24 2.65824 0.441608
0.2425 1.9805 0.327982
0.245 1.31108 0.216439
0.2475 0.650767 0.107079
