TITLE="Graphics"
VARIABLES= "rj, cm", "F", "dT/dt" 
0 6.75782e-05 23.0419
0.0025 6.73157e-05 22.9319
0.005 6.6586e-05 22.6277
0.0075 6.53134e-05 22.1022
0.01 6.35032e-05 21.3658
0.0125 6.11603e-05 20.4307
0.015 5.82923e-05 19.3116
0.0175 5.49129e-05 18.0259
0.02 5.10439e-05 16.5936
0.0225 4.67171e-05 15.0376
0.025 4.19765e-05 13.3832
0.0275 3.68813e-05 11.6579
0.03 3.15071e-05 9.89088
0.0325 2.5949e-05 8.11243
0.035 2.04372e-05 6.3534
0.0375 1.5791e-05 4.64321
0.04 5.44069e-05 3.00272
0.0425 0.0122764 1.17139
0.045 4.57334 112.469
0.0475 44794.2 81185.5
0.04775 3.46945e-17 2.28723e-08
0.05 1.09048 33.6155
0.0525 0.0228955 18.6936
0.055 0.283089 15.2484
0.0575 0.242919 12.8315
0.06 0.202043 10.9159
0.0625 0.169269 9.36164
0.065 0.143305 8.08656
0.0675 0.122463 7.03092
0.07 0.105496 6.14963
0.0725 0.0915155 5.40816
0.075 0.0798742 4.77985
0.0775 0.0700918 4.24388
0.08 0.0618058 3.78388
0.0825 0.0547391 3.38687
0.085 0.0486749 3.04245
0.0875 0.0434428 2.74223
0.09 0.0389067 2.4794
0.0925 0.0349554 2.24836
0.095 0.0315001 2.04451
0.0975 0.0284666 1.86402
0.1 0.0257936 1.70368
0.1025 0.0234307 1.56079
0.105 0.0213348 1.4331
0.1075 0.019471 1.31865
0.11 0.0178076 1.21582
0.1125 0.0163205 1.12318
0.115 0.0149866 1.03952
0.1175 0.0137887 0.963797
0.12 0.0127092 0.895091
0.1225 0.0117326 0.832612
0.125 0.0108458 0.775675
0.1275 0.0100445 0.723698
0.13 0.00931804 0.676156
0.1325 0.00865608 0.632579
0.135 0.00805188 0.592558
0.1375 0.00749949 0.555733
0.14 0.00699454 0.521785
0.1425 0.00653027 0.490435
0.145 0.00610543 0.461434
0.1475 0.00571389 0.434559
0.15 0.00535367 0.409613
0.1525 904371 0.38642
0.155 5.58732e+06 3.79964e+06
0.1575 882275 0.344676
0.16 0.00416822 0.32586
0.1625 0.00392519 0.308259
0.165 0.00369957 0.29177
0.1675 0.00348944 0.276301
0.17 0.00329465 0.261767
0.1725 0.00311294 0.248095
0.175 0.00294339 0.235215
0.1775 0.00278608 0.223067
0.18 0.00263807 0.211593
0.1825 0.00250027 0.200744
0.185 0.00237196 0.190472
0.1875 0.00225082 0.180736
0.19 0.00213774 0.171496
0.1925 0.00203172 0.162718
0.195 0.0019326 0.154368
0.1975 0.00183857 0.146417
0.2 0.00175085 0.138838
0.2025 0.00166849 0.131605
0.205 0.0015904 0.124695
0.2075 0.00151661 0.118087
0.21 0.00144732 0.111762
0.2125 0.00138093 0.105704
0.215 0.00131816 0.099898
0.2175 0.00125622 0.0943352
0.22 0.00119586 0.089014
0.2225 0.00113589 0.0839397
0.225 0.00107387 0.0791293
0.2275 0.00101004 0.0746151
0.23 0.000940081 0.0704474
0.2325 0.000865089 0.066705
0.235 0.000781297 0.063493
0.2375 0.000693163 0.0609537
0.24 0.000622873 0.0592481
0.2425 0.000770385 0.0584763
0.245 0.00256819 0.0579547
0.2475 0.013096 0.051074
