TITLE="Graphics"
VARIABLES= "rj, cm", "F", "dT/dt" 
0 0.000614496 27.3663
0.0025 0.000612636 27.2413
0.005 0.000607438 26.8951
0.0075 0.00059825 26.296
0.01 0.000584918 25.4539
0.0125 0.000567225 24.3807
0.015 0.000544935 23.0903
0.0175 0.000517852 21.6002
0.02 0.000485882 19.931
0.0225 0.0004491 18.1068
0.025 0.000407787 16.1552
0.0275 0.000362412 14.1071
0.03 0.000313485 11.9959
0.0325 0.000261203 9.85733
0.035 0.000204604 7.72909
0.0375 0.000140028 5.65229
0.04 0.000557409 3.6755
0.0425 0.117907 1.46916
0.045 5.13931 97.5627
0.0475 34643.5 7811.06
0.04775 4.16334e-17 2.1144e-08
0.05 9.14725 43.6711
0.0525 1.38102 29.0426
0.055 1.7237 22.5159
0.0575 1.70252 18.6358
0.06 1.48346 15.7857
0.0625 1.25649 13.5189
0.065 1.06274 11.662
0.0675 0.903916 10.1192
0.07 0.774368 8.8262
0.0725 0.66817 7.73516
0.075 0.580431 6.80922
0.0775 0.507328 6.01928
0.08 0.44592 5.34209
0.0825 0.39394 4.7589
0.085 0.349629 4.25451
0.0875 0.311613 3.81649
0.09 0.278807 3.43464
0.0925 0.250347 3.10053
0.095 0.225537 2.80719
0.0975 0.203813 2.54879
0.1 0.184712 2.32043
0.1025 0.167853 2.11801
0.105 0.152921 1.93806
0.1075 0.13965 1.77762
0.11 0.12782 1.6342
0.1125 0.117242 1.50563
0.115 0.107756 1.39009
0.1175 0.0992281 1.28598
0.12 0.0915406 1.19195
0.1225 0.0845955 1.10681
0.125 0.078306 1.02953
0.1275 0.0725981 0.959232
0.13 0.0674062 0.895129
0.1325 0.062673 0.836546
0.135 0.0583492 0.78289
0.1375 0.0543909 0.733643
0.14 0.0507655 0.688351
0.1425 0.0474401 0.646613
0.145 0.0443834 0.608076
0.1475 0.0415693 0.572426
0.15 0.0389737 0.539385
0.1525 0.036578 0.508708
0.155 0.0343665 0.480176
0.1575 0.0323225 0.453593
0.16 0.0304336 0.428783
0.1625 0.0286792 0.405584
0.165 0.0270271 0.383855
0.1675 0.0254641 0.363479
0.17 0.0240363 0.344364
0.1725 0.0227267 0.326414
0.175 0.0215066 0.309533
0.1775 0.0203654 0.293632
0.18 0.0192942 0.278633
0.1825 0.0182916 0.264466
0.185 0.0173521 0.251069
0.1875 0.0164738 0.238386
0.19 0.0156493 0.226365
0.1925 0.0148773 0.214959
0.195 0.0141534 0.204124
0.1975 0.0134718 0.19382
0.2 0.0128295 0.18401
0.2025 0.0122215 0.174661
0.205 0.0116455 0.165745
0.2075 0.0110985 0.157238
0.21 0.0105851 0.149117
0.2125 0.0100991 0.141363
0.215 0.00961606 0.133958
0.2175 0.00913278 0.126894
0.22 0.00865058 0.120181
0.2225 1.09495e+06 0.113834
0.225 2.67615e+06 505395
0.2275 1.07442e+06 0.102355
0.23 0.00690438 0.097282
0.2325 0.0067927 0.0926568
0.235 0.00725241 0.0883718
0.2375 0.00892481 0.0840706
0.24 0.0128372 0.0788633
0.2425 0.0198867 0.0708779
0.245 0.0283099 0.0568843
0.2475 0.0277417 0.0331278
