TITLE="Graphics"
VARIABLES= "rj, cm", "F", "dT/dt" 
0 1.57086e-05 21.1229
0.0025 1.56433e-05 21.0207
0.005 1.54616e-05 20.7379
0.0075 1.51459e-05 20.2499
0.01 1.46989e-05 19.5665
0.0125 1.4124e-05 18.6998
0.015 1.3425e-05 17.6642
0.0175 1.26079e-05 16.4764
0.02 1.16806e-05 15.1558
0.0225 1.06544e-05 13.7241
0.025 9.54736e-06 12.2051
0.0275 8.40338e-06 10.6241
0.03 7.40705e-06 9.00641
0.0325 7.22179e-06 7.37124
0.035 8.01191e-06 5.70846
0.0375 1.72901e-06 3.97613
0.04 0.000548255 2.52025
0.0425 22.0889 3.30033
0.045 41851.9 106.133
0.0475 773804 61.6135
0.04775 0 1.88815e-08
0.05 0.0770398 11.5866
0.0525 0.0697778 8.69975
0.055 0.0585201 6.77685
0.0575 0.0487697 5.44984
0.06 0.0410216 4.47507
0.0625 0.0348885 3.72303
0.065 0.0299563 3.12368
0.0675 0.0259188 2.63612
0.07 0.0225657 2.23426
0.0725 0.0197625 1.9001
0.075 0.0174499 1.62094
0.0775 0.0152367 1.38886
0.08 0.0135632 1.19064
0.0825 0.0120667 1.02244
0.085 0.0107576 0.879557
0.0875 0.0096185 0.75779
0.09 0.00862458 0.653682
0.0925 0.00775462 0.564404
0.095 0.00699157 0.487628
0.0975 0.00631888 0.421437
0.1 0.00572483 0.364236
0.1025 0.0051991 0.314698
0.105 0.00473113 0.271715
0.1075 0.00431537 0.234355
0.11 0.00394364 0.201831
0.1125 0.00361113 0.173483
0.115 723719 0.148746
0.1175 1.55839e+07 1.41577e+07
0.12 703701 0.108268
0.1225 0.00258502 0.091769
0.125 0.0023874 0.0773471
0.1275 0.00220878 0.0647443
0.13 0.0020457 0.0537435
0.1325 0.00189724 0.0441378
0.135 0.00176858 0.0357471
0.1375 0.00163552 0.0285391
0.14 0.00152953 0.022203
0.1425 0.00142522 0.0167436
0.145 0.00133099 0.0120427
0.1475 0.00124375 0.00801313
0.15 0.00116379 0.00457843
0.1525 0.00109156 0.0016707
0.155 0.00102357 0.000765589
0.1575 0.000961062 0.00278436
0.16 0.00090247 0.00443123
0.1625 0.000849279 0.00574717
0.165 0.000799333 0.00676867
0.1675 0.000753534 0.00752805
0.17 0.000710128 0.00805371
0.1725 0.000670787 0.008372
0.175 0.000633349 0.00850546
0.1775 0.00059888 0.00847481
0.18 0.000566432 0.00829836
0.1825 0.000536947 0.0079926
0.185 0.000508008 0.00757199
0.1875 0.000481915 0.00705054
0.19 0.000457583 0.00643923
0.1925 0.000434159 0.005749
0.195 0.000412669 0.00498975
0.1975 0.000392488 0.00416923
0.2 0.000373278 0.00329495
0.2025 0.000355432 0.00237349
0.205 0.000338411 0.00140973
0.2075 0.00032333 0.000408616
0.21 0.000307724 0.000627668
0.2125 0.000293677 0.00169587
0.215 0.000281387 0.00279445
0.2175 0.000266763 0.00392449
0.22 0.000257116 0.00506114
0.2225 0.000243825 0.00623134
0.225 0.000231958 0.00739945
0.2275 0.000219223 0.00854597
0.23 0.000205194 0.00962987
0.2325 0.000190083 0.0105869
0.235 0.000171183 0.0113214
0.2375 0.000149554 0.0116946
0.24 0.000124719 0.0115177
0.2425 9.84507e-05 0.0105489
0.245 6.61205e-05 0.00853513
0.2475 3.29572e-05 0.00513708
