TITLE="Graphics"
VARIABLES= "rj, cm", "F", "dT/dt" 
0 0.000143403 24.8441
0.0025 0.000142891 24.7274
0.005 0.000141466 24.4045
0.0075 0.000138969 23.8463
0.01 0.000135394 23.0633
0.0125 0.000130729 22.0676
0.015 0.000124964 20.8739
0.0175 0.000118103 19.4999
0.02 0.000110168 17.9662
0.0225 0.000101214 16.2963
0.025 9.13349e-05 14.5167
0.0275 8.06753e-05 12.6563
0.03 6.9409e-05 10.7458
0.0325 5.75769e-05 8.81726
0.035 4.44228e-05 6.90393
0.0375 2.65625e-05 5.04392
0.04 4.88008e-05 3.29525
0.0425 0.0254827 1.9484
0.045 2.99685 102.545
0.0475 26319 23821.9
0.04775 1.38778e-17 2.01794e-08
0.05 1.58733 18.6369
0.0525 0.296758 10.224
0.055 0.474977 7.78555
0.0575 0.416635 6.24349
0.06 0.34226 5.06514
0.0625 0.288248 4.17276
0.065 0.245818 3.48803
0.0675 307418 2.95506
0.07 1.97498e+06 1.36085e+06
0.0725 305408 2.19877
0.075 0.140555 1.92709
0.0775 0.123959 1.70469
0.08 0.109775 1.52058
0.0825 0.0976499 1.36656
0.085 0.0877892 1.23628
0.0875 0.0804354 1.12294
0.09 0.0677128 1.01771
0.0925 0.0626021 0.932742
0.095 0.0570959 0.859613
0.0975 0.0517118 0.794675
0.1 0.0468829 0.736527
0.1025 0.0426094 0.68423
0.105 0.0388145 0.636991
0.1075 0.0354336 0.594143
0.11 0.0324112 0.555126
0.1125 0.0297016 0.519474
0.115 0.0272677 0.486795
0.1175 0.0250772 0.456762
0.12 0.0230999 0.42909
0.1225 0.021314 0.40354
0.125 0.0196962 0.379904
0.1275 0.018229 0.357999
0.13 0.0168958 0.337665
0.1325 0.0156825 0.31876
0.135 0.0145757 0.301158
0.1375 0.0135663 0.284746
0.14 0.0126422 0.269422
0.1425 0.0117957 0.255095
0.145 0.0110201 0.241683
0.1475 0.0103067 0.229108
0.15 0.00965056 0.217304
0.1525 0.00904687 0.206207
0.155 0.00848917 0.195762
0.1575 0.0079738 0.185916
0.16 0.00749785 0.176623
0.1625 0.00705701 0.16784
0.165 0.00664736 0.159527
0.1675 0.00626793 0.151649
0.17 0.0059145 0.144174
0.1725 0.0055859 0.137073
0.175 0.00527985 0.130319
0.1775 0.00499394 0.123888
0.18 0.00472721 0.117759
0.1825 0.00447676 0.111912
0.185 0.00424402 0.106331
0.1875 0.00402465 0.101001
0.19 0.00381925 0.0959071
0.1925 0.00362593 0.0910389
0.195 0.00344512 0.0863859
0.1975 0.0032742 0.0819386
0.2 0.00311328 0.0776897
0.2025 0.00296257 0.0736326
0.205 0.00281949 0.0697611
0.2075 0.00268567 0.0660701
0.21 0.00255867 0.0625547
0.2125 0.00243945 0.0592103
0.215 0.00232635 0.0560328
0.2175 0.00221997 0.0530178
0.22 0.00211861 0.0501621
0.2225 0.0020212 0.0474627
0.225 0.00192737 0.0449202
0.2275 0.0018326 0.0425384
0.23 0.00173481 0.040331
0.2325 0.00162962 0.0383245
0.235 0.00151395 0.0365675
0.2375 0.00140461 0.0351324
0.24 0.00140557 0.034085
0.2425 0.00198897 0.0332957
0.245 0.00466479 0.0315921
0.2475 0.0106509 0.0240665
