TITLE="Graphics"
VARIABLES= "rj, cm", "F", "dT/dt" 
0 6.30924e-05 21.2239
0.0025 6.28304e-05 21.1212
0.005 6.21033e-05 20.8373
0.0075 6.08391e-05 20.3472
0.01 5.90491e-05 19.661
0.0125 5.67457e-05 18.7906
0.015 5.39447e-05 17.7505
0.0175 5.06686e-05 16.5574
0.02 4.69488e-05 15.2309
0.0225 4.2829e-05 13.7926
0.025 3.83706e-05 12.2665
0.0275 3.36812e-05 10.678
0.03 2.91809e-05 9.05355
0.0325 2.7492e-05 7.41665
0.035 3.7888e-05 5.76499
0.0375 2.72404e-05 3.98923
0.04 0.00298452 2.18237
0.0425 0.0983797 3.80889
0.045 0.117761 105.783
0.0475 1.11826 59.0862
0.04775 4.85723e-17 1.88672e-08
0.05 0.335729 10.2236
0.0525 0.276018 8.15353
0.055 0.224575 6.70987
0.0575 0.187732 5.58537
0.06 0.159796 4.67214
0.0625 0.137359 3.92204
0.065 0.11879 3.30343
0.0675 0.103217 2.79143
0.07 0.0900704 2.36592
0.0725 0.0789193 2.01075
0.075 0.0694191 1.71299
0.0775 0.06129 1.46237
0.08 0.0543049 1.25065
0.0825 0.0482789 1.07119
0.085 0.0430603 0.918649
0.0875 0.0385227 0.788682
0.09 0.0345622 0.677725
0.0925 0.0310933 0.582844
0.095 0.0280432 0.501597
0.0975 0.0253546 0.431949
0.1 0.0229771 0.372186
0.1025 0.0208747 0.320873
0.105 0.0190312 0.276824
0.1075 0.0172894 0.239168
0.11 0.0158287 0.206652
0.1125 0.0144965 0.178708
0.115 0.013296 0.154724
0.1175 0.0122149 0.134154
0.12 0.0112409 0.116523
0.1225 0.010361 0.101427
0.125 0.00956516 0.088517
0.1275 0.00884315 0.0774929
0.13 0.00818758 0.0680958
0.1325 0.0075915 0.060102
0.135 0.00704779 0.0533182
0.1375 0.00655156 0.0475769
0.14 0.00609777 0.0427322
0.1425 0.00568235 0.0386574
0.145 0.00530211 0.0352425
0.1475 0.0049516 0.0323925
0.15 0.00463081 0.0300246
0.1525 0.00433458 0.0280672
0.155 0.00406271 0.0264592
0.1575 0.00381029 0.0251468
0.16 0.00357864 0.0240843
0.1625 0.0033632 0.0232317
0.165 947330 0.0225546
0.1675 5.72992e+06 3.85888e+06
0.17 925293 0.0216103
0.1725 0.00264901 0.0212954
0.175 0.00250088 0.0210591
0.1775 0.0023632 0.0208851
0.18 0.0022352 0.0207601
0.1825 0.00211512 0.0206729
0.185 0.00200362 0.0206137
0.1875 0.00189941 0.0205747
0.19 0.00180164 0.0205499
0.1925 0.00171023 0.0205337
0.195 0.00162487 0.0205215
0.1975 0.00154292 0.0205093
0.2 0.00146488 0.0204896
0.2025 0.00140101 0.0204492
0.205 0.001331 0.020413
0.2075 0.00126639 0.0203657
0.21 0.00120603 0.0202995
0.2125 0.001149 0.0202084
0.215 0.00109431 0.0200859
0.2175 0.00104228 0.0199245
0.22 0.000992674 0.019715
0.2225 0.000945326 0.0194475
0.225 0.000899282 0.0191106
0.2275 0.000854164 0.01869
0.23 0.000809468 0.0181684
0.2325 0.000761461 0.0175201
0.235 0.000707235 0.0167029
0.2375 0.000641072 0.0156459
0.24 0.000558018 0.014231
0.2425 0.00045049 0.0122735
0.245 0.00031749 0.0095023
0.2475 0.000163024 0.00555573
