TITLE="Graphics"
VARIABLES= "rj, cm", "F", "dT/dt" 
0 0.00469147 25.5921
0.0025 0.00467542 25.4729
0.005 0.00463069 25.1426
0.0075 0.00455212 24.5717
0.01 0.00443926 23.7703
0.0125 0.00429137 22.7506
0.015 144.944 21.5273
0.0175 19066.2 18838.1
0.02 108.534 18.5431
0.0225 0.003343 16.8268
0.025 0.00302114 14.9957
0.0275 0.00267114 13.0796
0.03 0.00229924 11.1102
0.0325 0.00191572 9.12085
0.035 0.0015383 7.14507
0.0375 0.00120343 5.21436
0.04 0.00177308 3.35346
0.0425 1.23032 1.5765
0.045 2.43583 99.8693
0.0475 303.522 48.8096
0.04775 6.93889e-18 1.91152e-08
0.05 30.3301 3.78606
0.0525 22.3666 5.07728
0.055 16.722 4.81709
0.0575 13.2004 4.26531
0.06 10.8316 3.72681
0.0625 9.09487 3.26084
0.065 7.74372 2.86757
0.0675 6.65494 2.53568
0.07 5.75949 2.25382
0.0725 5.0136 2.01272
0.075 4.38674 1.80514
0.0775 3.85621 1.62539
0.08 3.40451 1.46897
0.0825 3.01785 1.33224
0.085 2.6852 1.21224
0.0875 2.39767 1.10651
0.09 2.14804 1.01301
0.0925 1.93041 0.930052
0.095 1.73993 0.856183
0.0975 1.5726 0.790193
0.1 1.42508 0.731051
0.1025 1.29459 0.677879
0.105 1.17882 0.629928
0.1075 1.07578 0.586557
0.11 0.983833 0.547213
0.1125 0.901553 0.511422
0.115 0.82774 0.478773
0.1175 0.761361 0.448912
0.12 0.701532 0.421529
0.1225 0.647485 0.396357
0.125 0.598561 0.37316
0.1275 0.554184 0.351734
0.13 0.513855 0.331899
0.1325 0.477136 0.313496
0.135 0.443645 0.296387
0.1375 0.413047 0.280448
0.14 0.385044 0.265569
0.1425 0.359379 0.251654
0.145 0.335819 0.238618
0.1475 0.31416 0.226382
0.15 0.294221 0.214879
0.1525 0.275839 0.204047
0.155 0.258873 0.193831
0.1575 0.243191 0.184181
0.16 0.228679 0.175053
0.1625 0.215234 0.166406
0.165 0.202764 0.158204
0.1675 0.191184 0.150414
0.17 0.180418 0.143007
0.1725 0.1704 0.135954
0.175 0.161068 0.129231
0.1775 0.152366 0.122816
0.18 0.144245 0.116687
0.1825 0.136656 0.110826
0.185 0.129561 0.105216
0.1875 0.122921 0.0998402
0.19 0.116702 0.0946845
0.1925 0.110873 0.0897351
0.195 0.105408 0.0849795
0.1975 0.100281 0.0804058
0.2 0.0954742 0.0760027
0.2025 0.0909676 0.071759
0.205 0.0867507 0.0676638
0.2075 0.0828145 0.0637053
0.21 0.0791559 0.0598706
0.2125 0.0757786 0.0561449
0.215 0.0726912 0.0525103
0.2175 0.0699039 0.0489444
0.22 0.0674328 0.0454193
0.2225 0.065279 0.0419003
0.225 0.0634291 0.0383448
0.2275 0.0618236 0.0347032
0.23 0.0603299 0.0309216
0.2325 0.0587021 0.0269492
0.235 0.0565328 0.0227514
0.2375 0.0532354 0.0183322
0.24 0.048065 0.013765
0.2425 0.0402527 0.00923265
0.245 0.0293051 0.00506673
0.2475 0.0154485 0.00177024
