TITLE="Graphics"
VARIABLES= "rj, cm", "F", "dT/dt" 
0 0.00491985 27.3992
0.0025 0.00490501 27.274
0.005 0.0048635 26.9275
0.0075 0.0047901 26.328
0.01 0.0046836 25.4852
0.0125 0.00454222 24.411
0.015 0.00436405 23.1195
0.0175 0.00414749 21.6279
0.02 0.00389177 19.957
0.0225 0.00359744 18.1308
0.025 0.00326677 16.177
0.0275 0.00290356 14.1265
0.03 0.00251201 12.0127
0.0325 0.00209404 9.87131
0.035 0.00164365 7.74005
0.0375 0.00112393 5.65967
0.04 0.00531437 3.67911
0.0425 28.0413 2.36989
0.045 67365.9 94.6841
0.0475 773356 50.5132
0.04775 1.11022e-16 1.71797e-08
0.05 21.8217 6.37354
0.0525 17.2308 4.96653
0.055 13.5586 4.27728
0.0575 11.0474 3.80277
0.06 9.23743 3.40471
0.0625 7.85192 3.04768
0.065 6.74759 2.72273
0.0675 5.84542 2.42711
0.07 5.0967 2.1592
0.0725 4.46837 1.91739
0.075 3.93649 1.69987
0.0775 3.48296 1.5048
0.08 3.09377 1.33026
0.0825 2.75792 1.17443
0.085 2.46661 1.03554
0.0875 2.21276 0.911944
0.09 1.99062 0.802093
0.0925 563613 0.704575
0.095 1.16225e+06 51119.5
0.0975 548337 0.541473
0.1 1.33634 0.473644
0.1025 1.21627 0.413648
0.105 1.10917 0.360618
0.1075 1.01341 0.313781
0.11 0.9276 0.272443
0.1125 0.850525 0.235987
0.115 0.781156 0.20386
0.1175 0.718599 0.175574
0.12 0.662078 0.15069
0.1225 0.610919 0.128823
0.125 0.564531 0.109628
0.1275 0.522398 0.092801
0.13 0.48407 0.0780704
0.1325 0.449147 0.0651969
0.135 0.417279 0.0539681
0.1375 0.388156 0.0441958
0.14 0.361502 0.0357132
0.1425 0.337077 0.0283728
0.145 0.314661 0.0220436
0.1475 0.294061 0.0166099
0.15 0.275103 0.0119688
0.1525 0.257632 0.00802897
0.155 0.24151 0.00470907
0.1575 0.226613 0.00193646
0.16 0.212835 0.000353715
0.1625 0.200083 0.00221933
0.165 0.188267 0.00371162
0.1675 0.17731 0.00487599
0.17 0.167134 0.00575252
0.1725 0.157672 0.00637685
0.175 0.148864 0.00678076
0.1775 0.140652 0.00699264
0.18 0.132991 0.00703821
0.1825 0.125835 0.00694059
0.185 0.119143 0.00672077
0.1875 0.112879 0.00639783
0.19 0.107013 0.00598917
0.1925 0.101513 0.00551055
0.195 0.0963553 0.00497637
0.1975 0.0915112 0.00439961
0.2 0.0869663 0.00379208
0.2025 0.0826966 0.00316418
0.205 0.0786895 0.00252505
0.2075 0.0749271 0.00188242
0.21 0.0713989 0.00124262
0.2125 0.0680906 0.00061038
0.215 0.0649943 1.1069e-05
0.2175 0.0620994 0.000620319
0.22 0.0593983 0.00121776
0.2225 0.0568727 0.00180575
0.225 0.0544941 0.00238808
0.2275 0.0522068 0.00296884
0.23 0.0499089 0.00354978
0.2325 0.0474421 0.00412504
0.235 0.0445511 0.00467279
0.2375 0.0408867 0.00514178
0.24 0.0360184 0.00543285
0.2425 0.0295091 0.0053765
0.245 0.0211114 0.00471082
0.2475 0.0110004 0.00307053
