TITLE="Graphics"
VARIABLES= "rj, cm", "F", "dT/dt" 
0 0.000283893 24.5141
0.0025 0.000282862 24.3986
0.005 0.000279993 24.079
0.0075 0.00027497 23.5266
0.01 0.000267789 22.7518
0.0125 0.000258434 21.7669
0.015 0.000246896 20.5866
0.0175 0.000233192 19.2285
0.02 0.000217381 17.7131
0.0225 0.000199583 16.0639
0.025 0.00017999 14.307
0.0275 0.000158842 12.4712
0.03 0.000136306 10.5867
0.0325 0.00011226 8.68584
0.035 8.67204e-05 6.80277
0.0375 6.36128e-05 4.97381
0.04 4.24173e-05 3.22854
0.0425 25.2555 2.30775
0.045 54256 100.075
0.0475 773792 58.3054
0.04775 1.45717e-16 1.74606e-08
0.05 0.962434 15.2423
0.0525 0.937976 12.2534
0.055 0.823862 9.85492
0.0575 0.706006 8.03803
0.06 0.603184 6.64464
0.0625 0.517289 5.5523
0.065 0.446085 4.6788
0.0675 0.386923 3.96911
0.07 0.338236 3.38554
0.0725 0.302836 2.90297
0.075 0.252901 2.51381
0.0775 0.22905 2.17395
0.08 0.203716 1.88565
0.0825 0.18111 1.64116
0.085 0.161427 1.433
0.0875 0.144307 1.25497
0.09 0.129374 1.10208
0.0925 0.116305 0.970272
0.095 0.104829 0.856229
0.0975 0.0947228 0.757226
0.1 0.085795 0.671007
0.1025 0.0778882 0.595697
0.105 0.070866 0.529731
0.1075 0.0646145 0.471799
0.11 0.0590336 0.420798
0.1125 0.0540422 0.375795
0.115 0.0495654 0.336001
0.1175 0.0455421 0.300744
0.12 0.0419189 0.269453
0.1225 0.038648 0.241635
0.125 0.0356906 0.21687
0.1275 0.0330103 0.194794
0.13 0.0305771 0.175093
0.1325 0.0283638 0.157495
0.135 0.0263472 0.141762
0.1375 0.0245068 0.127688
0.14 0.0228238 0.115091
0.1425 0.0212835 0.103812
0.145 0.01987 0.0937131
0.1475 0.018573 0.0846693
0.15 0.0173791 0.0765724
0.1525 0.0162795 0.0693259
0.155 0.0152666 0.0628438
0.1575 0.0143301 0.0570508
0.16 0.0134651 0.0518787
0.1625 0.0126639 0.0472672
0.165 0.0119216 0.0431627
0.1675 0.0112332 0.0395165
0.17 0.0105938 0.0362859
0.1725 0.00999881 0.0334321
0.175 0.00944644 0.0309204
0.1775 0.00893013 0.0287199
0.18 0.00845043 0.0268023
0.1825 1.00036e+06 0.025143
0.185 2.95925e+06 981920
0.1875 978624 0.0225097
0.19 0.00682371 0.0214974
0.1925 0.00648127 0.020665
0.195 0.00615838 0.0199983
0.1975 0.00585716 0.0194832
0.2 0.00557328 0.0191078
0.2025 0.00530635 0.0188611
0.205 0.00505501 0.0187327
0.2075 0.00481794 0.0187126
0.21 0.00459294 0.0187915
0.2125 0.00437714 0.018959
0.215 0.00417123 0.0192028
0.2175 0.00396872 0.0195089
0.22 0.00376968 0.019857
0.2225 0.00356682 0.0202216
0.225 0.0033571 0.0205656
0.2275 0.0031336 0.0208387
0.23 0.00288925 0.0209719
0.2325 0.00261346 0.0208717
0.235 0.0022962 0.0204129
0.2375 0.00191525 0.0194289
0.24 0.00175042 0.017694
0.2425 0.001282 0.0151797
0.245 0.000839089 0.0115781
0.2475 0.000408102 0.0066077
