TITLE="Graphics"
VARIABLES= "rj, cm", "F", "dT/dt" 
0 2.50441e-07 7.40545e-07
0.0025 2.48505e-07 7.35452e-07
0.005 2.44321e-07 7.21396e-07
0.0075 2.37274e-07 6.97232e-07
0.01 2.27445e-07 6.63607e-07
0.0125 2.14986e-07 6.21313e-07
0.015 2.0003e-07 5.71295e-07
0.0175 1.82918e-07 5.14659e-07
0.02 1.63768e-07 4.52652e-07
0.0225 1.42879e-07 3.86658e-07
0.025 1.20449e-07 3.18157e-07
0.0275 9.67911e-08 2.48735e-07
0.03 7.22878e-08 1.80042e-07
0.0325 4.7388e-08 1.13764e-07
0.035 2.29761e-08 5.15723e-08
0.0375 5.81043e-07 4.95278e-09
0.04 1.91195e-05 9.21517e-08
0.0425 0.000115289 6.77988e-07
0.045 2.52572e-05 1.13472e-06
0.0475 0.000250655 1.63302e-07
0.0475003 1.94289e-16 1.6862e-11
0.05 0.459776 0.182696
0.0525 0.0643776 0.252594
0.055 0.100898 0.306339
0.0575 0.302198 0.350247
0.06 0.526882 0.387335
0.0625 0.767726 0.419295
0.065 1.02021 0.447189
0.0675 1.28127 0.471732
0.07 1.54864 0.493437
0.0725 1.82058 0.512685
0.075 2.09563 0.529768
0.0775 2.3725 0.54492
0.08 2.65007 0.558328
0.0825 2.92727 0.570146
0.085 3.20309 0.580503
0.0875 3.47658 0.589506
0.09 3.74684 0.59725
0.0925 4.01297 0.603814
0.095 4.27413 0.60927
0.0975 4.52951 0.613677
0.1 4.77833 0.617092
0.1025 5.01983 0.619562
0.105 5.2533 0.621134
0.1075 5.47806 0.621845
0.11 5.69347 0.621734
0.1125 5.89892 0.620834
0.115 6.09386 0.619177
0.1175 6.27775 0.616791
0.12 6.45012 0.613706
0.1225 6.61052 0.609946
0.125 6.75857 0.605537
0.1275 6.89389 0.600502
0.13 7.01618 0.594865
0.1325 7.12517 0.588648
0.135 7.22061 0.581872
0.1375 7.30234 0.574559
0.14 7.3702 0.566729
0.1425 7.42409 0.558403
0.145 7.46393 0.5496
0.1475 7.4897 0.54034
0.15 7.50142 0.530643
0.1525 7.49913 0.520529
0.155 7.48292 0.510016
0.1575 922392 0.499124
0.16 1.82119e+06 48.461
0.1625 900285 0.476279
0.165 7.28175 0.464364
0.1675 7.19838 0.452147
0.17 7.1023 0.439646
0.1725 6.99381 0.426881
0.175 6.87324 0.41387
0.1775 6.74096 0.400632
0.18 6.59733 0.387187
0.1825 6.44277 0.373553
0.185 6.2777 0.35975
0.1875 6.10257 0.345795
0.19 5.91784 0.331708
0.1925 5.72399 0.317507
0.195 5.52151 0.303211
0.1975 5.31092 0.288839
0.2 5.09274 0.274408
0.2025 4.86751 0.259938
0.205 4.63576 0.245445
0.2075 4.39807 0.230948
0.21 4.15498 0.216465
0.2125 3.90706 0.202013
0.215 3.65489 0.18761
0.2175 3.39905 0.173271
0.22 3.14012 0.159015
0.2225 2.87867 0.144857
0.225 2.61528 0.130814
0.2275 2.35054 0.116902
0.23 2.08503 0.103135
0.2325 1.8193 0.0895301
0.235 1.55394 0.0761009
0.2375 1.2895 0.0628622
0.24 1.02652 0.0498279
0.2425 0.765563 0.0370116
0.245 0.507148 0.0244265
0.2475 0.251799 0.0120852
