TITLE="Graphics"
VARIABLES= "rj, cm", "F", "dT/dt" 
0 1.96997e-05 28.4904
0.0025 1.96456e-05 28.3622
0.005 1.94939e-05 28.0069
0.0075 1.92244e-05 27.3917
0.01 1.88305e-05 26.5262
0.0125 1.8303e-05 25.4217
0.015 1.76311e-05 24.0918
0.0175 1.68046e-05 22.5532
0.02 1.58157e-05 20.8265
0.0225 1.46612e-05 18.9356
0.025 1.33467e-05 16.9088
0.0275 1.18898e-05 14.7778
0.03 1.03236e-05 12.5773
0.0325 8.68944e-06 10.3443
0.035 6.96881e-06 8.11602
0.0375 4.67426e-06 5.93168
0.04 0.00107382 3.8499
0.0425 26.9456 26.441
0.045 68356.3 68245.7
0.0475 912815 749739
0.04775 6.93889e-17 1.28067e-05
0.05 77.8139 24.5052
0.0525 48.3759 11.9306
0.055 39.4522 9.31889
0.0575 32.8069 7.51165
0.06 27.6227 6.17506
0.0625 23.4812 5.15751
0.065 20.1182 4.36621
0.0675 17.3535 3.73957
0.07 15.0578 3.23526
0.0725 13.1356 2.82352
0.075 11.5144 2.48308
0.0775 10.1383 2.19843
0.08 8.96333 1.9581
0.0825 7.95489 1.75342
0.085 497705 1.57774
0.0875 1.35699e+07 1.25861e+07
0.09 485186 1.29389
0.0925 5.10327 1.17839
0.095 4.60124 1.07682
0.0975 4.15958 0.987058
0.1 3.76977 0.907361
0.1025 3.42465 0.8363
0.105 3.11819 0.772691
0.1075 2.84529 0.715539
0.11 2.60164 0.664011
0.1125 2.38355 0.617404
0.115 2.18785 0.575115
0.1175 2.01185 0.536632
0.12 1.8532 0.501515
0.1225 1.7099 0.469383
0.125 1.58019 0.439908
0.1275 1.46256 0.412805
0.13 1.35567 0.387829
0.1325 1.25838 0.364761
0.135 1.16966 0.343414
0.1375 1.08862 0.323621
0.14 1.01449 0.305236
0.1425 0.94656 0.288131
0.145 0.884223 0.272188
0.1475 0.826936 0.257308
0.15 0.774214 0.243397
0.1525 0.725628 0.230374
0.155 0.680794 0.218165
0.1575 0.63937 0.206703
0.16 0.60105 0.195928
0.1625 0.565558 0.185786
0.165 0.532647 0.176227
0.1675 0.502097 0.167208
0.17 0.473705 0.158686
0.1725 0.447292 0.150624
0.175 0.422695 0.142989
0.1775 0.399765 0.13575
0.18 0.37837 0.128879
0.1825 0.358387 0.122352
0.185 0.339705 0.116143
0.1875 0.322225 0.110234
0.19 0.305856 0.104605
0.1925 0.290512 0.0992396
0.195 0.27612 0.0941239
0.1975 0.262607 0.0892461
0.2 0.249911 0.0845936
0.2025 0.237973 0.0801596
0.205 0.226739 0.0759365
0.2075 0.216161 0.0719183
0.21 0.206193 0.0681021
0.2125 0.196793 0.0644856
0.215 0.187922 0.0610683
0.2175 0.179547 0.0578523
0.22 0.171633 0.0548419
0.2225 0.16415 0.0520453
0.225 0.157072 0.0494784
0.2275 0.150372 0.0471639
0.23 0.144028 0.045139
0.2325 0.138017 0.0434582
0.235 0.132319 0.0421997
0.2375 0.126915 0.0414705
0.24 0.121788 0.0414123
0.2425 0.116918 0.0421992
0.245 0.11219 0.0439921
0.2475 0.10453 0.0455003
