TITLE="Graphics"
VARIABLES= "rj, cm", "F", "dT/dt" 
0 0.000299389 26.3458
0.0025 0.000298413 26.224
0.005 0.000295688 25.8868
0.0075 0.000290892 25.3035
0.01 0.000283975 24.4843
0.0125 0.000274864 23.4413
0.015 0.00026349 22.1889
0.0175 0.000249806 20.7446
0.02 0.000233809 19.1292
0.0225 0.00021556 17.3666
0.025 0.000195182 15.484
0.0275 0.000172862 13.5117
0.03 0.000148913 11.4822
0.0325 0.00012394 9.43036
0.035 9.8667e-05 7.3915
0.0375 6.81983e-05 5.4004
0.04 0.000229856 3.5027
0.0425 0.0551607 1.40884
0.045 6.85066 101.152
0.0475 55401.6 25086.5
0.04775 4.16334e-17 2.18439e-08
0.05 4.94783 47.01
0.0525 0.308722 29.3409
0.055 0.94846 22.8514
0.0575 0.89513 18.7973
0.06 0.754974 15.7636
0.0625 0.633826 13.3816
0.065 275844 11.4684
0.0675 1.2124e+06 659217
0.07 275915 8.61675
0.0725 0.342373 7.53887
0.075 0.298573 6.63047
0.0775 0.261771 5.85904
0.08 0.230624 5.19955
0.0825 0.204094 4.63244
0.085 0.181365 4.14221
0.0875 0.161786 3.71642
0.09 0.144839 3.345
0.0925 0.1301 3.0197
0.095 0.117228 2.73374
0.0975 0.105941 2.48149
0.1 0.0960048 2.25826
0.1025 0.0872277 2.06009
0.105 0.0794485 1.88367
0.1075 0.0725316 1.72616
0.11 0.0663632 1.58518
0.1125 0.0608466 1.45866
0.115 0.0558991 1.34484
0.1175 0.0514516 1.24221
0.12 0.0474424 1.14946
0.1225 0.0438222 1.06545
0.125 0.040543 0.989201
0.1275 0.0375693 0.919848
0.13 0.034865 0.856644
0.1325 0.0324024 0.79893
0.135 0.0301551 0.74613
0.1375 0.0281002 0.697736
0.14 0.0262194 0.6533
0.1425 0.0244938 0.612428
0.145 0.0229094 0.574769
0.1475 0.0214504 0.540012
0.15 0.0201079 0.50788
0.1525 0.0188684 0.478129
0.155 0.0177231 0.450538
0.1575 0.0166645 0.424911
0.16 0.015684 0.401073
0.1625 0.0147741 0.378866
0.165 0.0139304 0.358147
0.1675 0.0131458 0.338791
0.17 0.0124156 0.320681
0.1725 0.0117361 0.303715
0.175 0.0111021 0.287799
0.1775 0.0105106 0.272848
0.18 0.00995763 0.258784
0.1825 0.0094405 0.24554
0.185 0.00895641 0.233052
0.1875 0.00850262 0.221262
0.19 0.00807637 0.21012
0.1925 0.00767584 0.199579
0.195 0.00729849 0.189597
0.1975 0.00694401 0.180137
0.2 0.00660854 0.171165
0.2025 0.00629063 0.162653
0.205 0.00599124 0.154574
0.2075 0.00570647 0.146906
0.21 0.00543585 0.139631
0.2125 0.00517844 0.132732
0.215 0.00493321 0.126197
0.2175 0.00469746 0.120018
0.22 0.00447093 0.114187
0.2225 0.00425049 0.108703
0.225 0.00403226 0.103571
0.2275 0.00381446 0.0988012
0.23 0.00359721 0.0944152
0.2325 0.00339663 0.0904416
0.235 0.00328879 0.0869012
0.2375 0.00351924 0.0837386
0.24 0.00481639 0.0805991
0.2425 0.00888986 0.0761794
0.245 0.0180213 0.0667101
0.2475 0.0271331 0.0439733
