TITLE="Graphics"
VARIABLES= "rj, cm", "F", "dT/dt" 
0 0.000101477 330.698
0.0025 8.12805e-05 330.17
0.005 7.60056e-05 328.67
0.0075 7.23743e-05 325.912
0.01 7.22293e-05 321.692
0.0125 7.91062e-05 315.737
0.015 9.6256e-05 307.736
0.0175 0.000125677 297.38
0.02 0.000167439 284.393
0.0225 0.000219364 268.571
0.025 0.000277019 249.815
0.0275 0.000333953 228.158
0.03 0.000382214 203.784
0.0325 0.000413272 177.036
0.035 0.00041931 148.415
0.0375 0.000394379 118.56
0.04 0.000333684 88.226
0.0425 0.000226232 58.2505
0.045 0.000175751 29.5632
0.0475 1717.21 21.0275
0.0477267 7.44191e-06 4.14981e-08
0.05 3006.2 269.529
0.0525 19.9674 289.576
0.055 24.4382 294.823
0.0575 28.2167 293.262
0.06 31.4186 288.147
0.0625 34.1437 281.073
0.065 36.4727 272.914
0.0675 38.4699 264.184
0.07 40.1867 255.199
0.0725 41.6643 246.157
0.075 42.9358 237.189
0.0775 44.0283 228.375
0.08 44.9638 219.769
0.0825 45.7607 211.403
0.085 46.434 203.297
0.0875 46.9965 195.461
0.09 47.4587 187.898
0.0925 47.8298 180.606
0.095 48.1174 173.582
0.0975 48.3279 166.82
0.1 48.4672 160.313
0.1025 48.5399 154.051
0.105 48.5505 148.026
0.1075 48.5024 142.229
0.11 48.3991 136.651
0.1125 48.2433 131.284
0.115 48.0376 126.118
0.1175 47.7843 121.144
0.12 47.4854 116.355
0.1225 47.1428 111.743
0.125 46.7582 107.299
0.1275 46.3331 103.017
0.13 45.8691 98.8898
0.1325 45.3675 94.9103
0.135 44.8296 91.0723
0.1375 44.2566 87.3697
0.14 43.6496 83.7968
0.1425 43.0099 80.348
0.145 42.3385 77.018
0.1475 41.6364 73.8019
0.15 40.9049 70.6949
0.1525 40.1448 67.6924
0.155 39.3573 64.7901
0.1575 38.5434 61.9838
0.16 37.7041 59.2696
0.1625 36.8405 56.6437
0.165 35.9537 54.1024
0.1675 35.0446 51.6425
0.17 34.1143 49.2605
0.1725 33.1639 46.9533
0.175 32.1946 44.7179
0.1775 31.2073 42.5514
0.18 30.2033 40.451
0.1825 29.1836 38.4141
0.185 28.1493 36.4381
0.1875 27.1016 34.5205
0.19 26.0417 32.6591
0.1925 24.9707 30.8514
0.195 23.8898 29.0954
0.1975 22.8001 27.389
0.2 21.7029 25.7302
0.2025 20.5993 24.1169
0.205 19.4905 22.5474
0.2075 18.3778 21.0199
0.21 17.2623 19.5325
0.2125 16.1453 18.0837
0.215 15.0278 16.6718
0.2175 13.9112 15.2952
0.22 12.7967 13.9525
0.2225 11.6853 12.6422
0.225 10.5783 11.3629
0.2275 9.47694 10.1133
0.23 8.38224 8.89198
0.2325 7.29541 7.69778
0.235 6.21756 6.52946
0.2375 5.14982 5.38584
0.24 4.09327 4.26579
0.2425 3.049 3.16821
0.245 2.01806 2.09206
0.2475 1.00147 1.03632
