TITLE="Graphics"
VARIABLES= "rj, cm", "F", "dT/dt" 
0 1.61222e-15 1.61222e-15
0.0025 1.06433e-12 1.06433e-12
0.005 3.90968e-15 3.90968e-15
0.0075 6.05029e-11 4.51585e-13
0.01 1.72101e-11 1.81594e-12
0.0125 1.05354e-10 2.95028e-12
0.015 9.68303e-11 9.24986e-13
0.0175 6.27356e-11 2.72039e-12
0.02 4.30922e-11 1.92459e-12
0.0225 2.16102e-10 3.48212e-12
0.025 2.37156e-11 4.19769e-12
0.0275 1.96884e-10 3.78033e-12
0.03 2.62732e-09 1.41517e-11
0.0325 1.3938e-08 1.08138e-10
0.035 1.09953e-08 4.57824e-10
0.0375 1.87965e-08 2.49749e-10
0.04 4.80229e-08 6.77164e-10
0.0425 9.50583e-08 2.14442e-09
0.045 5.95246e-07 2.57112e-09
0.0475 4.31458e-11 1.74606e-09
0.0475003 5.89806e-16 1.11116e-10
0.05 0.151792 1.20405
0.0525 3.37652 1.66505
0.055 5.16778 2.01914
0.0575 6.98198 2.30798
0.06 8.77859 2.55146
0.0625 10.534 2.76074
0.065 12.2342 2.94283
0.0675 13.8707 3.10245
0.07 15.4383 3.24298
0.0725 16.934 3.36695
0.075 18.3563 3.47633
0.0775 19.7042 3.57264
0.08 20.9776 3.65716
0.0825 22.1769 3.73092
0.085 23.3025 3.7948
0.0875 24.3552 3.84953
0.09 25.336 3.89576
0.0925 26.2458 3.93404
0.095 27.0858 3.96486
0.0975 27.857 3.98866
0.1 28.5609 4.00583
0.1025 29.1985 4.01672
0.105 29.7712 4.02165
0.1075 30.2803 4.02091
0.11 30.7271 4.01478
0.1125 31.113 4.0035
0.115 31.4393 3.9873
0.1175 31.7074 3.96641
0.12 31.9187 3.94104
0.1225 32.0746 3.91138
0.125 32.1765 3.87761
0.1275 32.2258 3.83992
0.13 32.2239 3.79848
0.1325 32.1722 3.75345
0.135 32.0723 3.705
0.1375 31.9254 3.65327
0.14 31.7331 3.59843
0.1425 31.4968 3.54062
0.145 31.218 3.47998
0.1475 30.8981 3.41665
0.15 30.5386 3.35077
0.1525 30.1409 3.28249
0.155 29.7066 3.21192
0.1575 29.237 3.13921
0.16 28.7336 3.06449
0.1625 28.1979 2.98787
0.165 27.6314 2.90949
0.1675 27.0356 2.82948
0.17 26.4118 2.74795
0.1725 25.7615 2.66503
0.175 25.0862 2.58084
0.1775 24.3874 2.4955
0.18 23.6665 2.40912
0.1825 22.9249 2.32182
0.185 22.164 2.23372
0.1875 21.3853 2.14493
0.19 20.5901 2.05556
0.1925 19.78 1.96573
0.195 18.9562 1.87553
0.1975 18.1201 1.78509
0.2 17.2732 1.6945
0.2025 16.4167 1.60387
0.205 15.552 1.5133
0.2075 14.6805 1.4229
0.21 13.8033 1.33276
0.2125 12.9219 1.24298
0.215 12.0375 1.15366
0.2175 11.1512 1.06488
0.22 10.2645 0.976756
0.2225 9.37845 0.889361
0.225 8.49427 0.802786
0.2275 7.61312 0.717118
0.23 6.73615 0.632441
0.2325 1.11224e+06 0.548836
0.235 2.20299e+06 408.335
0.2375 1.0921e+06 0.385158
0.24 3.29222 0.305237
0.2425 2.45252 0.226692
0.245 1.62336 0.149593
0.2475 0.805701 0.074007
