TITLE="Graphics"
VARIABLES= "rj, cm", "F", "dT/dt" 
0 0.00249583 28.0222
0.0025 0.00248868 27.8953
0.005 0.00246866 27.5437
0.0075 0.00243316 26.935
0.01 0.00238145 26.079
0.0125 0.00231246 24.9873
0.015 0.002225 23.6736
0.0175 0.00211797 22.1549
0.02 0.00199063 20.4518
0.0225 0.00184296 18.5886
0.025 0.00167596 16.5931
0.0275 0.00149189 14.4966
0.03 0.00129376 12.3333
0.0325 0.00108439 10.1394
0.035 0.000869271 7.95266
0.0375 0.000654897 5.81071
0.04 0.00171741 3.74989
0.0425 0.55036 1.63908
0.045 2.12493 95.0392
0.0475 2647.77 96.141
0.04775 8.32667e-17 1.98261e-08
0.05 24.6622 25.0552
0.0525 12.4526 21.1037
0.055 8.14638 16.9924
0.0575 6.42144 13.9665
0.06 5.3896 11.7365
0.0625 4.59671 10.0207
0.065 3.93992 8.65026
0.0675 3.38907 7.52669
0.07 2.92714 6.58949
0.0725 2.53981 5.79849
0.075 2.2144 5.12517
0.0775 1.94001 4.54825
0.08 1.70758 4.05125
0.0825 1.50969 3.6211
0.085 1.34033 3.24727
0.0875 1.19465 2.92113
0.09 1.06871 2.6356
0.0925 0.95934 2.38478
0.095 0.863935 2.16375
0.0975 0.780368 1.9684
0.1 0.706884 1.79523
0.1025 0.64203 1.64131
0.105 0.584597 1.50411
0.1075 0.53357 1.38152
0.11 0.488098 1.27169
0.1125 0.447464 1.17305
0.115 0.411059 1.08425
0.1175 0.378364 1.0041
0.12 0.34893 0.9316
0.1225 0.322367 0.86585
0.125 0.298316 0.806076
0.1275 0.276459 0.751604
0.13 0.256511 0.701849
0.1325 0.238253 0.656312
0.135 0.22155 0.614567
0.1375 0.206323 0.576243
0.14 0.192462 0.54101
0.1425 0.179818 0.50856
0.145 0.168238 0.478616
0.1475 0.157592 0.450926
0.15 894750 0.425263
0.1525 1.88677e+06 118330
0.155 872677 0.379257
0.1575 0.122514 0.358584
0.16 0.1153 0.339279
0.1625 0.108606 0.32122
0.165 0.10239 0.3043
0.1675 0.0966112 0.288422
0.17 0.0912356 0.273499
0.1725 0.0862285 0.259454
0.175 0.081561 0.246215
0.1775 0.0772059 0.23372
0.18 0.0731379 0.221909
0.1825 0.069333 0.21073
0.185 0.0657733 0.200136
0.1875 0.0624368 0.190083
0.19 0.0593068 0.180532
0.1925 0.0563659 0.171448
0.195 0.0535998 0.162798
0.1975 0.0509927 0.154554
0.2 0.0485325 0.14669
0.2025 0.0462041 0.139185
0.205 0.0440016 0.132019
0.2075 0.0419128 0.125177
0.21 0.039941 0.118644
0.2125 0.0380846 0.112408
0.215 0.0363664 0.106457
0.2175 0.0348162 0.100776
0.22 0.0334934 0.0953427
0.2225 0.0324852 0.0901191
0.225 0.0319112 0.0850429
0.2275 0.0319166 0.0800132
0.23 0.0326547 0.0748743
0.2325 0.0342207 0.0693998
0.235 0.0365487 0.0632832
0.2375 0.039192 0.0561473
0.24 0.0410495 0.0475963
0.2425 0.0401242 0.0373403
0.245 0.0337412 0.025416
0.2475 0.0198846 0.0124768
