TITLE="Graphics"
VARIABLES= "rj, cm", "F", "dT/dt" 
0 9.85803e-06 2.4041e-08
0.0025 1.47447e-05 9.6377e-08
0.005 4.12012e-05 3.59759e-07
0.0075 0.000127412 1.34109e-06
0.01 0.000344224 4.44832e-06
0.0125 0.000719918 1.21715e-05
0.015 0.000998768 2.56426e-05
0.0175 0.000572739 3.81097e-05
0.02 0.00053655 3.48381e-05
0.0225 0.00074862 1.64051e-05
0.025 0.000115769 9.21008e-06
0.0275 0.000368201 9.35993e-06
0.03 3.73997e-05 3.74018e-07
0.0325 0.000274303 4.03008e-06
0.035 0.000513286 8.07834e-06
0.0375 0.000179116 1.21372e-05
0.04 0.000288492 3.55915e-05
0.0425 0.000914913 1.91166e-05
0.045 0.00250486 0.000181974
0.0475 0.0244284 0.00016493
0.0475003 9.22873e-16 1.70478e-12
0.05 0.292537 0.0290855
0.0525 1.18051 0.0399957
0.055 1.65597 0.0485416
0.0575 2.11455 0.0557183
0.06 2.55295 0.0619816
0.0625 2.96925 0.067577
0.065 3.3625 0.0726522
0.0675 3.73234 0.0773029
0.07 4.0788 0.0815946
0.0725 4.40216 0.0855743
0.075 4.70281 0.0892765
0.0775 4.98127 0.0927272
0.08 5.23809 0.0959465
0.0825 5.47386 0.0989499
0.085 5.68919 0.10175
0.0875 5.88472 0.104356
0.09 6.06108 0.106776
0.0925 6.2189 0.109017
0.095 6.35881 0.111082
0.0975 6.48144 0.112978
0.1 6.58741 0.114705
0.1025 6.67734 0.116268
0.105 6.75184 0.117669
0.1075 6.81151 0.118908
0.11 6.85694 0.119988
0.1125 6.88873 0.12091
0.115 725475 0.121675
0.1175 1.42996e+06 355.454
0.12 705379 0.122738
0.1225 6.89065 0.123038
0.125 6.86257 0.123185
0.1275 6.82413 0.123179
0.13 6.77582 0.123022
0.1325 6.71816 0.122715
0.135 6.65163 0.122259
0.1375 6.57669 0.121656
0.14 6.49382 0.120908
0.1425 6.40346 0.120015
0.145 6.30605 0.118981
0.1475 6.20202 0.117807
0.15 6.09177 0.116495
0.1525 5.97572 0.115049
0.155 5.85426 0.11347
0.1575 5.72775 0.111763
0.16 5.59658 0.109929
0.1625 5.46108 0.107973
0.165 5.32161 0.105897
0.1675 5.1785 0.103707
0.17 5.03207 0.101405
0.1725 4.88262 0.0989956
0.175 4.73046 0.0964838
0.1775 4.57588 0.0938739
0.18 4.41914 0.0911706
0.1825 4.26053 0.0883787
0.185 4.10029 0.0855033
0.1875 3.93867 0.0825496
0.19 3.77592 0.079523
0.1925 3.61225 0.0764288
0.195 3.44789 0.0732727
0.1975 3.28304 0.0700603
0.2 3.11791 0.0667974
0.2025 2.9527 0.0634897
0.205 2.78757 0.0601433
0.2075 2.62272 0.0567639
0.21 2.45831 0.0533577
0.2125 2.2945 0.0499306
0.215 2.13145 0.0464885
0.2175 1.9693 0.0430376
0.22 1.80819 0.0395837
0.2225 1.64826 0.0361328
0.225 1.48964 0.0326908
0.2275 1.33246 0.0292636
0.23 1.17682 0.0258568
0.2325 1.02284 0.0224763
0.235 0.87063 0.0191275
0.2375 0.720293 0.015816
0.24 0.571927 0.0125471
0.2425 0.425626 0.00932605
0.245 0.281481 0.00615791
0.2475 0.139579 0.00304763
