TITLE="Graphics"
VARIABLES= "rj, cm", "F", "dT/dt" 
0 2.17973 129.891
0.0025 2.16996 129.299
0.005 2.14298 127.662
0.0075 2.09644 124.84
0.01 2.03136 120.896
0.0125 1.94892 115.904
0.015 1.85052 109.954
0.0175 1.73775 103.145
0.02 1.61239 95.5908
0.0225 1.47638 87.413
0.025 1.3318 78.7414
0.0275 1.18084 69.7109
0.03 1.02574 60.4592
0.0325 0.868794 51.1243
0.035 0.712449 41.8422
0.0375 0.559681 32.7446
0.04 0.415814 23.9553
0.0425 0.294287 15.5835
0.045 0.213522 7.70579
0.0475 2347.79 6.5219
0.0476531 3.4877e-05 1.2535e-08
0.05 4036.43 71.0046
0.0525 61.4356 78.5627
0.055 6.20427 81.0412
0.0575 22.057 81.0259
0.06 25.3702 79.7236
0.0625 28.5972 77.7066
0.065 31.7586 75.2875
0.0675 34.8616 72.6498
0.07 37.9068 69.9061
0.0725 40.8915 67.1277
0.075 43.8114 64.3606
0.0775 46.6614 61.6349
0.08 49.4359 58.97
0.0825 52.1295 56.3781
0.085 54.7366 53.8669
0.0875 57.252 51.4406
0.09 59.6707 49.1013
0.0925 61.988 46.8493
0.095 64.1996 44.684
0.0975 66.3015 42.6039
0.1 68.2899 40.6071
0.1025 70.1616 38.6915
0.105 71.9136 36.8544
0.1075 73.5432 35.0934
0.11 75.0482 33.4057
0.1125 76.4266 31.7889
0.115 77.6768 30.2402
0.1175 78.7974 28.7572
0.12 79.7875 27.3372
0.1225 80.6465 25.978
0.125 81.3739 24.6771
0.1275 81.9696 23.4323
0.13 82.4338 22.2415
0.1325 82.7671 21.1025
0.135 82.9702 20.0133
0.1375 83.044 18.972
0.14 82.9898 17.9767
0.1425 82.8091 17.0257
0.145 82.5036 16.1171
0.1475 82.0752 15.2494
0.15 81.5246 14.421
0.1525 80.8633 13.6302
0.155 80.0775 12.8757
0.1575 79.1804 12.1559
0.16 78.173 11.4695
0.1625 77.0582 10.8152
0.165 75.839 10.1916
0.1675 960589 9.59752
0.17 1.89755e+06 645.11
0.1725 938154 8.49296
0.175 69.9822 7.98015
0.1775 68.2902 7.49216
0.18 66.5144 7.02789
0.1825 64.6585 6.58629
0.185 62.7265 6.16632
0.1875 60.7224 5.76699
0.19 58.6503 5.3873
0.1925 56.5143 5.02631
0.195 54.3188 4.68309
0.1975 52.068 4.35672
0.2 49.7664 4.04632
0.2025 47.4183 3.75101
0.205 45.0283 3.46996
0.2075 42.6008 3.20234
0.21 40.1405 2.94733
0.2125 37.6518 2.70416
0.215 35.1394 2.47206
0.2175 32.6078 2.25028
0.22 30.0617 2.03809
0.2225 27.5056 1.83477
0.225 24.9441 1.63965
0.2275 22.3818 1.45204
0.23 19.8231 1.27128
0.2325 17.2724 1.09676
0.235 14.7343 0.927841
0.2375 12.2131 0.763935
0.24 9.71306 0.604462
0.2425 7.23841 0.448862
0.245 4.79332 0.296596
0.2475 2.38185 0.147142
