TITLE="Graphics"
VARIABLES= "rj, cm", "F", "dT/dt" 
0 6.30483e-05 21.2066
0.0025 6.27866e-05 21.1041
0.005 6.20596e-05 20.8204
0.0075 6.07956e-05 20.3306
0.01 5.90059e-05 19.6449
0.0125 5.67031e-05 18.7752
0.015 5.39031e-05 17.7358
0.0175 5.06282e-05 16.5436
0.02 4.69101e-05 15.2181
0.0225 4.27928e-05 13.7809
0.025 3.83387e-05 12.256
0.0275 3.36642e-05 10.6688
0.03 2.92486e-05 9.04557
0.0325 2.78301e-05 7.40909
0.035 3.72128e-05 5.75474
0.0375 1.91149e-05 3.98278
0.04 0.000214667 2.25787
0.0425 46.3348 2.77346
0.045 1.49768e+06 1.21097e+06
0.0475 865472 80858
0.04775 0.000200479 2.31834e-08
0.05 1.03585 30.5626
0.0525 0.0805331 17.7722
0.055 0.29398 14.7047
0.0575 0.248671 12.4481
0.06 0.205982 10.6199
0.0625 0.172364 9.12009
0.065 0.145763 7.88077
0.0675 0.124421 6.85009
0.07 0.10711 5.98751
0.0725 0.0931245 5.26088
0.075 0.0806032 4.64288
0.0775 0.0709502 4.11885
0.08 0.0625813 3.67036
0.0825 0.055422 3.2843
0.085 0.0492874 2.95034
0.0875 0.0440023 2.66009
0.09 0.0394265 2.4067
0.0925 0.035444 2.1845
0.095 0.0319621 1.98883
0.0975 0.0289047 1.8158
0.1 0.0262099 1.66219
0.1025 0.0238252 1.52531
0.105 0.0217087 1.40287
0.1075 0.0198238 1.29298
0.11 0.0181394 1.19401
0.1125 0.016632 1.10461
0.115 0.0152772 1.02361
0.1175 0.0140585 0.95
0.12 0.0129582 0.882937
0.1225 0.0119639 0.821685
0.125 0.0110616 0.765606
0.1275 0.010243 0.714152
0.13 0.00949594 0.666849
0.1325 0.00881452 0.623289
0.135 0.008266 0.583121
0.1375 0.00757263 0.545708
0.14 0.00712653 0.511343
0.1425 0.0066475 0.479446
0.145 0.00620788 0.449813
0.1475 0.00580624 0.42226
0.15 0.00543576 0.396613
0.1525 0.00509541 0.372717
0.155 0.00478003 0.350431
0.1575 0.00448962 0.329628
0.16 0.00422055 0.310193
0.1625 0.00397081 0.292021
0.165 0.00373976 0.275019
0.1675 0.00352489 0.259101
0.17 0.00332608 0.24419
0.1725 0.00313948 0.230211
0.175 0.00296713 0.217102
0.1775 0.00280636 0.204801
0.18 0.00265604 0.193253
0.1825 0.00251646 0.182406
0.185 0.00238562 0.172212
0.1875 0.0022643 0.162622
0.19 0.002128 0.153595
0.1925 0.00206052 0.145177
0.195 0.00193887 0.137174
0.1975 0.00184493 0.129637
0.2 0.00175727 0.122535
0.2025 0.00167549 0.115832
0.205 0.00159733 0.109499
0.2075 0.00152433 0.103508
0.21 0.001456 0.0978344
0.2125 0.00139056 0.0924525
0.215 0.00132861 0.0873418
0.2175 0.00126991 0.0824834
0.22 0.00121191 0.0778633
0.2225 0.00115618 0.0734744
0.225 0.00109844 0.0693156
0.2275 0.0010391 0.065403
0.23 0.000974772 0.0617685
0.2325 0.00090288 0.058471
0.235 0.000820994 0.055604
0.2375 0.00074457 0.0533038
0.24 0.000663872 0.0516903
0.2425 0.000770063 0.0509019
0.245 0.00232121 0.0504067
0.2475 0.0115338 0.0444814
