TITLE="Graphics"
VARIABLES= "rj, cm", "F", "dT/dt" 
0 1.15828e-05 19.7982
0.0025 1.15323e-05 19.7016
0.005 1.13935e-05 19.4345
0.0075 1.11529e-05 18.9736
0.01 1.0814e-05 18.3286
0.0125 1.0382e-05 17.5111
0.015 9.86521e-06 16.5348
0.0175 9.27904e-06 15.4155
0.02 8.6528e-06 14.1708
0.0225 8.04161e-06 12.8186
0.025 7.54609e-06 11.3755
0.0275 7.3875e-06 9.85224
0.03 8.77999e-06 8.24476
0.0325 2.22761e-05 6.48002
0.035 0.000103369 3.93504
0.0375 0.000154553 3.086
0.04 0.00195365 16.4622
0.0425 38.7556 63.8307
0.045 101704 75.4461
0.0475 773814 43.9885
0.04775 5.55112e-17 9.66187e-09
0.05 0.0328873 13.7361
0.0525 0.0312948 15.2187
0.055 0.0266044 16.6435
0.0575 0.022135 18.0539
0.06 0.018336 19.4039
0.0625 0.0152052 20.6614
0.065 0.0126346 21.8109
0.0675 306943 22.8478
0.07 1.45638e+07 1.39515e+07
0.0725 304951 24.5903
0.075 0.00601654 25.3046
0.0775 0.00495654 25.9214
0.08 0.00405331 26.4464
0.0825 0.00328163 26.8851
0.085 0.00262007 27.2426
0.0875 0.00205288 27.5241
0.09 0.00156579 27.7345
0.0925 0.00114753 27.8782
0.095 0.000788697 27.9595
0.0975 0.000481219 27.9827
0.1 0.000218424 27.9515
0.1025 5.87677e-06 27.8696
0.105 0.000195961 27.7406
0.1075 0.000357025 27.5677
0.11 0.000491805 27.3541
0.1125 0.000604163 27.1027
0.115 0.000696741 26.8164
0.1175 0.000772426 26.4979
0.12 0.000832031 26.1496
0.1225 0.000879336 25.7741
0.125 0.000914535 25.3735
0.1275 0.000939823 24.95
0.13 0.000956047 24.5057
0.1325 0.000964645 24.0425
0.135 0.000967101 23.5623
0.1375 0.000963165 23.0666
0.14 0.000954648 22.5573
0.1425 0.000941831 22.0358
0.145 0.000925208 21.5036
0.1475 0.000905712 20.9621
0.15 0.000883868 20.4125
0.1525 0.000859345 19.856
0.155 0.00083381 19.2939
0.1575 0.000806113 18.7272
0.16 0.000777867 18.1568
0.1625 0.000748712 17.5838
0.165 0.000718756 17.009
0.1675 0.000688609 16.4332
0.17 0.000658249 15.8573
0.1725 0.000627615 15.2819
0.175 0.000597162 14.7077
0.1775 0.00056711 14.1355
0.18 0.000536963 13.5656
0.1825 0.000507705 12.9988
0.185 0.000478111 12.4354
0.1875 0.000449803 11.8761
0.19 0.000421783 11.3211
0.1925 0.000394251 10.7709
0.195 0.000366766 10.226
0.1975 0.000341198 9.6865
0.2 0.000315094 9.15289
0.2025 0.000290072 8.62541
0.205 0.000265869 8.10434
0.2075 0.000241884 7.58991
0.21 0.000219172 7.08235
0.2125 0.000196577 6.58186
0.215 0.000175027 6.08863
0.2175 0.000154116 5.60282
0.22 0.000134054 5.12459
0.2225 0.000115035 4.65406
0.225 9.6884e-05 4.19134
0.2275 8.02462e-05 3.73651
0.23 6.48048e-05 3.28965
0.2325 5.04325e-05 2.8508
0.235 3.86677e-05 2.41995
0.2375 2.82635e-05 1.9971
0.24 2.01141e-05 1.5822
0.2425 1.32497e-05 1.17515
0.245 8.10161e-06 0.775863
0.2475 4.02935e-06 0.384193
