TITLE="Graphics"
VARIABLES= "rj, cm", "F", "dT/dt" 
0 9.55327e-05 2.01367e-07
0.0025 0.000208137 1.02718e-06
0.005 0.000896055 5.68021e-06
0.0075 0.00387469 3.10852e-05
0.01 0.0115652 0.000131813
0.0125 0.0139787 0.000350847
0.015 0.0123873 0.00034955
0.0175 0.00051176 0.000250357
0.02 0.00188092 7.98383e-05
0.0225 0.000444518 7.34541e-05
0.025 0.000880063 5.47478e-08
0.0275 3.34425e-06 0.000102302
0.03 1.03707e-06 0.000162901
0.0325 1.05958e-06 0.000206718
0.035 5.55592e-06 0.0002366
0.0375 1.16219e-05 0.00022199
0.04 5.30597e-06 0.000124061
0.0425 0.000586827 1.93662e-06
0.045 6.95705e-05 1.26753e-05
0.0475 0.000177497 9.16389e-05
0.0475003 1.00614e-15 3.43957e-10
0.05 1.61405 3.72409
0.0525 0.0184114 5.19866
0.055 0.635985 6.3494
0.0575 1.38976 7.30383
0.06 2.19295 8.12208
0.0625 3.01689 8.83753
0.065 3.84395 9.47083
0.0675 4.66275 10.0358
0.07 5.46565 10.5423
0.0725 6.24739 10.9975
0.075 7.00424 11.4071
0.0775 7.73357 11.7754
0.08 8.43348 12.106
0.0825 9.1026 12.4018
0.085 9.73999 12.6652
0.0875 10.345 12.8984
0.09 10.9171 13.1031
0.0925 11.4562 13.2808
0.095 11.962 13.4329
0.0975 12.4347 13.5608
0.1 12.8743 13.6653
0.1025 13.2811 13.7476
0.105 13.6551 13.8086
0.1075 13.9969 13.8491
0.11 14.3066 13.8699
0.1125 14.5848 13.8716
0.115 14.8318 13.8551
0.1175 15.0481 13.821
0.12 15.2342 13.7698
0.1225 15.3907 13.7022
0.125 15.518 13.6188
0.1275 15.6167 13.5202
0.13 15.6874 13.4068
0.1325 15.7308 13.2792
0.135 15.7474 13.138
0.1375 15.7378 12.9836
0.14 15.7028 12.8166
0.1425 15.6429 12.6374
0.145 15.5589 12.4466
0.1475 15.4514 12.2446
0.15 15.3212 12.0319
0.1525 15.1689 11.8091
0.155 14.9952 11.5765
0.1575 14.8009 11.3347
0.16 14.5867 11.0842
0.1625 14.3534 10.8253
0.165 14.1017 10.5586
0.1675 13.8323 10.2846
0.17 13.546 10.0037
0.1725 13.2435 9.71633
0.175 12.9257 9.42302
0.1775 12.5933 9.1242
0.18 12.2471 8.82033
0.1825 11.8877 8.51187
0.185 11.5161 8.19927
0.1875 11.133 7.88297
0.19 10.7391 7.56342
0.1925 10.3353 7.24107
0.195 9.92224 6.91636
0.1975 9.50075 6.58971
0.2 9.07159 6.26156
0.2025 1.05134e+06 5.93235
0.205 2.08301e+06 3209.12
0.2075 1.03015e+06 5.27238
0.21 7.29342 4.94246
0.2125 6.83722 4.61312
0.215 6.37785 4.28478
0.2175 5.91602 3.95782
0.22 5.45244 3.63262
0.2225 4.98783 3.30959
0.225 4.52288 2.98907
0.2275 4.05828 2.67146
0.23 3.59471 2.3571
0.2325 3.13282 2.04635
0.235 2.67328 1.73955
0.2375 2.21672 1.43705
0.24 1.76377 1.13915
0.2425 1.31505 0.846199
0.245 0.871148 0.558489
0.2475 0.432658 0.276326
