TITLE="Graphics"
VARIABLES= "rj, cm", "F", "dT/dt" 
0 1.10851e-05 18.8452
0.0025 1.10365e-05 18.7528
0.005 1.09026e-05 18.4972
0.0075 1.06721e-05 18.0561
0.01 1.03525e-05 17.439
0.0125 9.95801e-06 16.6566
0.015 9.51894e-06 15.7213
0.0175 9.10492e-06 14.6462
0.02 8.86315e-06 13.4422
0.0225 9.0293e-06 12.1125
0.025 9.67844e-06 10.643
0.0275 9.71173e-06 9.00151
0.03 5.13487e-06 7.18921
0.0325 9.63123e-06 5.41902
0.035 2.9087e-05 4.34791
0.0375 1.96893e-05 4.77458
0.04 4.11392e-05 6.0694
0.0425 22.1955 5.69016
0.045 24412.5 105.974
0.0475 5.75649e+06 6.22037e+06
0.04775 6.93889e-17 1.90565e-08
0.05 0.0716264 7.35572
0.0525 0.0566109 5.45534
0.055 0.0451816 4.31083
0.0575 0.0374451 3.45926
0.06 0.0317301 2.7757
0.0625 0.0271988 2.21697
0.065 0.0234779 1.75852
0.0675 0.0203828 1.38167
0.07 0.0177452 1.07166
0.0725 0.0155429 0.814986
0.075 0.0136603 0.602167
0.0775 0.0120562 0.425173
0.08 0.0106689 0.277735
0.0825 0.00948645 0.154425
0.085 0.00845634 0.0513348
0.0875 0.00756493 0.034946
0.09 0.00678684 0.107099
0.0925 0.00610646 0.167342
0.095 0.00550871 0.217502
0.0975 0.00498269 0.259093
0.1 0.00451773 0.293373
0.1025 0.00410555 0.321399
0.105 0.00373974 0.344058
0.1075 0.00341307 0.362102
0.11 0.00312195 0.37617
0.1125 0.00286068 0.386803
0.115 0.00262618 0.394468
0.1175 0.00241531 0.399564
0.12 0.00222521 0.402436
0.1225 0.00205325 0.40338
0.125 0.00189775 0.402653
0.1275 0.00175634 0.400479
0.13 0.00162823 0.397054
0.1325 0.00151122 0.392544
0.135 0.00140444 0.387101
0.1375 0.00130747 0.380853
0.14 0.00121789 0.373913
0.1425 0.00113681 0.366383
0.145 0.00106118 0.358349
0.1475 0.000992643 0.349888
0.15 0.000929235 0.34107
0.1525 0.000870605 0.331954
0.155 0.000816895 0.322592
0.1575 0.0007666 0.313031
0.16 0.000720909 0.303314
0.1625 0.000678185 0.293474
0.165 0.000638345 0.283546
0.1675 0.000601622 0.273556
0.17 0.000567519 0.26353
0.1725 0.000535774 0.25349
0.175 0.00050614 0.243455
0.1775 0.000478547 0.233441
0.18 0.000452708 0.223464
0.1825 0.000428769 0.213536
0.185 0.000406218 0.203669
0.1875 0.000385293 0.193874
0.19 0.000365554 0.184157
0.1925 0.000347102 0.174528
0.195 0.000329485 0.164993
0.1975 0.000313449 0.155558
0.2 0.000297952 0.14623
0.2025 0.000283716 0.137015
0.205 0.000269778 0.127916
0.2075 0.000256677 0.118942
0.21 0.000244908 0.110098
0.2125 0.000233213 0.101389
0.215 0.000221776 0.0928239
0.2175 0.00021141 0.0844088
0.22 0.000202135 0.0761527
0.2225 0.000191897 0.0680605
0.225 0.000183421 0.0601411
0.2275 0.000174531 0.0524002
0.23 0.000166452 0.0448464
0.2325 0.000157823 0.0374923
0.235 0.000147341 0.0303625
0.2375 0.000136061 0.0235109
0.24 0.000119427 0.0170351
0.2425 9.82986e-05 0.0111109
0.245 7.02251e-05 0.00601681
0.2475 3.65402e-05 0.00214756
