TITLE="Graphics"
VARIABLES= "rj, cm", "F", "dT/dt" 
0 0.000272241 23.245
0.0025 0.000271192 23.1343
0.005 0.000268277 22.8279
0.0075 0.00026319 22.2986
0.01 0.00025595 21.5568
0.0125 0.000246572 20.6147
0.015 0.000235083 19.487
0.0175 0.000221532 18.1911
0.02 0.000206005 16.7472
0.0225 0.000188624 15.1782
0.025 0.000169561 13.5096
0.0275 0.000149048 11.769
0.03 0.000127403 9.98578
0.0325 0.000104931 8.19057
0.035 8.17567e-05 6.41462
0.0375 6.04955e-05 4.68974
0.04 0.00021724 3.0425
0.0425 0.0585879 1.19223
0.045 6.75295 107.409
0.0475 54883.8 24847.8
0.04775 2.77556e-17 2.20138e-08
0.05 4.07034 31.7618
0.0525 0.502612 19.3435
0.055 0.994059 15.3293
0.0575 0.922778 12.8751
0.06 0.779984 10.9768
0.0625 0.65534 9.43257
0.065 0.554514 8.15712
0.0675 0.473197 7.09463
0.07 0.407017 6.20338
0.0725 0.352581 5.45103
0.075 0.307351 4.81214
0.0775 0.269429 4.26656
0.08 0.23738 3.7982
0.0825 0.210102 3.39415
0.085 0.186737 3.04397
0.0875 0.16661 2.73916
0.09 0.149183 2.47275
0.0925 0.13402 2.23902
0.095 0.120772 2.0332
0.0975 604836 1.85135
0.1 2.02945e+06 835750
0.1025 588070 1.54677
0.105 0.081846 1.4189
0.1075 0.0747154 1.30452
0.11 0.0683563 1.20191
0.1125 0.0626622 1.10962
0.115 0.0575365 1.02638
0.1175 0.0529462 0.951157
0.12 0.0488121 0.883
0.1225 0.0450776 0.8211
0.125 0.0416926 0.764752
0.1275 0.0386216 0.713343
0.13 0.0358282 0.666339
0.1325 0.0332829 0.623276
0.135 0.0309603 0.583747
0.1375 0.028841 0.547393
0.14 0.0269179 0.513896
0.1425 0.0251979 0.482953
0.145 0.0236165 0.454252
0.1475 0.0218539 0.427519
0.15 0.0205312 0.402839
0.1525 0.0193142 0.379966
0.155 0.0181503 0.358675
0.1575 0.0170601 0.33881
0.16 0.0160454 0.320247
0.1625 0.0151062 0.302877
0.165 0.0142353 0.286604
0.1675 0.0134261 0.271338
0.17 0.0126746 0.257
0.1725 0.0119744 0.243516
0.175 0.0113229 0.230821
0.1775 0.0107147 0.218852
0.18 0.010147 0.207556
0.1825 0.00961677 0.196883
0.185 0.00912083 0.186786
0.1875 0.00865668 0.177223
0.19 0.0082221 0.168155
0.1925 0.00781518 0.159548
0.195 0.0074329 0.151368
0.1975 0.00707455 0.143584
0.2 0.00673826 0.136169
0.2025 0.00642211 0.129095
0.205 0.00612312 0.122338
0.2075 0.00584016 0.115876
0.21 0.00556734 0.109691
0.2125 0.00529713 0.103771
0.215 0.00504371 0.0981174
0.2175 0.00486305 0.0927294
0.22 0.00461809 0.0875516
0.2225 0.00436638 0.0826019
0.225 0.00411774 0.0779148
0.2275 0.0038638 0.0735314
0.23 0.00360175 0.0695059
0.2325 0.00334346 0.065908
0.235 0.00314693 0.0628099
0.2375 0.00321285 0.0602333
0.24 0.00411074 0.0579692
0.2425 0.00718236 0.0550671
0.245 0.0142066 0.0486463
0.2475 0.021227 0.0323484
