TITLE="Graphics"
VARIABLES= "rj, cm", "F", "dT/dt" 
0 0.00237168 25.9836
0.0025 0.00236376 25.863
0.005 0.00234167 25.5291
0.0075 0.00230283 24.9516
0.01 0.00224693 24.1409
0.0125 0.00217349 23.109
0.015 0.00208205 21.8705
0.0175 0.00197236 20.4429
0.02 139.556 18.8469
0.0225 37915.6 37684.7
0.025 111.552 15.2486
0.0275 0.00135993 13.3033
0.03 0.00117084 11.3027
0.0325 0.000973265 9.28108
0.035 0.000775063 7.27326
0.0375 0.000622872 5.31312
0.04 0.00277613 3.42036
0.0425 0.558119 2.23381
0.045 1.27274 97.8267
0.0475 1193.26 11.6863
0.04775 6.93889e-18 1.82536e-08
0.05 14.4872 0.0998247
0.0525 9.09439 0.18256
0.055 6.86737 0.537049
0.0575 5.72014 0.633932
0.06 4.89578 0.598997
0.0625 4.21788 0.51868
0.065 3.64505 0.430546
0.0675 3.16052 0.348236
0.07 2.75113 0.275625
0.0725 2.40488 0.212985
0.075 2.11115 0.159422
0.0775 1.86095 0.113782
0.08 1.64686 0.0749587
0.0825 1.4628 0.0419792
0.085 1.30383 0.0140118
0.0875 1.16593 0.00964996
0.09 1.04582 0.0296062
0.0925 0.940802 0.0463689
0.095 0.848638 0.0603758
0.0975 0.767481 0.0720029
0.1 0.695789 0.0815738
0.1025 0.632264 0.0893673
0.105 0.575815 0.0956244
0.1075 0.525516 0.100553
0.11 0.480581 0.104334
0.1125 0.44034 0.107124
0.115 0.404216 0.109056
0.1175 0.371713 0.11025
0.12 0.342407 0.110807
0.1225 0.315927 0.110815
0.125 0.291954 0.110352
0.1275 0.270207 0.109485
0.13 0.250445 0.108272
0.1325 0.232454 0.106763
0.135 0.216047 0.105004
0.1375 0.201059 0.103033
0.14 0.187348 0.100883
0.1425 0.174783 0.0985839
0.145 0.163253 0.0961617
0.1475 0.152657 0.0936385
0.15 0.142905 0.0910337
0.1525 0.13392 0.0883645
0.155 0.125628 0.0856457
0.1575 0.117967 0.0828901
0.16 0.110882 0.080109
0.1625 0.104319 0.077312
0.165 0.0982349 0.0745077
0.1675 0.0925875 0.0717034
0.17 0.0873406 0.0689054
0.1725 0.0824578 0.0661189
0.175 0.0779137 0.0633489
0.1775 0.0736768 0.0605992
0.18 0.0697232 0.0578732
0.1825 0.0660319 0.0551739
0.185 0.0625806 0.0525038
0.1875 0.059349 0.049865
0.19 0.0563232 0.0472596
0.1925 0.053484 0.0446892
0.195 0.0508168 0.0421559
0.1975 0.0483083 0.0396616
0.2 0.0459426 0.0372086
0.2025 0.0437095 0.0347998
0.205 0.0415938 0.0324391
0.2075 0.0395864 0.0301312
0.21 0.0376744 0.0278824
0.2125 0.0358519 0.0257006
0.215 0.0341133 0.0235951
0.2175 0.0324601 0.0215765
0.22 0.0309024 0.0196557
0.2225 0.0294638 0.0178421
0.225 0.0281781 0.0161402
0.2275 0.0271007 0.0145453
0.23 0.0262821 0.0130369
0.2325 0.0257632 0.0115733
0.235 0.0255045 0.0100867
0.2375 0.0252997 0.00848824
0.24 0.0246555 0.0066916
0.2425 0.0226854 0.00466824
0.245 0.0182199 0.00254499
0.2475 0.0104198 0.000730384
