TITLE="Graphics"
VARIABLES= "rj, cm", "F", "dT/dt" 
0 0.000255037 3.81481e-06
0.0025 3.77276e-05 3.39928e-06
0.005 7.09266e-06 2.65978e-06
0.0075 1.76332e-05 1.79701e-06
0.01 1.0101e-05 1.21864e-06
0.0125 4.41119e-05 7.35509e-07
0.015 6.69376e-08 1.77498e-08
0.0175 2.33633e-05 2.40302e-09
0.02 1.25222e-06 1.13532e-08
0.0225 5.70632e-08 1.42265e-09
0.025 1.39741e-08 1.11472e-10
0.0275 5.1873e-09 5.43727e-11
0.03 5.57805e-08 5.06163e-10
0.0325 3.33515e-08 4.18712e-09
0.035 8.64969e-07 1.10782e-08
0.0375 1.07646e-05 8.73747e-08
0.04 2.3161e-05 4.52685e-07
0.0425 0.000130175 3.63869e-08
0.045 2.68757e-05 4.49125e-07
0.0475 0.000251413 2.56782e-06
0.0475003 2.08167e-17 1.59064e-10
0.05 0.0162883 1.7234
0.0525 2.01353 2.3869
0.055 3.05485 2.89794
0.0575 4.10775 3.31605
0.06 5.15036 3.66957
0.0625 6.16981 3.9744
0.065 7.15837 4.24047
0.0675 8.11131 4.47448
0.07 9.02574 4.68123
0.0725 9.89988 4.86429
0.075 10.7327 5.02642
0.0775 11.5237 5.16979
0.08 12.2727 5.29618
0.0825 12.9797 5.40706
0.085 13.6449 5.50364
0.0875 14.2686 5.58698
0.09 14.8512 5.65796
0.0925 15.3932 5.71738
0.095 15.8951 5.76593
0.0975 16.3575 5.80421
0.1 16.7809 5.83278
0.1025 17.166 5.85212
0.105 17.5134 5.8627
0.1075 17.8238 5.86492
0.11 18.0978 5.85917
0.1125 18.3362 5.84581
0.115 18.5396 5.82516
0.1175 18.7088 5.79754
0.12 18.8445 5.76325
0.1225 18.9475 5.72256
0.125 19.0185 5.67574
0.1275 19.0583 5.62306
0.13 19.0676 5.56476
0.1325 19.0473 5.50108
0.135 18.9981 5.43226
0.1375 18.9209 5.35851
0.14 18.8164 5.28007
0.1425 18.6855 5.19714
0.145 874490 5.10994
0.1475 1.72857e+06 3022.89
0.15 852491 4.92355
0.1525 17.9143 4.82476
0.155 17.6638 4.72251
0.1575 17.3919 4.617
0.16 17.0995 4.5084
0.1625 16.7874 4.39692
0.165 16.4565 4.28275
0.1675 16.1076 4.16606
0.17 15.7417 4.04705
0.1725 15.3596 3.92589
0.175 14.962 3.80276
0.1775 14.55 3.67785
0.18 14.1244 3.55132
0.1825 13.686 3.42336
0.185 13.2356 3.29413
0.1875 12.7742 3.1638
0.19 12.3026 3.03255
0.1925 11.8216 2.90054
0.195 11.3321 2.76793
0.1975 10.8349 2.63488
0.2 10.3309 2.50156
0.2025 9.82074 2.36812
0.205 9.30538 2.23472
0.2075 8.7856 2.1015
0.21 8.26219 1.96863
0.2125 7.73593 1.83624
0.215 7.2076 1.70448
0.2175 6.67796 1.57349
0.22 6.14778 1.44342
0.2225 5.61779 1.31439
0.225 5.08873 1.18654
0.2275 4.56131 1.06001
0.23 4.03624 0.934907
0.2325 3.51422 0.81137
0.235 2.99591 0.689514
0.2375 2.48199 0.569457
0.24 1.97309 0.451312
0.2425 1.46986 0.335189
0.245 0.972905 0.221195
0.2475 0.482829 0.109432
