TITLE="Graphics"
VARIABLES= "rj, cm", "F", "dT/dt" 
0 0.000694195 18.3875
0.0025 0.000691202 18.2971
0.005 0.000682975 18.047
0.0075 0.000669002 17.6153
0.01 0.000650146 17.011
0.0125 0.000628078 16.2441
0.015 0.000605874 15.3251
0.0175 0.000588241 14.2639
0.02 0.00057913 13.0666
0.0225 0.000571829 11.7339
0.025 0.000528022 10.2662
0.0275 0.000363363 8.69098
0.03 1.28676e-05 7.11834
0.0325 0.000298271 5.7782
0.035 0.000734143 4.84537
0.0375 0.00850301 3.50253
0.04 0.0458286 3.88998
0.0425 0.105544 23.2284
0.045 2.73244 100.734
0.0475 14501.4 2053.55
0.04775 0 1.74327e-08
0.05 9.95368 4.63451
0.0525 3.03943 10.6332
0.055 2.31215 20.453
0.0575 1.93725 27.2401
0.06 1.54365 32.2554
0.0625 1.19507 36.0426
0.065 0.911779 38.893
0.0675 0.68832 40.9966
0.07 0.513742 42.4917
0.0725 0.377854 43.4856
0.075 0.272403 44.0636
0.0775 0.190939 44.2954
0.08 0.12844 44.2386
0.0825 0.0809771 43.9414
0.085 0.0454541 43.4443
0.0875 0.019413 42.7819
0.09 0.000889351 41.9835
0.0925 0.0116938 41.0744
0.095 0.0196053 40.0762
0.0975 0.0238747 39.0077
0.1 0.0253296 37.8848
0.1025 0.0246444 36.7216
0.105 0.0223613 35.5298
0.1075 0.0189211 34.32
0.11 0.0146757 33.1008
0.1125 0.00990858 31.8799
0.115 0.00484616 30.6638
0.1175 0.000334607 29.4579
0.12 0.00549458 28.267
0.1225 0.0105257 27.0949
0.125 0.0153466 25.9449
0.1275 0.0199 24.8196
0.13 0.0241409 23.7213
0.1325 0.0280425 22.6515
0.135 0.0315885 21.6117
0.1375 0.0347714 20.6029
0.14 0.0375896 19.6256
0.1425 0.0400505 18.6804
0.145 0.0421625 17.7674
0.1475 0.0439385 16.8866
0.15 0.0453954 16.0378
0.1525 0.0465493 15.2208
0.155 0.0474184 14.435
0.1575 0.0480228 13.68
0.16 0.0483803 12.9551
0.1625 0.0485116 12.2596
0.165 0.0484343 11.5927
0.1675 0.0481678 10.9537
0.17 0.04773 10.3417
0.1725 0.0471377 9.75574
0.175 0.0464068 9.19503
0.1775 0.0455541 8.65863
0.18 0.0445937 8.14562
0.1825 0.0435386 7.65508
0.185 0.0424031 7.1861
0.1875 0.0411981 6.73778
0.19 0.0399355 6.30922
0.1925 0.0386246 5.89953
0.195 0.0372747 5.50785
0.1975 0.0358948 5.13334
0.2 0.0344927 4.77516
0.2025 0.0330731 4.4325
0.205 0.0316434 4.10459
0.2075 0.0302069 3.79065
0.21 0.0287679 3.48995
0.2125 0.0273293 3.20176
0.215 0.0258909 2.9254
0.2175 0.0244555 2.66019
0.22 0.0230263 2.40547
0.2225 0.0216093 2.16061
0.225 0.0202257 1.925
0.2275 0.0189173 1.69806
0.23 0.0177756 1.47924
0.2325 1.11215e+06 1.26807
0.235 2.52802e+06 325637
0.2375 1.09201e+06 0.867367
0.24 0.0197957 0.677783
0.2425 0.0228487 0.495921
0.245 0.0242643 0.322527
0.2475 0.0182303 0.157855
