TITLE="Graphics"
VARIABLES= "rj, cm", "F", "dT/dt" 
0 0.000177979 18.919
0.0025 0.000177201 18.8263
0.005 0.000175048 18.5698
0.0075 0.00017134 18.1272
0.01 0.000166187 17.5079
0.0125 0.000159788 16.7229
0.015 0.000152573 15.7847
0.0175 0.000145539 14.7067
0.02 0.000140955 13.501
0.0225 0.000143058 12.1722
0.025 0.000155457 10.7075
0.0275 0.000165536 9.06821
0.03 0.000108787 7.22872
0.0325 0.000133381 5.35888
0.035 0.00052419 4.14235
0.0375 0.000463405 4.61418
0.04 0.00875608 6.38671
0.0425 0.401064 5.92975
0.045 0.69516 106.006
0.0475 1.71732 60.5183
0.04775 2.77556e-17 1.897e-08
0.05 1.04577 8.76371
0.0525 0.905641 5.98168
0.055 0.742961 4.29108
0.0575 0.616478 3.16516
0.06 0.518252 2.35892
0.0625 0.441092 1.75224
0.065 0.378856 1.28253
0.0675 0.327658 0.912799
0.07 0.284074 0.61879
0.0725 0.251206 0.382588
0.075 0.219735 0.193539
0.0775 0.193697 0.0411975
0.08 0.171391 0.0817598
0.0825 0.152193 0.181022
0.085 0.1356 0.261056
0.0875 0.121201 0.3254
0.09 0.108659 0.376878
0.0925 0.0976963 0.417756
0.095 0.0880799 0.449865
0.0975 0.0796181 0.474691
0.1 0.072148 0.493449
0.1025 0.0655343 0.507136
0.105 0.0596617 0.516572
0.1075 0.054433 0.522439
0.11 0.0497652 0.525304
0.1125 0.0455877 0.525638
0.115 0.0418402 0.523839
0.1175 0.0384705 0.52024
0.12 0.0354331 0.515123
0.1225 767823 0.508727
0.125 2.67063e+06 1.15498e+06
0.1275 746965 0.492877
0.13 0.0259139 0.483744
0.1325 0.024053 0.47398
0.135 0.0223566 0.463693
0.1375 0.0208074 0.452976
0.14 0.0193903 0.441909
0.1425 0.0180918 0.43056
0.145 0.0169004 0.418989
0.1475 0.0158055 0.407248
0.15 0.0147983 0.395379
0.1525 0.0138697 0.383422
0.155 0.0130129 0.37141
0.1575 0.0122218 0.35937
0.16 0.011489 0.347329
0.1625 0.0108114 0.335307
0.165 0.0101822 0.323323
0.1675 0.00959853 0.311393
0.17 0.00905609 0.299531
0.1725 0.00855133 0.287748
0.175 0.00808107 0.276055
0.1775 0.00764298 0.264461
0.18 0.00723431 0.252972
0.1825 0.00685201 0.241595
0.185 0.00649527 0.230335
0.1875 0.00616091 0.219196
0.19 0.00584819 0.208183
0.1925 0.00555489 0.197297
0.195 0.00527976 0.186541
0.1975 0.00502139 0.175917
0.2 0.00477863 0.165426
0.2025 0.00455033 0.155068
0.205 0.00433574 0.144845
0.2075 0.00413336 0.134756
0.21 0.00394267 0.124801
0.2125 0.003763 0.114981
0.215 0.00359282 0.105293
0.2175 0.00343126 0.095739
0.22 0.00327714 0.0863184
0.2225 0.00312753 0.077034
0.225 0.00297992 0.0678916
0.2275 0.00282834 0.0589044
0.23 0.00266759 0.0500973
0.2325 0.00248724 0.0415136
0.235 0.00227641 0.0332253
0.2375 0.0020241 0.025344
0.24 0.00171802 0.0180336
0.2425 0.00135316 0.011521
0.245 0.000932468 0.00610026
0.2475 0.000471785 0.00212746
