TITLE="Graphics"
VARIABLES= "rj, cm", "F", "dT/dt" 
0 0.000145822 25.4115
0.0025 0.000145333 25.2928
0.005 0.000143929 24.9643
0.0075 0.000141463 24.3964
0.01 0.000137923 23.5994
0.0125 0.000133289 22.5855
0.015 0.000127543 21.3692
0.0175 0.000120678 19.9683
0.02 0.000112707 18.4034
0.0225 0.000103673 16.6982
0.025 9.3654e-05 14.8796
0.0275 8.27815e-05 12.9769
0.03 7.12672e-05 11.0218
0.0325 5.94476e-05 9.04715
0.035 4.76568e-05 7.08584
0.0375 3.46587e-05 5.16954
0.04 0.00169411 3.33639
0.0425 1.20829 1.60625
0.045 2.28918 100.088
0.0475 3.82292 57.2097
0.04775 3.46945e-17 1.76795e-08
0.05 0.559381 13.1482
0.0525 0.584113 10.3963
0.055 0.513513 8.33037
0.0575 0.445486 6.80219
0.06 0.386986 5.63985
0.0625 0.337669 4.73109
0.065 0.296021 4.00508
0.0675 0.260625 3.41554
0.07 0.230349 2.93077
0.0725 0.204305 2.52813
0.075 0.181796 2.19092
0.0775 0.162261 1.90653
0.08 0.145244 1.66518
0.0825 0.130372 1.45925
0.085 0.117332 1.28265
0.0875 0.105864 1.13054
0.09 0.0957502 0.998962
0.0925 0.086805 0.884727
0.095 0.078872 0.785198
0.0975 0.071819 0.698202
0.1 0.0655318 0.621935
0.1025 0.0599144 0.554889
0.105 0.0548828 0.495799
0.1075 0.0503666 0.443597
0.11 0.0463032 0.397379
0.1125 0.0426403 0.356378
0.115 0.0393315 0.319936
0.1175 0.0363362 0.28749
0.12 0.0336203 0.258558
0.1225 0.0311526 0.232721
0.125 0.0289071 0.209619
0.1275 0.0268596 0.188937
0.13 805650 0.170402
0.1325 3.41987e+06 1.83132e+06
0.135 784273 0.138852
0.1375 0.0202773 0.125446
0.14 0.0189571 0.113396
0.1425 0.017743 0.102562
0.145 0.0166243 0.092818
0.1475 0.015592 0.0840533
0.15 0.0146393 0.0761699
0.1525 0.0137576 0.0690806
0.155 0.0129416 0.0627076
0.1575 0.0121852 0.056982
0.16 0.0114833 0.0518417
0.1625 0.0108313 0.0472316
0.165 0.0102245 0.0431022
0.1675 0.00966054 0.0394091
0.17 0.0091342 0.0361124
0.1725 0.0086436 0.0331762
0.175 0.0081856 0.0305683
0.1775 0.00775738 0.0282595
0.18 0.00735719 0.0262238
0.1825 0.00698234 0.0244374
0.185 0.00663159 0.022879
0.1875 0.00630231 0.0215294
0.19 0.0059935 0.0203713
0.1925 0.00570376 0.0193889
0.195 0.005431 0.0185682
0.1975 0.00517491 0.0178963
0.2 0.004934 0.0173617
0.2025 0.00470621 0.0169539
0.205 0.0044921 0.016663
0.2075 0.00428906 0.0164798
0.21 0.00409667 0.0163955
0.2125 0.00391308 0.0164007
0.215 0.00373752 0.0164852
0.2175 0.0035675 0.0166371
0.22 0.00340085 0.0168412
0.2225 0.00323417 0.0170774
0.225 0.00306455 0.0173183
0.2275 0.00288573 0.0175254
0.23 0.00269305 0.0176457
0.2325 0.0024791 0.0176061
0.235 0.0022355 0.0173074
0.2375 0.00195654 0.0166183
0.24 0.00163526 0.0153697
0.2425 0.00127039 0.013351
0.245 0.00086598 0.0103107
0.2475 0.000435156 0.00596266
