TITLE="Graphics"
VARIABLES= "rj, cm", "F", "dT/dt" 
0 1.5947e-09 1.74849e-11
0.0025 5.5067e-10 1.32744e-11
0.005 3.51646e-10 2.71205e-12
0.0075 1.05219e-10 5.18063e-13
0.01 2.28866e-10 2.61854e-12
0.0125 6.97252e-11 3.27099e-12
0.015 2.0863e-10 3.58257e-12
0.0175 2.87545e-10 4.07756e-12
0.02 7.84589e-10 9.25812e-12
0.0225 2.73071e-09 3.31178e-11
0.025 5.97338e-09 1.08594e-10
0.0275 3.32288e-09 2.12098e-10
0.03 5.44924e-09 1.73666e-10
0.0325 8.71288e-10 8.17349e-11
0.035 6.82642e-09 1.51901e-11
0.0375 3.50028e-09 9.66537e-11
0.04 2.94921e-08 2.51502e-10
0.0425 1.32412e-07 9.77056e-10
0.045 1.76926e-08 9.15146e-11
0.0475 3.15587e-07 1.09436e-09
0.0475003 7.56339e-16 4.24262e-10
0.05 10.8479 4.59287
0.0525 6.59773 6.4309
0.055 5.52889 7.87466
0.0575 3.82433 9.08061
0.06 1.74969 10.1222
0.0625 0.543629 11.0399
0.065 2.96208 11.8587
0.0675 5.44432 12.5953
0.07 7.94825 13.2614
0.0725 10.4439 13.8655
0.075 12.9094 14.4144
0.0775 15.3284 14.913
0.08 17.6883 15.3656
0.0825 19.9795 15.7754
0.085 22.1945 16.1454
0.0875 24.3274 16.4777
0.09 26.3734 16.7745
0.0925 28.3289 17.0375
0.095 30.1912 17.2682
0.0975 31.9579 17.4679
0.1 33.6274 17.6379
0.1025 35.1985 17.7792
0.105 36.6704 17.8928
0.1075 38.0426 17.9797
0.11 39.315 18.0407
0.1125 40.4875 18.0765
0.115 41.5605 18.088
0.1175 42.5345 18.0759
0.12 43.4102 18.0408
0.1225 44.1883 17.9834
0.125 44.8699 17.9044
0.1275 45.4562 17.8044
0.13 45.9482 17.6841
0.1325 46.3475 17.544
0.135 46.6555 17.3849
0.1375 46.8737 17.2071
0.14 47.0039 17.0115
0.1425 47.0477 16.7985
0.145 47.0071 16.5689
0.1475 46.8839 16.3231
0.15 46.6802 16.0619
0.1525 46.3979 15.7857
0.155 914657 15.4953
0.1575 1.80912e+06 780.315
0.16 892514 14.8741
0.1625 44.5266 14.5445
0.165 43.8845 14.2031
0.1675 43.1774 13.8506
0.17 42.4076 13.4874
0.1725 41.5777 13.1144
0.175 40.69 12.732
0.1775 39.7472 12.3409
0.18 38.7517 11.9418
0.1825 37.706 11.5353
0.185 36.6128 11.122
0.1875 35.4747 10.7026
0.19 34.2942 10.2777
0.1925 33.0741 9.84784
0.195 31.8168 9.41377
0.1975 30.5251 8.97606
0.2 29.2016 8.53535
0.2025 27.8488 8.09226
0.205 26.4695 7.64739
0.2075 25.0663 7.20138
0.21 23.6417 6.75481
0.2125 22.1984 6.30829
0.215 20.7389 5.86241
0.2175 19.2659 5.41776
0.22 17.7818 4.97492
0.2225 16.2893 4.53447
0.225 14.7907 4.09695
0.2275 13.2885 3.66293
0.23 11.7853 3.23295
0.2325 10.2833 2.80754
0.235 8.785 2.38722
0.2375 7.29269 1.97251
0.24 5.80867 1.5639
0.2425 4.33519 1.16188
0.245 2.87444 0.766914
0.2475 1.42859 0.379474
