TITLE="Graphics"
VARIABLES= "rj, cm", "F", "dT/dt" 
0 0.00498907 27.9992
0.0025 0.00497475 27.8723
0.005 0.00493464 27.5209
0.0075 0.00486356 26.9125
0.01 0.00476001 26.057
0.0125 0.0046219 24.9659
0.015 0.00444684 23.653
0.0175 0.00423267 22.1354
0.02 0.00397794 20.4335
0.0225 0.00368262 18.5716
0.025 0.00334875 16.5776
0.0275 0.00298081 14.4828
0.03 0.00258477 12.3213
0.0325 0.00216644 10.1294
0.035 0.00173672 7.94464
0.0375 0.00131049 5.80467
0.04 0.00345968 3.74552
0.0425 28.009 1.83355
0.045 70324.7 94.449
0.0475 773146 54.3201
0.04775 1.249e-16 1.63135e-08
0.05 13.4222 16.2943
0.0525 13.1774 13.6008
0.055 11.8028 11.1998
0.0575 10.2611 9.27876
0.06 8.85504 7.75593
0.0625 7.64576 6.53701
0.065 6.62383 5.54904
0.0675 5.7627 4.739
0.07 5.0351 4.06836
0.0725 4.41746 3.50859
0.075 3.8905 3.0382
0.0775 3.43869 2.64062
0.08 3.04951 2.30288
0.0825 2.71288 2.01469
0.085 2.42057 1.76778
0.0875 2.16585 1.55545
0.09 1.94313 1.37221
0.0925 1.7478 1.21357
0.095 1.57598 1.07579
0.0975 1.42441 0.95578
0.1 1.29036 0.850942
0.1025 1.17148 0.75911
0.105 1.0658 0.678457
0.1075 0.971622 0.607443
0.11 0.887481 0.544759
0.1125 0.812125 0.489293
0.115 0.744468 0.440096
0.1175 0.68356 0.39635
0.12 0.628568 0.357351
0.1225 0.578753 0.322484
0.125 0.533448 0.291207
0.1275 0.484789 0.263036
0.13 0.474906 0.237178
0.1325 0.432379 0.214554
0.135 0.400836 0.194388
0.1375 0.372284 0.176356
0.14 0.346345 0.160191
0.1425 0.322709 0.14567
0.145 0.301114 0.132608
0.1475 0.281338 0.120842
0.15 0.263191 0.110237
0.1525 0.246506 0.100672
0.155 0.231139 0.092043
0.1575 0.216962 0.0842594
0.16 0.203867 0.0772403
0.1625 0.191751 0.070914
0.165 0.180526 0.0652172
0.1675 0.170115 0.0600928
0.17 0.160448 0.05549
0.1725 0.151458 0.0513631
0.175 0.143093 0.047671
0.1775 0.135297 0.0443765
0.18 0.128028 0.041446
0.1825 0.121242 0.0388492
0.185 0.114898 0.0365584
0.1875 0.108967 0.0345486
0.19 0.103413 0.032797
0.1925 0.0982088 0.0312828
0.195 1.03308e+06 0.029987
0.1975 2.10508e+06 62015.8
0.2 1.01167e+06 0.0279817
0.2025 0.0803623 0.027241
0.205 0.0765208 0.0266552
0.2075 0.0728796 0.0262102
0.21 0.0694104 0.0258914
0.2125 0.0660811 0.0256832
0.215 0.06286 0.0255678
0.2175 0.0597057 0.0255245
0.22 0.0565725 0.0255276
0.2225 0.0534083 0.0255448
0.225 0.0510452 0.0255351
0.2275 0.0440878 0.0254802
0.23 0.0414178 0.025178
0.2325 0.0374516 0.0245819
0.235 0.0330833 0.0235837
0.2375 0.0282917 0.0220496
0.24 0.0230899 0.0198197
0.2425 0.0175358 0.0167097
0.245 0.0117312 0.0125156
0.2475 0.00582756 0.00701975
