TITLE="Graphics"
VARIABLES= "rj, cm", "F", "dT/dt" 
0 0.00255145 29.0612
0.0025 0.00254481 28.9314
0.005 0.00252619 28.5718
0.0075 0.00249301 27.949
0.01 0.00244433 27.0723
0.0125 0.0023788 25.9528
0.015 0.00229485 24.6038
0.0175 0.00219091 23.0417
0.02 0.00206566 21.2866
0.0225 0.00191832 19.3625
0.025 0.00174902 17.2977
0.0275 0.00155936 15.1244
0.03 0.0013533 12.8782
0.0325 0.00113792 10.5975
0.035 0.000921922 8.32119
0.0375 0.000680724 6.08671
0.04 0.00137083 3.93753
0.0425 38.2339 1.6364
0.045 356819 37931.8
0.0475 802889 97.9044
0.04775 0.000200478 1.98383e-08
0.05 26.5215 30.1053
0.0525 13.2005 25.4033
0.055 8.40971 20.3963
0.0575 6.47342 16.6177
0.06 5.34655 13.8009
0.0625 4.51549 11.639
0.065 3.84973 9.93239
0.0675 3.30418 8.55595
0.07 2.85351 7.42778
0.0725 2.47892 6.49149
0.075 2.16553 5.7065
0.0775 1.90154 5.04269
0.08 1.67766 4.47713
0.0825 1.48656 3.9921
0.085 1.32248 3.57365
0.0875 1.18085 3.21072
0.09 1.05798 2.8944
0.0925 0.95092 2.6175
0.095 0.85725 2.37412
0.0975 0.774987 2.15939
0.1 0.702488 1.96929
0.1025 0.638382 1.80045
0.105 0.581523 1.65002
0.1075 0.530939 1.51562
0.11 0.485814 1.39521
0.1125 0.445446 1.28704
0.115 0.409243 1.18963
0.1175 0.376692 1.10169
0.12 0.347356 1.02211
0.1225 0.320856 0.949939
0.125 0.296864 0.884328
0.1275 0.275099 0.824555
0.13 0.255313 0.769983
0.1325 0.237291 0.720056
0.135 0.220846 0.674283
0.1375 0.205811 0.632236
0.14 0.192045 0.593535
0.1425 0.179417 0.557845
0.145 0.167816 0.524869
0.1475 0.157143 0.494345
0.15 0.14731 0.466039
0.1525 0.138236 0.439744
0.155 0.129854 0.415273
0.1575 0.122096 0.392463
0.16 0.114911 0.371164
0.1625 0.108242 0.351246
0.165 0.102046 0.332589
0.1675 0.096282 0.315088
0.17 0.0909158 0.298649
0.1725 0.0859157 0.283187
0.175 0.0812531 0.268626
0.1775 0.0769015 0.254896
0.18 0.0728337 0.241935
0.1825 0.0690258 0.229686
0.185 0.0654569 0.218099
0.1875 0.0621088 0.207127
0.19 0.0589593 0.196731
0.1925 0.0559994 0.186872
0.195 0.0532107 0.17752
0.1975 0.0505837 0.168645
0.2 0.0481082 0.160221
0.2025 0.0457741 0.152225
0.205 0.0435796 0.144637
0.2075 0.0415201 0.137436
0.21 0.0395969 0.130605
0.2125 0.0378237 0.124121
0.215 0.0362129 0.117963
0.2175 0.0348066 0.1121
0.22 0.0336599 0.106493
0.2225 0.0328598 0.101084
0.225 0.0325257 0.0957862
0.2275 0.0328099 0.0904719
0.23 0.0338644 0.0849554
0.2325 0.035794 0.0789764
0.235 0.038515 0.0721902
0.2375 0.0415433 0.0641792
0.24 0.0436864 0.0545092
0.2425 0.0428066 0.0428639
0.245 0.0360444 0.0292816
0.2475 0.0212551 0.0144648
