TITLE="Graphics"
VARIABLES= "rj, cm", "F", "dT/dt" 
0 740.519 22.2754
0.0025 150764 150478
0.005 69.4221 21.8726
0.0075 0.000507657 21.3618
0.01 0.000493207 20.6462
0.0125 0.000474554 19.738
0.015 0.000451788 18.6517
0.0175 0.000425046 17.4046
0.02 0.000394532 16.0165
0.0225 0.000360532 14.5099
0.025 0.00032344 12.9095
0.0275 0.000283791 11.242
0.03 0.000242292 9.53566
0.0325 0.000199915 7.81957
0.035 0.000158557 6.12266
0.0375 0.000122528 4.47191
0.04 0.00126299 2.888
0.0425 0.745797 1.3901
0.045 1.54152 106.136
0.0475 7.12089 59.907
0.04775 4.85723e-17 1.92492e-08
0.05 2.79993 8.47726
0.0525 2.3944 5.93455
0.055 1.94987 4.50679
0.0575 1.59963 3.61578
0.06 1.33417 2.99252
0.0625 1.12909 2.51939
0.065 0.966301 2.14192
0.0675 0.83406 1.8321
0.07 0.724745 1.57361
0.0725 0.633196 1.35572
0.075 0.555741 1.17072
0.0775 0.485049 1.01263
0.08 0.445617 0.875251
0.0825 0.391496 0.759203
0.085 0.34896 0.659525
0.0875 0.312085 0.573543
0.09 0.279969 0.499119
0.0925 0.251881 0.434517
0.095 0.227226 0.378301
0.0975 0.205509 0.329278
0.1 0.18632 0.286448
0.1025 0.169313 0.248966
0.105 0.154198 0.216118
0.1075 0.140727 0.187295
0.11 0.128692 0.161978
0.1125 0.117912 0.13972
0.115 0.108235 0.120139
0.1175 0.0995282 0.102905
0.12 0.0916766 0.0877325
0.1225 0.0845834 0.0743738
0.125 0.0781611 0.0626143
0.1275 0.0723356 0.0522669
0.13 0.0670419 0.0431684
0.1325 0.0622232 0.0351761
0.135 0.0578286 0.028165
0.1375 0.0538151 0.0220255
0.14 0.0501434 0.016661
0.1425 0.046779 0.0119868
0.145 0.0436926 0.00792793
0.1475 0.0408554 0.00441839
0.15 0.0382457 0.00139962
0.1525 0.0358398 0.00118023
0.155 0.0336211 0.00336728
0.1575 0.0315703 0.00520249
0.16 0.0296739 0.00672247
0.1625 0.0279176 0.00795988
0.165 0.0262891 0.00894388
0.1675 0.024777 0.00970066
0.17 0.0233723 0.0102538
0.1725 0.0220657 0.0106243
0.175 0.0208483 0.0108312
0.1775 0.0197141 0.0108918
0.18 0.018655 0.0108216
0.1825 0.0176668 0.0106346
0.185 0.0167418 0.0103435
0.1875 0.0158771 0.00995987
0.19 0.0150672 0.00949429
0.1925 0.0143079 0.00895611
0.195 0.0135965 0.00835393
0.1975 0.0129291 0.00769526
0.2 0.0123029 0.00698672
0.2025 0.0117155 0.00623379
0.205 0.0111645 0.00544089
0.2075 0.0106488 0.00461123
0.21 0.0101646 0.00374634
0.2125 0.00971209 0.00284659
0.215 0.00928782 0.00191071
0.2175 0.0088878 0.000936236
0.22 0.00851025 7.96277e-05
0.2225 0.00814508 0.00113905
0.225 0.00778541 0.00224082
0.2275 0.00741499 0.00337683
0.23 0.00701594 0.00452648
0.2325 0.00656266 0.00564867
0.235 0.00602525 0.00667202
0.2375 0.00537272 0.0074825
0.24 0.00464249 0.00791111
0.2425 0.00339629 0.00773308
0.245 0.00240549 0.00660101
0.2475 0.0012206 0.00416087
