TITLE="Graphics"
VARIABLES= "rj, cm", "F", "dT/dt" 
0 0.00274376 18.1352
0.0025 0.0027322 18.0459
0.005 0.00270053 17.7987
0.0075 0.00264733 17.372
0.01 0.00257701 16.7744
0.0125 0.00249727 16.0151
0.015 0.00241968 15.1037
0.0175 0.00235537 14.0486
0.02 0.00229749 12.8554
0.0225 0.00218356 11.5292
0.025 0.00186315 10.085
0.0275 0.00118687 8.57295
0.03 0.000413765 7.10063
0.0325 133.781 5.7802
0.035 24461.8 24217.9
0.0375 115.929 3.24985
0.04 0.0483917 3.97257
0.0425 21.9373 9.74416
0.045 44305.6 106.585
0.0475 773707 42.4321
0.04775 0 1.94556e-08
0.05 22.3888 1.57575
0.0525 16.6332 0.696024
0.055 12.736 0.876936
0.0575 10.2615 1.24674
0.06 8.52856 1.61293
0.0625 7.21414 1.94079
0.065 6.16983 2.23004
0.0675 5.34953 2.48648
0.07 4.53256 2.71948
0.0725 3.97053 2.92103
0.075 3.48292 3.09867
0.0775 3.05279 3.25714
0.08 2.68856 3.39769
0.0825 2.37564 3.52189
0.085 2.10559 3.63106
0.0875 1.87155 3.72633
0.09 1.66794 3.8087
0.0925 1.49016 3.87906
0.095 1.3344 3.9382
0.0975 1.19749 3.98685
0.1 1.07679 4.02566
0.1025 0.970063 4.05527
0.105 0.87544 4.07622
0.1075 0.791335 4.08903
0.11 0.716399 4.0942
0.1125 0.649485 4.09218
0.115 0.589606 4.08338
0.1175 0.53592 4.0682
0.12 0.487696 4.04701
0.1225 0.444308 4.02016
0.125 0.405206 3.98798
0.1275 0.369919 3.95078
0.13 0.33803 3.90886
0.1325 0.309175 3.86249
0.135 0.283041 3.81195
0.1375 0.259341 3.75748
0.14 0.237835 3.69933
0.1425 0.218299 3.63774
0.145 0.200543 3.57293
0.1475 0.184395 3.50511
0.15 0.169699 3.43448
0.1525 0.156324 3.36125
0.155 0.144143 3.28561
0.1575 0.13305 3.20774
0.16 0.122945 3.12781
0.1625 0.113742 3.04601
0.165 0.105359 2.96249
0.1675 0.0977255 2.87742
0.17 0.0907792 2.79095
0.1725 0.0844564 2.70324
0.175 0.0787094 2.61442
0.1775 0.0734858 2.52464
0.18 0.0687427 2.43403
0.1825 0.0644415 2.34273
0.185 0.0605437 2.25087
0.1875 0.057017 2.15856
0.19 0.0538311 2.06593
0.1925 0.0509573 1.97309
0.195 0.0483714 1.88017
0.1975 0.0460506 1.78725
0.2 0.0439744 1.69446
0.2025 0.0421257 1.60189
0.205 0.0404884 1.50964
0.2075 0.0390517 1.41781
0.21 0.037805 1.32649
0.2125 0.036742 1.23577
0.215 0.0358596 1.14575
0.2175 0.0351565 1.05651
0.22 0.0346291 0.968143
0.2225 0.0342784 0.880744
0.225 0.0340865 0.794404
0.2275 0.0340259 0.709216
0.23 0.034023 0.625274
0.2325 0.0339414 0.542664
0.235 0.0335428 0.46146
0.2375 0.0324526 0.381704
0.24 0.0301336 0.30338
0.2425 0.0259607 0.226378
0.245 0.0194067 0.150454
0.2475 0.0104427 0.0751889
