TITLE="Graphics"
VARIABLES= "rj, cm", "F", "dT/dt" 
0 0.00112552 24.234
0.0025 0.00112138 24.1195
0.005 0.00110985 23.8028
0.0075 0.00108968 23.2554
0.01 0.00106087 22.4877
0.0125 0.00102338 21.5121
0.015 0.000977232 20.3432
0.0175 0.000922513 18.9987
0.02 0.000859499 17.4989
0.0225 0.000788688 15.8673
0.025 0.000710791 14.1298
0.0275 0.000626586 12.3148
0.03 0.00053664 10.4527
0.0325 0.000441791 8.57554
0.035 0.000346426 6.71689
0.0375 0.000250554 4.90933
0.04 0.00187281 3.18502
0.0425 0.730005 1.41558
0.045 1.83281 102.643
0.0475 75.0576 50.4395
0.04775 3.46945e-17 1.95126e-08
0.05 7.48628 2.19569
0.0525 5.66074 3.6642
0.055 4.28267 3.56602
0.0575 3.38895 3.12032
0.06 2.77506 2.65437
0.0625 2.32304 2.24686
0.065 1.97314 1.90816
0.0675 1.69347 1.631
0.07 1.46522 1.40488
0.0725 1.27624 1.22003
0.075 1.11804 1.06825
0.0775 0.984453 0.942947
0.08 0.870794 0.838852
0.0825 0.773455 0.751797
0.085 0.689606 0.678477
0.0875 0.616992 0.616274
0.09 0.553807 0.563108
0.0925 0.498585 0.517322
0.095 0.450125 0.477594
0.0975 0.407442 0.442865
0.1 0.369718 0.412287
0.1025 0.336268 0.385172
0.105 0.30652 0.360966
0.1075 0.279989 0.339218
0.11 0.256265 0.319561
0.1125 0.234998 0.301693
0.115 0.215888 0.285365
0.1175 0.198677 0.270372
0.12 0.183146 0.256543
0.1225 0.169099 0.243733
0.125 0.156372 0.231822
0.1275 0.144819 0.220707
0.13 0.134311 0.210302
0.1325 0.124737 0.20053
0.135 0.115999 0.191328
0.1375 0.108009 0.182641
0.14 0.100692 0.174422
0.1425 0.093981 0.166628
0.145 0.0878174 0.159227
0.1475 0.0821502 0.152186
0.15 0.0769336 0.145478
0.1525 0.0721257 0.139079
0.155 0.0676878 0.132966
0.1575 0.0635858 0.127119
0.16 0.0597901 0.121519
0.1625 0.0562711 0.116149
0.165 0.053007 0.110995
0.1675 0.0499742 0.106043
0.17 0.0471538 0.101281
0.1725 0.0445279 0.0967003
0.175 0.0420811 0.0922898
0.1775 0.0397983 0.0880417
0.18 0.0376666 0.0839484
0.1825 0.0356749 0.0800031
0.185 0.0338118 0.0761998
0.1875 0.0320675 0.0725329
0.19 0.0304352 0.068997
0.1925 0.0289047 0.0655873
0.195 0.0274714 0.0622987
0.1975 0.0261288 0.0591261
0.2 0.0248715 0.0560639
0.2025 0.0236962 0.0531059
0.205 0.0225994 0.0502446
0.2075 0.0215789 0.0474708
0.21 1.06925e+06 0.0447734
0.2125 2.36961e+06 250746
0.215 1.04829e+06 0.0395473
0.2175 0.0182483 0.0369785
0.22 0.0176045 0.0344043
0.2225 0.0170323 0.0317914
0.225 0.016525 0.029101
0.2275 0.0160608 0.02629
0.23 0.0156071 0.0233153
0.2325 0.0150983 0.020141
0.235 0.0144403 0.0167515
0.2375 0.0134925 0.013172
0.24 0.0120873 0.00949726
0.2425 0.0100497 0.0059269
0.245 0.00727365 0.00279953
0.2475 0.003819 0.000611767
