TITLE="Graphics"
VARIABLES= "rj, cm", "F", "dT/dt" 
0 0.00196785 7.23855e-06
0.0025 0.00151655 1.61416e-05
0.005 0.00194503 3.15337e-05
0.0075 0.00182832 5.37025e-05
0.01 0.00126343 5.20491e-05
0.0125 1.08421 5.18825e-05
0.015 0.245041 2.22809e-05
0.0175 0.000125943 4.07948e-06
0.02 0.000213921 2.41283e-06
0.0225 0.000202624 2.05586e-06
0.025 0.323674 5.68753e-06
0.0275 0.000227226 3.05478e-06
0.03 6.96296e-05 3.7198e-06
0.0325 0.00190842 6.27609e-06
0.035 0.000402434 0.000134499
0.0375 0.000422825 0.000164793
0.04 0.000149883 9.45151e-05
0.0425 0.000931202 1.96584e-06
0.045 0.00199227 2.69001e-05
0.0475 0.00761459 5.67392e-05
0.0475003 8.46545e-16 2.49498e-11
0.05 1.95872 0.268978
0.0525 4.8807 0.370031
0.055 6.60724 0.446969
0.0575 8.25541 0.509144
0.06 9.83365 0.561053
0.0625 11.3451 0.605236
0.065 12.7915 0.643293
0.0675 14.1737 0.67631
0.07 15.4923 0.705068
0.0725 16.7479 0.730152
0.075 17.9408 0.752015
0.0775 19.071 0.771018
0.08 20.1411 0.787454
0.0825 21.1331 0.801566
0.085 22.0845 0.813561
0.0875 22.9798 0.823612
0.09 23.8215 0.831868
0.0925 24.61 0.838459
0.095 25.3457 0.843498
0.0975 26.0292 0.847085
0.1 26.6608 0.849308
0.1025 27.2409 0.850248
0.105 27.7701 0.849977
0.1075 28.2488 0.84856
0.11 28.6775 0.846057
0.1125 29.0567 0.842524
0.115 29.3869 0.838011
0.1175 29.6687 0.832566
0.12 29.9026 0.826234
0.1225 30.0893 0.819057
0.125 30.2293 0.811074
0.1275 30.3234 0.802323
0.13 30.3721 0.79284
0.1325 30.3762 0.782659
0.135 30.3365 0.771815
0.1375 30.2538 0.760337
0.14 30.1287 0.748258
0.1425 29.9623 0.735608
0.145 29.7553 0.722415
0.1475 29.5086 0.708708
0.15 29.2233 0.694516
0.1525 28.9002 0.679864
0.155 28.5404 0.66478
0.1575 923743 0.649291
0.16 1.82658e+06 96.5804
0.1625 901599 0.617197
0.165 26.7553 0.600643
0.1675 26.2281 0.583784
0.17 25.6709 0.566645
0.1725 25.0848 0.549249
0.175 24.4712 0.531621
0.1775 23.8313 0.513784
0.18 23.1663 0.49576
0.1825 22.4776 0.477574
0.185 21.7665 0.459247
0.1875 21.0344 0.440802
0.19 20.2827 0.422261
0.1925 19.5126 0.403646
0.195 18.7257 0.384978
0.1975 17.9232 0.366278
0.2 17.1067 0.347568
0.2025 16.2776 0.328867
0.205 15.4373 0.310197
0.2075 14.5871 0.291576
0.21 13.7286 0.273024
0.2125 12.8632 0.254561
0.215 11.9923 0.236205
0.2175 11.1174 0.217975
0.22 10.2398 0.199889
0.2225 9.36096 0.181963
0.225 8.48229 0.164216
0.2275 7.60518 0.146664
0.23 6.73098 0.129324
0.2325 5.86104 0.11221
0.235 4.9967 0.095339
0.2375 4.13927 0.0787252
0.24 3.29003 0.0623831
0.2425 2.45024 0.0463264
0.245 1.62114 0.0305686
0.2475 0.80393 0.0151223
