TITLE="Graphics"
VARIABLES= "rj, cm", "F", "dT/dt" 
0 1.78087e-05 24.6319
0.0025 1.77444e-05 24.516
0.005 1.75655e-05 24.1952
0.0075 1.72521e-05 23.6407
0.01 1.6804e-05 22.863
0.0125 1.62198e-05 21.8742
0.015 1.54987e-05 20.6891
0.0175 1.46418e-05 19.3253
0.02 1.36522e-05 17.8034
0.0225 1.25374e-05 16.1468
0.025 1.13092e-05 14.3818
0.0275 9.9844e-06 12.5371
0.03 8.57651e-06 10.6434
0.0325 7.0752e-06 8.73253
0.035 5.45619e-06 6.83881
0.0375 4.03062e-06 4.99928
0.04 0.000902828 3.24264
0.0425 23.0719 22.5494
0.045 52069.6 51951.4
0.0475 910926 749783
0.04775 9.71445e-17 9.74924e-06
0.05 59.2576 13.5274
0.0525 36.8305 5.29655
0.055 30.0339 4.37851
0.0575 24.974 3.75632
0.06 21.0272 3.25723
0.0625 17.8745 2.84162
0.065 15.3146 2.49259
0.0675 13.21 2.19866
0.07 11.4625 1.95028
0.0725 9.99921 1.73889
0.075 8.76505 1.55618
0.0775 7.7178 1.39492
0.08 6.82333 1.25987
0.0825 6.05561 1.14449
0.085 5.39349 1.04422
0.0875 4.81984 0.956272
0.09 4.32076 0.878705
0.0925 3.88483 0.810013
0.095 3.50267 0.748955
0.0975 3.16646 0.694483
0.1 2.86972 0.64571
0.1025 2.607 0.601883
0.105 2.37371 0.562357
0.1075 2.16597 0.526585
0.11 1.98049 0.494096
0.1125 1.81446 0.464487
0.115 1.66549 0.437414
0.1175 1.53151 0.412577
0.12 1.41074 0.389721
0.1225 1.30165 0.368622
0.125 1.20291 0.349088
0.1275 1.11336 0.330951
0.13 1.03199 0.314067
0.1325 0.957928 0.298307
0.135 0.890392 0.283561
0.1375 0.828706 0.26973
0.14 0.77227 0.256731
0.1425 0.72056 0.244486
0.145 0.673107 0.232929
0.1475 0.629497 0.222001
0.15 0.589362 0.21165
0.1525 904370 0.201828
0.155 1.69862e+07 1.51985e+07
0.1575 882274 0.183611
0.16 0.457542 0.175145
0.1625 0.430525 0.167065
0.165 0.405472 0.159345
0.1675 0.382216 0.151958
0.17 0.360602 0.144884
0.1725 0.340496 0.1381
0.175 0.321771 0.131589
0.1775 0.304317 0.125333
0.18 0.28803 0.119316
0.1825 0.272817 0.113524
0.185 0.258596 0.107942
0.1875 0.24529 0.102559
0.19 0.232829 0.0973623
0.1925 0.221149 0.0923406
0.195 0.210192 0.0874843
0.1975 0.199905 0.0827835
0.2 0.19024 0.0782293
0.2025 0.181153 0.0738131
0.205 0.172601 0.0695277
0.2075 0.164548 0.0653671
0.21 0.156959 0.0613261
0.2125 0.149804 0.0574014
0.215 0.143051 0.0535942
0.2175 0.136676 0.0499092
0.22 0.130652 0.046357
0.2225 0.124958 0.042957
0.225 0.119571 0.0397418
0.2275 0.114474 0.0367566
0.23 0.109648 0.0340681
0.2325 0.105075 0.0317656
0.235 0.100743 0.0299663
0.2375 0.0966346 0.0288168
0.24 0.0927361 0.0284937
0.2425 0.0890318 0.0291891
0.245 0.0854373 0.031055
0.2475 0.0796095 0.0331663
