TITLE="Graphics"
VARIABLES= "rj, cm", "F", "dT/dt" 
0 802.681 505.685
0.0025 24.5502 329.478
0.005 1.66372 327.9
0.0075 1.91156 325.013
0.01 2.2396 320.622
0.0125 2.62291 314.465
0.015 3.03144 306.249
0.0175 3.43137 295.681
0.02 3.78702 282.503
0.0225 4.06329 266.531
0.025 4.22856 247.681
0.0275 4.25764 225.999
0.03 4.1344 201.68
0.0325 3.85382 175.069
0.035 3.42305 146.663
0.0375 2.86281 117.092
0.04 2.21421 87.0868
0.0425 1.56178 57.4301
0.045 0.997449 28.8371
0.0475 10.3985 23.3474
0.0477267 4.42964e-08 4.33027e-08
0.05 96.1376 290.86
0.0525 1.10055 311.812
0.055 1.78542 317.463
0.0575 2.5657 316.048
0.06 3.44953 310.928
0.0625 4.36516 303.756
0.065 5.26679 295.437
0.0675 6.13025 286.505
0.07 6.94389 277.288
0.0725 7.70291 267.996
0.075 8.40616 258.761
0.0775 9.05443 249.672
0.08 9.64945 240.784
0.0825 10.1934 232.131
0.085 10.6887 223.735
0.0875 11.1378 215.605
0.09 11.5428 207.747
0.0925 11.906 200.159
0.095 12.2296 192.838
0.0975 12.5154 185.777
0.1 12.7653 178.97
0.1025 12.981 172.409
0.105 13.1643 166.083
0.1075 13.3166 159.985
0.11 13.4393 154.105
0.1125 13.5339 148.435
0.115 13.6017 142.964
0.1175 13.644 137.685
0.12 13.6618 132.59
0.1225 13.6564 127.67
0.125 13.6289 122.918
0.1275 13.5803 118.325
0.13 13.5116 113.886
0.1325 13.4239 109.594
0.135 13.3179 105.442
0.1375 13.1948 101.423
0.14 13.0552 97.533
0.1425 12.9001 93.7655
0.145 12.7303 90.1154
0.1475 12.5466 86.5779
0.15 12.3497 83.1481
0.1525 12.1404 79.8216
0.155 11.9193 76.5941
0.1575 11.6873 73.4616
0.16 11.4448 70.4201
0.1625 11.1926 67.466
0.165 10.9314 64.5958
0.1675 10.6616 61.8062
0.17 10.3839 59.094
0.1725 10.0988 56.4561
0.175 9.80699 53.8898
0.1775 9.50885 51.3922
0.18 9.20493 48.9608
0.1825 8.89573 46.593
0.185 8.58173 44.2865
0.1875 8.26339 42.0389
0.19 7.94116 39.8482
0.1925 7.61547 37.7121
0.195 7.28674 35.6288
0.1975 6.95538 33.5964
0.2 6.62178 31.6129
0.2025 6.28634 29.6767
0.205 5.94943 27.786
0.2075 5.61141 25.9394
0.21 5.27263 24.1352
0.2125 4.93345 22.372
0.215 4.59421 20.6484
0.2175 4.25522 18.9629
0.22 3.91682 17.3144
0.2225 3.57933 15.7015
0.225 3.24305 14.1231
0.2275 2.9083 12.5779
0.23 2.57537 11.065
0.2325 2.24456 9.58315
0.235 1.91616 8.13141
0.2375 1.59048 6.70877
0.24 1.26778 5.31428
0.2425 0.948363 3.94703
0.245 0.632505 2.60612
0.2475 0.320489 1.29072
