TITLE="Graphics"
VARIABLES= "rj, cm", "F", "dT/dt" 
0 0.000300047 26.4285
0.0025 0.000299074 26.3065
0.005 0.000296359 25.9684
0.0075 0.000291577 25.3838
0.01 0.000284677 24.5628
0.0125 0.000275585 23.5172
0.015 0.000264225 22.2617
0.0175 0.000250548 20.8136
0.02 0.00023455 19.1938
0.0225 0.000216289 17.4262
0.025 0.000195887 15.538
0.0275 0.000173527 13.5595
0.03 0.000149495 11.5234
0.0325 0.000124379 9.46462
0.035 9.95122e-05 7.41885
0.0375 7.3391e-05 5.41984
0.04 0.000198361 3.50333
0.0425 0.0529329 2.17339
0.045 3.14807 98.1325
0.0475 25138.7 11352.7
0.04775 9.02056e-17 1.93275e-08
0.05 3.06811 18.1681
0.0525 0.602702 9.96753
0.055 0.858928 7.37469
0.0575 0.774538 5.90925
0.06 0.659727 4.86734
0.0625 0.558413 4.07012
0.065 0.476809 3.44546
0.0675 0.410986 2.94723
0.07 0.356408 2.54253
0.0725 0.308636 2.20891
0.075 0.270492 1.93469
0.0775 0.23852 1.70707
0.08 0.21108 1.51585
0.0825 0.18741 1.35368
0.085 0.166954 1.21511
0.0875 0.149229 1.09597
0.09 0.133818 0.992965
0.0925 0.120368 0.903461
0.095 0.108584 0.825307
0.0975 0.0982223 0.756741
0.1 0.0890783 0.696312
0.1025 0.080982 0.642817
0.105 0.0737917 0.595256
0.1075 0.0673854 0.552793
0.11 0.0616636 0.514726
0.1125 0.056539 0.480466
0.115 0.0519363 0.449513
0.1175 0.0477951 0.421443
0.12 0.0440589 0.395897
0.1225 0.0406814 0.372567
0.125 0.0376216 0.351189
0.1275 0.0348453 0.331537
0.13 0.0323194 0.313415
0.1325 0.0300192 0.296654
0.135 0.0279196 0.281108
0.1375 0.0260004 0.266648
0.14 0.0242434 0.253163
0.1425 0.022632 0.240557
0.145 0.0211526 0.228743
0.1475 0.0197915 0.217646
0.15 0.0185379 0.2072
0.1525 0.017382 0.197348
0.155 0.016315 0.188036
0.1575 0.0153273 0.17922
0.16 0.0144147 0.170857
0.1625 0.0135673 0.162912
0.165 0.012782 0.155353
0.1675 0.012052 0.148149
0.17 0.0113732 0.141275
0.1725 0.0107422 0.134708
0.175 0.0101527 0.128426
0.1775 0.0096041 0.122409
0.18 0.0090909 0.116642
0.1825 0.00861197 0.111108
0.185 0.00816374 0.105794
0.1875 0.00774289 0.100686
0.19 0.00734953 0.0957735
0.1925 0.00697966 0.0910472
0.195 0.00663125 0.0864979
0.1975 0.00630483 0.0821185
0.2 0.00599509 0.0779025
0.2025 0.00570408 0.0738459
0.205 0.00542871 0.0699448
0.2075 0.00516663 0.0661974
0.21 0.00492012 0.0626034
0.2125 0.00468295 0.0591629
0.215 0.00445987 0.0558795
0.2175 0.00424288 0.0527563
0.22 0.00403554 0.0498009
0.2225 0.00383228 0.0470228
0.225 0.00363008 0.0444373
0.2275 0.00342575 0.0420669
0.23 0.00321554 0.0399439
0.2325 0.00300585 0.0381132
0.235 1.11817e+06 0.0366255
0.2375 3.23544e+06 1.01775e+06
0.24 1.0981e+06 0.0346202
0.2425 0.00538627 0.0333563
0.245 0.00989344 0.0298047
0.2475 0.0138809 0.0198595
