TITLE="Graphics"
VARIABLES= "rj, cm", "F", "dT/dt" 
0 5.45252e-10 7.85653e-12
0.0025 4.4888e-10 1.05039e-12
0.005 2.09424e-10 1.42856e-12
0.0075 1.56737e-10 4.97958e-12
0.01 1.10474e-09 8.99895e-12
0.0125 6.11008e-09 3.99621e-11
0.015 2.82275e-08 2.24852e-10
0.0175 8.92579e-08 9.92952e-10
0.02 1.65069e-07 3.04901e-09
0.0225 1.06536e-07 5.76549e-09
0.025 4.48077e-08 5.79282e-09
0.0275 1.14317e-07 4.91189e-09
0.03 3.82584e-08 7.53254e-09
0.0325 3.38724e-07 2.36217e-09
0.035 5.96671e-09 1.96086e-09
0.0375 1.16813e-07 2.16853e-09
0.04 2.84151e-07 1.81494e-09
0.0425 1.57264e-06 2.54336e-08
0.045 8.30819e-06 2.57162e-08
0.0475 1.44974e-09 1.525e-08
0.0475003 7.97973e-16 1.84872e-11
0.05 0.20827 0.200392
0.0525 0.978237 0.277053
0.055 1.38456 0.335995
0.0575 1.77654 0.384149
0.06 2.15021 0.424822
0.0625 2.5033 0.459872
0.065 2.83467 0.490462
0.0675 3.14386 0.517377
0.07 3.4309 0.541179
0.0725 3.69606 0.562286
0.075 3.93981 0.58102
0.0775 4.16272 0.597635
0.08 4.36545 0.612338
0.0825 4.54868 0.625297
0.085 4.71315 0.636652
0.0875 4.85959 0.646525
0.09 4.98874 0.655015
0.0925 5.10135 0.662212
0.095 5.19815 0.668193
0.0975 5.27985 0.673025
0.1 5.34719 0.676767
0.1025 5.40084 0.679475
0.105 5.44149 0.681196
0.1075 5.4698 0.681975
0.11 5.48643 0.681851
0.1125 5.49199 0.680862
0.115 5.48709 0.679043
0.1175 5.47232 0.676425
0.12 5.44825 0.673039
0.1225 5.41543 0.668914
0.125 5.37438 0.664077
0.1275 5.32563 0.658554
0.13 807065 0.65237
0.1325 1.59148e+06 184.46
0.135 785630 0.638119
0.1375 5.06302 0.630097
0.14 4.9827 0.621509
0.1425 4.89735 0.612376
0.145 4.80734 0.602721
0.1475 4.71305 0.592565
0.15 4.61482 0.58193
0.1525 4.513 0.570836
0.155 4.4079 0.559306
0.1575 4.29984 0.547361
0.16 4.1891 0.53502
0.1625 4.07597 0.522306
0.165 3.9607 0.509239
0.1675 3.84357 0.495841
0.17 3.7248 0.482131
0.1725 3.60463 0.468131
0.175 3.48327 0.453862
0.1775 3.36093 0.439345
0.18 3.23781 0.4246
0.1825 3.11409 0.409648
0.185 2.98995 0.39451
0.1875 2.86556 0.379206
0.19 2.74106 0.363758
0.1925 2.61662 0.348185
0.195 2.49236 0.332507
0.1975 2.36842 0.316746
0.2 2.24493 0.300921
0.2025 2.12199 0.285052
0.205 1.99973 0.269159
0.2075 1.87823 0.253261
0.21 1.75759 0.237378
0.2125 1.63791 0.22153
0.215 1.51926 0.205735
0.2175 1.40172 0.190011
0.22 1.28536 0.174377
0.2225 1.17024 0.158852
0.225 1.05643 0.143452
0.2275 0.943973 0.128195
0.23 0.832927 0.113099
0.2325 0.723337 0.0981792
0.235 0.615241 0.0834527
0.2375 0.508681 0.0689351
0.24 0.40369 0.0546416
0.2425 0.3003 0.0405871
0.245 0.19854 0.0267862
0.2475 0.0984357 0.0132527
