TITLE="Graphics"
VARIABLES= "rj, cm", "F", "dT/dt" 
0 1.07637e-09 1.58048e-12
0.0025 7.78759e-11 4.94256e-13
0.005 3.37583e-10 3.8872e-12
0.0075 2.93262e-09 2.05615e-11
0.01 9.3524e-09 1.0239e-10
0.0125 2.67677e-08 3.44644e-10
0.015 5.56162e-08 9.54759e-10
0.0175 7.0365e-08 1.96578e-09
0.02 2.56046e-08 2.73838e-09
0.0225 5.5519e-08 2.22836e-09
0.025 6.07317e-08 8.07211e-10
0.0275 1.45448e-08 9.01923e-11
0.03 6.32555e-10 1.11953e-10
0.0325 4.93586e-09 4.82738e-11
0.035 8.87481e-08 5.75953e-10
0.0375 5.69677e-07 4.83732e-09
0.04 1.23748e-06 2.207e-08
0.0425 4.5436e-06 3.90261e-08
0.045 7.72751e-05 5.86772e-07
0.0475 0.000182192 1.21462e-06
0.0475003 5.34295e-16 2.30018e-12
0.05 0.286748 0.0249447
0.0525 1.15676 0.0352367
0.055 1.62261 0.0434794
0.0575 2.07191 0.0505071
0.06 2.50144 0.0567068
0.0625 2.90931 0.0622895
0.065 3.2946 0.0673833
0.0675 3.65695 0.0720725
0.07 3.99641 0.0764152
0.0725 4.31323 0.0804538
0.075 4.6078 0.0842195
0.0775 4.88063 0.0877364
0.08 5.13227 0.091023
0.0825 5.36328 0.094094
0.085 5.57429 0.0969611
0.0875 5.76589 0.0996336
0.09 5.93871 0.102119
0.0925 6.09337 0.104424
0.095 6.23049 0.106552
0.0975 6.35069 0.108509
0.1 6.45457 0.110297
0.1025 6.54275 0.11192
0.105 6.61581 0.113379
0.1075 6.67434 0.114676
0.11 6.71893 0.115813
0.1125 710206 0.116792
0.115 1.39978e+06 353.056
0.1175 690440 0.118278
0.12 6.76915 0.118788
0.1225 6.75241 0.119144
0.125 6.725 0.119347
0.1275 6.68743 0.119398
0.13 6.64021 0.119298
0.1325 6.58382 0.119049
0.135 6.51873 0.118652
0.1375 6.44542 0.118108
0.14 6.36432 0.11742
0.1425 6.2759 0.116588
0.145 6.18056 0.115616
0.1475 6.07872 0.114505
0.15 5.9708 0.113258
0.1525 5.85719 0.111877
0.155 5.73827 0.110366
0.1575 5.6144 0.108726
0.16 5.48595 0.106962
0.1625 5.35326 0.105076
0.165 5.21667 0.103073
0.1675 5.0765 0.100956
0.17 4.93307 0.0987286
0.1725 4.78669 0.0963956
0.175 4.63763 0.0939611
0.1775 4.48619 0.0914296
0.18 4.33263 0.0888058
0.1825 4.17723 0.0860946
0.185 4.02022 0.083301
0.1875 3.86185 0.08043
0.19 3.70235 0.077487
0.1925 3.54196 0.0744773
0.195 3.38087 0.0714065
0.1975 3.2193 0.06828
0.2 3.05745 0.0651036
0.2025 2.89549 0.0618829
0.205 2.73362 0.0586239
0.2075 2.57201 0.0553323
0.21 2.41083 0.0520139
0.2125 2.25022 0.0486748
0.215 2.09035 0.0453207
0.2175 1.93135 0.0419576
0.22 1.77338 0.0385913
0.2225 1.61655 0.0352276
0.225 1.46101 0.0318724
0.2275 1.30686 0.0285314
0.23 1.15422 0.0252102
0.2325 1.00321 0.0219144
0.235 0.853927 0.0186494
0.2375 0.70648 0.0154207
0.24 0.560962 0.0122335
0.2425 0.417468 0.00909294
0.245 0.276087 0.00600396
0.2475 0.136905 0.00297142
