TITLE="Graphics"
VARIABLES= "rj, cm", "F", "dT/dt" 
0 0.0025473 28.9806
0.0025 0.00254064 28.851
0.005 0.0025219 28.492
0.0075 0.00248853 27.8702
0.01 0.0024396 26.9951
0.0125 0.00237377 25.8777
0.015 0.00228951 24.5313
0.0175 0.00218529 22.9725
0.02 0.00205983 21.2214
0.0225 0.00191239 19.302
0.025 0.00174319 17.2425
0.0275 0.00155394 15.0751
0.03 0.00134869 12.8355
0.0325 0.00113434 10.5616
0.035 0.000918979 8.2921
0.0375 0.000725641 6.06437
0.04 0.00069483 3.90829
0.0425 1.42415 1.74336
0.045 2.60516 92.6472
0.0475 9.47847 52.9298
0.04775 0 1.67275e-08
0.05 9.28591 8.11515
0.0525 8.34173 5.50666
0.055 6.94085 3.94859
0.0575 5.7532 2.96976
0.06 4.81758 2.30674
0.0625 4.08157 1.82759
0.065 3.49348 1.4645
0.0675 3.01527 1.18035
0.07 2.62043 0.953194
0.0725 2.29038 0.769061
0.075 2.01179 0.61841
0.0775 1.77479 0.494373
0.08 1.57186 0.391799
0.0825 1.39716 0.306716
0.085 1.24603 0.235996
0.0875 1.11473 0.177141
0.09 1.0002 0.128131
0.0925 0.899939 0.087324
0.095 0.811864 0.0533706
0.0975 0.734249 0.0251597
0.1 0.665645 0.00177072
0.1025 0.604837 0.017561
0.105 0.550793 0.0334723
0.1075 0.502637 0.0464946
0.11 0.459618 0.0570725
0.1125 0.421096 0.0655787
0.115 0.386517 0.0723268
0.1175 0.355408 0.0775816
0.12 0.327359 0.0815672
0.1225 0.302015 0.0844742
0.125 0.27907 0.0864648
0.1275 0.258257 0.0876778
0.13 0.239344 0.0882317
0.1325 0.222126 0.0882282
0.135 0.206427 0.0877543
0.1375 0.192088 0.0868849
0.14 0.178971 0.0856839
0.1425 0.166954 0.0842065
0.145 0.155929 0.0824998
0.1475 0.145799 0.0806042
0.15 0.13648 0.0785542
0.1525 0.127894 0.0763794
0.155 0.119974 0.0741051
0.1575 0.112659 0.0717527
0.16 0.105895 0.0693405
0.1625 0.0996319 0.066884
0.165 0.0938276 0.0643965
0.1675 0.0884407 0.061889
0.17 0.0834365 0.0593709
0.1725 0.078783 0.05685
0.175 0.074451 0.0543329
0.1775 0.0704137 0.051825
0.18 0.0666484 0.0493307
0.1825 0.0631329 0.0468538
0.185 0.0598482 0.0443972
0.1875 0.0567767 0.041963
0.19 0.0539025 0.0395529
0.1925 0.0512124 0.0371679
0.195 0.0486923 0.0348083
0.1975 0.0463314 0.032474
0.2 0.0441215 0.030164
0.2025 0.0420499 0.0278764
0.205 0.0401116 0.0256088
0.2075 0.0382965 0.0233573
0.21 0.0365965 0.0211176
0.2125 0.0350033 0.0188841
0.215 0.0335024 0.016651
0.2175 0.0320802 0.0144122
0.22 0.0307137 0.0121629
0.2225 0.0293719 0.00990134
0.225 0.0280155 0.0076311
0.2275 1.10452e+06 0.0053652
0.23 2.31679e+06 126708
0.2325 1.08417e+06 0.000977097
0.235 0.0211541 0.00101961
0.2375 0.0186689 0.00274487
0.24 0.0157215 0.00403949
0.2425 0.0122885 0.00469376
0.245 0.00841748 0.00444678
0.2475 0.00424643 0.00299334
