TITLE="Graphics"
VARIABLES= "rj, cm", "F", "dT/dt" 
0 0.00473015 25.8831
0.0025 0.00471426 25.7628
0.005 0.00466993 25.4298
0.0075 0.00459202 24.854
0.01 0.00447992 24.0457
0.0125 0.00433276 23.0169
0.015 0.00414968 21.7823
0.0175 0.00393021 20.3593
0.02 0.00367456 18.7687
0.0225 0.00338382 17.0345
0.025 0.00306018 15.1835
0.0275 0.00270722 13.2457
0.03 0.00233045 11.2532
0.0325 0.00193849 9.23985
0.035 0.0015525 7.24033
0.0375 0.00117048 5.28704
0.04 0.0061392 3.411
0.0425 26.258 2.26101
0.045 61083.4 97.9071
0.0475 773203 52.3839
0.04775 3.46945e-17 1.76522e-08
0.05 21.3983 8.01339
0.0525 17.2654 6.38535
0.055 13.7819 5.43851
0.0575 11.3184 4.7484
0.06 9.50456 4.18056
0.0625 8.09933 3.69112
0.065 6.97081 3.26269
0.0675 6.04417 2.88579
0.07 5.27247 2.55367
0.0725 4.6233 2.26081
0.075 4.07272 2.0025
0.0775 3.60242 1.7746
0.08 3.19815 1.57348
0.0825 2.84875 1.3959
0.085 2.54548 1.23898
0.0875 2.28135 1.10018
0.09 2.05055 0.977305
0.0925 1.84816 0.868429
0.095 1.67004 0.771897
0.0975 1.5127 0.686262
0.1 1.37328 0.610256
0.1025 1.24936 0.542764
0.105 1.13893 0.482804
0.1075 1.04027 0.429509
0.11 0.951923 0.382114
0.1125 0.872638 0.339945
0.115 0.801334 0.302408
0.1175 0.737082 0.268978
0.12 0.67907 0.239193
0.1225 766705 0.212647
0.125 1.56761e+06 56329.3
0.1275 745883 0.167873
0.13 0.496624 0.149048
0.1325 0.460872 0.132257
0.135 0.428258 0.117281
0.1375 0.398458 0.103925
0.14 0.371189 0.0920189
0.1425 0.346201 0.0814091
0.145 0.323269 0.0719604
0.1475 0.302195 0.0635526
0.15 0.282803 0.0560786
0.1525 0.264934 0.0494428
0.155 0.248449 0.0435603
0.1575 0.233219 0.0383549
0.16 0.219134 0.0337585
0.1625 0.206091 0.0297103
0.165 0.193997 0.0261554
0.1675 0.182773 0.0230447
0.17 0.172341 0.0203339
0.1725 0.162638 0.0179828
0.175 0.1536 0.0159553
0.1775 0.145172 0.0142185
0.18 0.137308 0.0127424
0.1825 0.12996 0.0115
0.185 0.123087 0.0104661
0.1875 0.116652 0.0096179
0.19 0.110622 0.00893438
0.1925 0.104968 0.00839611
0.195 0.0996583 0.00798529
0.1975 0.0946741 0.00768533
0.2 0.0899854 0.00748109
0.2025 0.0855793 0.00735853
0.205 0.0814333 0.00730488
0.2075 0.0775324 0.00730852
0.21 0.0738621 0.00735906
0.2125 0.0704102 0.00744728
0.215 0.0671631 0.00756531
0.2175 0.0641066 0.00770652
0.22 0.061227 0.00786542
0.2225 0.0584989 0.00803743
0.225 0.0558876 0.0082181
0.2275 0.0533307 0.00840151
0.23 0.0507315 0.00857747
0.2325 0.0479334 0.0087265
0.235 0.0447045 0.00881173
0.2375 0.040724 0.00876668
0.24 0.0356098 0.00847854
0.2425 0.0289769 0.00776826
0.245 0.020614 0.00637139
0.2475 0.0107003 0.00392886
