TITLE="Graphics"
VARIABLES= "rj, cm", "F", "dT/dt" 
0 0.000312555 28.1046
0.0025 0.000311665 27.9774
0.005 0.000309175 27.6251
0.0075 0.000304759 27.0153
0.01 0.000298323 26.1576
0.0125 0.00028973 25.0636
0.015 0.000278828 23.747
0.0175 0.000265474 22.2248
0.02 0.00024957 20.5176
0.0225 0.000231106 18.6494
0.025 0.000210203 16.6484
0.0275 0.000187148 14.5458
0.03 0.000162335 12.376
0.0325 0.000136069 10.1752
0.035 0.000108977 7.98137
0.0375 8.50404e-05 5.83254
0.04 0.000127232 3.75869
0.0425 29.4484 2.85872
0.045 69780.6 92.2498
0.0475 773802 54.0885
0.04775 6.245e-17 1.57568e-08
0.05 0.751987 17.2858
0.0525 0.768853 14.5909
0.055 0.699218 12.0924
0.0575 0.613736 10.0592
0.06 0.532758 8.43377
0.0625 0.461659 7.12728
0.065 0.400844 6.06606
0.0675 0.34922 5.19488
0.07 0.305401 4.47291
0.0725 0.268096 3.86967
0.075 0.236208 3.36208
0.0775 0.208832 2.93235
0.08 0.185232 2.56656
0.0825 0.164807 2.25367
0.085 0.147067 1.98484
0.0875 0.131604 1.75291
0.09 0.118085 1.55204
0.0925 0.106229 1.37745
0.095 0.0958005 1.22518
0.0975 0.0866037 1.09196
0.1 0.0784708 0.975037
0.1025 0.0712591 0.872134
0.105 0.0648499 0.78132
0.1075 0.0591371 0.700969
0.11 0.0540343 0.629702
0.1125 0.0494641 0.566344
0.115 0.0453629 0.509891
0.1175 0.0416777 0.459481
0.12 0.0383747 0.414378
0.1225 0.0354565 0.373968
0.125 0.0330301 0.337795
0.1275 0.0314974 0.305706
0.13 0.026709 0.278326
0.1325 0.0256722 0.252301
0.135 829627 0.228523
0.1375 2.56051e+06 924314
0.14 807988 0.187716
0.1425 0.0195375 0.170315
0.145 0.0182339 0.154645
0.1475 0.0170379 0.140528
0.15 0.0159384 0.127805
0.1525 0.0149279 0.116337
0.155 0.0139967 0.106001
0.1575 0.0131367 0.0966898
0.16 0.0123429 0.0883052
0.1625 0.0116072 0.0807618
0.165 0.0109268 0.0739819
0.1675 0.0102944 0.0678967
0.17 0.00970758 0.0624434
0.1725 0.00916186 0.0575659
0.175 0.00865398 0.0532134
0.1775 0.00818047 0.0493401
0.18 0.00773952 0.0459041
0.1825 0.00732697 0.0428679
0.185 0.00694253 0.0401973
0.1875 0.00658206 0.0378611
0.19 0.00624528 0.0358312
0.1925 0.00592936 0.0340817
0.195 0.0056337 0.0325891
0.1975 0.00535447 0.031332
0.2 0.00509299 0.0302902
0.2025 0.00484599 0.0294447
0.205 0.00461224 0.0287778
0.2075 0.0043899 0.0282715
0.21 0.00417756 0.0279075
0.2125 0.00397258 0.027666
0.215 0.00377237 0.0275247
0.2175 0.00357375 0.0274566
0.22 0.00337062 0.027428
0.2225 0.00315529 0.0273941
0.225 0.00290849 0.0272919
0.2275 0.00259867 0.0270246
0.23 0.00264935 0.026433
0.2325 0.00229227 0.0256865
0.235 0.00197564 0.0245714
0.2375 0.00166245 0.0229107
0.24 0.00133806 0.0205308
0.2425 0.00100144 0.0172476
0.245 0.000655791 0.0128651
0.2475 0.000315807 0.00718151
