TITLE="Graphics"
VARIABLES= "rj, cm", "F", "dT/dt" 
0 3.46694e-09 5.96356e-07
0.0025 3.40715e-09 6.00856e-07
0.005 3.3936e-09 6.13267e-07
0.0075 3.27819e-09 6.34609e-07
0.01 3.10732e-09 6.64269e-07
0.0125 3.02091e-09 7.0155e-07
0.015 2.87099e-09 7.45754e-07
0.0175 2.9772e-09 7.96631e-07
0.02 3.3606e-09 8.54965e-07
0.0225 4.38678e-09 9.2378e-07
0.025 6.04787e-09 1.0095e-06
0.0275 8.15998e-09 1.12249e-06
0.03 9.32738e-09 1.27488e-06
0.0325 6.42844e-09 1.47119e-06
0.035 6.65259e-09 1.68595e-06
0.0375 3.66791e-08 1.82377e-06
0.04 8.07328e-08 1.67659e-06
0.0425 1.02213e-07 9.53989e-07
0.045 1.93811e-05 4.23569e-07
0.0475 5.31733e-05 2.19636e-06
0.0475003 7.70217e-16 1.4402e-10
0.05 0.014922 1.56042
0.0525 1.82292 2.16117
0.055 2.76569 2.62389
0.0575 3.71893 3.00245
0.06 4.66285 3.32254
0.0625 5.58581 3.59854
0.065 6.48081 3.83945
0.0675 7.34356 4.05133
0.07 8.17144 4.23853
0.0725 8.96285 4.40428
0.075 9.71688 4.55107
0.0775 10.433 4.68089
0.08 11.1111 4.79533
0.0825 11.7512 4.89572
0.085 12.3535 4.98317
0.0875 12.9182 5.05862
0.09 13.4457 5.1229
0.0925 13.9364 5.1767
0.095 14.3908 5.22066
0.0975 14.8094 5.25532
0.1 15.1928 5.28119
0.1025 15.5415 5.29871
0.105 15.856 5.30829
0.1075 16.1371 5.31031
0.11 16.3852 5.3051
0.1125 16.601 5.29301
0.115 16.7852 5.27431
0.1175 16.9385 5.24931
0.12 17.0614 5.21826
0.1225 17.1546 5.18143
0.125 17.2189 5.13904
0.1275 17.255 5.09135
0.13 17.2635 5.03857
0.1325 17.2451 4.98091
0.135 17.2006 4.9186
0.1375 17.1308 4.85183
0.14 17.0362 4.78081
0.1425 16.9177 4.70573
0.145 16.7761 4.62678
0.1475 16.612 4.54415
0.15 894456 4.45802
0.1525 1.76841e+06 3044.29
0.155 872382 4.276
0.1575 15.7468 4.18046
0.16 15.482 4.08214
0.1625 15.1995 3.98121
0.165 14.8999 3.87783
0.1675 14.5841 3.77218
0.17 14.2528 3.66442
0.1725 13.9068 3.55472
0.175 13.547 3.44324
0.1775 13.174 3.33013
0.18 12.7886 3.21557
0.1825 12.3917 3.09971
0.185 11.9839 2.9827
0.1875 11.5662 2.8647
0.19 11.1392 2.74586
0.1925 10.7037 2.62633
0.195 10.2605 2.50626
0.1975 9.81037 2.38579
0.2 9.35398 2.26508
0.2025 8.89212 2.14425
0.205 8.42551 2.02346
0.2075 7.95489 1.90284
0.21 7.48097 1.78253
0.2125 7.00448 1.66265
0.215 6.52611 1.54335
0.2175 6.04656 1.42475
0.22 5.56652 1.30697
0.2225 5.08664 1.19014
0.225 4.60761 1.07438
0.2275 4.13006 0.959805
0.23 3.65463 0.846532
0.2325 3.18196 0.734673
0.235 2.71266 0.624336
0.2375 2.24732 0.515628
0.24 1.78654 0.408651
0.2425 1.33089 0.303505
0.245 0.880913 0.200286
0.2475 0.43717 0.0990878
