TITLE="Graphics"
VARIABLES= "rj, cm", "F", "dT/dt" 
0 9.84635e-10 5.89091e-13
0.0025 5.2182e-09 1.3934e-11
0.005 4.59305e-08 1.69784e-10
0.0075 4.55649e-07 2.01259e-09
0.01 4.0102e-06 2.14892e-08
0.0125 2.80659e-05 1.87555e-07
0.015 0.000145432 1.25148e-06
0.0175 0.000520457 6.05757e-06
0.02 0.00114885 2.01277e-05
0.0225 0.00108957 4.19549e-05
0.025 0.00141907 4.31779e-05
0.0275 2.51302 3.30058e-06
0.03 0.000165071 9.19323e-06
0.0325 4.22729e-05 1.03258e-05
0.035 0.000459043 1.341e-05
0.0375 0.000270836 5.89957e-06
0.04 6.45147e-05 2.20666e-05
0.0425 0.00332493 3.0497e-06
0.045 0.00027052 9.58787e-05
0.0475 0.00861073 0.000146877
0.0475003 3.95517e-16 7.88659e-11
0.05 3.06252 0.849667
0.0525 6.13242 1.1687
0.055 8.08048 1.41169
0.0575 9.90053 1.60814
0.06 11.6211 1.77227
0.0625 13.2561 1.9121
0.065 14.8134 2.03268
0.0675 16.2981 2.13744
0.07 17.7135 2.22884
0.0725 19.0619 2.30873
0.075 20.3453 2.37854
0.0775 21.5648 2.43939
0.08 22.7216 2.4922
0.0825 23.8166 2.53774
0.085 24.8503 2.57663
0.0875 25.8235 2.60941
0.09 26.7367 2.63655
0.0925 27.5903 2.65844
0.095 28.3849 2.67543
0.0975 29.1208 2.68784
0.1 29.7985 2.69593
0.1025 30.4186 2.69996
0.105 30.9814 2.70014
0.1075 31.4876 2.69669
0.11 31.9376 2.68977
0.1125 32.332 2.67958
0.115 32.6714 2.66625
0.1175 32.9566 2.64994
0.12 33.1881 2.63079
0.1225 33.3668 2.60892
0.125 33.4934 2.58447
0.1275 33.5687 2.55754
0.13 33.5936 2.52824
0.1325 33.569 2.49669
0.135 33.4959 2.46298
0.1375 33.3752 2.42722
0.14 33.208 2.38951
0.1425 32.9954 2.34992
0.145 32.7384 2.30857
0.1475 32.4382 2.26553
0.15 32.096 2.2209
0.1525 31.713 2.17476
0.155 31.2904 2.12719
0.1575 30.8295 2.07827
0.16 30.3317 2.0281
0.1625 29.7982 1.97675
0.165 29.2304 1.9243
0.1675 28.6297 1.87083
0.17 27.9976 1.81642
0.1725 27.3353 1.76114
0.175 26.6444 1.70507
0.1775 25.9263 1.64829
0.18 25.1825 1.59087
0.1825 24.4145 1.53289
0.185 1.0092e+06 1.47442
0.1875 1.99815e+06 198.895
0.19 987475 1.35629
0.1925 21.1303 1.29678
0.195 20.2638 1.23706
0.1975 19.3821 1.1772
0.2 18.4868 1.11728
0.2025 17.5794 1.05736
0.205 16.6615 0.997506
0.2075 15.7344 0.937782
0.21 14.7998 0.878253
0.2125 13.8592 0.818983
0.215 12.914 0.760035
0.2175 11.9657 0.701467
0.22 11.0158 0.643341
0.2225 10.0657 0.585714
0.225 9.11684 0.528644
0.2275 8.1707 0.472185
0.23 7.22863 0.416392
0.2325 6.29202 0.361317
0.235 5.36223 0.307012
0.2375 4.4406 0.253527
0.24 3.52843 0.200908
0.2425 2.62701 0.149202
0.245 1.73761 0.0984537
0.2475 0.861451 0.0487061
