TITLE="Graphics"
VARIABLES= "rj, cm", "F", "dT/dt" 
0 0.000150396 26.5226
0.0025 0.000149912 26.4002
0.005 0.000148559 26.0614
0.0075 0.000146177 25.4753
0.01 0.000142737 24.652
0.0125 0.000138201 23.6037
0.015 0.00013253 22.3446
0.0175 0.000125696 20.8922
0.02 0.000117696 19.2674
0.0225 0.000108559 17.494
0.025 9.83452e-05 15.5994
0.0275 8.71442e-05 13.6139
0.03 7.50857e-05 11.5703
0.0325 6.24251e-05 9.50364
0.035 4.97856e-05 7.45003
0.0375 3.93311e-05 5.44411
0.04 9.45289e-05 3.50954
0.0425 0.0255729 1.43842
0.045 6.56554 103.062
0.0475 58321.5 52857.7
0.04775 6.93889e-18 2.19459e-08
0.05 2.53059 46.7601
0.0525 0.079195 27.0413
0.055 0.503061 21.4527
0.0575 0.461018 17.8371
0.06 0.3857 15.0607
0.0625 0.322864 12.8445
0.065 0.272577 11.0433
0.0675 0.232192 9.56133
0.07 0.199441 8.33043
0.0725 0.172594 7.29963
0.075 0.150356 6.43005
0.0775 0.131761 5.69157
0.08 0.116079 5.06056
0.0825 0.10275 4.5183
0.085 0.0913465 4.04983
0.0875 0.0815282 3.64311
0.09 0.0730296 3.28835
0.0925 0.0656358 2.97757
0.095 0.0591734 2.70421
0.0975 0.0535022 2.46283
0.1 0.0485055 2.24893
0.1025 0.044087 2.05871
0.105 0.0401674 1.88902
0.1075 0.0366784 1.73715
0.11 0.0335647 1.60085
0.1125 0.0307771 1.47818
0.115 0.0282762 1.36747
0.1175 0.0260252 1.26731
0.12 0.0239964 1.17647
0.1225 0.0221622 1.09389
0.125 0.0205009 1.01865
0.1275 0.0189933 0.94996
0.13 0.0176228 0.88711
0.1325 0.0163737 0.829492
0.135 0.0152345 0.776571
0.1375 0.0141928 0.727874
0.14 0.0132385 0.682984
0.1425 0.0123642 0.641531
0.145 0.0115607 0.60319
0.1475 0.0108215 0.567668
0.15 894752 0.534708
0.1525 3.66172e+06 1.89327e+06
0.155 872678 0.47557
0.1575 0.00839674 0.449
0.16 0.00790118 0.424202
0.1625 0.0074409 0.401025
0.165 0.00701509 0.379333
0.1675 0.00661886 0.359003
0.17 0.00624961 0.339924
0.1725 0.00590331 0.321996
0.175 0.0055817 0.305134
0.1775 0.0052851 0.28926
0.18 0.00500642 0.274293
0.1825 0.00474637 0.260166
0.185 0.0045019 0.246815
0.1875 0.00427423 0.234184
0.19 0.00405953 0.22222
0.1925 0.0038588 0.210876
0.195 0.00366879 0.200111
0.1975 0.00349216 0.189884
0.2 0.0033245 0.180161
0.2025 0.00316946 0.170908
0.205 0.00302115 0.162091
0.2075 0.00287951 0.153685
0.21 0.00274436 0.145666
0.2125 0.00261641 0.138017
0.215 0.00249169 0.130725
0.2175 0.00237054 0.123782
0.22 0.00225003 0.117187
0.2225 0.00212957 0.110952
0.225 0.00200457 0.105097
0.2275 0.00187573 0.0996614
0.23 0.00173826 0.094701
0.2325 0.00159385 0.0902931
0.235 0.00144827 0.0865357
0.2375 0.00134966 0.0835328
0.24 0.00152032 0.0813086
0.2425 0.00294504 0.0794051
0.245 0.00899573 0.0751168
0.2475 0.0238531 0.0574799
