TITLE="Graphics"
VARIABLES= "rj, cm", "F", "dT/dt" 
0 3.88685e-10 4.04246e-08
0.0025 3.04572e-10 3.99822e-08
0.005 3.47319e-10 3.87589e-08
0.0075 3.153e-10 3.66376e-08
0.01 157.191 3.37513e-08
0.0125 1222.68 971.762
0.015 104.363 2.60931e-08
0.0175 1.85837e-10 2.1605e-08
0.02 1.66295e-10 1.69092e-08
0.0225 1.28042e-10 1.21749e-08
0.025 9.39318e-11 7.54085e-09
0.0275 6.11623e-11 3.17592e-09
0.03 2.59469e-07 9.03965e-10
0.0325 1.03436e-05 4.13177e-08
0.035 9.76491e-05 6.59505e-07
0.0375 0.000143666 3.63528e-06
0.04 0.000440169 2.10038e-07
0.0425 0.000230768 4.36421e-06
0.045 0.000414386 1.19146e-05
0.0475 0.00199571 2.39768e-05
0.0475003 1.26288e-15 3.70505e-10
0.05 1.73859 4.0114
0.0525 0.0198317 5.59974
0.055 0.685061 6.83927
0.0575 1.497 7.86735
0.06 2.36217 8.74874
0.0625 3.24969 9.51939
0.065 4.14058 10.2016
0.0675 5.02257 10.8101
0.07 5.88743 11.3557
0.0725 6.72948 11.8461
0.075 7.54474 12.2873
0.0775 8.33036 12.684
0.08 9.08428 13.0401
0.0825 9.80504 13.3587
0.085 10.4916 13.6425
0.0875 11.1433 13.8936
0.09 11.7596 14.1141
0.0925 12.3403 14.3055
0.095 12.8852 14.4694
0.0975 13.3943 14.6071
0.1 13.8679 14.7198
0.1025 14.306 14.8084
0.105 14.7089 14.8741
0.1075 15.0771 14.9177
0.11 15.4107 14.9401
0.1125 15.7104 14.942
0.115 15.9764 14.9242
0.1175 16.2095 14.8874
0.12 16.4099 14.8323
0.1225 16.5784 14.7596
0.125 16.7156 14.6697
0.1275 16.8219 14.5634
0.13 16.8981 14.4413
0.1325 16.9448 14.3039
0.135 16.9627 14.1518
0.1375 16.9524 13.9855
0.14 16.9147 13.8055
0.1425 16.8502 13.6125
0.145 16.7597 13.407
0.1475 16.6439 13.1894
0.15 16.5036 12.9604
0.1525 16.3395 12.7203
0.155 16.1525 12.4698
0.1575 15.9432 12.2094
0.16 15.7125 11.9395
0.1625 15.4612 11.6606
0.165 15.19 11.3734
0.1675 14.8998 11.0782
0.17 14.5914 10.7756
0.1725 14.2656 10.4661
0.175 13.9233 10.1502
0.1775 13.5652 9.82828
0.18 13.1923 9.50096
0.1825 12.8052 9.1687
0.185 12.4049 8.83197
0.1875 11.9922 8.49127
0.19 11.568 8.14706
0.1925 11.133 7.79984
0.195 10.688 7.45007
0.1975 10.234 7.09821
0.2 9.77173 6.74475
0.2025 9.30201 6.39013
0.205 8.82566 6.0348
0.2075 8.34349 5.67923
0.21 7.85632 5.32385
0.2125 7.36492 4.96911
0.215 6.87009 4.61542
0.2175 6.37261 4.26323
0.22 5.87326 3.91294
0.2225 5.37279 3.56498
0.225 4.87196 3.21973
0.2275 4.3715 2.87761
0.23 3.87215 2.53899
0.2325 3.37462 2.20426
0.235 2.87961 1.87379
0.2375 2.38781 1.54794
0.24 1.8999 1.22706
0.2425 1.41655 0.911497
0.245 0.938387 0.601586
0.2475 0.466055 0.297649
