TITLE="Graphics"
VARIABLES= "rj, cm", "F", "dT/dt" 
0 0.000867193 2.40366e-05
0.0025 0.000325855 1.78834e-05
0.005 0.00109842 7.29664e-06
0.0075 4.22713e-06 6.49009e-07
0.01 1.88067e-07 1.93395e-06
0.0125 2.34695e-07 3.20637e-06
0.015 2.14854e-07 3.67885e-06
0.0175 1.70007e-07 3.65908e-06
0.02 1.22171e-07 3.35458e-06
0.0225 8.12029e-08 2.90592e-06
0.025 5.05505e-08 2.40413e-06
0.0275 2.94589e-08 1.90374e-06
0.03 1.60071e-08 1.43389e-06
0.0325 8.11793e-09 1.00734e-06
0.035 3.90296e-09 6.26901e-07
0.0375 2.39201e-09 2.90038e-07
0.04 2.11467e-06 8.69779e-09
0.0425 5.93794e-05 4.53157e-07
0.045 0.000258378 2.71565e-06
0.0475 6.67721e-07 3.52413e-06
0.0475003 1.73472e-16 3.42744e-10
0.05 8.76269 3.71023
0.0525 5.32968 5.19506
0.055 4.46626 6.36138
0.0575 3.08926 7.33559
0.06 1.41329 8.177
0.0625 0.439331 8.91836
0.065 2.39304 9.57985
0.0675 4.39827 10.1749
0.07 6.42102 10.713
0.0725 8.4371 11.201
0.075 10.4288 11.6444
0.0775 12.3829 12.0472
0.08 14.2893 12.4128
0.0825 16.1403 12.7439
0.085 17.9296 13.0428
0.0875 19.6525 13.3113
0.09 21.3054 13.5511
0.0925 22.8851 13.7635
0.095 24.3895 13.9499
0.0975 25.8167 14.1112
0.1 27.1654 14.2485
0.1025 28.4345 14.3627
0.105 29.6236 14.4545
0.1075 30.7321 14.5246
0.11 31.76 14.5739
0.1125 32.7072 14.6028
0.115 33.574 14.6121
0.1175 34.3608 14.6023
0.12 35.0682 14.574
0.1225 35.6968 14.5276
0.125 36.2474 14.4638
0.1275 36.721 14.3831
0.13 37.1185 14.2859
0.1325 37.441 14.1727
0.135 37.6898 14.0441
0.1375 37.8661 13.9005
0.14 37.9713 13.7425
0.1425 38.0067 13.5705
0.145 875785 13.3849
0.1475 1.73139e+06 767.661
0.15 853748 12.9754
0.1525 37.4818 12.7523
0.155 37.192 12.5177
0.1575 36.8423 12.272
0.16 36.4344 12.0158
0.1625 35.9701 11.7496
0.165 35.4514 11.4738
0.1675 34.8802 11.189
0.17 34.2584 10.8956
0.1725 33.5879 10.5942
0.175 32.8709 10.2853
0.1775 32.1092 9.96944
0.18 31.305 9.64703
0.1825 30.4603 9.31864
0.185 29.5772 8.98478
0.1875 28.6578 8.64595
0.19 27.7042 8.30267
0.1925 26.7185 7.95544
0.195 25.7028 7.60478
0.1975 24.6593 7.25118
0.2 23.5901 6.89516
0.2025 22.4974 6.53721
0.205 21.3831 6.17784
0.2075 20.2495 5.81753
0.21 19.0987 5.45677
0.2125 17.9328 5.09606
0.215 16.7538 4.73586
0.2175 15.5638 4.37666
0.22 14.3649 4.01892
0.2225 13.1592 3.6631
0.225 11.9485 3.30966
0.2275 10.7351 2.95905
0.23 9.52067 2.61169
0.2325 8.30733 2.26803
0.235 7.09695 1.92848
0.2375 5.89141 1.59346
0.24 4.69256 1.26337
0.2425 3.50223 0.938605
0.245 2.32218 0.619541
0.2475 1.15417 0.306553
