TITLE="Graphics"
VARIABLES= "rj, cm", "F", "dT/dt" 
0 0.000285322 2.50352e-05
0.0025 0.000651225 1.59105e-05
0.005 0.00108277 2.01128e-06
0.0075 1.37022e-05 7.19909e-07
0.01 3.36457e-08 3.65087e-07
0.0125 4.82604e-08 9.7152e-07
0.015 5.4984e-08 1.29948e-06
0.0175 5.5625e-08 1.4427e-06
0.02 5.21017e-08 1.45561e-06
0.0225 4.6205e-08 1.37542e-06
0.025 3.90082e-08 1.23016e-06
0.0275 3.15119e-08 1.04207e-06
0.03 2.41207e-08 8.28967e-07
0.0325 1.73219e-08 6.05117e-07
0.035 1.12018e-08 3.81772e-07
0.0375 6.66785e-09 1.67801e-07
0.04 7.4439e-06 2.99548e-08
0.0425 6.95851e-05 8.02405e-07
0.045 0.000324496 1.18158e-06
0.0475 2.75452e-08 9.37207e-07
0.0475003 6.80012e-16 1.47446e-10
0.05 0.515574 1.59756
0.0525 2.08924 2.21261
0.055 3.3741 2.68633
0.0575 4.69991 3.07391
0.06 6.02846 3.40161
0.0625 7.33758 3.68418
0.065 8.61386 3.93082
0.0675 9.84899 4.14775
0.07 11.0377 4.3394
0.0725 12.1767 4.50909
0.075 13.2638 4.65937
0.0775 14.2978 4.79228
0.08 15.2782 4.90944
0.0825 16.2045 5.01222
0.085 17.0768 5.10175
0.0875 17.8954 5.179
0.09 18.6606 5.2448
0.0925 19.3731 5.29988
0.095 20.0333 5.34488
0.0975 20.6419 5.38037
0.1 21.1998 5.40685
0.1025 21.7077 5.42478
0.105 22.1664 5.43458
0.1075 22.5769 5.43664
0.11 22.9399 5.43132
0.1125 23.2565 5.41893
0.115 23.5275 5.39979
0.1175 23.754 5.37418
0.12 23.9369 5.34239
0.1225 24.0772 5.30467
0.125 24.176 5.26128
0.1275 24.2342 5.21244
0.13 24.2529 5.1584
0.1325 24.2331 5.09937
0.135 24.176 5.03557
0.1375 24.0825 4.96721
0.14 23.9538 4.8945
0.1425 23.791 4.81762
0.145 23.5951 4.73679
0.1475 23.3672 4.65219
0.15 23.1084 4.56401
0.1525 22.8199 4.47244
0.155 22.5028 4.37766
0.1575 22.1582 4.27984
0.16 21.7871 4.17918
0.1625 21.3908 4.07584
0.165 20.9703 3.97
0.1675 20.5268 3.86184
0.17 964130 3.75151
0.1725 1.90549e+06 782.29
0.175 942130 3.52507
0.1775 18.5447 3.40927
0.18 18.0028 3.29199
0.1825 17.4445 3.17337
0.185 16.871 3.05357
0.1875 16.2834 2.93277
0.19 15.6827 2.8111
0.1925 15.07 2.68873
0.195 14.4464 2.5658
0.1975 13.813 2.44247
0.2 13.1709 2.31888
0.2025 12.521 2.19519
0.205 11.8644 2.07153
0.2075 11.2021 1.94804
0.21 10.5352 1.82487
0.2125 9.86469 1.70215
0.215 9.19147 1.58001
0.2175 8.51655 1.45859
0.22 7.84088 1.33801
0.2225 7.16542 1.21841
0.225 6.49108 1.09989
0.2275 5.81877 0.982599
0.23 5.14938 0.866636
0.2325 4.48379 0.75212
0.235 3.82285 0.639162
0.2375 3.1674 0.527872
0.24 2.51825 0.418355
0.2425 1.8762 0.310712
0.245 1.24203 0.205042
0.2475 0.616488 0.101441
