TITLE="Graphics"
VARIABLES= "rj, cm", "F", "dT/dt" 
0 7.44269e-05 26.1369
0.0025 7.4181e-05 26.0158
0.005 7.34945e-05 25.6805
0.0075 7.22868e-05 25.1005
0.01 7.0547e-05 24.2862
0.0125 6.8259e-05 23.2496
0.015 6.54071e-05 22.0052
0.0175 6.19818e-05 20.5705
0.02 5.79843e-05 18.9662
0.0225 5.34302e-05 17.2164
0.025 4.83515e-05 15.3481
0.0275 4.28002e-05 13.3913
0.03 3.68609e-05 11.3785
0.0325 3.06491e-05 9.3441
0.035 2.42068e-05 7.3232
0.0375 1.80083e-05 5.35185
0.04 5.95461e-05 3.46298
0.0425 27.3557 2.77748
0.045 61114.6 96.33
0.0475 773805 56.9257
0.04775 0.000242205 1.67246e-08
0.05 16594.7 15.2195
0.0525 1.9882e+06 1.82974e+06
0.055 85026.2 10.0657
0.0575 0.167922 8.26616
0.06 0.143887 6.87306
0.0625 0.123631 5.77492
0.065 0.106738 4.89387
0.0675 0.0926253 4.17653
0.07 0.0807687 3.58549
0.0725 0.0707451 3.09381
0.075 0.0622203 2.68149
0.0775 0.0549312 2.33335
0.08 0.0486684 2.03764
0.0825 0.043264 1.78515
0.085 0.0385817 1.56852
0.0875 0.0345091 1.38186
0.09 0.0309555 1.22037
0.0925 0.0278431 1.08017
0.095 0.0251093 0.958025
0.0975 0.0227005 0.851288
0.1 0.0205714 0.757744
0.1025 0.0186852 0.675546
0.105 0.0170084 0.603141
0.1075 0.0155148 0.539218
0.11 0.014181 0.482663
0.1125 0.0129864 0.432534
0.115 0.0119147 0.38802
0.1175 0.0109509 0.348428
0.12 0.0100818 0.313164
0.1225 0.00929735 0.28171
0.125 0.0085875 0.253622
0.1275 0.00794346 0.228513
0.13 0.00735885 0.206044
0.1325 0.00682658 0.185923
0.135 0.00634176 0.167891
0.1375 0.00589878 0.151721
0.14 0.00549382 0.137215
0.1425 0.00512305 0.124197
0.145 0.00478268 0.112512
0.1475 0.0044702 0.102023
0.15 0.00418299 0.0926089
0.1525 0.00391769 0.0841606
0.155 0.00367405 0.0765823
0.1575 0.0034483 0.0697881
0.16 0.00323943 0.0637014
0.1625 0.00304719 0.0582535
0.165 0.00286749 0.0533836
0.1675 0.00270202 0.0490365
0.17 0.00254774 0.0451625
0.1725 0.00240445 0.0417178
0.175 0.00227107 0.0386624
0.1775 0.00214716 0.0359605
0.18 0.0020306 0.0335805
0.1825 0.00192328 0.0314922
0.185 0.00182201 0.0296707
0.1875 0.00172759 0.028092
0.19 0.00163933 0.0267351
0.1925 0.00155697 0.0255812
0.195 0.00147906 0.024613
0.1975 0.00140635 0.0238156
0.2 0.0013384 0.0231739
0.2025 0.00127391 0.0226764
0.205 0.00121326 0.0223101
0.2075 0.00115633 0.0220638
0.21 0.00110118 0.0219266
0.2125 0.00104954 0.0218847
0.215 0.000999394 0.0219245
0.2175 0.000949681 0.0220297
0.22 0.000900758 0.0221765
0.2225 0.000851635 0.0223368
0.225 0.00080036 0.0224712
0.2275 0.000745282 0.0225284
0.23 0.000687053 0.0224375
0.2325 0.000621941 0.02211
0.235 0.000550625 0.0214296
0.2375 0.000470946 0.0202531
0.24 0.000383695 0.0184077
0.2425 0.000290112 0.0156915
0.245 0.000191711 0.0118787
0.2475 9.18831e-05 0.00672939
