TITLE="Graphics"
VARIABLES= "rj, cm", "F", "dT/dt" 
0 0.000313799 28.2856
0.0025 0.000312924 28.1579
0.005 0.000310463 27.8042
0.0075 0.000306095 27.1918
0.01 0.000299721 26.3305
0.0125 0.000291198 25.2315
0.015 0.000280365 23.9086
0.0175 0.000267069 22.3787
0.02 0.0002512 20.6623
0.0225 0.000232729 18.7835
0.025 0.000211763 16.7703
0.0275 0.000188598 14.6544
0.03 0.000163696 12.4702
0.0325 0.000137376 10.2543
0.035 0.000109116 8.04439
0.0375 8.17289e-05 5.88139
0.04 0.00373565 3.80427
0.0425 1.37986 1.81472
0.045 2.3781 93.8564
0.0475 3.06131 53.9794
0.04775 2.77556e-17 1.62444e-08
0.05 0.840928 15.8502
0.0525 0.810138 13.1362
0.055 0.72148 10.7569
0.0575 0.623976 8.87162
0.06 0.535925 7.3878
0.0625 0.460747 6.20681
0.065 0.397596 5.25395
0.0675 0.344658 4.47565
0.07 0.300137 3.83328
0.0725 0.262505 3.29852
0.075 0.230522 2.85013
0.0775 0.2032 2.47182
0.08 0.179747 2.15093
0.0825 0.159525 1.87744
0.085 0.142021 1.64334
0.0875 0.126811 1.44215
0.09 0.113549 1.26861
0.0925 0.101947 1.11839
0.095 0.0917654 0.98793
0.0975 0.082802 0.874275
0.1 0.0748866 0.774957
0.1025 0.0678753 0.687907
0.105 0.061643 0.611378
0.1075 0.0560834 0.543884
0.11 0.0511031 0.484146
0.1125 0.042526 0.431051
0.115 0.0546598 0.383047
0.1175 0.0462491 0.341394
0.12 0.0425407 0.304638
0.1225 0.039211 0.2721
0.125 0.0362119 0.243222
0.1275 0.033501 0.217537
0.13 0.0310435 0.194657
0.1325 0.0288109 0.174248
0.135 0.0267773 0.156025
0.1375 0.0249219 0.139744
0.14 0.0232254 0.125191
0.1425 0.0216712 0.11218
0.145 0.0202454 0.100549
0.1475 883589 0.0901541
0.15 2.68692e+06 943246
0.1525 861585 0.0725807
0.155 0.0155923 0.0651906
0.1575 0.0146446 0.0586098
0.16 0.0137676 0.0527592
0.1625 0.0129556 0.0475682
0.165 0.0122018 0.0429734
0.1675 0.011503 0.0389182
0.17 0.0108529 0.0353516
0.1725 0.0102481 0.0322281
0.175 0.00968497 0.0295062
0.1775 0.00916039 0.0271491
0.18 0.00867032 0.0251234
0.1825 0.008213 0.0233988
0.185 0.00778585 0.0219484
0.1875 0.00738555 0.0207475
0.19 0.00701121 0.019774
0.1925 0.00666037 0.019008
0.195 0.00633104 0.0184314
0.1975 0.00602216 0.0180275
0.2 0.00573111 0.0177815
0.2025 0.00545707 0.0176792
0.205 0.00519842 0.0177074
0.2075 0.00495287 0.0178531
0.21 0.00471896 0.0181029
0.2125 0.00449426 0.0184426
0.215 0.00427676 0.0188556
0.2175 0.00406356 0.0193218
0.22 0.0038505 0.0198165
0.2225 0.00363505 0.0203073
0.225 0.00341167 0.0207528
0.2275 0.00317671 0.021099
0.23 0.00320309 0.0212768
0.2325 0.00178852 0.0212271
0.235 0.00184619 0.0207283
0.2375 0.00157938 0.0196827
0.24 0.00128977 0.0179338
0.2425 0.000979686 0.0153
0.245 0.000654964 0.0115785
0.2475 0.000325778 0.00655239
