TITLE="Graphics"
VARIABLES= "rj, cm", "F", "dT/dt" 
0 6.21658e-07 2.25789e-09
0.0025 3.95624e-07 4.33232e-09
0.005 4.16228e-07 7.33213e-09
0.0075 3.73045e-07 1.11435e-08
0.01 1.64374e-07 1.34555e-08
0.0125 3.55531e-08 1.21364e-08
0.015 2.12224e-08 9.41089e-09
0.0175 1.99323e-07 7.74238e-09
0.02 3.31798e-07 3.22979e-10
0.0225 1.70777e-07 5.06837e-10
0.025 1.28615e-09 1.52387e-10
0.0275 4.11282e-10 3.82432e-11
0.03 2.20423e-11 2.40638e-11
0.0325 4.01862e-10 2.04402e-11
0.035 1.62239e-09 1.06038e-10
0.0375 9.56286e-08 4.20366e-10
0.04 2.12522e-07 4.11475e-09
0.0425 1.42398e-06 5.31491e-10
0.045 5.27153e-07 5.98151e-09
0.0475 2.49494e-06 3.31889e-08
0.0475003 7.97973e-16 6.56221e-11
0.05 0.228827 0.711053
0.0525 2.85365 0.982772
0.055 4.21549 1.19118
0.0575 5.57236 1.36092
0.06 6.90101 1.50375
0.0625 8.18782 1.62628
0.065 9.42479 1.73266
0.0675 10.6073 1.82569
0.07 11.7326 1.90739
0.0725 12.7996 1.97925
0.075 13.8075 2.04244
0.0775 14.7565 2.09788
0.08 15.6469 2.14632
0.0825 16.4794 2.18839
0.085 17.2547 2.2246
0.0875 17.9738 2.2554
0.09 18.6377 2.28117
0.0925 19.2476 2.30225
0.095 19.8044 2.31894
0.0975 20.3094 2.3315
0.1 20.7639 2.34016
0.1025 21.1689 2.34513
0.105 21.5258 2.34662
0.1075 21.8358 2.3448
0.11 22.1001 2.33983
0.1125 22.3201 2.33186
0.115 22.4969 2.32105
0.1175 22.6318 2.30752
0.12 22.7261 2.29139
0.1225 22.7812 2.2728
0.125 22.7981 2.25185
0.1275 22.7782 2.22865
0.13 22.7228 2.20331
0.1325 22.6331 2.17592
0.135 22.5103 2.14659
0.1375 22.3557 2.11541
0.14 22.1706 2.08246
0.1425 21.956 2.04785
0.145 21.7134 2.01165
0.1475 21.4437 1.97395
0.15 894435 1.93483
0.1525 1.76839e+06 3041.8
0.155 872362 1.85266
0.1575 20.1194 1.80976
0.16 19.7326 1.76577
0.1625 19.3259 1.72074
0.165 18.9003 1.67477
0.1675 18.4568 1.62791
0.17 17.9967 1.58024
0.1725 17.521 1.53183
0.175 17.0306 1.48275
0.1775 16.5267 1.43307
0.18 16.0103 1.38286
0.1825 15.4823 1.33217
0.185 14.9437 1.28109
0.1875 14.3956 1.22967
0.19 13.8387 1.17797
0.1925 13.2742 1.12606
0.195 12.7028 1.074
0.1975 12.1254 1.02184
0.2 11.543 0.969658
0.2025 10.9563 0.917496
0.205 10.3663 0.865417
0.2075 9.77363 0.813476
0.21 9.1792 0.761728
0.2125 8.58375 0.710226
0.215 7.98804 0.659022
0.2175 7.39281 0.608168
0.22 6.79877 0.557714
0.2225 6.20663 0.507709
0.225 5.61706 0.4582
0.2275 5.03074 0.409235
0.23 4.4483 0.360857
0.2325 3.87037 0.313111
0.235 3.29757 0.266039
0.2375 2.73047 0.219684
0.24 2.16967 0.174084
0.2425 1.61572 0.129279
0.245 1.06915 0.0853066
0.2475 0.53049 0.0422019
