TITLE="Graphics"
VARIABLES= "rj, cm", "F", "dT/dt" 
0 1.17004e-09 5.68386e-12
0.0025 1.55921e-10 2.91303e-12
0.005 1.86515e-10 3.81258e-12
0.0075 2.74677e-10 8.53344e-12
0.01 5.43342e-10 8.97937e-12
0.0125 3.06883e-10 1.07473e-12
0.015 2.62199e-10 6.77094e-12
0.0175 8.59883e-11 4.80024e-12
0.02 3.16289e-11 4.1158e-12
0.0225 4.83857e-10 5.20709e-12
0.025 3.58981e-09 1.72693e-11
0.0275 1.96316e-08 1.19901e-10
0.03 5.3417e-08 6.24768e-10
0.0325 3.40262e-08 1.64875e-09
0.035 2.39349e-08 1.66459e-09
0.0375 3.11946e-07 1.61348e-09
0.04 4.34216e-07 2.49805e-08
0.0425 2.13932e-07 1.46392e-09
0.045 3.89267e-07 3.83275e-09
0.0475 9.14528e-07 1.1778e-08
0.0475003 1.7486e-15 1.67135e-11
0.05 0.455061 0.181165
0.0525 0.0620956 0.25047
0.055 0.102479 0.303757
0.0575 0.302736 0.347291
0.06 0.526128 0.384061
0.0625 0.765487 0.415748
0.065 1.01632 0.443403
0.0675 1.27559 0.467736
0.07 1.54107 0.489255
0.0725 1.81101 0.508336
0.075 2.08397 0.525273
0.0775 2.35869 0.540294
0.08 450798 0.553586
0.0825 890936 38.8595
0.085 440492 0.575567
0.0875 3.45371 0.584492
0.09 3.72165 0.592168
0.0925 3.98547 0.598675
0.095 4.24434 0.604081
0.0975 4.49745 0.60845
0.1 4.74402 0.611833
0.1025 4.98333 0.614281
0.105 5.21465 0.615837
0.1075 5.43733 0.616541
0.11 5.65072 0.616429
0.1125 5.85423 0.615535
0.115 6.04731 0.61389
0.1175 6.22943 0.611523
0.12 6.40012 0.608462
0.1225 6.55894 0.604733
0.125 6.70551 0.60036
0.1275 6.83946 0.595367
0.13 6.96049 0.589777
0.1325 7.06834 0.583612
0.135 7.16276 0.576893
0.1375 7.24358 0.569641
0.14 7.31066 0.561877
0.1425 7.36389 0.55362
0.145 7.4032 0.544892
0.1475 7.42856 0.53571
0.15 7.44 0.526095
0.1525 7.43755 0.516066
0.155 7.42131 0.505642
0.1575 7.39138 0.494843
0.16 7.34794 0.483686
0.1625 7.29115 0.472192
0.165 7.22123 0.460379
0.1675 7.13845 0.448266
0.17 7.04306 0.435872
0.1725 6.93537 0.423215
0.175 6.81572 0.410316
0.1775 6.68445 0.397191
0.18 6.54195 0.383861
0.1825 6.38862 0.370344
0.185 6.22487 0.356658
0.1875 6.05115 0.342823
0.19 5.86792 0.328856
0.1925 5.67565 0.314777
0.195 5.47484 0.300604
0.1975 5.26599 0.286355
0.2 5.04962 0.272048
0.2025 4.82626 0.257702
0.205 4.59645 0.243334
0.2075 4.36074 0.228961
0.21 4.11969 0.214603
0.2125 3.87386 0.200275
0.215 3.62382 0.185995
0.2175 3.37014 0.17178
0.22 3.11339 0.157646
0.2225 2.85416 0.14361
0.225 2.59301 0.129688
0.2275 2.33052 0.115895
0.23 2.06726 0.102247
0.2325 1.80379 0.0887593
0.235 1.54069 0.0754458
0.2375 1.2785 0.062321
0.24 1.01777 0.0493989
0.2425 0.759031 0.036693
0.245 0.502821 0.0242162
0.2475 0.24965 0.0119812
