TITLE="Graphics"
VARIABLES= "rj, cm", "F", "dT/dt" 
0 8.71839e-11 2.38192e-12
0.0025 3.42697e-11 3.04936e-12
0.005 1.23117e-11 3.91488e-12
0.0075 2.19181e-12 2.19181e-12
0.01 1.88526e-12 1.88526e-12
0.0125 2.08403e-11 2.77789e-12
0.015 1.03515e-11 2.19186e-12
0.0175 1.52915e-11 1.84483e-12
0.02 1.88512e-09 6.0271e-12
0.0225 7.03759e-08 1.20918e-10
0.025 1.22058e-06 3.48672e-09
0.0275 1.19009e-05 5.42049e-08
0.03 5.96352e-05 4.70825e-07
0.0325 0.000106508 2.06383e-06
0.035 4.39205e-05 3.28772e-06
0.0375 7.35234e-05 1.49184e-06
0.04 0.000555032 3.83856e-06
0.0425 4.29435e-05 1.47292e-06
0.045 0.000190665 3.09264e-06
0.0475 0.000321643 2.53075e-05
0.0475003 3.60822e-16 1.01843e-10
0.05 0.139546 1.10373
0.0525 3.09492 1.5263
0.055 4.73683 1.85087
0.0575 6.39975 2.11563
0.06 8.04653 2.33881
0.0625 9.65557 2.53064
0.065 11.214 2.69755
0.0675 12.714 2.84385
0.07 14.1509 2.97267
0.0725 15.5219 3.08631
0.075 16.8255 3.18656
0.0775 18.061 3.27484
0.08 19.2282 3.35231
0.0825 20.3275 3.41992
0.085 21.3592 3.47847
0.0875 22.3241 3.52863
0.09 23.2231 3.571
0.0925 24.057 3.60609
0.095 24.8269 3.63434
0.0975 25.5338 3.65616
0.1 26.179 3.67189
0.1025 26.7634 3.68187
0.105 27.2883 3.68639
0.1075 27.755 3.68571
0.11 28.1645 3.68009
0.1125 28.5182 3.66974
0.115 28.8173 3.6549
0.1175 29.063 3.63575
0.12 29.2567 3.61249
0.1225 29.3996 3.5853
0.125 29.4929 3.55435
0.1275 29.5381 3.5198
0.13 29.5363 3.48181
0.1325 29.489 3.44053
0.135 29.3973 3.39612
0.1375 29.2627 3.34871
0.14 29.0865 3.29844
0.1425 28.8699 3.24544
0.145 28.6143 3.18986
0.1475 28.3211 3.13181
0.15 27.9915 3.07142
0.1525 27.627 3.00883
0.155 27.2289 2.94415
0.1575 26.7984 2.8775
0.16 26.337 2.809
0.1625 25.846 2.73877
0.165 25.3268 2.66693
0.1675 24.7806 2.59358
0.17 964116 2.51885
0.1725 1.90509e+06 391.767
0.175 942117 2.36567
0.1775 22.3533 2.28745
0.18 21.6925 2.20827
0.1825 21.0127 2.12825
0.185 20.3153 2.04749
0.1875 19.6015 1.96611
0.19 18.8727 1.88419
0.1925 18.1301 1.80184
0.195 17.375 1.71917
0.1975 16.6087 1.63626
0.2 15.8324 1.55322
0.2025 15.0474 1.47015
0.205 14.2548 1.38713
0.2075 13.4559 1.30427
0.21 12.6519 1.22164
0.2125 11.844 1.13935
0.215 11.0334 1.05747
0.2175 10.2211 0.976103
0.22 9.40831 0.895322
0.2225 8.59615 0.815212
0.225 7.78572 0.735856
0.2275 6.97807 0.65733
0.23 6.17425 0.579712
0.2325 5.3753 0.503078
0.235 4.58222 0.427499
0.2375 3.79599 0.353046
0.24 3.01758 0.279788
0.2425 2.24792 0.207792
0.245 1.48792 0.137121
0.2475 0.738467 0.0678369
