TITLE="Graphics"
VARIABLES= "rj, cm", "F", "dT/dt" 
0 2.22428e-05 18.9147
0.0025 2.21456e-05 18.822
0.005 2.18766e-05 18.5655
0.0075 2.14132e-05 18.1231
0.01 2.07693e-05 17.5039
0.0125 1.99701e-05 16.719
0.015 1.90695e-05 15.781
0.0175 1.81931e-05 14.7032
0.02 1.76256e-05 13.4976
0.0225 1.78937e-05 12.1688
0.025 1.94318e-05 10.7037
0.0275 2.06226e-05 9.0642
0.03 1.33945e-05 7.22611
0.0325 1.68614e-05 5.36214
0.035 6.51073e-05 4.15502
0.0375 5.58835e-05 4.62529
0.04 0.00482467 6.36465
0.0425 0.224636 6.0714
0.045 0.302079 105.647
0.0475 0.402978 60.8705
0.04775 1.38778e-17 1.88005e-08
0.05 0.12471 9.86081
0.0525 0.110178 6.9753
0.055 0.0913139 5.13271
0.0575 0.0759924 3.87703
0.06 0.0639757 2.96459
0.0625 0.0544837 2.27081
0.065 0.0468198 1.72859
0.0675 0.0405114 1.29779
0.07 0.0353078 0.951882
0.0725 0.0307947 0.673351
0.075 0.0270938 0.446523
0.0775 0.0237567 0.262059
0.08 0.0214917 0.111439
0.0825 0.0189742 0.0112508
0.085 0.0169114 0.111358
0.0875 0.0151195 0.192928
0.09 0.0135577 0.259219
0.0925 0.012191 0.312864
0.095 0.0109919 0.356007
0.0975 0.00993591 0.390398
0.1 0.00900363 0.417472
0.1025 0.00817775 0.438414
0.105 0.00744466 0.454203
0.1075 0.00679162 0.465652
0.11 0.00620865 0.473438
0.1125 0.00568712 0.478129
0.115 0.0052189 0.4802
0.1175 0.00479849 0.48005
0.12 0.00441892 0.47802
0.1225 0.00407701 0.474393
0.125 0.00376693 0.469415
0.1275 0.00348614 0.463291
0.13 0.00323094 0.456198
0.1325 0.00299881 0.448288
0.135 0.00278729 0.43969
0.1375 0.00259389 0.430517
0.14 0.00241737 0.420862
0.1425 0.00225496 0.41081
0.145 0.00210678 0.400433
0.1475 0.00197017 0.38979
0.15 0.00184447 0.378937
0.1525 0.00172875 0.36792
0.155 0.00162179 0.356779
0.1575 922819 0.345549
0.16 1.16268e+07 9.80225e+06
0.1625 900708 0.32294
0.165 0.00126918 0.31161
0.1675 0.00119653 0.300291
0.17 0.00112844 0.289
0.1725 0.00106586 0.277752
0.175 0.00100725 0.266561
0.1775 0.000952495 0.255437
0.18 0.000901642 0.24439
0.1825 0.000854073 0.233429
0.185 0.000809535 0.222561
0.1875 0.000767796 0.211791
0.19 0.000728793 0.201126
0.1925 0.000692319 0.190569
0.195 0.000657751 0.180125
0.1975 0.000626151 0.169797
0.2 0.000595282 0.159586
0.2025 0.000566848 0.149496
0.205 0.000540218 0.139528
0.2075 0.00051511 0.129683
0.21 0.000491021 0.119962
0.2125 0.000468554 0.110366
0.215 0.000447511 0.100896
0.2175 0.000427099 0.0915528
0.22 0.000407597 0.082339
0.2225 0.0003889 0.0732592
0.225 0.00036965 0.0643233
0.2275 0.000349878 0.0555496
0.23 0.000329422 0.0469693
0.2325 0.000305166 0.0386344
0.235 0.000278121 0.030627
0.2375 0.000245324 0.0230685
0.24 0.000206841 0.0161308
0.2425 0.000161259 0.0100428
0.245 0.000110218 0.00509375
0.2475 5.56662e-05 0.00162247
