TITLE="Graphics"
VARIABLES= "rj, cm", "F", "dT/dt" 
0 2.22149e-05 18.8879
0.0025 2.21177e-05 18.7953
0.005 2.18491e-05 18.5392
0.0075 2.13866e-05 18.0973
0.01 2.07445e-05 17.4789
0.0125 1.99489e-05 16.695
0.015 1.90568e-05 15.758
0.0175 1.81987e-05 14.6813
0.02 1.76644e-05 13.4763
0.0225 1.79619e-05 12.1472
0.025 1.94182e-05 10.6804
0.0275 2.01773e-05 9.03963
0.03 1.21544e-05 7.21075
0.0325 1.79255e-05 5.38313
0.035 6.24779e-05 4.23181
0.0375 4.93731e-05 4.68922
0.04 0.000125814 6.24496
0.0425 0.00720801 6.04918
0.045 0.00634535 105.596
0.0475 0.076221 61.0929
0.04775 6.93889e-18 1.87771e-08
0.05 0.124489 10.0042
0.0525 0.110025 7.16315
0.055 0.0913593 5.3394
0.0575 0.0757911 4.09578
0.06 0.0638888 3.18236
0.0625 0.0544298 2.48198
0.065 0.0467891 1.92991
0.0675 0.0405045 1.48736
0.07 0.0352632 1.1288
0.0725 0.0309 0.83616
0.075 0.027078 0.597069
0.0775 0.0239325 0.399661
0.08 0.0211901 0.237001
0.0825 0.0188307 0.102739
0.085 0.0167851 0.00809924
0.0875 0.0150138 0.0996199
0.09 0.0134656 0.175012
0.0925 0.0121121 0.236944
0.095 0.0109233 0.287586
0.0975 0.00987632 0.328728
0.1 0.00895153 0.361854
0.1025 0.00813163 0.388198
0.105 0.00740371 0.408793
0.1075 0.00675455 0.424504
0.11 0.0061754 0.436059
0.1125 0.00565629 0.444076
0.115 0.00519079 0.449076
0.1175 0.00477206 0.451502
0.12 0.00439435 0.451733
0.1225 0.00405348 0.450093
0.125 781245 0.446857
0.1275 1.08334e+07 9.29112e+06
0.13 760177 0.436517
0.1325 0.00297944 0.429792
0.135 0.00276839 0.42224
0.1375 0.00257607 0.413992
0.14 0.00239948 0.405161
0.1425 0.00223855 0.395844
0.145 0.00209039 0.386127
0.1475 0.00195429 0.376081
0.15 0.00182945 0.365771
0.1525 0.00171408 0.355253
0.155 0.00160764 0.344572
0.1575 0.00150972 0.333771
0.16 0.00141855 0.322885
0.1625 0.00133499 0.311947
0.165 0.00125666 0.300981
0.1675 0.00118452 0.290013
0.17 0.00111734 0.279061
0.1725 0.00105454 0.268144
0.175 0.000996923 0.257276
0.1775 0.000942197 0.24647
0.18 0.000891923 0.235738
0.1825 0.000844512 0.225088
0.185 0.000800444 0.21453
0.1875 0.000758984 0.204069
0.19 0.000720598 0.193713
0.1925 0.000683988 0.183464
0.195 0.000650187 0.17333
0.1975 0.000618347 0.163311
0.2 0.000588071 0.153413
0.2025 0.000560096 0.143635
0.205 0.000533657 0.13398
0.2075 0.000508186 0.12445
0.21 0.000485144 0.115046
0.2125 0.000462657 0.105768
0.215 0.000441618 0.0966159
0.2175 0.000421712 0.0875926
0.22 0.000402269 0.0786983
0.2225 0.000383716 0.0699386
0.225 0.000364988 0.0613225
0.2275 0.000345792 0.0528676
0.23 0.000324994 0.0446039
0.2325 0.000301626 0.0365829
0.235 0.000274646 0.0288857
0.2375 0.000242396 0.0216314
0.24 0.000204396 0.0149931
0.2425 0.000159175 0.0091975
0.245 0.00010887 0.00453583
0.2475 5.4427e-05 0.00134616
