TITLE="Graphics"
VARIABLES= "rj, cm", "F", "dT/dt" 
0 0.0024377 27.0286
0.0025 0.00243013 26.9046
0.005 0.00240898 26.5613
0.0075 0.00237164 25.9673
0.01 0.00231758 25.1327
0.0125 0.00224602 24.0692
0.015 0.00215615 22.7913
0.0175 0.00204734 21.3161
0.02 139.525 19.6645
0.0225 37907.9 37677.9
0.025 111.527 15.9318
0.0275 0.00142755 13.9086
0.03 0.0012322 11.8244
0.0325 0.00102283 9.71476
0.035 0.000806799 7.61752
0.0375 0.000648607 5.57087
0.04 0.00268739 3.59511
0.0425 0.545228 2.31994
0.045 1.27028 95.6054
0.0475 1197.06 13.1806
0.04775 8.32667e-17 1.78851e-08
0.05 14.6331 0.905187
0.0525 8.89081 0.279445
0.055 6.63097 0.281462
0.0575 5.52852 0.482023
0.06 4.75065 0.496845
0.0625 4.10738 0.440264
0.065 3.55855 0.363677
0.0675 3.09064 0.287293
0.07 2.69312 0.218054
0.0725 2.3557 0.157648
0.075 2.06882 0.105827
0.0775 1.82412 0.0617331
0.08 1.61455 0.0243919
0.0825 1.43429 0.00711205
0.085 1.27854 0.0335881
0.0875 1.14341 0.0557369
0.09 1.02567 0.0741607
0.0925 0.922705 0.0893778
0.095 0.832325 0.101834
0.0975 0.752726 0.111916
0.1 0.682398 0.119955
0.1025 0.620074 0.126238
0.105 0.564685 0.131016
0.1075 0.515328 0.134502
0.11 0.471232 0.136882
0.1125 0.431741 0.138318
0.115 0.396291 0.138947
0.1175 0.364397 0.13889
0.12 0.335643 0.138249
0.1225 0.309662 0.137114
0.125 0.286146 0.135561
0.1275 0.264817 0.133655
0.13 0.245437 0.131455
0.1325 0.227797 0.129008
0.135 0.211714 0.126356
0.1375 0.197022 0.123535
0.14 0.183584 0.120577
0.1425 0.171268 0.117507
0.145 0.159968 0.114351
0.1475 0.149584 0.111127
0.15 0.140032 0.107853
0.1525 0.131231 0.104543
0.155 0.123113 0.10121
0.1575 0.115614 0.0978648
0.16 0.108678 0.094515
0.1625 0.102256 0.0911686
0.165 0.0963044 0.0878317
0.1675 0.0907824 0.0845092
0.17 0.0856525 0.081205
0.1725 0.0808771 0.0779223
0.175 0.0764239 0.0746639
0.1775 0.0722583 0.0714333
0.18 0.068363 0.0682351
0.1825 0.0647304 0.0650742
0.185 0.0613433 0.0619544
0.1875 0.0581779 0.0588779
0.19 0.0552167 0.0558458
0.1925 0.0524391 0.052859
0.195 0.0498361 0.0499182
0.1975 0.0473874 0.0470237
0.2 0.0450697 0.0441761
0.2025 0.042868 0.0413782
0.205 0.0407732 0.0386347
0.2075 0.0387778 0.0359526
0.21 0.0368738 0.0333411
0.2125 0.0350564 0.0308108
0.215 0.0333209 0.028374
0.2175 0.0316733 0.0260443
0.22 0.0301268 0.0238347
0.2225 0.0287122 0.0217561
0.225 0.0274719 0.0198124
0.2275 0.0264691 0.0179963
0.23 0.0257704 0.0162808
0.2325 0.0254213 0.0146128
0.235 0.0253838 0.0129076
0.2375 0.0254451 0.0110538
0.24 0.0250665 0.00893839
0.2425 0.0232912 0.00650645
0.245 0.0188541 0.00386711
0.2475 0.0108384 0.00143027
