TITLE="Graphics"
VARIABLES= "rj, cm", "F", "dT/dt" 
0 1.75208e-05 24.1184
0.0025 1.7456e-05 24.0043
0.005 1.72755e-05 23.6887
0.0075 1.69599e-05 23.1434
0.01 1.65092e-05 22.3788
0.0125 1.59233e-05 21.407
0.015 1.52024e-05 20.2429
0.0175 1.4348e-05 18.9039
0.02 1.33651e-05 17.4106
0.0225 1.2261e-05 15.7863
0.025 1.10466e-05 14.0568
0.0275 9.73357e-06 12.2505
0.03 8.33221e-06 10.3976
0.0325 6.86261e-06 8.5302
0.035 5.38234e-06 6.68134
0.0375 3.78855e-06 4.88338
0.04 0.000207069 3.17064
0.0425 0.0347311 2.4898
0.045 0.0255407 100.638
0.0475 0.0229876 57.9367
0.04775 6.93889e-18 1.7931e-08
0.05 0.0772651 10.74
0.0525 0.0663049 8.64713
0.055 0.0540814 7.26317
0.0575 0.0446248 6.24083
0.06 0.0375015 5.41681
0.0625 0.0319778 4.72285
0.065 0.027556 4.12723
0.0675 0.0239303 3.612
0.07 0.0209079 3.16483
0.0725 0.0183587 2.77611
0.075 0.0161899 2.43785
0.0775 0.0143323 2.14325
0.08 0.0127319 1.88646
0.0825 0.0113464 1.66243
0.085 0.0101416 1.46679
0.0875 0.00909065 1.29577
0.09 0.0081694 1.14611
0.0925 0.00736033 1.01499
0.095 0.00664677 0.899971
0.0975 0.00601646 0.79896
0.1 0.00545777 0.71014
0.1025 0.00496113 0.631942
0.105 0.00451921 0.563012
0.1075 0.0041249 0.502181
0.11 0.00377172 0.448441
0.1125 0.0034534 0.400914
0.115 0.00316872 0.358799
0.1175 0.00291332 0.321441
0.12 0.002682 0.288271
0.1225 0.00247315 0.25879
0.125 0.00228436 0.232562
0.1275 0.00211214 0.209203
0.13 0.00195601 0.188377
0.1325 0.0018144 0.169788
0.135 0.00168577 0.15318
0.1375 0.00157183 0.138344
0.14 0.00147287 0.125156
0.1425 0.00134659 0.113597
0.145 0.00126597 0.103024
0.1475 0.00118642 0.0934861
0.15 0.00111089 0.0849384
0.1525 0.00104037 0.0772893
0.155 0.000975109 0.0704442
0.1575 0.00091505 0.0643182
0.16 0.000859372 0.0588353
0.1625 0.000808294 0.0539301
0.165 0.000760767 0.049544
0.1675 0.000716336 0.0456259
0.17 0.000675691 0.0421289
0.1725 0.000637355 0.0390123
0.175 0.000602106 0.0362388
0.1775 0.000569168 0.0337748
0.18 0.000537962 0.0315902
0.1825 0.000509383 0.0296569
0.185 0.000482303 0.0279499
0.1875 0.000457382 0.026446
0.19 0.000433552 0.025124
0.1925 0.000411053 0.0239639
0.195 0.00039108 0.0229475
0.1975 0.000370851 0.0220582
0.2 0.00035263 0.0212795
0.2025 0.000335151 0.0205975
0.205 0.000319402 0.0199982
0.2075 0.000303853 0.0194697
0.21 0.000289107 0.0190009
0.2125 0.000275992 0.0185816
0.215 0.000263217 0.0182037
0.2175 0.000250881 0.0178597
0.22 0.000239819 0.017543
0.2225 0.000228475 0.0172468
0.225 0.0002177 0.0169619
0.2275 0.000206282 0.0166711
0.23 0.000193124 0.0163412
0.2325 0.00018471 0.0159156
0.235 0.000168107 0.0153923
0.2375 0.000149299 0.0146496
0.24 0.000126582 0.0135241
0.2425 9.95271e-05 0.0118009
0.245 1.1336e+06 0.00920232
0.2475 1.86103e+07 1.63646e+07
