TITLE="Graphics"
VARIABLES= "rj, cm", "F", "dT/dt" 
0 5.64917e-12 5.64917e-12
0.0025 1.07112e-10 6.3506e-12
0.005 1.64343e-09 1.44674e-11
0.0075 3.66831e-09 5.57206e-11
0.01 6.92619e-09 1.30616e-10
0.0125 8.89746e-09 2.47067e-10
0.015 4.31919e-09 3.40931e-10
0.0175 5.49819e-09 2.85019e-10
0.02 7.10436e-09 1.02542e-10
0.0225 4.56209e-10 3.40993e-11
0.025 4.07169e-11 6.67284e-11
0.0275 1.99685e-09 1.75782e-11
0.03 1.59169e-09 1.50089e-11
0.0325 4.35484e-12 5.62637e-12
0.035 2.93412e-09 2.25413e-14
0.0375 2.1214e-09 1.28945e-12
0.04 2.16369e-08 3.01065e-10
0.0425 9.68862e-08 1.39354e-10
0.045 2.87344e-08 4.91282e-11
0.0475 1.87542e-07 2.19695e-09
0.0475003 1.94289e-16 2.9451e-11
0.05 0.0935298 0.319113
0.0525 1.45405 0.441066
0.055 2.15721 0.534603
0.0575 2.85931 0.610777
0.06 3.54789 0.674869
0.0625 4.21566 0.729847
0.065 4.85834 0.777571
0.0675 5.47342 0.8193
0.07 6.05949 0.855935
0.0725 6.61579 0.88815
0.075 7.142 0.916467
0.0775 7.63808 0.941301
0.08 8.1042 0.962988
0.0825 8.54064 0.981807
0.085 8.94777 0.997993
0.0875 9.32604 1.01175
0.09 9.67594 1.02324
0.0925 9.99798 1.03262
0.095 10.2927 1.04002
0.0975 10.5607 1.04557
0.1 10.8025 1.04936
0.1025 11.0188 1.0515
0.105 11.2101 1.05207
0.1075 11.3771 1.05115
0.11 11.5203 1.04882
0.1125 11.6404 1.04514
0.115 11.738 1.04018
0.1175 11.8137 1.034
0.12 11.8682 1.02666
0.1225 11.9021 1.01821
0.125 11.916 1.0087
0.1275 11.9106 0.998184
0.13 11.8865 0.98671
0.1325 11.8443 0.974322
0.135 11.7847 0.961064
0.1375 11.7082 0.946978
0.14 11.6156 0.932107
0.1425 11.5074 0.916491
0.145 874503 0.900169
0.1475 1.72631e+06 755.353
0.15 852503 0.865558
0.1525 10.9313 0.847344
0.155 10.7545 0.828573
0.1575 10.5659 0.809279
0.16 10.3659 0.789497
0.1625 10.1552 0.769262
0.165 9.93438 0.748606
0.1675 9.704 0.727563
0.17 9.46463 0.706164
0.1725 9.21682 0.684442
0.175 8.96114 0.662427
0.1775 8.69812 0.640151
0.18 8.42829 0.617643
0.1825 8.1522 0.594933
0.185 7.87035 0.57205
0.1875 7.58325 0.549024
0.19 7.29141 0.525881
0.1925 6.99531 0.502651
0.195 6.69545 0.479359
0.1975 6.39229 0.456034
0.2 6.08629 0.4327
0.2025 5.77792 0.409383
0.205 5.46761 0.38611
0.2075 5.1558 0.362904
0.21 4.84292 0.339789
0.2125 4.52937 0.31679
0.215 4.21557 0.293928
0.2175 3.90192 0.271228
0.22 3.58879 0.24871
0.2225 3.27656 0.226397
0.225 2.96561 0.204308
0.2275 2.65628 0.182465
0.23 2.34894 0.160888
0.2325 2.04391 0.139594
0.235 1.74152 0.118604
0.2375 1.44211 0.0979353
0.24 1.14597 0.0776051
0.2425 0.853405 0.0576304
0.245 0.564717 0.0380276
0.2475 0.280186 0.0188124
