TITLE="Graphics"
VARIABLES= "rj, cm", "F", "dT/dt" 
0 3.78727e-10 3.51353e-09
0.0025 4.23291e-10 3.44987e-09
0.005 3.89648e-10 3.26229e-09
0.0075 3.64647e-10 2.94298e-09
0.01 3.31134e-10 2.5185e-09
0.0125 2.38534e-10 2.02074e-09
0.015 2.22988e-10 1.48168e-09
0.0175 7.84614e-11 9.21797e-10
0.02 8.94729e-11 4.0651e-10
0.0225 6.64393e-09 5.08394e-11
0.025 3.79153e-07 1.2149e-09
0.0275 9.93845e-06 2.34228e-08
0.03 0.00010453 4.6002e-07
0.0325 0.000508806 4.14576e-06
0.035 0.000914384 1.75829e-05
0.0375 0.000377924 2.9705e-05
0.04 0.00225832 2.13133e-06
0.0425 0.00838393 2.01911e-05
0.045 0.0156335 0.00424536
0.0475 0.0129777 0.00248709
0.0475003 1.15186e-15 9.66383e-11
0.05 0.106143 0.792357
0.0525 2.25272 1.11917
0.055 3.49822 1.37456
0.0575 4.77295 1.58546
0.06 6.04564 1.76494
0.0625 7.29737 1.92042
0.065 8.51636 2.05659
0.0675 9.69511 2.17667
0.07 10.8288 2.28298
0.0725 11.9143 2.37727
0.075 12.9498 2.46089
0.0775 13.9339 2.53494
0.08 14.8662 2.60031
0.0825 15.7464 2.65773
0.085 16.5745 2.70784
0.0875 17.3508 2.75115
0.09 18.0756 2.78815
0.0925 18.7496 2.81923
0.095 19.3733 2.84474
0.0975 19.9475 2.86501
0.1 20.4729 2.88032
0.1025 20.9502 2.89093
0.105 21.3804 2.89708
0.1075 21.7643 2.89898
0.11 22.1028 2.89683
0.1125 22.3968 2.89082
0.115 22.6473 2.88112
0.1175 22.8551 2.86789
0.12 23.0214 2.85129
0.1225 23.147 2.83147
0.125 23.233 2.80856
0.1275 23.2804 2.7827
0.13 23.2901 2.75402
0.1325 23.2633 2.72263
0.135 23.2009 2.68867
0.1375 23.104 2.65224
0.14 22.9735 2.61345
0.1425 22.8107 2.57243
0.145 22.6165 2.52927
0.1475 884601 2.48409
0.15 1.7461e+06 381.073
0.1525 862559 2.38805
0.155 21.5473 2.33739
0.1575 21.2122 2.28511
0.16 20.8522 2.2313
0.1625 20.4682 2.17606
0.165 20.0615 2.11949
0.1675 19.633 2.06167
0.17 19.1838 2.00269
0.1725 18.7151 1.94266
0.175 18.2277 1.88165
0.1775 17.723 1.81977
0.18 17.2018 1.75709
0.1825 16.6653 1.6937
0.185 16.1144 1.62969
0.1875 15.5503 1.56514
0.19 14.974 1.50014
0.1925 14.3865 1.43476
0.195 13.7889 1.3691
0.1975 13.1821 1.30323
0.2 12.5671 1.23723
0.2025 11.9451 1.17117
0.205 11.3168 1.10515
0.2075 10.6834 1.03922
0.21 10.0458 0.973463
0.2125 9.40492 0.907955
0.215 8.7617 0.842766
0.2175 8.11707 0.777965
0.22 7.47195 0.713622
0.2225 6.82722 0.649803
0.225 6.18376 0.586573
0.2275 5.54245 0.523998
0.23 4.90411 0.462139
0.2325 4.26959 0.401058
0.235 3.63969 0.340812
0.2375 3.0152 0.281461
0.24 2.39689 0.223059
0.2425 1.78552 0.165661
0.245 1.18182 0.109319
0.2475 0.58651 0.054082
