TITLE="Graphics"
VARIABLES= "rj, cm", "F", "dT/dt" 
0 7.78603e-05 27.9459
0.0025 7.76357e-05 27.8191
0.005 7.70071e-05 27.4681
0.0075 7.5893e-05 26.8605
0.01 7.42707e-05 26.0062
0.0125 7.21078e-05 24.9165
0.015 6.93678e-05 23.6055
0.0175 6.60175e-05 22.0901
0.02 6.20355e-05 20.391
0.0225 5.7422e-05 18.5322
0.025 5.22099e-05 16.5418
0.0275 4.64681e-05 14.451
0.03 4.02883e-05 12.2937
0.0325 3.37655e-05 10.1063
0.035 2.70313e-05 7.9261
0.0375 2.00207e-05 5.79107
0.04 0.000528206 3.74163
0.0425 29.2765 2.84452
0.045 69059.7 92.5871
0.0475 773808 54.2847
0.04775 6.93889e-18 1.58272e-08
0.05 0.188828 17.2409
0.0525 0.193383 14.4911
0.055 0.176119 11.9583
0.0575 0.154736 9.90713
0.06 0.134387 8.27573
0.0625 0.116463 6.97149
0.065 0.101097 5.91792
0.0675 0.0880335 5.05764
0.07 0.076936 4.34829
0.0725 0.0674864 3.75834
0.075 0.0594105 3.26397
0.0775 0.0524818 2.84693
0.08 0.0465141 2.49302
0.0825 0.0413547 2.19104
0.085 0.0368784 1.93209
0.0875 0.0329819 1.70901
0.09 0.0295786 1.51601
0.0925 0.0265978 1.34835
0.095 0.0239789 1.20216
0.0975 0.0216711 1.07425
0.1 0.019632 0.961952
0.1025 0.0178256 0.86306
0.105 0.0162214 0.77572
0.1075 0.0147919 0.698374
0.11 692497 0.629706
0.1125 4.85476e+06 3.49023e+06
0.115 673187 0.514091
0.1175 0.0104274 0.465374
0.12 0.00959691 0.42174
0.1225 0.00884753 0.382581
0.125 0.00817331 0.347376
0.1275 0.00757736 0.31569
0.13 0.00708201 0.28721
0.1325 0.00677511 0.261875
0.135 0.00575198 0.240266
0.1375 0.00554477 0.219546
0.14 0.00522227 0.200508
0.1425 0.00488489 0.18324
0.145 0.00456325 0.167631
0.1475 0.00426385 0.153528
0.15 0.00398873 0.140779
0.1525 0.00373454 0.129247
0.155 0.00350121 0.11881
0.1575 0.00328539 0.109362
0.16 0.0030868 0.100807
0.1625 0.00290202 0.0930619
0.165 0.00273204 0.0860509
0.1675 0.00257368 0.0797073
0.17 0.00242656 0.0739713
0.1725 0.00229055 0.0687889
0.175 0.00216348 0.0641119
0.1775 0.00204502 0.0598965
0.18 0.00193499 0.0561034
0.1825 0.00183165 0.0526973
0.185 0.00173619 0.0496457
0.1875 0.00164597 0.0469201
0.19 0.00156191 0.0444941
0.1925 0.00148356 0.0423438
0.195 0.00140938 0.0404477
0.1975 0.00133996 0.0387859
0.2 0.00127503 0.0373403
0.2025 0.00121353 0.0360934
0.205 0.00115511 0.0350288
0.2075 0.00109977 0.03413
0.21 0.00104685 0.0333797
0.2125 0.000995911 0.0327594
0.215 0.000945172 0.0322464
0.2175 0.000894741 0.0318138
0.22 0.000841509 0.0314241
0.2225 0.000781138 0.0310238
0.225 0.000704261 0.0305256
0.2275 0.000725825 0.0297773
0.23 0.000639659 0.0289888
0.2325 0.000565031 0.0279581
0.235 0.000491563 0.0265269
0.2375 0.00041533 0.0245409
0.24 0.000335101 0.021834
0.2425 0.000250493 0.0182244
0.245 0.000164465 0.0135162
0.2475 7.89142e-05 0.00750723
