TITLE="Graphics"
VARIABLES= "rj, cm", "F", "dT/dt" 
0 1.77864e-05 24.5917
0.0025 1.77221e-05 24.476
0.005 1.7543e-05 24.1556
0.0075 1.72295e-05 23.6018
0.01 1.67811e-05 22.8251
0.0125 1.61967e-05 21.8376
0.015 1.54757e-05 20.6542
0.0175 1.46188e-05 19.2923
0.02 1.36298e-05 17.7726
0.0225 1.25157e-05 16.1185
0.025 1.12888e-05 14.3563
0.0275 9.96517e-06 12.5146
0.03 8.55697e-06 10.624
0.0325 7.05472e-06 8.71659
0.035 5.44022e-06 6.8265
0.0375 3.75599e-06 4.99072
0.04 7.7855e-05 3.24702
0.0425 0.0469182 2.55706
0.045 0.0305949 99.6274
0.0475 0.0182786 57.7013
0.04775 3.46945e-17 1.73925e-08
0.05 0.0592606 15.0022
0.0525 0.058533 11.8447
0.055 0.0522227 9.34925
0.0575 0.044275 7.52256
0.06 0.0381166 6.14078
0.0625 0.0327017 5.08606
0.065 0.0281367 4.26627
0.0675 0.0243252 3.61753
0.07 0.021133 3.09612
0.0725 0.0184437 2.67147
0.075 0.0161656 2.32158
0.0775 0.0142255 2.03027
0.08 0.0125657 1.78543
0.0825 0.0111396 1.57781
0.085 0.00990995 1.40032
0.0875 0.00884472 1.24744
0.09 0.00791967 1.11482
0.0925 0.0071127 0.999047
0.095 0.00640729 0.897389
0.0975 0.00578719 0.807659
0.1 0.00524181 0.728087
0.1025 0.00475962 0.657234
0.105 0.00433228 0.593916
0.1075 0.00395257 0.537158
0.11 692503 0.486143
0.1125 1.53255e+07 1.3961e+07
0.115 673192 0.398708
0.1175 0.00279584 0.361212
0.12 0.00257634 0.327273
0.1225 0.00237736 0.296523
0.125 0.0021983 0.268639
0.1275 0.00203531 0.24334
0.13 0.00188689 0.220377
0.1325 0.0017526 0.199531
0.135 0.00162936 0.180605
0.1375 0.00151689 0.163423
0.14 0.001414 0.147828
0.1425 0.00131959 0.13368
0.145 0.00123319 0.120849
0.1475 0.00115325 0.10922
0.15 0.00107962 0.0986873
0.1525 0.00101236 0.0891567
0.155 0.000949431 0.0805409
0.1575 0.000891833 0.0727608
0.16 0.000838304 0.0657446
0.1625 0.000788592 0.0594265
0.165 0.000742499 0.0537465
0.1675 0.000700039 0.04865
0.17 0.000660281 0.0440876
0.1725 0.000623059 0.0400137
0.175 0.000589007 0.036387
0.1775 0.000556833 0.0331703
0.18 0.000526794 0.0303293
0.1825 0.000499087 0.0278335
0.185 0.000472852 0.0256551
0.1875 0.000448591 0.0237686
0.19 0.000425841 0.0221523
0.1925 0.000404605 0.0207853
0.195 0.000384369 0.0196497
0.1975 0.000366077 0.0187296
0.2 0.000348305 0.01801
0.2025 0.000331683 0.0174779
0.205 0.000316055 0.0171217
0.2075 0.000301494 0.016929
0.21 0.000287748 0.0168887
0.2125 0.000273727 0.0169884
0.215 0.000261495 0.0172133
0.2175 0.000248302 0.0175458
0.22 0.000236019 0.0179624
0.2225 0.000223199 0.0184317
0.225 0.000209206 0.0189114
0.2275 0.000195676 0.0193439
0.23 0.000179456 0.0196531
0.2325 0.000162354 0.0197385
0.235 0.00014353 0.0194717
0.2375 0.000121569 0.0186933
0.24 9.99372e-05 0.0172126
0.2425 7.79392e-05 0.0148232
0.245 5.23189e-05 0.0113308
0.2475 2.58396e-05 0.0064788
