TITLE="Graphics"
VARIABLES= "rj, cm", "F", "dT/dt" 
0 0.00992671 27.7728
0.0025 0.00989766 27.6466
0.005 0.00981636 27.297
0.0075 0.00967238 26.6919
0.01 0.00946296 25.8411
0.0125 0.00918414 24.7563
0.015 0.00883152 23.4514
0.0175 0.00840117 21.9435
0.02 0.00789076 20.2532
0.0225 0.00730073 18.4048
0.025 0.00663546 16.4259
0.0275 0.00590345 14.3479
0.03 0.00511574 12.2044
0.0325 0.00428149 10.0314
0.035 0.00338572 7.86653
0.0375 0.00243331 5.75002
0.04 0.00691933 3.72474
0.0425 27.4411 1.68229
0.045 69942.9 95.2286
0.0475 772728 54.4147
0.04775 8.32667e-17 1.70567e-08
0.05 36.0464 9.88317
0.0525 32.5879 7.20727
0.055 27.3756 5.45169
0.0575 22.8585 4.26168
0.06 19.2412 3.40729
0.0625 16.3591 2.76399
0.065 14.0338 2.26297
0.0675 12.1297 1.86373
0.07 10.5499 1.54065
0.0725 9.22483 1.27642
0.075 8.10384 1.0587
0.0775 7.14871 0.878312
0.08 6.33004 0.728228
0.0825 5.62474 0.602951
0.085 5.01434 0.498115
0.0875 4.48389 0.410207
0.09 4.02118 0.33638
0.0925 3.61614 0.274311
0.095 3.2604 0.222088
0.0975 2.94698 0.178136
0.1 2.67002 0.141148
0.1025 2.42459 0.110036
0.105 2.2065 0.083892
0.1075 2.01218 0.0619543
0.11 1.83861 0.043582
0.1125 1.68318 0.028234
0.115 1.54368 0.0154519
0.1175 1.41822 0.00484609
0.12 1.30515 0.00391447
0.1225 1.20308 0.0111112
0.125 1.11078 0.0169826
0.1275 1.02716 0.0217301
0.13 0.95128 0.0255241
0.1325 0.882291 0.0285081
0.135 0.819455 0.0308038
0.1375 842286 0.0325141
0.14 1.69275e+06 29012.3
0.1425 820507 0.0345162
0.145 0.61779 0.0349465
0.1475 0.577415 0.0350722
0.15 0.540293 0.0349397
0.1525 0.506116 0.034589
0.155 0.474609 0.0340542
0.1575 0.445528 0.0333644
0.16 0.418648 0.0325445
0.1625 0.393778 0.0316157
0.165 0.37074 0.0305959
0.1675 0.34937 0.0295006
0.17 0.32953 0.0283428
0.1725 0.311089 0.0271334
0.175 0.293928 0.0258817
0.1775 0.277945 0.0245958
0.18 0.263042 0.0232821
0.1825 0.249132 0.0219463
0.185 0.236141 0.020593
0.1875 0.223994 0.019226
0.19 0.212629 0.0178485
0.1925 0.201988 0.0164628
0.195 0.192019 0.0150709
0.1975 0.182676 0.013674
0.2 0.173914 0.0122728
0.2025 0.165697 0.0108672
0.205 0.157986 0.00945673
0.2075 0.150748 0.00804016
0.21 0.143942 0.0066157
0.2125 0.137532 0.00518127
0.215 0.131461 0.00373476
0.2175 0.125666 0.00227487
0.22 0.120061 0.000802158
0.2225 0.114527 0.000679125
0.225 0.108911 0.00215844
0.2275 0.103015 0.00361529
0.23 0.0965915 0.00501448
0.2325 0.0893547 0.00630003
0.235 0.0809874 0.00738819
0.2375 0.0711881 0.00815978
0.24 0.0597279 0.00845313
0.2425 0.0465376 0.00805928
0.245 0.0317997 0.00672171
0.2475 0.0160176 0.00414297
