TITLE="Graphics"
VARIABLES= "rj, cm", "F", "dT/dt" 
0 9.81589e-10 3.63497e-12
0.0025 7.8638e-11 3.99978e-12
0.005 3.08752e-10 2.8624e-12
0.0075 4.31478e-09 2.0454e-11
0.01 5.32233e-08 2.79477e-10
0.0125 5.47427e-07 3.26364e-09
0.015 4.54245e-06 3.137e-08
0.0175 2.90972e-05 2.38065e-07
0.02 0.000136434 1.37658e-06
0.0225 0.000431555 5.78596e-06
0.025 0.000773877 1.64769e-05
0.0275 0.000353325 2.79963e-05
0.03 0.000737412 2.18444e-05
0.0325 5.07222e-06 8.53413e-06
0.035 2.02315e-05 1.44927e-05
0.0375 0.000141585 4.98737e-06
0.04 0.000690482 1.21044e-05
0.0425 0.00812574 4.44044e-05
0.045 0.00390563 0.00130492
0.0475 0.00843561 0.000704482
0.0475003 2.98372e-15 3.19694e-11
0.05 2.23983 0.425308
0.0525 4.63287 0.576406
0.055 6.011 0.688943
0.0575 7.25164 0.777987
0.06 8.37762 0.850746
0.0625 9.40224 0.911285
0.065 10.3349 0.96216
0.0675 11.1828 1.00511
0.07 11.9522 1.04138
0.0725 12.6482 1.07191
0.075 13.2758 1.09743
0.0775 13.839 1.11854
0.08 14.3417 1.1357
0.0825 14.7875 1.14933
0.085 15.1798 1.15975
0.0875 15.5216 1.16726
0.09 15.8157 1.17211
0.0925 16.0649 1.17452
0.095 16.2717 1.17469
0.0975 16.4385 1.1728
0.1 16.5675 1.16901
0.1025 16.6609 1.16345
0.105 16.7207 1.15627
0.1075 16.7487 1.14758
0.11 16.7469 1.13749
0.1125 16.7169 1.12611
0.115 16.6604 1.11353
0.1175 16.5788 1.09984
0.12 16.4738 1.08512
0.1225 16.3466 1.06945
0.125 16.1987 1.0529
0.1275 16.0312 1.03555
0.13 15.8455 1.01745
0.1325 15.6426 0.998673
0.135 15.4237 0.979269
0.1375 15.1898 0.959296
0.14 14.9419 0.938806
0.1425 14.6809 0.917847
0.145 14.4079 0.896468
0.1475 14.1237 0.874712
0.15 13.829 0.852622
0.1525 13.5248 0.830239
0.155 13.2117 0.807601
0.1575 12.8906 0.784744
0.16 12.562 0.761703
0.1625 12.2268 0.738512
0.165 11.8855 0.715201
0.1675 11.5389 0.691802
0.17 11.1873 0.668342
0.1725 10.8316 0.644849
0.175 10.4721 0.62135
0.1775 10.1095 0.597867
0.18 9.74429 0.574426
0.1825 9.3769 0.551048
0.185 9.00784 0.527754
0.1875 8.63756 0.504565
0.19 8.26651 0.4815
0.1925 7.89509 0.458576
0.195 7.52373 0.435811
0.1975 7.15281 0.413221
0.2 6.78271 0.390821
0.2025 6.41377 0.368625
0.205 6.04635 0.346649
0.2075 5.68077 0.324903
0.21 5.31735 0.303401
0.2125 4.95639 0.282154
0.215 4.59817 0.261173
0.2175 4.24297 0.240467
0.22 3.89103 0.220047
0.2225 3.54261 0.199921
0.225 3.19795 0.180097
0.2275 2.85725 0.160584
0.23 2.52072 0.141389
0.2325 2.18857 0.122518
0.235 1.86097 0.103978
0.2375 1.5381 0.0857756
0.24 1.22011 0.0679155
0.2425 1.1311e+06 0.0504032
0.245 2.24405e+06 204.997
0.2475 1.11129e+06 0.016441
