TITLE="Graphics"
VARIABLES= "rj, cm", "F", "dT/dt" 
0 1.91221e-10 1.20892e-11
0.0025 8.02079e-10 1.14774e-11
0.005 9.1642e-09 3.40243e-11
0.0075 87.5453 5.46923e-10
0.01 493203 242.941
0.0125 52.0984 1.80739e-08
0.015 1.84771e-06 4.32118e-08
0.0175 1.62233e-06 7.2031e-08
0.02 1.70668e-07 7.80833e-08
0.0225 1.02906e-06 5.07432e-08
0.025 9.1976e-07 4.31905e-08
0.0275 1.74894e-07 6.14004e-08
0.03 2.29673e-06 1.94065e-08
0.0325 1.14499e-07 2.06384e-08
0.035 8.93201e-08 1.00114e-08
0.0375 3.81915e-06 2.6084e-08
0.04 2.32277e-08 8.63613e-09
0.0425 5.5352e-07 3.68175e-08
0.045 1.78698e-05 2.17906e-07
0.0475 2.73918e-05 7.00746e-07
0.0475003 7.35523e-16 2.73808e-11
0.05 0.0868992 0.296694
0.0525 1.35187 0.410078
0.055 2.00563 0.497042
0.0575 2.65839 0.567863
0.06 3.29859 0.627452
0.0625 3.91943 0.678567
0.065 4.51695 0.722937
0.0675 5.08881 0.761733
0.07 5.6337 0.795793
0.0725 6.15091 0.825745
0.075 6.64014 0.852072
0.0775 7.10137 0.875161
0.08 7.53473 0.895324
0.0825 7.9405 0.91282
0.085 8.31902 0.927868
0.0875 8.67071 0.940654
0.09 8.99602 0.951338
0.0925 9.29543 0.96006
0.095 9.56945 0.966945
0.0975 9.81861 0.972101
0.1 10.0435 0.975628
0.1025 10.2445 0.977615
0.105 10.4224 0.978143
0.1075 10.5776 0.977288
0.11 10.7108 0.975118
0.1125 10.8224 0.971698
0.115 10.9131 0.967087
0.1175 10.9836 0.961342
0.12 11.0342 0.954515
0.1225 11.0657 0.946659
0.125 11.0787 0.93782
0.1275 11.0737 0.928044
0.13 11.0512 0.917376
0.1325 11.012 0.905859
0.135 10.9565 0.893532
0.1375 10.8855 0.880437
0.14 10.7993 0.86661
0.1425 10.6987 0.852091
0.145 10.5842 0.836916
0.1475 10.4564 0.82112
0.15 10.3159 0.804737
0.1525 10.1631 0.787803
0.155 9.99879 0.770351
0.1575 9.82338 0.752413
0.16 9.63746 0.734021
0.1625 9.44158 0.715207
0.165 9.23628 0.696003
0.1675 9.02209 0.676438
0.17 8.79954 0.656543
0.1725 8.56915 0.636347
0.175 8.33143 0.61588
0.1775 8.08689 0.595169
0.18 7.83603 0.574242
0.1825 7.57933 0.553128
0.185 7.31728 0.531853
0.1875 7.05036 0.510445
0.19 6.77903 0.488929
0.1925 6.50374 0.467331
0.195 6.22495 0.445676
0.1975 5.94309 0.423989
0.2 5.6586 0.402295
0.2025 5.3719 0.380617
0.205 5.08339 0.358979
0.2075 4.79349 0.337403
0.21 4.5026 0.315913
0.2125 4.21108 0.294529
0.215 3.91933 0.273275
0.2175 3.62772 0.252169
0.22 3.33659 0.231234
0.2225 3.04631 0.210488
0.225 2.7572 0.189952
0.2275 2.46962 0.169644
0.23 2.18387 0.149582
0.2325 1.90027 0.129785
0.235 1.61914 0.11027
0.2375 1.34076 0.0910536
0.24 1.06543 0.0721519
0.2425 0.793432 0.0535808
0.245 0.52503 0.0353554
0.2475 0.260494 0.0174905
