TITLE="Graphics"
VARIABLES= "rj, cm", "F", "dT/dt" 
0 0.000307255 27.3672
0.0025 0.000306325 27.2422
0.005 0.000303726 26.896
0.0075 0.000299132 26.2968
0.01 0.000292466 25.4548
0.0125 0.00028362 24.3815
0.015 0.000272476 23.0912
0.0175 0.000258934 21.601
0.02 0.000242949 19.9317
0.0225 0.000224558 18.1074
0.025 0.000203902 16.1558
0.0275 0.000181214 14.1076
0.03 0.00015675 11.9964
0.0325 0.000130609 9.85772
0.035 0.000102312 7.72939
0.0375 6.95833e-05 5.6525
0.04 0.000700142 3.67706
0.0425 0.466988 2.59824
0.045 0.536106 94.0398
0.0475 1.28104 54.9596
0.04775 5.55112e-17 1.62915e-08
0.05 0.847812 15.3874
0.0525 0.848359 12.4709
0.055 0.760953 10.0309
0.0575 0.659941 8.16436
0.06 0.566907 6.73954
0.0625 0.486909 5.63419
0.065 0.419648 4.76038
0.0675 0.363378 4.05759
0.07 0.316203 3.48399
0.0725 0.276458 3.01006
0.075 0.242781 2.61446
0.0775 0.214082 2.28138
0.08 0.189493 1.99888
0.0825 0.168321 1.75773
0.085 0.15001 1.55068
0.0875 0.134107 1.37201
0.09 0.120245 1.21708
0.0925 0.108118 1.08217
0.095 0.0974753 0.964215
0.0975 0.0881048 0.860707
0.1 0.0798316 0.769565
0.1025 0.0725057 0.689061
0.105 0.0660007 0.617749
0.1075 0.06021 0.554413
0.11 0.0550412 0.49803
0.1125 0.0504169 0.447729
0.115 0.0462691 0.40277
0.1175 0.0425404 0.362519
0.12 0.0391801 0.326432
0.1225 0.0361472 0.294037
0.125 0.0334012 0.264929
0.1275 0.0309126 0.238751
0.13 0.0286531 0.215194
0.1325 0.0265998 0.193989
0.135 0.0247356 0.1749
0.1375 0.0229803 0.157731
0.14 0.0214248 0.142247
0.1425 0.019992 0.128297
0.145 0.0186736 0.115739
0.1475 0.0174586 0.10444
0.15 0.0163411 0.0942796
0.1525 0.0153092 0.0851497
0.155 0.0143556 0.0769514
0.1575 0.013473 0.0695947
0.16 0.0126527 0.0629967
0.1625 0.0118888 0.0570792
0.165 0.0116503 0.0517673
0.1675 0.0101296 0.047472
0.17 0.009997 0.04324
0.1725 0.00942337 0.0395149
0.175 0.0088937 0.0362388
0.1775 0.00840359 0.0333638
0.18 0.00794705 0.0308502
0.1825 0.0075226 0.0286624
0.185 0.00712682 0.0267705
0.1875 0.00675667 0.0251477
0.19 0.00641227 0.0237697
0.1925 0.00608836 0.0226164
0.195 0.00578662 0.0216689
0.1975 0.00550432 0.020911
0.2 0.00523906 0.0203294
0.2025 0.00499135 0.0199114
0.205 0.00475761 0.019647
0.2075 1.06228e+06 0.0195269
0.21 3.10313e+06 1.0013e+06
0.2125 1.04126e+06 0.0194934
0.215 0.00390572 0.0197273
0.2175 0.0037135 0.0200314
0.22 0.00352095 0.0203843
0.2225 0.00332219 0.020755
0.225 0.003113 0.0211003
0.2275 0.00289778 0.0213608
0.23 0.00265544 0.0214667
0.2325 0.00239276 0.0213185
0.235 0.00210433 0.0207948
0.2375 0.00179125 0.0197487
0.24 0.00145254 0.0180087
0.2425 0.00109338 0.0153805
0.245 0.000722764 0.0116513
0.2475 0.000350078 0.00659849
