TITLE="Graphics"
VARIABLES= "rj, cm", "F", "dT/dt" 
0 1.42658e-08 6.47132e-11
0.0025 2.44203e-08 2.06546e-10
0.005 9.32106e-08 9.18434e-10
0.0075 4.01391e-07 4.46623e-09
0.01 1.56323e-06 1.97992e-08
0.0125 5.00133e-06 7.42942e-08
0.015 1.18808e-05 2.21261e-07
0.0175 1.78281e-05 4.84522e-07
0.02 1.09174e-05 7.09046e-07
0.0225 3.1978e-06 6.56957e-07
0.025 4.27398e-06 5.77883e-07
0.0275 2.80866e-06 6.31002e-07
0.03 1.55466e-05 2.54396e-07
0.0325 1.47502e-06 2.81039e-07
0.035 1.57652e-06 1.93831e-08
0.0375 1.66513e-05 5.83417e-07
0.04 0.00011584 1.28188e-07
0.0425 4.21666e-06 2.46706e-07
0.045 9.35004e-05 1.09798e-06
0.0475 4.65048e-05 7.37744e-06
0.0475003 6.80012e-16 1.8159e-10
0.05 1.46682 1.97175
0.0525 1.8331 2.7116
0.055 2.40685 3.27849
0.0575 2.95893 3.74012
0.06 3.5092 4.12897
0.0625 4.06501 4.46337
0.065 4.62829 4.75478
0.0675 5.1985 5.01096
0.07 5.77391 5.23744
0.0725 6.35225 5.43831
0.075 6.93103 5.61673
0.0775 7.50772 5.77517
0.08 8.07984 5.91561
0.0825 8.64501 6.03969
0.085 9.20098 6.14873
0.0875 9.74564 6.24387
0.09 10.277 6.32607
0.0925 10.7933 6.39614
0.095 11.2928 6.45479
0.0975 11.774 6.50264
0.1 12.2354 6.54025
0.1025 12.6759 6.56808
0.105 13.0942 6.58659
0.1075 13.4894 6.59615
0.11 13.8605 6.59714
0.1125 14.2066 6.58987
0.115 14.5272 6.57466
0.1175 14.8215 6.55179
0.12 15.0892 6.52152
0.1225 15.3297 6.48411
0.125 15.5427 6.4398
0.1275 15.728 6.38882
0.13 15.8854 6.33141
0.1325 16.0148 6.26777
0.135 16.1162 6.19812
0.1375 16.1897 6.12267
0.14 16.2353 6.04163
0.1425 16.2532 5.9552
0.145 16.2437 5.86358
0.1475 16.2071 5.76698
0.15 16.1436 5.66559
0.1525 16.0538 5.55962
0.155 15.938 5.44927
0.1575 15.7967 5.33473
0.16 15.6306 5.21622
0.1625 15.4401 5.09392
0.165 15.2259 4.96805
0.1675 14.9887 4.83881
0.17 14.7291 4.70639
0.1725 14.448 4.57101
0.175 14.1459 4.43287
0.1775 13.8238 4.29217
0.18 13.4825 4.14912
0.1825 13.1228 4.00393
0.185 12.7455 3.8568
0.1875 12.3517 3.70795
0.19 11.9421 3.55756
0.1925 11.5177 3.40585
0.195 11.0795 3.25303
0.1975 10.6285 3.0993
0.2 10.1656 2.94485
0.2025 9.69177 2.7899
0.205 9.2081 2.63465
0.2075 8.71556 2.47928
0.21 8.2152 2.324
0.2125 7.70805 2.169
0.215 7.19514 2.01447
0.2175 6.67753 1.86061
0.22 6.15626 1.70759
0.2225 5.63239 1.5556
0.225 5.10698 1.40483
0.2275 4.58109 1.25544
0.23 4.05576 1.1076
0.2325 3.53206 0.96149
0.235 3.01105 0.817265
0.2375 1.12262e+06 0.675084
0.24 2.22751e+06 818.376
0.2425 1.10263e+06 0.397461
0.245 0.97481 0.262308
0.2475 0.482922 0.129778
