TITLE="Graphics"
VARIABLES= "rj, cm", "F", "dT/dt" 
0 1.04736e-07 5.04313e-10
0.0025 5.75469e-08 8.08941e-10
0.005 5.21273e-08 1.18115e-09
0.0075 3.73024e-08 1.54224e-09
0.01 7.93746e-09 1.59407e-09
0.0125 1.18947e-08 1.23625e-09
0.015 1.42752e-08 8.16846e-10
0.0175 3.44022e-08 3.81495e-10
0.02 6.71011e-10 5.59451e-11
0.0225 2.8108e-10 9.36369e-12
0.025 3.53756e-09 1.23237e-14
0.0275 2.57246e-10 1.9211e-12
0.03 3.45773e-10 7.12787e-12
0.0325 7.19509e-10 5.34272e-12
0.035 8.85583e-09 1.31266e-11
0.0375 1.0321e-11 1.22304e-12
0.04 7.02771e-09 2.19481e-11
0.0425 68.1581 6.46544e-11
0.045 486237 485.881
0.0475 374.784 1.61016e-09
0.0475003 0.0057972 9.23831e-11
0.05 0.0892041 1.00106
0.0525 2.12543 1.38434
0.055 3.17774 1.67873
0.0575 4.23423 1.91887
0.06 5.2752 2.1213
0.0625 6.28905 2.2953
0.065 7.26891 2.44669
0.0675 8.21067 2.5794
0.07 9.11188 2.69624
0.0725 9.97115 2.79931
0.075 10.7878 2.89024
0.0775 11.5615 2.97032
0.08 12.2922 3.04059
0.0825 12.9804 3.10192
0.085 13.6262 3.15503
0.0875 14.2302 3.20053
0.09 14.7929 3.23896
0.0925 15.3149 3.27079
0.095 15.7968 3.29642
0.0975 16.2394 3.3162
0.1 16.6433 3.33048
0.1025 17.0091 3.33953
0.105 17.3377 3.34363
0.1075 17.6298 3.34302
0.11 17.886 3.33792
0.1125 18.1073 3.32854
0.115 18.2942 3.31507
0.1175 18.4477 3.29771
0.12 18.5684 3.27661
0.1225 18.6572 3.25195
0.125 18.7149 3.22387
0.1275 18.7422 3.19254
0.13 18.7399 3.15808
0.1325 18.7089 3.12065
0.135 18.65 3.08036
0.1375 18.564 3.03736
0.14 18.4517 2.99176
0.1425 18.314 2.9437
0.145 18.1516 2.89328
0.1475 17.9654 2.84063
0.15 17.7563 2.78586
0.1525 17.525 2.72909
0.155 17.2724 2.67042
0.1575 16.9994 2.60997
0.16 16.7068 2.54784
0.1625 16.3955 2.48414
0.165 16.0662 2.41898
0.1675 15.7198 2.35245
0.17 15.3573 2.28467
0.1725 14.9793 2.21573
0.175 14.5868 2.14573
0.1775 14.1806 2.07478
0.18 13.7615 2.00296
0.1825 13.3303 1.93038
0.185 12.888 1.85713
0.1875 12.4353 1.78331
0.19 11.9729 1.70901
0.1925 11.5019 1.63432
0.195 11.0229 1.55933
0.1975 10.5367 1.48413
0.2 10.0442 1.40882
0.2025 9.54615 1.33347
0.205 9.0433 1.25817
0.2075 8.53643 1.18301
0.21 8.02632 1.10806
0.2125 7.5137 1.03342
0.215 6.99932 0.959158
0.2175 6.48391 0.885353
0.22 5.9682 0.812082
0.2225 5.45288 0.739421
0.225 4.93866 0.667442
0.2275 4.42622 0.596217
0.23 3.91622 0.525816
0.2325 3.40933 0.456306
0.235 2.9062 0.387754
0.2375 2.40743 0.320223
0.24 1.91366 0.253776
0.2425 1.42548 0.188473
0.245 0.943463 0.124372
0.2475 0.468188 0.06153
