TITLE="Graphics"
VARIABLES= "rj, cm", "F", "dT/dt" 
0 6.2872e-07 8.85003e-06
0.0025 6.23633e-07 8.95215e-06
0.005 6.06686e-07 9.23415e-06
0.0075 5.7318e-07 9.71493e-06
0.01 5.17083e-07 1.03715e-05
0.0125 4.30578e-07 1.11678e-05
0.015 3.05715e-07 1.20485e-05
0.0175 1.35808e-07 1.29335e-05
0.02 8.05329e-08 1.37139e-05
0.0225 3.36483e-07 1.42517e-05
0.025 6.12925e-07 1.43874e-05
0.0275 8.75865e-07 1.39554e-05
0.03 1.07853e-06 1.28126e-05
0.0325 1.16825e-06 1.08744e-05
0.035 1.10034e-06 8.15447e-06
0.0375 132.618 4.79475e-06
0.04 370.149 121.47
0.0425 117.002 2.64401e-06
0.045 0.00144264 1.53324e-05
0.0475 0.00333125 4.79913e-05
0.0475003 1.38778e-16 1.13556e-10
0.05 0.15506 1.23137
0.0525 3.45223 1.70275
0.055 5.28364 2.0648
0.0575 7.1385 2.36012
0.06 8.97538 2.60905
0.0625 10.7702 2.82302
0.065 12.5085 3.00918
0.0675 14.1816 3.17237
0.07 15.7844 3.31604
0.0725 17.3136 3.44279
0.075 18.7677 3.5546
0.0775 20.1458 3.65307
0.08 21.4478 3.73947
0.0825 22.674 3.81488
0.085 23.8248 3.88017
0.0875 24.9011 3.93612
0.09 25.9039 3.98338
0.0925 26.8341 4.02251
0.095 27.6929 4.05401
0.0975 28.4814 4.07834
0.1 29.201 4.09588
0.1025 29.8529 4.10701
0.105 30.4385 4.11204
0.1075 30.959 4.11128
0.11 31.4158 4.105
0.1125 31.8103 4.09346
0.115 32.1439 4.07689
0.1175 32.418 4.05553
0.12 32.6341 4.02958
0.1225 32.7935 3.99924
0.125 32.8976 3.96472
0.1275 32.948 3.92617
0.13 32.9461 3.8838
0.1325 32.8932 3.83775
0.135 32.791 3.78821
0.1375 32.6409 3.73532
0.14 32.4443 3.67924
0.1425 32.2027 3.62013
0.145 31.9176 3.55812
0.1475 31.5906 3.49337
0.15 31.223 3.42602
0.1525 30.8164 3.35619
0.155 30.3723 3.28404
0.1575 29.8922 3.2097
0.16 29.3775 3.13329
0.1625 28.8298 3.05495
0.165 28.2506 2.97482
0.1675 27.6414 2.893
0.17 27.0036 2.80964
0.1725 26.3388 2.72486
0.175 25.6484 2.63878
0.1775 24.9339 2.55152
0.18 24.1968 2.4632
0.1825 23.4386 2.37394
0.185 22.6607 2.28386
0.1875 21.8645 2.19308
0.19 21.0515 2.1017
0.1925 20.2232 2.00985
0.195 19.381 1.91763
0.1975 18.5262 1.82516
0.2 17.6603 1.73253
0.2025 16.7846 1.63987
0.205 15.9005 1.54727
0.2075 15.0094 1.45484
0.21 14.1126 1.36267
0.2125 13.2115 1.27088
0.215 12.3072 1.17955
0.2175 11.4011 1.08879
0.22 10.4945 0.998679
0.2225 9.58862 0.909322
0.225 8.68461 0.820804
0.2275 7.78372 0.733213
0.23 6.88711 0.646636
0.2325 5.99592 0.561154
0.235 5.11128 0.47685
0.2375 4.23428 0.393802
0.24 3.366 0.312088
0.2425 2.50748 0.23178
0.245 1.65974 0.15295
0.2475 0.823764 0.0756681
