TITLE="Graphics"
VARIABLES= "rj, cm", "F", "dT/dt" 
0 5.65758e-09 1.49294e-11
0.0025 2.91601e-12 2.91601e-12
0.005 3.63402e-11 1.81999e-12
0.0075 2.2662e-10 3.94888e-12
0.01 9.37788e-10 4.28562e-12
0.0125 3.59384e-09 3.46238e-11
0.015 1.31359e-08 1.44415e-10
0.0175 3.57066e-08 5.10567e-10
0.02 6.07353e-08 1.32013e-09
0.0225 4.36682e-08 2.28947e-09
0.025 2.97479e-08 2.31761e-09
0.0275 5.79218e-08 1.10455e-09
0.03 2.90013e-08 2.93431e-10
0.0325 5.64135e-11 6.58783e-11
0.035 8.32705e-09 1.33592e-11
0.0375 1.61258e-08 1.12038e-10
0.04 1.55303e-07 9.83563e-10
0.0425 1.79848e-06 1.16151e-08
0.045 4.53993e-07 6.44686e-08
0.0475 1.25679e-05 7.7497e-08
0.0475003 1.31839e-16 3.75815e-11
0.05 0.118371 0.407209
0.0525 1.83309 0.562825
0.055 2.71922 0.682173
0.0575 3.60383 0.779359
0.06 4.4712 0.861122
0.0625 5.31215 0.93125
0.065 6.12129 0.992115
0.0675 6.89546 1.04533
0.07 7.63286 1.09203
0.0725 8.33256 1.1331
0.075 8.99416 1.16918
0.0775 9.61762 1.20082
0.08 10.2032 1.22843
0.0825 10.7511 1.25239
0.085 11.262 1.27298
0.0875 11.7364 1.29046
0.09 12.1749 1.30506
0.0925 12.5782 1.31697
0.095 12.947 1.32635
0.0975 13.282 1.33335
0.1 13.584 1.33812
0.1025 13.8537 1.34078
0.105 14.0919 1.34143
0.1075 14.2994 1.34019
0.11 14.4769 1.33714
0.1125 14.6253 1.33238
0.115 14.7454 1.32598
0.1175 14.838 1.31803
0.12 14.9038 1.3086
0.1225 14.9437 1.29776
0.125 14.9585 1.28557
0.1275 14.9491 1.27209
0.13 14.9161 1.2574
0.1325 14.8605 1.24154
0.135 14.783 1.22457
0.1375 14.6845 1.20656
0.14 14.5657 1.18754
0.1425 14.4274 1.16758
0.145 14.2704 1.14672
0.1475 14.0956 1.12501
0.15 13.9037 1.1025
0.1525 13.6954 1.07924
0.155 13.4716 1.05528
0.1575 13.233 1.03065
0.16 12.9803 1.0054
0.1625 12.7143 0.979576
0.165 12.4358 0.953223
0.1675 12.1454 0.926379
0.17 11.8439 0.899086
0.1725 11.5319 0.871386
0.175 11.2102 0.843316
0.1775 10.8795 0.814917
0.18 10.5404 0.786227
0.1825 10.1937 0.757283
0.185 9.8398 0.728123
0.1875 9.47954 0.698784
0.19 9.11347 0.6693
0.1925 8.74223 0.639707
0.195 8.36642 0.610041
0.1975 7.98661 0.580333
0.2 7.60339 0.550619
0.2025 7.21733 0.52093
0.205 6.82897 0.491298
0.2075 6.43885 0.461755
0.21 6.0475 0.432331
0.2125 5.65544 0.403056
0.215 5.26316 0.373959
0.2175 4.87115 0.345069
0.22 4.47989 0.316413
0.2225 4.08985 0.288019
0.225 3.70147 0.259913
0.2275 3.31519 0.232121
0.23 2.93145 0.204668
0.2325 2.55065 0.177578
0.235 2.17321 0.150874
0.2375 1.12104e+06 0.12458
0.24 2.22116e+06 817.939
0.2425 1.10108e+06 0.0733084
0.245 0.704635 0.0483725
0.2475 0.349611 0.02393
