TITLE="Graphics"
VARIABLES= "rj, cm", "F", "dT/dt" 
0 0.000637342 29.0204
0.0025 0.000635677 28.8907
0.005 0.000631006 28.5315
0.0075 0.000622688 27.9092
0.01 0.000610486 27.0333
0.0125 0.000594066 25.9149
0.015 0.000573039 24.5672
0.0175 0.000547019 23.0067
0.02 0.000515679 21.2536
0.0225 0.000478831 19.3319
0.025 0.000436517 17.2698
0.0275 0.000389154 15.0995
0.03 0.000337743 12.8566
0.0325 0.000284029 10.5793
0.035 0.000229958 8.30648
0.0375 0.000176414 6.07559
0.04 0.000270243 3.92244
0.0425 29.6445 2.03671
0.045 73852.7 91.8055
0.0475 773803 52.8664
0.04775 1.38778e-17 1.56757e-08
0.05 1.46028 17.6945
0.0525 1.49256 15.011
0.055 1.36837 12.4491
0.0575 1.20852 10.3377
0.06 1.0534 8.64042
0.0625 0.915159 7.2738
0.065 0.795804 6.16429
0.0675 0.693904 5.25508
0.07 0.607113 4.50344
0.0725 0.533075 3.87727
0.075 0.46971 3.35209
0.0775 0.415269 2.90904
0.08 0.368317 2.53333
0.0825 0.327685 2.21326
0.085 0.292429 1.93943
0.0875 0.261809 1.70433
0.09 0.235275 1.50189
0.0925 0.21578 1.3273
0.095 0.185356 1.17933
0.0975 0.171377 1.04737
0.1 0.155554 0.931895
0.1025 0.141328 0.830779
0.105 0.128594 0.742086
0.1075 0.117212 0.664126
0.11 0.107034 0.59544
0.1125 0.0979227 0.534784
0.115 0.0897521 0.481095
0.1175 0.0824108 0.433468
0.12 752847 0.391131
0.1225 1.93185e+06 448019
0.125 732263 0.319772
0.1275 0.0595769 0.289695
0.13 0.055152 0.262767
0.1325 0.0511302 0.238623
0.135 0.0474692 0.216948
0.1375 0.0441301 0.197465
0.14 0.0410804 0.179933
0.1425 0.03829 0.164144
0.145 0.0357333 0.149911
0.1475 0.0333867 0.137074
0.15 0.0312308 0.125489
0.1525 0.0292467 0.11503
0.155 0.0274174 0.105587
0.1575 0.0257306 0.09706
0.16 0.024171 0.0893616
0.1625 0.0227292 0.0824137
0.165 0.0213932 0.0761467
0.1675 0.0201544 0.0704984
0.17 0.0190046 0.065413
0.1725 0.0179362 0.0608406
0.175 0.0169416 0.0567363
0.1775 0.016016 0.0530599
0.18 0.0151528 0.0497749
0.1825 0.0143475 0.0468485
0.185 0.0135949 0.0442513
0.1875 0.0128921 0.0419561
0.19 0.0122333 0.039939
0.1925 0.0116164 0.0381775
0.195 0.0110384 0.0366516
0.1975 0.0104935 0.0353424
0.2 0.00998171 0.0342326
0.2025 0.00949814 0.0333053
0.205 0.0090394 0.0325443
0.2075 0.00860247 0.0319328
0.21 0.0081833 0.0314531
0.2125 0.00777768 0.0310852
0.215 0.00738067 0.0308059
0.2175 0.00698583 0.0305873
0.22 0.00658869 0.0303945
0.2225 0.00618052 0.0301841
0.225 0.00575418 0.029901
0.2275 0.00530137 0.0294763
0.23 0.00481269 0.0288239
0.2325 0.00416869 0.027837
0.235 0.00399773 0.0263353
0.2375 0.00325817 0.0243518
0.24 0.0026215 0.0216557
0.2425 0.00196911 0.0180643
0.245 0.00130538 0.0133873
0.2475 0.000643549 0.00743024
