TITLE="Graphics"
VARIABLES= "rj, cm", "F", "dT/dt" 
0 9.49196e-06 26.9084
0.0025 9.46314e-06 26.7848
0.005 9.38018e-06 26.4425
0.0075 9.23357e-06 25.8503
0.01 9.02148e-06 25.0184
0.0125 8.74091e-06 23.9585
0.015 8.38904e-06 22.685
0.0175 7.9634e-06 21.2152
0.02 7.46344e-06 19.5699
0.0225 6.89069e-06 17.7732
0.025 6.24932e-06 15.8525
0.0275 5.545e-06 13.8383
0.03 4.78323e-06 11.7638
0.0325 3.97257e-06 9.66439
0.035 3.16133e-06 7.57761
0.0375 1.87754e-06 5.53931
0.04 0.00330998 3.57174
0.0425 0.579381 2.45261
0.045 0.975269 95.4879
0.0475 1.37267 54.3943
0.04775 6.93889e-17 1.67063e-08
0.05 0.030946 13.4294
0.0525 0.0231644 11.4649
0.055 0.0190264 9.791
0.0575 0.0153035 8.41684
0.06 0.0125991 7.25465
0.0625 0.0104992 6.26523
0.065 0.00882821 5.42121
0.0675 0.00747353 4.70063
0.07 0.00636139 4.08479
0.0725 0.00544079 3.55765
0.075 0.00467412 3.10554
0.0775 0.00403365 2.71692
0.08 0.00349805 2.38221
0.0825 0.0031356 2.09364
0.085 0.00247221 1.84904
0.0875 0.00224403 1.63163
0.09 0.00196967 1.44193
0.0925 0.00173148 1.27633
0.095 0.00152584 1.13154
0.0975 603933 1.00473
0.1 2.7934e+07 2.67438e+07
0.1025 587202 0.795556
0.105 0.000942563 0.709325
0.1075 0.000841076 0.633211
0.11 0.00075142 0.565913
0.1125 0.000673375 0.506313
0.115 0.000604442 0.453452
0.1175 0.00054359 0.4065
0.12 0.000489966 0.364742
0.1225 0.000442415 0.327559
0.125 0.000399979 0.294412
0.1275 0.000362983 0.264833
0.13 0.000328548 0.238412
0.1325 0.000299529 0.214794
0.135 0.00027212 0.193664
0.1375 0.000248367 0.174749
0.14 0.000226779 0.157808
0.1425 0.000207204 0.142628
0.145 0.000189849 0.129023
0.1475 0.000174299 0.116827
0.15 0.000159535 0.105894
0.1525 0.000147099 0.096094
0.155 0.000135033 0.0873125
0.1575 0.000124751 0.0794472
0.16 0.000114886 0.0724071
0.1625 0.000105908 0.0661112
0.165 9.8131e-05 0.0604871
0.1675 9.08433e-05 0.0554701
0.17 8.40533e-05 0.0510025
0.1725 7.78086e-05 0.0470321
0.175 7.25375e-05 0.0435123
0.1775 6.70063e-05 0.0404008
0.18 6.25009e-05 0.0376597
0.1825 5.83503e-05 0.0352544
0.185 5.39142e-05 0.0331533
0.1875 5.03135e-05 0.0313277
0.19 4.71981e-05 0.0297509
0.1925 4.35802e-05 0.0283983
0.195 4.12209e-05 0.0272466
0.1975 3.81355e-05 0.0262741
0.2 3.57266e-05 0.0254598
0.2025 3.34467e-05 0.0247834
0.205 3.12169e-05 0.0242251
0.2075 2.91821e-05 0.0237656
0.21 2.72394e-05 0.0233853
0.2125 2.57349e-05 0.023065
0.215 2.38978e-05 0.0227852
0.2175 2.20814e-05 0.0225261
0.22 2.10016e-05 0.0222671
0.2225 1.91321e-05 0.0219863
0.225 1.84718e-05 0.0216591
0.2275 1.62705e-05 0.0212558
0.23 1.50625e-05 0.0207382
0.2325 1.36289e-05 0.0200549
0.235 1.22356e-05 0.0191339
0.2375 9.46624e-06 0.0178742
0.24 8.41955e-06 0.016137
0.2425 5.96579e-06 0.0137372
0.245 3.96152e-06 0.0104402
0.2475 1.84321e-06 0.00596513
