TITLE="Graphics"
VARIABLES= "rj, cm", "F", "dT/dt" 
0 1.52556e-09 2.9435e-12
0.0025 1.81033e-10 9.36482e-12
0.005 2.88711e-10 3.31108e-12
0.0075 4.77892e-10 7.67061e-12
0.01 2.96698e-09 2.67153e-11
0.0125 1.42669e-08 1.32134e-10
0.015 5.25875e-08 6.16414e-10
0.0175 1.29269e-07 2.11352e-09
0.02 1.69636e-07 4.86463e-09
0.0225 4.18085e-08 6.61421e-09
0.025 2.22262e-08 5.3296e-09
0.0275 1.34927e-07 6.35874e-09
0.03 3.09011e-07 6.09788e-09
0.0325 1.42188e-09 3.28693e-09
0.035 1.1464e-07 1.77531e-09
0.0375 2.74028e-08 1.10578e-09
0.04 6.40321e-07 7.34544e-09
0.0425 3.37676e-06 1.3262e-08
0.045 3.43295e-07 1.27286e-08
0.0475 7.49716e-06 5.15907e-08
0.0475003 5.75928e-16 2.75934e-10
0.05 5.98147 2.98905
0.0525 0.765837 4.1537
0.055 1.31568 5.05661
0.0575 3.76181 5.80053
0.06 6.39557 6.43418
0.0625 9.11527 6.98473
0.065 11.8583 7.4691
0.0675 14.5841 7.89866
0.07 17.2652 8.28149
0.0725 19.8825 8.62358
0.075 22.4226 8.92956
0.0775 24.8756 9.20306
0.08 27.2344 9.44703
0.0825 29.4937 9.66386
0.085 31.6498 9.85559
0.0875 33.6997 10.0239
0.09 35.6417 10.1703
0.0925 37.4744 10.2961
0.095 39.1971 10.4024
0.0975 40.8095 10.4901
0.1 42.3116 10.5601
0.1025 43.7037 10.6134
0.105 44.9864 10.6505
0.1075 46.1605 10.6722
0.11 47.227 10.6791
0.1125 48.1871 10.6717
0.115 49.042 10.6506
0.1175 49.7932 10.6164
0.12 50.4422 10.5695
0.1225 50.9908 10.5104
0.125 51.4406 10.4395
0.1275 51.7936 10.3572
0.13 52.0516 10.264
0.1325 52.2167 10.1604
0.135 52.2909 10.0466
0.1375 52.2765 9.92308
0.14 52.1755 9.79024
0.1425 51.9903 9.64846
0.145 51.7232 9.49809
0.1475 51.3765 9.33952
0.15 50.9526 9.1731
0.1525 50.454 8.99921
0.155 49.8831 8.8182
0.1575 49.2424 8.63043
0.16 48.5345 8.43627
0.1625 47.7619 8.23605
0.165 46.9272 8.03014
0.1675 46.0329 7.81888
0.17 45.0818 7.60263
0.1725 44.0763 7.38173
0.175 43.0191 7.15653
0.1775 988184 6.92737
0.18 1.95615e+06 398.962
0.1825 966283 6.45854
0.185 38.3266 6.21955
0.1875 37.0507 5.97795
0.19 35.7389 5.73408
0.1925 34.3938 5.48827
0.195 33.0181 5.24084
0.1975 31.6144 4.99211
0.2 30.1852 4.74242
0.2025 28.7331 4.49207
0.205 27.2606 4.24138
0.2075 25.7703 3.99066
0.21 24.2647 3.74021
0.2125 22.7461 3.49034
0.215 21.2171 3.24134
0.2175 19.6801 2.9935
0.22 18.1374 2.74711
0.2225 16.5914 2.50245
0.225 15.0444 2.25979
0.2275 13.4986 2.01941
0.23 11.9564 1.78158
0.2325 10.4199 1.54654
0.235 8.89121 1.31455
0.2375 7.37251 1.08587
0.24 5.86584 0.860713
0.2425 4.37324 0.639329
0.245 2.89667 0.421938
0.2475 1.43807 0.208758
