TITLE="Graphics"
VARIABLES= "rj, cm", "F", "dT/dt" 
0 4.66401e-09 1.39789e-08
0.0025 4.61771e-09 1.36004e-08
0.005 4.2373e-09 1.25539e-08
0.0075 3.88426e-09 1.08501e-08
0.01 3.26862e-09 8.588e-09
0.0125 2.6813e-09 5.95538e-09
0.015 2.04174e-09 3.11508e-09
0.0175 1.4639e-09 2.24983e-10
0.02 8.43669e-07 2.53312e-09
0.0225 2.10853e-05 1.16295e-07
0.025 0.000197131 1.69307e-06
0.0275 0.000835821 1.10123e-05
0.03 0.00127147 3.29412e-05
0.0325 0.000518164 4.02648e-05
0.035 0.00135269 1.66368e-05
0.0375 0.0014314 1.68985e-05
0.04 0.00192556 0.00044419
0.0425 0.00165754 3.42692e-05
0.045 0.00482487 4.12381e-05
0.0475 0.0232627 0.00131262
0.0475003 6.59195e-16 1.87736e-11
0.05 1.30751 0.201395
0.0525 2.70641 0.276162
0.055 3.52655 0.332297
0.0575 4.26571 0.376889
0.06 4.93625 0.413366
0.0625 5.54531 0.443677
0.065 6.09796 0.469063
0.0675 6.59824 0.490374
0.07 7.04962 0.508227
0.0725 7.45514 0.523093
0.075 7.8176 0.535341
0.0775 8.13955 0.545269
0.08 8.4234 0.553124
0.0825 8.67135 0.559114
0.085 8.88552 0.563417
0.0875 9.06788 0.566187
0.09 9.22031 0.56756
0.0925 9.34457 0.567657
0.095 9.44235 0.566586
0.0975 9.51527 0.564443
0.1 9.56482 0.561318
0.1025 9.59248 0.55729
0.105 9.59962 0.552435
0.1075 9.58754 0.546821
0.11 9.55752 0.540511
0.1125 9.51072 0.533565
0.115 9.4483 0.526038
0.1175 9.37134 0.517981
0.12 9.28086 0.509443
0.1225 9.17784 0.500469
0.125 9.06323 0.491101
0.1275 8.9379 0.481381
0.13 8.80271 0.471345
0.1325 8.65845 0.46103
0.135 832128 0.450469
0.1375 1.64367e+06 185.98
0.14 810401 0.428734
0.1425 8.00553 0.417619
0.145 7.82669 0.406374
0.1475 7.64285 0.395025
0.15 7.45455 0.383595
0.1525 7.26233 0.372107
0.155 7.06669 0.360581
0.1575 6.86812 0.349037
0.16 6.66705 0.337493
0.1625 6.46393 0.325966
0.165 6.25914 0.314472
0.1675 6.05308 0.303026
0.17 5.8461 0.291642
0.1725 5.63854 0.280332
0.175 5.43071 0.269108
0.1775 5.22293 0.257981
0.18 5.01545 0.246961
0.1825 4.80856 0.236056
0.185 4.60249 0.225275
0.1875 4.39747 0.214625
0.19 4.19372 0.204113
0.1925 3.99143 0.193745
0.195 3.79078 0.183525
0.1975 3.59194 0.173459
0.2 3.39506 0.163549
0.2025 3.20029 0.1538
0.205 3.00775 0.144213
0.2075 2.81754 0.134792
0.21 2.62978 0.125537
0.2125 2.44456 0.116449
0.215 2.26194 0.107531
0.2175 2.082 0.0987805
0.22 1.9048 0.0901992
0.2225 1.73038 0.0817863
0.225 1.55877 0.0735411
0.2275 1.39001 0.0654625
0.23 1.22411 0.0575494
0.2325 1.06108 0.0498003
0.235 0.900934 0.0422137
0.2375 0.743662 0.0347878
0.24 0.589257 0.0275207
0.2425 0.437707 0.0204104
0.245 0.288994 0.0134549
0.2475 0.143096 0.00665216
