TITLE="Graphics"
VARIABLES= "rj, cm", "F", "dT/dt" 
0 4.50228e-10 2.39853e-12
0.0025 1.17702e-10 1.71896e-12
0.005 1.10507e-10 4.24973e-12
0.0075 2.37571e-10 5.00324e-12
0.01 6.49631e-10 1.02173e-11
0.0125 1.82682e-09 2.54005e-11
0.015 5.78453e-09 7.55015e-11
0.0175 1.38636e-08 2.35661e-10
0.02 1.79106e-08 5.18082e-10
0.0225 6.8895e-09 7.26449e-10
0.025 5.31972e-09 6.3483e-10
0.0275 2.53243e-09 5.25021e-10
0.03 69.7906 5.62987e-10
0.0325 486155 60.7351
0.035 59.8068 6.22601e-12
0.0375 5.34273e-09 3.24316e-10
0.04 8.08134e-08 1.60702e-10
0.0425 7.86819e-10 1.06179e-10
0.045 1.8831e-08 3.07303e-10
0.0475 1.2293e-07 4.39115e-09
0.0475003 6.45317e-16 9.25468e-11
0.05 3.60817 1.00376
0.0525 7.22684 1.38004
0.055 9.52268 1.66652
0.0575 11.6676 1.89808
0.06 13.6953 2.09149
0.0625 15.6221 2.25623
0.065 17.4575 2.39827
0.0675 19.2072 2.52166
0.07 20.8752 2.6293
0.0725 22.4644 2.72337
0.075 23.9768 2.80556
0.0775 25.414 2.87719
0.08 26.7774 2.93935
0.0825 28.0678 2.99294
0.085 29.2861 3.03869
0.0875 30.433 3.07725
0.09 31.5092 3.10916
0.0925 32.5152 3.13488
0.095 33.4516 3.15484
0.0975 34.3189 3.1694
0.1 35.1176 3.17887
0.1025 35.8483 3.18356
0.105 36.5117 3.18372
0.1075 37.1082 3.17959
0.11 37.6385 3.17139
0.1125 38.1033 3.15931
0.115 38.5033 3.14356
0.1175 38.8394 3.12429
0.12 39.1123 3.10167
0.1225 39.3228 3.07585
0.125 39.472 3.04699
0.1275 39.5607 3.0152
0.13 39.5901 2.98064
0.1325 39.5611 2.94341
0.135 39.4749 2.90365
0.1375 39.3327 2.86147
0.14 39.1356 2.81698
0.1425 38.885 2.7703
0.145 38.5821 2.72153
0.1475 38.2284 2.67077
0.15 37.825 2.61814
0.1525 37.3736 2.56373
0.155 36.8756 2.50764
0.1575 36.3325 2.44996
0.16 35.7458 2.39081
0.1625 35.117 2.33026
0.165 34.4479 2.26842
0.1675 33.74 2.20538
0.17 32.995 2.14122
0.1725 32.2145 2.07605
0.175 31.4002 2.00995
0.1775 30.554 1.94301
0.18 29.6774 1.87532
0.1825 28.7723 1.80696
0.185 27.8404 1.73803
0.1875 26.8835 1.66861
0.19 25.9034 1.59877
0.1925 24.9018 1.52862
0.195 23.8806 1.45822
0.1975 22.8415 1.38766
0.2 21.7864 1.31703
0.2025 20.7171 1.24639
0.205 19.6353 1.17583
0.2075 18.5427 1.10543
0.21 17.4413 1.03526
0.2125 16.3328 0.965391
0.215 15.2189 0.895902
0.2175 14.1013 0.826864
0.22 12.9818 0.758347
0.2225 11.8622 0.690418
0.225 10.744 0.623144
0.2275 9.62894 0.556593
0.23 8.51872 0.490826
0.2325 7.41495 0.425906
0.235 6.31921 0.361894
0.2375 5.23308 0.298847
0.24 4.1581 0.236821
0.2425 3.0958 0.175873
0.245 2.04766 0.116053
0.2475 1.01512 0.0574127
