TITLE="Graphics"
VARIABLES= "rj, cm", "F", "dT/dt" 
0 1.61698e-05 21.8534
0.0025 1.61041e-05 21.7482
0.005 1.59216e-05 21.4571
0.0075 1.56041e-05 20.9545
0.01 1.51537e-05 20.2505
0.0125 1.45732e-05 19.3574
0.015 1.38657e-05 18.2895
0.0175 1.30362e-05 17.064
0.02 1.20913e-05 15.7004
0.0225 1.10409e-05 14.2212
0.025 9.8981e-06 12.6505
0.0275 8.68108e-06 11.0148
0.03 7.41433e-06 9.3417
0.0325 6.13171e-06 7.65934
0.035 4.89129e-06 5.99553
0.0375 3.8065e-06 4.37576
0.04 2.64566e-05 2.81946
0.0425 22.5176 2.16384
0.045 43276.3 105.376
0.0475 773803 61.3909
0.04775 6.93889e-18 1.87207e-08
0.05 0.0743581 12.439
0.0525 0.0682509 9.55559
0.055 0.0576278 7.57321
0.0575 0.0481637 6.18352
0.06 0.0405451 5.15339
0.0625 0.0344829 4.35301
0.065 0.0296027 3.71053
0.0675 0.0256106 3.18373
0.07 0.0222973 2.74572
0.0725 0.0195153 2.37804
0.075 0.0171579 2.06722
0.0775 0.0151457 1.80298
0.08 0.0134183 1.57727
0.0825 0.0119284 1.38361
0.085 0.0106379 1.2168
0.0875 0.00951762 1.07257
0.09 0.00854737 0.947478
0.0925 0.00770734 0.838851
0.095 0.00689767 0.744673
0.0975 0.00625306 0.661606
0.1 0.0056754 0.588473
0.1025 0.00515767 0.524087
0.105 0.00469558 0.467303
0.1075 0.00428398 0.417119
0.11 0.00391603 0.372673
0.1125 0.00358663 0.333233
0.115 0.00329144 0.298172
0.1175 0.0030257 0.266956
0.12 0.00278639 0.239123
0.1225 0.00257027 0.214278
0.125 0.0023746 0.192075
0.1275 0.00219676 0.172217
0.13 0.00203632 0.154441
0.1325 0.00188885 0.138522
0.135 0.0017556 0.124258
0.1375 0.00163346 0.111473
0.14 0.00152158 0.100013
0.1425 0.00141937 0.0897408
0.145 0.00132541 0.0805347
0.1475 0.00123905 0.0722869
0.15 0.00115954 0.0649023
0.1525 0.0010867 0.0582942
0.155 0.00101901 0.0523873
0.1575 0.00095663 0.0471122
0.16 0.000898712 0.0424059
0.1625 0.000845857 0.0382123
0.165 0.00080098 0.0344909
0.1675 0.000745613 0.0312694
0.17 0.00070758 0.0283546
0.1725 0.000668169 0.0257854
0.175 0.000631278 0.0235388
0.1775 0.000596501 0.0215827
0.18 0.000564618 0.0198879
0.1825 0.000534182 0.01843
0.185 0.000506552 0.0171862
0.1875 0.000479801 0.016137
0.19 0.000455667 0.0152632
0.1925 0.000432622 0.0145497
0.195 0.000410989 0.0139805
0.1975 0.000390322 0.0135431
0.2 0.000372179 0.0132251
0.2025 0.000353911 0.0130176
0.205 0.000337112 0.0129106
0.2075 0.000319248 0.0128931
0.21 0.000308599 0.0129285
0.2125 0.000292792 0.013074
0.215 0.000279488 0.0132944
0.2175 1.08346e+06 0.0135798
0.22 1.82689e+07 1.61244e+07
0.2225 1.06279e+06 0.0143115
0.225 0.000230188 0.0147289
0.2275 0.000217083 0.0151439
0.23 0.000202713 0.0155095
0.2325 0.000186446 0.0157528
0.235 0.000167565 0.0157689
0.2375 0.000146095 0.0154115
0.24 0.00012268 0.0144911
0.2425 9.46801e-05 0.0127926
0.245 6.33592e-05 0.0100285
0.2475 3.12908e-05 0.00587647
