TITLE="Graphics"
VARIABLES= "rj, cm", "F", "dT/dt" 
0 0.000635925 28.91
0.0025 0.000634245 28.7807
0.005 0.000629535 28.4222
0.0075 0.00062115 27.8013
0.01 0.000608862 26.9276
0.0125 0.000592342 25.812
0.015 0.000571212 24.468
0.0175 0.000545096 22.9121
0.02 0.000513684 21.1644
0.0225 0.000476805 19.2491
0.025 0.000434529 17.1943
0.0275 0.00038731 15.0322
0.03 0.000336175 12.7982
0.0325 0.000282836 10.5302
0.035 0.000229719 8.26664
0.0375 0.000177791 6.04408
0.04 0.000339388 3.89665
0.0425 0.113822 1.60588
0.045 5.18584 94.2461
0.0475 34814.6 7851.85
0.04775 1.11022e-16 2.10297e-08
0.05 10.0427 51.1556
0.0525 1.32361 33.843
0.055 1.65837 25.7006
0.0575 1.63535 20.7758
0.06 1.41641 17.228
0.0625 1.19577 14.4939
0.065 1.01165 12.3253
0.0675 0.862987 10.5759
0.07 0.742631 9.14654
0.0725 0.644061 7.96601
0.075 0.562264 6.98165
0.0775 0.493547 6.15389
0.08 0.435336 5.45265
0.0825 0.385853 4.8547
0.085 0.343567 4.34173
0.0875 0.307163 3.89913
0.09 0.275598 3.51514
0.0925 0.248065 3.18026
0.095 0.223932 2.88682
0.0975 0.202697 2.62853
0.1 0.183943 2.40025
0.1025 0.16733 2.19769
0.105 0.152567 2.01732
0.1075 0.13941 1.85615
0.11 0.127654 1.71167
0.1125 0.117121 1.58176
0.115 0.10766 1.4646
0.1175 0.099143 1.35866
0.12 0.0914565 1.26259
0.1225 0.084506 1.17527
0.125 0.0782052 1.09569
0.1275 0.0724846 1.023
0.13 0.0672778 0.956458
0.1325 0.0625318 0.895405
0.135 0.0581975 0.839274
0.1375 0.0542318 0.787565
0.14 0.0505995 0.739838
0.1425 0.0472666 0.695705
0.145 0.0442044 0.654823
0.1475 0.0413889 0.616887
0.15 0.0387946 0.581625
0.1525 0.0364002 0.548794
0.155 0.0341831 0.518178
0.1575 0.0321256 0.489585
0.16 0.0302145 0.462849
0.1625 0.0284481 0.43782
0.165 0.0268137 0.414362
0.1675 956851 0.392351
0.17 2.37648e+06 483702
0.1725 934807 0.352214
0.175 0.0213488 0.33389
0.1775 0.0202024 0.316613
0.18 0.01913 0.300306
0.1825 0.0181272 0.284901
0.185 0.0171858 0.270336
0.1875 0.0163046 0.256555
0.19 0.0154753 0.243507
0.1925 0.0146969 0.231147
0.195 0.0139634 0.219434
0.1975 0.0132717 0.20833
0.2 0.0126185 0.197803
0.2025 0.012001 0.187825
0.205 0.0114167 0.178369
0.2075 0.0108629 0.169414
0.21 0.0103394 0.16094
0.2125 0.00984216 0.152929
0.215 0.00936727 0.145368
0.2175 0.00891077 0.138244
0.22 0.00846451 0.13155
0.2225 0.00803313 0.125287
0.225 0.00761811 0.119457
0.2275 0.00724612 0.114067
0.23 0.00698318 0.109113
0.2325 0.00698966 0.104548
0.235 0.00762492 0.100215
0.2375 0.00959711 0.0956791
0.24 0.0140339 0.0899217
0.2425 0.0219299 0.0808412
0.245 0.0313264 0.0648398
0.2475 0.0307352 0.0377476
