TITLE="Graphics"
VARIABLES= "rj, cm", "F", "dT/dt" 
0 4.34007e-05 18.394
0.0025 4.32134e-05 18.3036
0.005 4.26988e-05 18.0534
0.0075 4.18246e-05 17.6216
0.01 4.06443e-05 17.0171
0.0125 3.92616e-05 16.25
0.015 3.78686e-05 15.3308
0.0175 3.67615e-05 14.2695
0.02 3.61957e-05 13.0721
0.0225 3.57708e-05 11.7392
0.025 3.31079e-05 10.2712
0.0275 2.28862e-05 8.69439
0.03 8.20582e-07 7.11846
0.0325 1.96751e-05 5.77534
0.035 4.00616e-05 4.85193
0.0375 0.000581761 3.58506
0.04 0.00308037 4.32973
0.0425 26.4806 24.8452
0.045 57611.6 98.0478
0.0475 773807 57.1352
0.04775 8.32667e-17 1.38354e-08
0.05 0.18621 34.9457
0.0525 0.156097 42.2141
0.055 0.117556 47.299
0.0575 0.0861845 50.9811
0.06 0.0623054 53.6064
0.0625 0.0443381 55.3958
0.065 0.0308061 56.5111
0.0675 0.020597 57.0775
0.07 0.0129061 57.1943
0.0725 0.00714576 56.9421
0.075 0.00287995 56.3869
0.0775 0.000222149 55.5836
0.08 0.00241547 54.578
0.0825 0.00389928 53.4091
0.085 0.00483151 52.1096
0.0875 0.00533668 50.7077
0.09 0.00551497 49.2274
0.0925 0.00544664 47.6891
0.095 0.00519513 46.1104
0.0975 0.00481209 44.5062
0.1 0.00433808 42.8894
0.1025 0.0038051 41.2707
0.105 0.00323895 39.6596
0.1075 0.00265943 38.0636
0.11 0.00208207 36.4894
0.1125 0.00151774 34.9423
0.115 0.000975686 33.4267
0.1175 0.00046203 31.9464
0.12 1.92581e-05 30.5041
0.1225 0.00046503 29.102
0.125 0.000874483 27.742
0.1275 0.00124603 26.4251
0.13 0.00158094 25.1522
0.1325 0.00187924 23.9236
0.135 0.0021423 22.7395
0.1375 0.00237203 21.5998
0.14 0.0025696 20.5041
0.1425 0.00273698 19.4518
0.145 0.00287612 18.4421
0.1475 0.00298899 17.4743
0.15 0.00307741 16.5474
0.1525 0.00314365 15.6603
0.155 0.00318893 14.812
0.1575 0.00321601 14.0011
0.16 0.00322515 13.2266
0.1625 0.00321924 12.4872
0.165 0.00320018 11.7815
0.1675 0.00316735 11.1084
0.17 0.00312442 10.4666
0.1725 0.00307145 9.85473
0.175 0.00301017 9.2716
0.1775 0.00294115 8.71597
0.18 0.00286595 8.18659
0.1825 1.00039e+06 7.68227
0.185 7.01076e+06 5.03338e+06
0.1875 978649 6.74414
0.19 0.00252004 6.30806
0.1925 0.00242633 5.89252
0.195 0.0023307 5.49648
0.1975 0.00223452 5.1189
0.2 0.00213774 4.75882
0.2025 0.0020404 4.41529
0.205 0.00194458 4.0874
0.2075 0.0018483 3.77428
0.21 0.00175322 3.47508
0.2125 0.0016596 3.18901
0.215 0.00156685 2.91528
0.2175 0.00147492 2.65317
0.22 0.00138426 2.40196
0.2225 0.00129299 2.16097
0.225 0.00120248 1.92953
0.2275 0.00110963 1.70701
0.23 0.00101424 1.49278
0.2325 0.000914389 1.28621
0.235 0.000807902 1.08668
0.2375 0.000693715 0.893551
0.24 0.000569375 0.706164
0.2425 0.000435797 0.523835
0.245 0.00029276 0.345855
0.2475 0.000145828 0.171488
