TITLE="Graphics"
VARIABLES= "rj, cm", "F", "dT/dt" 
0 0.00219816 23.5142
0.0025 0.00218979 23.4025
0.005 0.00216652 23.0932
0.0075 0.00212588 22.5589
0.01 0.002068 21.81
0.0125 0.00199294 20.8586
0.015 0.00190086 19.7196
0.0175 0.00179213 18.4103
0.02 0.0016674 16.9511
0.0225 0.00152763 15.365
0.025 0.00137411 13.6776
0.0275 0.00120855 11.9167
0.03 0.00103358 10.1121
0.0325 0.000853419 8.2947
0.035 0.000668129 6.49583
0.0375 0.000459625 4.74709
0.04 0.0018537 3.08593
0.0425 0.604163 1.30474
0.045 2.08158 104.296
0.0475 2611.38 88.7423
0.04775 1.38778e-17 2.067e-08
0.05 21.0544 13.7218
0.0525 11.9995 11.786
0.055 8.37858 9.42336
0.0575 6.68402 7.66472
0.06 5.59628 6.38756
0.0625 4.76527 5.42756
0.065 4.09058 4.67894
0.0675 3.53187 4.07785
0.07 3.06521 3.58453
0.0725 2.6731 3.17288
0.075 2.34187 2.82495
0.0775 2.06061 2.52785
0.08 1.82057 2.27199
0.0825 1.61472 2.05007
0.085 1.43736 1.85637
0.0875 1.28386 1.68638
0.09 1.15044 1.53646
0.0925 1.03402 1.40364
0.095 0.93203 1.28549
0.0975 0.84237 1.18
0.1 0.763279 1.08549
0.1025 0.693288 1.00053
0.105 0.631161 0.923949
0.1075 0.575855 0.854717
0.11 0.526486 0.791973
0.1125 0.482304 0.734974
0.115 0.442674 0.683079
0.1175 0.407046 0.635734
0.12 0.374943 0.592454
0.1225 0.345952 0.552815
0.125 0.319717 0.516446
0.1275 0.29593 0.483021
0.13 0.274322 0.452251
0.1325 0.254659 0.423881
0.135 0.236739 0.397684
0.1375 842292 0.373458
0.14 1.7798e+06 116050
0.1425 820513 0.330206
0.145 0.17913 0.310871
0.1475 0.167537 0.292887
0.15 0.156851 0.276139
0.1525 0.147026 0.260529
0.155 0.137987 0.245963
0.1575 0.12965 0.232355
0.16 0.121941 0.219622
0.1625 0.114799 0.207691
0.165 0.108171 0.196496
0.1675 0.102014 0.185976
0.17 0.0962892 0.176078
0.1725 0.0909607 0.166752
0.175 0.0859955 0.157954
0.1775 0.081366 0.149645
0.18 0.0770426 0.141787
0.1825 0.0730025 0.134347
0.185 0.0692209 0.127296
0.1875 0.0656782 0.120605
0.19 0.0623543 0.114251
0.1925 0.0592322 0.108211
0.195 0.0562944 0.102466
0.1975 0.0535271 0.0969984
0.2 0.0509173 0.091794
0.2025 0.0484552 0.0868401
0.205 0.0461323 0.0821259
0.2075 0.0439486 0.077642
0.21 0.0418999 0.0733789
0.2125 0.0399876 0.0693269
0.215 0.038211 0.0654743
0.2175 0.0365878 0.0618071
0.22 0.0351486 0.0583059
0.2225 0.0339453 0.0549418
0.225 0.0330432 0.0516702
0.2275 0.0325216 0.0484228
0.23 0.0324595 0.045099
0.2325 0.0328967 0.0415569
0.235 0.0337526 0.0376101
0.2375 0.0346808 0.033037
0.24 0.0348805 0.0276213
0.2425 0.0329368 0.0212408
0.245 0.0269804 0.0140243
0.2475 0.0156338 0.00655276
