TITLE="Graphics"
VARIABLES= "rj, cm", "F", "dT/dt" 
0 3.51265e-05 24.1931
0.0025 3.49969e-05 24.0788
0.005 3.46362e-05 23.7624
0.0075 3.40055e-05 23.2158
0.01 3.31048e-05 22.4492
0.0125 3.19334e-05 21.4749
0.015 3.04912e-05 20.3077
0.0175 2.87817e-05 18.9651
0.02 2.68136e-05 17.4677
0.0225 2.46025e-05 15.8386
0.025 2.21702e-05 14.104
0.0275 1.95406e-05 12.2921
0.03 1.67323e-05 10.4332
0.0325 1.37776e-05 8.55948
0.035 1.08051e-05 6.7043
0.0375 8.08002e-06 4.90012
0.04 8.25785e-06 3.1741
0.0425 0.00587725 1.87744
0.045 1.32506 105.997
0.0475 12808.9 46960.6
0.04775 0 2.03198e-08
0.05 0.36536 13.0748
0.0525 0.0470841 5.39863
0.055 0.124424 4.47961
0.0575 0.105806 3.86689
0.06 0.0889324 3.36755
0.0625 0.0752461 2.94846
0.065 0.0641737 2.59447
0.0675 0.0551459 2.29446
0.07 0.0477097 2.03914
0.0725 0.0415219 1.82078
0.075 0.0363264 1.63307
0.0775 0.0319407 1.47093
0.08 0.0283159 1.33012
0.0825 0.0257914 1.20575
0.085 0.0214943 1.08644
0.0875 0.0198107 0.990713
0.09 0.0178466 0.906883
0.0925 0.0160389 0.832064
0.095 0.0144483 0.765045
0.0975 0.0130507 0.7049
0.1 0.0118207 0.650825
0.1025 0.0107329 0.602111
0.105 0.00976897 0.558138
0.1075 0.00891149 0.51836
0.11 0.00814678 0.482303
0.1125 0.00746297 0.44955
0.115 0.00684984 0.419735
0.1175 0.00629847 0.39254
0.12 0.00580248 0.367685
0.1225 0.00535378 0.344919
0.125 0.00494859 0.324027
0.1275 0.00458104 0.304814
0.13 0.00424686 0.287111
0.1325 0.00394334 0.270765
0.135 830829 0.255642
0.1375 9.03544e+06 7.39453e+06
0.14 809154 0.228599
0.1425 0.00297013 0.216477
0.145 0.00277468 0.205172
0.1475 0.00259646 0.194607
0.15 0.00243163 0.184715
0.1525 0.00227995 0.175435
0.155 0.00213992 0.166712
0.1575 0.00201034 0.158497
0.16 0.00189085 0.150747
0.1625 0.0017799 0.143421
0.165 0.00167676 0.136484
0.1675 0.00158156 0.129904
0.17 0.00149253 0.123652
0.1725 0.00140981 0.117701
0.175 0.00133307 0.112029
0.1775 0.00126087 0.106612
0.18 0.00119412 0.101433
0.1825 0.00113164 0.0964719
0.185 0.00107273 0.0917139
0.1875 0.00101832 0.0871444
0.19 0.000966566 0.082749
0.1925 0.000918805 0.0785161
0.195 0.00087353 0.0744336
0.1975 0.000831073 0.070492
0.2 0.000791466 0.0666808
0.2025 0.000753393 0.0629918
0.205 0.000718509 0.0594175
0.2075 0.000684548 0.0559511
0.21 0.000653384 0.0525876
0.2125 0.000622831 0.0493232
0.215 0.000593642 0.0461582
0.2175 0.000565226 0.0430955
0.22 0.000537612 0.0401449
0.2225 0.000509128 0.0373222
0.225 0.000480268 0.0346565
0.2275 0.000450124 0.0321901
0.23 0.000415128 0.0299859
0.2325 0.000376033 0.0281388
0.235 0.000326793 0.0267895
0.2375 0.000317608 0.0261482
0.24 0.000259913 0.0261406
0.2425 0.000230538 0.0270505
0.245 0.00055731 0.0289517
0.2475 0.00447819 0.0293603
