TITLE="Graphics"
VARIABLES= "rj, cm", "F", "dT/dt" 
0 1.57316e-05 21.1589
0.0025 1.56662e-05 21.0565
0.005 1.54845e-05 20.7733
0.0075 1.51687e-05 20.2846
0.01 1.47215e-05 19.6002
0.0125 1.41462e-05 18.7322
0.015 1.34468e-05 17.6949
0.0175 1.2629e-05 16.5053
0.02 1.17007e-05 15.1825
0.0225 1.06732e-05 13.7485
0.025 9.56305e-06 12.227
0.0275 8.40725e-06 10.6433
0.03 7.36495e-06 9.02332
0.0325 7.13921e-06 7.38769
0.035 8.63375e-06 5.7275
0.0375 4.24787e-07 3.97482
0.04 7.68572e-05 2.42568
0.0425 0.00320998 3.50983
0.045 0.00335414 105.96
0.0475 0.173546 59.68
0.04775 2.08167e-17 1.90228e-08
0.05 0.087725 9.0579
0.0525 0.0717386 7.05056
0.055 0.0576731 5.8001
0.0575 0.0476819 4.87373
0.06 0.0402895 4.1271
0.0625 0.0344929 3.50783
0.065 0.0297731 2.98962
0.0675 0.0258501 2.55437
0.07 0.0225515 2.18777
0.0725 0.0197583 1.87805
0.075 0.0173797 1.61551
0.0775 0.0153449 1.39219
0.08 0.0135969 1.20161
0.0825 0.0120891 1.03843
0.085 0.0107829 0.898318
0.0875 0.00964787 0.77768
0.09 0.00865702 0.673566
0.0925 0.00778987 0.583525
0.095 0.00702757 0.505512
0.0975 0.00635553 0.437811
0.1 0.00576196 0.378977
0.1025 0.00523704 0.327791
0.105 0.00477466 0.283253
0.1075 0.00434263 0.244598
0.11 0.00397557 0.210756
0.1125 0.00364338 0.181217
0.115 723719 0.155456
0.1175 1.55839e+07 1.41577e+07
0.12 703701 0.113408
0.1225 0.00260959 0.0963394
0.125 0.0024101 0.0814732
0.1275 0.00222952 0.0685345
0.13 0.00206836 0.0572853
0.1325 0.00191344 0.0475709
0.135 0.00178049 0.0391145
0.1375 0.00165581 0.0318143
0.14 0.00154234 0.025528
0.1425 0.00143735 0.0201329
0.145 0.00134319 0.0155175
0.1475 0.00125352 0.0116069
0.15 0.00117405 0.00828923
0.1525 0.00109931 0.00551066
0.155 0.00103076 0.00320429
0.1575 0.000967296 0.00131208
0.16 0.000908679 0.000214955
0.1625 0.000854655 0.00142189
0.165 0.000804553 0.0023463
0.1675 0.000757522 0.00302384
0.17 0.000714589 0.00348466
0.1725 0.000673989 0.00375519
0.175 0.000636777 0.00386098
0.1775 0.000601956 0.00382101
0.18 0.000569105 0.00365604
0.1825 0.000539077 0.00338192
0.185 0.000510377 0.00301291
0.1875 0.000483976 0.00256352
0.19 0.000459189 0.00204481
0.1925 0.000435647 0.00146713
0.195 0.00041402 0.000841295
0.1975 0.00039329 0.000174763
0.2 0.000374163 0.000522628
0.2025 0.000355973 0.00124422
0.205 0.000338586 0.0019816
0.2075 0.000322237 0.00272905
0.21 0.000307405 0.00347317
0.2125 0.000292677 0.00421596
0.215 0.000279257 0.00494385
0.2175 0.000266029 0.00565338
0.22 0.000253403 0.00633623
0.2225 0.000242842 0.00698021
0.225 0.000231148 0.00759292
0.2275 0.000220462 0.00815942
0.23 0.000209205 0.00866854
0.2325 0.000197418 0.00909839
0.235 0.000183756 0.00940847
0.2375 0.000166141 0.00952333
0.24 0.0001454 0.00931327
0.2425 0.000116521 0.00859141
0.245 8.22216e-05 0.00706483
0.2475 4.1892e-05 0.00435202
