TITLE="Graphics"
VARIABLES= "rj, cm", "F", "dT/dt" 
0 0.00125782 28.3812
0.0025 0.00125434 28.2533
0.005 0.00124455 27.8988
0.0075 0.00122719 27.2851
0.01 0.00120182 26.4218
0.0125 0.00116788 25.3202
0.015 0.0011247 23.9941
0.0175 0.00107165 22.4602
0.02 0.00100826 20.7389
0.0225 0.000934367 18.8545
0.025 0.000850376 16.8349
0.0275 0.000757451 14.7119
0.03 0.000657601 12.5202
0.0325 0.000552636 10.2962
0.035 0.000439193 8.0777
0.0375 0.000318869 5.90568
0.04 0.00421369 3.82389
0.0425 28.7131 1.81305
0.045 71017.5 93.655
0.0475 773779 53.8635
0.04775 6.93889e-18 1.62084e-08
0.05 3.37357 15.8209
0.0525 3.2905 13.1286
0.055 2.93681 10.766
0.0575 2.54543 8.89122
0.06 2.19107 7.4123
0.0625 1.88797 6.23182
0.065 1.63296 5.27632
0.0675 1.41886 4.49322
0.07 1.23851 3.84473
0.0725 1.0858 3.30318
0.075 0.955776 2.84779
0.0775 0.844479 2.46265
0.08 0.748739 2.13533
0.0825 0.666008 1.85599
0.085 0.594219 1.6167
0.0875 0.531683 1.41105
0.09 0.477006 1.23377
0.0925 0.429031 1.08053
0.095 0.386789 0.947707
0.0975 0.349461 0.832277
0.1 0.316349 0.731683
0.1025 0.286852 0.643747
0.105 0.253618 0.566591
0.1075 0.256525 0.497828
0.11 0.227475 0.438811
0.1125 0.20798 0.387375
0.115 0.19058 0.342421
0.1175 0.174992 0.303044
0.12 0.160981 0.268488
0.1225 0.148352 0.238117
0.125 0.13694 0.211392
0.1275 0.126604 0.18785
0.13 0.117223 0.167097
0.1325 0.108693 0.14879
0.135 829626 0.132632
0.1375 1.86728e+06 231079
0.14 807987 0.105769
0.1425 0.0814131 0.0946439
0.145 0.0759729 0.08482
0.1475 0.0709782 0.0761472
0.15 0.066386 0.0684939
0.1525 0.0621595 0.0617443
0.155 0.0582635 0.0557968
0.1575 0.0546678 0.0505618
0.16 0.0513455 0.0459605
0.1625 0.0482728 0.0419232
0.165 0.0454264 0.0383885
0.1675 0.042788 0.0353021
0.17 0.0403388 0.032616
0.1725 0.0380636 0.0302877
0.175 0.035947 0.0282798
0.1775 0.0339772 0.0265588
0.18 0.0321407 0.0250953
0.1825 0.0304283 0.0238631
0.185 0.0288296 0.022839
0.1875 0.0273352 0.0220025
0.19 0.0259381 0.0213353
0.1925 0.0246297 0.0208212
0.195 0.0234036 0.0204459
0.1975 0.0222539 0.0201965
0.2 0.0211732 0.0200614
0.2025 0.0201563 0.0200302
0.205 0.0191971 0.0200929
0.2075 0.0182876 0.02024
0.21 0.0174232 0.0204612
0.2125 0.0165945 0.0207456
0.215 0.0157921 0.0210799
0.2175 0.0150068 0.0214474
0.22 0.014226 0.0218266
0.2225 0.0134346 0.0221889
0.225 0.0126185 0.0224964
0.2275 0.0121665 0.0226993
0.23 0.00960238 0.0227637
0.2325 0.00908513 0.0224833
0.235 0.00803631 0.0217896
0.2375 0.00688026 0.0205535
0.24 0.0056204 0.0186188
0.2425 0.00427127 0.0158043
0.245 0.00285885 0.011908
0.2475 0.00142054 0.00671358
