TITLE="Graphics"
VARIABLES= "rj, cm", "F", "dT/dt" 
0 5.02221e-06 5.78766e-08
0.0025 1.8483e-05 1.89103e-07
0.005 1.50827e-05 1.12528e-06
0.0075 1.39884e-05 2.552e-06
0.01 0.000191658 3.89317e-06
0.0125 0.00035728 3.53179e-07
0.015 1.04727e-06 1.16069e-06
0.0175 0.000957626 2.0779e-07
0.02 2.00903e-05 2.12091e-06
0.0225 0.000385396 4.11994e-07
0.025 5.78069e-05 2.29306e-06
0.0275 6.11267e-05 6.40776e-07
0.03 7.2609e-05 5.41808e-07
0.0325 0.000392731 3.67947e-06
0.035 0.00119656 1.73979e-05
0.0375 0.000819594 4.11573e-05
0.04 0.00197979 2.53228e-05
0.0425 0.000493689 4.43754e-05
0.045 0.0106992 1.18163e-05
0.0475 0.00341969 0.00202578
0.0475003 4.51028e-16 2.95163e-10
0.05 2.60808 3.20341
0.0525 3.73666 4.40455
0.055 4.8584 5.32219
0.0575 5.90639 6.06682
0.06 6.91459 6.69152
0.0625 7.89729 7.22622
0.065 8.8603 7.68973
0.0675 9.80542 8.09477
0.07 10.7324 8.45045
0.0725 11.6401 8.76355
0.075 12.5268 9.0393
0.0775 13.3905 9.28182
0.08 14.2292 9.49445
0.0825 15.041 9.67992
0.085 15.824 9.8405
0.0875 16.5765 9.97814
0.09 17.297 10.0945
0.0925 17.9839 10.1909
0.095 18.6359 10.2687
0.0975 19.2519 10.329
0.1 19.831 10.3726
0.1025 20.3721 10.4006
0.105 20.8747 10.4136
0.1075 21.3381 10.4124
0.11 21.7619 10.3977
0.1125 22.1457 10.3699
0.115 22.4892 10.3298
0.1175 22.7925 10.2778
0.12 23.0554 10.2144
0.1225 23.278 10.1401
0.125 23.4605 10.0553
0.1275 795677 9.96041
0.13 1.57173e+06 741.435
0.1325 774365 9.74215
0.135 23.7962 9.61953
0.1375 23.7838 9.48841
0.14 23.734 9.34916
0.1425 23.6476 9.20213
0.145 23.5252 9.04768
0.1475 23.3676 8.88615
0.15 23.1758 8.71787
0.1525 22.9505 8.54319
0.155 22.6927 8.36244
0.1575 22.4034 8.17594
0.16 22.0836 7.98403
0.1625 21.7343 7.78702
0.165 21.3565 7.58524
0.1675 20.9514 7.379
0.17 20.52 7.16862
0.1725 20.0635 6.95442
0.175 19.583 6.73671
0.1775 19.0797 6.51579
0.18 18.5547 6.29198
0.1825 18.0093 6.06558
0.185 17.4447 5.8369
0.1875 16.862 5.60623
0.19 16.2626 5.37387
0.1925 15.6475 5.14013
0.195 15.018 4.90528
0.1975 14.3754 4.66962
0.2 13.7209 4.43343
0.2025 13.0557 4.197
0.205 12.381 3.96061
0.2075 11.6981 3.72452
0.21 11.0082 3.48902
0.2125 10.3126 3.25435
0.215 9.61234 3.02079
0.2175 8.90878 2.7886
0.22 8.20309 2.55801
0.2225 7.49646 2.32928
0.225 6.79011 2.10265
0.2275 6.08521 1.87835
0.23 5.38296 1.65661
0.2325 4.68453 1.43765
0.235 3.99109 1.22169
0.2375 3.3038 1.00893
0.24 2.62383 0.799578
0.2425 1.95231 0.593826
0.245 1.29039 0.391861
0.2475 0.63921 0.193862
