TITLE="Graphics"
VARIABLES= "rj, cm", "F", "dT/dt" 
0 0.00770199 3.19313e-05
0.0025 0.00373588 5.32356e-05
0.005 0.000283613 6.72781e-05
0.0075 87.5452 2.60951e-05
0.01 492991 30.3676
0.0125 52.0984 5.91119e-06
0.015 2.74903e-05 9.32853e-07
0.0175 0.00138457 3.88247e-07
0.02 0.000243802 8.24783e-05
0.0225 0.00012456 9.41793e-05
0.025 2.91683e-05 7.62238e-05
0.0275 4.70238e-06 5.50607e-05
0.03 9.18718e-06 3.84702e-05
0.0325 5.81983e-06 2.64976e-05
0.035 2.65729e-06 1.75521e-05
0.0375 1.28559e-06 1.04032e-05
0.04 1.16706e-06 4.44128e-06
0.0425 0.00145503 6.0489e-07
0.045 0.0179013 7.67043e-05
0.0475 0.0323574 0.00329897
0.0475003 2.498e-16 9.18006e-12
0.05 1.2352 0.104177
0.0525 2.37568 0.144524
0.055 3.05798 0.176022
0.0575 3.65944 0.202233
0.06 4.19266 0.224836
0.0625 4.66479 0.244765
0.065 5.0808 0.262596
0.0675 5.44458 0.278712
0.07 5.75948 0.293383
0.0725 6.0285 0.306805
0.075 6.25443 0.319126
0.0775 6.4399 0.330461
0.08 6.58742 0.340898
0.0825 6.69938 0.350509
0.085 6.77812 0.35935
0.0875 6.82588 0.367468
0.09 6.84481 0.3749
0.0925 6.83703 0.381679
0.095 6.80456 0.387828
0.0975 6.74936 0.393371
0.1 6.67333 0.398324
0.1025 6.5783 0.402702
0.105 6.46603 0.406518
0.1075 6.33822 0.409784
0.11 6.19648 0.412508
0.1125 6.04239 0.4147
0.115 5.87743 0.416366
0.1175 5.70303 0.417513
0.12 5.52056 0.418149
0.1225 5.33129 0.418278
0.125 5.13647 0.417908
0.1275 4.93725 0.417044
0.13 4.73474 0.415693
0.1325 4.52997 0.41386
0.135 4.3239 0.411553
0.1375 4.11747 0.408778
0.14 3.91151 0.405543
0.1425 3.70683 0.401855
0.145 3.50415 0.397723
0.1475 3.30416 0.393155
0.15 3.10749 0.388161
0.1525 2.9147 0.38275
0.155 2.72632 0.376932
0.1575 2.54282 0.370719
0.16 2.36462 0.364122
0.1625 2.19208 0.357152
0.165 2.02555 0.349822
0.1675 1.86529 0.342145
0.17 1.71156 0.334134
0.1725 1.56455 0.325804
0.175 1.42442 0.317169
0.1775 1.29129 0.308244
0.18 1.16524 0.299044
0.1825 1.04633 0.289585
0.185 0.934574 0.279883
0.1875 0.829947 0.269955
0.19 0.732406 0.259818
0.1925 0.641875 0.249488
0.195 0.558246 0.238983
0.1975 0.481391 0.228322
0.2 0.411155 0.217521
0.2025 0.347358 0.206599
0.205 0.289799 0.195574
0.2075 0.238259 0.184464
0.21 0.192496 0.173288
0.2125 0.152254 0.162063
0.215 0.117258 0.150809
0.2175 0.0872228 0.139542
0.22 0.0618431 0.128283
0.2225 0.040812 0.117048
0.225 0.023803 0.105855
0.2275 0.0104861 0.0947229
0.23 0.000523672 0.0836679
0.2325 0.0064277 0.0727076
0.235 0.0107157 0.0618587
0.2375 0.0126863 0.0511377
0.24 0.0126947 0.0405607
0.2425 0.0110837 0.0301434
0.245 0.00820282 0.0199011
0.2475 0.00438873 0.00984857
