TITLE="Graphics"
VARIABLES= "rj, cm", "F", "dT/dt" 
0 5.81608e-09 5.69818e-12
0.0025 2.33343e-08 6.8509e-11
0.005 1.7549e-07 6.9284e-10
0.0075 1.48057e-06 7.0005e-09
0.01 1.09459e-05 6.2438e-08
0.0125 6.4018e-05 4.51841e-07
0.015 0.000275533 2.50416e-06
0.0175 0.000803609 1.01066e-05
0.02 0.00134675 2.79178e-05
0.0225 0.000503882 4.70353e-05
0.025 0.00180091 3.20467e-05
0.0275 9.27327e-06 2.15863e-05
0.03 1.86092e-06 8.32889e-06
0.0325 0.000327783 9.44312e-06
0.035 0.000118616 1.22312e-06
0.0375 0.000317619 8.05247e-06
0.04 0.00121391 1.49619e-05
0.0425 4.5649e-05 5.03582e-05
0.045 0.00233629 8.69111e-05
0.0475 0.0175484 5.35993e-05
0.0475003 2.15106e-16 1.93117e-12
0.05 0.860358 0.0253698
0.0525 1.66113 0.035383
0.055 2.14652 0.043323
0.0575 2.58285 0.0500477
0.06 2.97924 0.0559524
0.0625 3.34075 0.0612514
0.065 3.67064 0.0660743
0.0675 3.97133 0.0705058
0.07 4.24469 0.074604
0.0725 4.4923 0.0784109
0.075 4.71551 0.0819574
0.0775 4.91552 0.0852672
0.08 5.09346 0.0883584
0.0825 5.25033 0.0912454
0.085 5.3871 0.0939394
0.0875 5.5047 0.0964494
0.09 5.60401 0.0987827
0.0925 5.68587 0.100945
0.095 5.75113 0.102941
0.0975 5.8006 0.104775
0.1 5.83505 0.10645
0.1025 5.85528 0.107968
0.105 5.86204 0.109331
0.1075 5.85607 0.110541
0.11 5.83811 0.1116
0.1125 5.80887 0.112509
0.115 5.76906 0.113268
0.1175 5.71936 0.11388
0.12 5.66044 0.114344
0.1225 5.59295 0.114662
0.125 5.51753 0.114835
0.1275 5.43479 0.114863
0.13 5.34534 0.114748
0.1325 5.24975 0.114491
0.135 5.14859 0.114093
0.1375 5.0424 0.113556
0.14 4.93169 0.112881
0.1425 4.81698 0.11207
0.145 4.69873 0.111125
0.1475 4.57741 0.110047
0.15 4.45345 0.10884
0.1525 4.32728 0.107505
0.155 4.19927 0.106045
0.1575 4.06981 0.104463
0.16 3.93926 0.102762
0.1625 3.80793 0.100945
0.165 3.67614 0.0990157
0.1675 3.54418 0.0969775
0.17 3.41233 0.0948343
0.1725 3.28082 0.0925899
0.175 3.14989 0.0902485
0.1775 3.01975 0.0878144
0.18 2.89059 0.0852921
0.1825 2.76259 0.0826862
0.185 2.6359 0.0800014
0.1875 2.51066 0.0772426
0.19 2.38701 0.074415
0.1925 2.26504 0.0715235
0.195 2.14485 0.0685735
0.1975 2.02652 0.0655702
0.2 1.91012 0.0625192
0.2025 1.79569 0.0594258
0.205 1.68328 0.0562957
0.2075 1.57293 0.0531345
0.21 1.46463 0.0499476
0.2125 1.35842 0.0467409
0.215 1.25428 0.0435199
0.2175 1.0837e+06 0.0402903
0.22 2.14506e+06 101.141
0.2225 1.06301e+06 0.0338277
0.225 0.858229 0.0306058
0.2275 0.764223 0.0273975
0.23 0.67215 0.0242083
0.2325 0.581973 0.0210435
0.235 0.493649 0.0179084
0.2375 0.407131 0.014808
0.24 0.322373 0.0117475
0.2425 0.239331 0.0087317
0.245 0.157951 0.00576546
0.2475 0.0781935 0.00285339
