TITLE="Graphics"
VARIABLES= "rj, cm", "F", "dT/dt" 
0 1.64079e-10 239.541
0.0025 8.83631e-11 241.079
0.005 9.08642e-11 245.309
0.0075 9.48717e-11 252.514
0.01 8.94147e-11 262.39
0.0125 6.0993e-11 274.536
0.015 4.59295e-11 288.458
0.0175 1.05274e-10 303.584
0.02 4.32578e-11 319.292
0.0225 4.98517e-11 334.953
0.025 2.68301e-11 349.973
0.0275 1.57456e-11 363.831
0.03 8.41283e-12 376.104
0.0325 3.18323e-12 386.484
0.035 4.718e-12 394.78
0.0375 1.88152e-11 400.926
0.04 2.82512e-11 404.971
0.0425 1.69393e-11 407.071
0.045 8.90168e-11 407.459
0.0475 2.68415e-06 414.976
0.0477463 1.47602e-08 0.12063
0.05 1.56224 2.81745e+07
0.0525 1.63307 1.14925e+08
0.055 2.24256 1.48339e+08
0.0575 2.87057 1.80301e+08
0.06 3.5146 2.10874e+08
0.0625 4.17578 2.40209e+08
0.065 4.8564 2.68462e+08
0.0675 5.55923 2.95778e+08
0.07 6.2872 3.22289e+08
0.0725 7.0433 3.48111e+08
0.075 7.8305 3.73349e+08
0.0775 8.65179 3.98092e+08
0.08 9.5102 4.22421e+08
0.0825 10.4088 4.46406e+08
0.085 300260 4.70112e+08
0.0875 5.4655e+13 5.46555e+13
0.09 902.31 5.16908e+08
0.0925 14.4706 5.40099e+08
0.095 15.6205 5.63211e+08
0.0975 16.8321 5.86287e+08
0.1 18.1096 6.09364e+08
0.1025 19.4577 6.32481e+08
0.105 20.8815 6.55673e+08
0.1075 22.3864 6.78974e+08
0.11 23.9782 7.02418e+08
0.1125 25.6633 7.26039e+08
0.115 27.4488 7.49869e+08
0.1175 29.3422 7.73943e+08
0.12 31.3517 7.98294e+08
0.1225 33.4865 8.22957e+08
0.125 35.7565 8.47966e+08
0.1275 38.1727 8.73359e+08
0.13 40.7473 8.99173e+08
0.1325 43.4936 9.25448e+08
0.135 46.4265 9.52227e+08
0.1375 49.5625 9.79553e+08
0.14 52.9201 1.00747e+09
0.1425 56.5198 1.03604e+09
0.145 60.3845 1.0653e+09
0.1475 64.5404 1.09532e+09
0.15 69.0164 1.12616e+09
0.1525 73.8456 1.15789e+09
0.155 79.0655 1.19058e+09
0.1575 84.7187 1.22431e+09
0.16 90.854 1.25918e+09
0.1625 97.5274 1.29527e+09
0.165 104.803 1.33272e+09
0.1675 112.757 1.37163e+09
0.17 121.475 1.41214e+09
0.1725 131.059 1.45441e+09
0.175 141.63 1.49861e+09
0.1775 153.328 1.54495e+09
0.18 166.325 1.59364e+09
0.1825 180.822 1.64496e+09
0.185 197.066 1.69919e+09
0.1875 215.356 1.7567e+09
0.19 236.064 1.8179e+09
0.1925 259.647 1.88327e+09
0.195 286.687 1.9534e+09
0.1975 317.922 2.029e+09
0.2 354.305 2.11093e+09
0.2025 397.089 2.20025e+09
0.205 447.952 2.2983e+09
0.2075 509.181 2.40677e+09
0.21 583.973 2.52788e+09
0.2125 676.929 2.66455e+09
0.215 794.876 2.8208e+09
0.2175 948.372 3.00224e+09
0.22 1154.56 3.21708e+09
0.2225 1443.02 3.47795e+09
0.225 1869.12 3.80545e+09
0.2275 2548.39 4.23626e+09
0.23 3763.38 4.84416e+09
0.2325 6405.02 5.80884e+09
0.235 15073.1 7.74889e+09
0.2375 497350 1.56341e+10
0.24 1.16307e+13 4.55479e+12
0.2425 16300.3 8.00241e+09
0.245 449.509 2.26009e+09
0.2475 22.1966 6.83207e+08
