TITLE="Graphics"
VARIABLES= "rj, cm", "F", "dT/dt" 
0 0.00108702 23.1938
0.0025 0.00108283 23.0833
0.005 0.00107116 22.7774
0.0075 0.00105081 22.2491
0.01 0.00102185 21.5086
0.0125 0.000984344 20.5683
0.015 0.000938402 19.4427
0.0175 0.000884232 18.1494
0.02 0.000822173 16.7084
0.0225 0.000752725 15.1427
0.025 0.000676571 13.4777
0.0275 0.000594655 11.7409
0.03 0.000508215 9.96181
0.0325 0.000418456 8.17083
0.035 0.000326914 6.39922
0.0375 0.000248936 4.67817
0.04 0.000876613 3.03032
0.0425 0.28057 1.24833
0.045 2.93148 105.295
0.0475 12651.4 1377.71
0.04775 3.46945e-17 2.14043e-08
0.05 13.2927 23.0828
0.0525 5.24317 16.9223
0.055 3.90327 12.9468
0.0575 3.36057 10.4602
0.06 2.888 8.7188
0.0625 2.46986 7.40188
0.065 2.11604 6.36222
0.0675 1.82152 5.52015
0.07 1.5766 4.82628
0.0725 1.37202 4.24716
0.075 1.20011 3.75888
0.0775 1.05477 3.34368
0.08 0.931154 2.98807
0.0825 0.825434 2.68152
0.085 0.734541 2.41575
0.0875 0.656009 2.18411
0.09 0.587839 1.98124
0.0925 0.528406 1.80276
0.095 0.476381 1.64508
0.0975 0.430663 1.50522
0.1 0.390348 1.38072
0.1025 0.354675 1.26949
0.105 659976 1.1698
0.1075 1.51703e+06 214749
0.11 641507 0.999366
0.1125 0.247147 0.926294
0.115 0.226937 0.860047
0.1175 0.208754 0.799839
0.12 0.19236 0.74499
0.1225 0.177553 0.694912
0.125 0.164152 0.649092
0.1275 0.151999 0.607081
0.13 0.140954 0.568484
0.1325 0.130898 0.532955
0.135 0.121724 0.500189
0.1375 0.11334 0.469917
0.14 0.105667 0.441901
0.1425 0.0986327 0.41593
0.145 0.0921741 0.391817
0.1475 0.0862377 0.369395
0.15 0.0807726 0.348515
0.1525 0.0757369 0.329043
0.155 0.0710899 0.310858
0.1575 0.0667967 0.293851
0.16 0.0628251 0.277924
0.1625 0.0591463 0.262987
0.165 0.0557315 0.24896
0.1675 0.0525575 0.23577
0.17 0.0496002 0.223351
0.1725 0.046854 0.211647
0.175 0.0442983 0.200603
0.1775 0.0419156 0.19017
0.18 0.0396916 0.180302
0.1825 0.0376108 0.170958
0.185 0.0356633 0.1621
0.1875 0.0338381 0.153694
0.19 0.032126 0.145711
0.1925 0.0305173 0.138123
0.195 0.0290042 0.130905
0.1975 0.0275801 0.124036
0.2 0.0262396 0.117496
0.2025 0.024976 0.111269
0.205 0.0237761 0.105339
0.2075 0.0226412 0.0996927
0.21 0.0215605 0.0943217
0.2125 0.0205373 0.0892186
0.215 0.0195669 0.0843776
0.2175 0.0186507 0.0797946
0.22 0.0177945 0.075465
0.2225 0.0170128 0.0713825
0.225 0.0163402 0.0675344
0.2275 0.0158433 0.0638934
0.23 0.0156415 0.0604023
0.2325 0.0159295 0.0569467
0.235 0.0169739 0.0533123
0.2375 0.0190417 0.0491266
0.24 0.022109 0.0438027
0.2425 0.0252056 0.0365507
0.245 0.0254252 0.0266022
0.2475 0.0178226 0.0138626
