TITLE="Graphics"
VARIABLES= "rj, cm", "F", "dT/dt" 
0 0.000133584 22.7141
0.0025 0.000133058 22.6054
0.005 0.000131597 22.3047
0.0075 0.00012905 21.7855
0.01 0.000125431 21.0579
0.0125 0.000120753 20.1342
0.015 0.000115034 19.0291
0.0175 0.000108305 17.7598
0.02 0.000100611 16.3463
0.0225 9.20199e-05 14.8114
0.025 8.26235e-05 13.1801
0.0275 7.25459e-05 11.4795
0.03 6.19547e-05 9.73845
0.0325 5.10682e-05 7.98679
0.035 4.01011e-05 6.25447
0.0375 3.06834e-05 4.57093
0.04 0.00018834 2.95781
0.0425 23.4599 2.26083
0.045 46775.9 103.604
0.0475 773784 59.8002
0.04775 4.16334e-17 1.8193e-08
0.05 0.528303 14.5465
0.0525 0.50367 11.5389
0.055 0.436393 9.24135
0.0575 0.370316 7.54338
0.06 0.314446 6.25437
0.0625 0.268762 5.24546
0.065 0.231428 4.43656
0.0675 0.200637 3.77682
0.07 0.174901 3.23228
0.0725 0.153028 2.77877
0.075 0.134622 2.39774
0.0775 0.118925 2.07576
0.08 0.105418 1.80249
0.0825 0.0937416 1.56961
0.085 0.0836114 1.37042
0.0875 0.0747927 1.19942
0.09 0.0670924 1.05212
0.0925 0.0603455 0.924854
0.095 0.0544168 0.814556
0.0975 0.049191 0.718702
0.1 0.0445725 0.635182
0.1025 0.0404779 0.562232
0.105 0.03684 0.498366
0.1075 0.033598 0.442332
0.11 0.030704 0.393072
0.1125 0.0281119 0.349684
0.115 0.0257867 0.311403
0.1175 0.0236962 0.277572
0.12 0.0218118 0.24763
0.1225 0.0201122 0.221094
0.125 0.0185752 0.19755
0.1275 0.0171835 0.176643
0.13 0.0159172 0.15807
0.1325 0.0147538 0.141558
0.135 0.0137044 0.126848
0.1375 0.0127495 0.113735
0.14 0.0118753 0.102049
0.1425 0.0110735 0.0916353
0.145 0.0103375 0.0823578
0.1475 0.00966179 0.0740936
0.15 0.0090402 0.066735
0.1525 0.00846747 0.0601868
0.155 0.00793995 0.0543641
0.1575 0.00745213 0.0491921
0.16 0.00700193 0.0446046
0.1625 0.00658569 0.0405423
0.165 0.00619977 0.0369545
0.1675 0.0058386 0.033795
0.17 0.00550617 0.0310165
0.1725 971205 0.0285828
0.175 3.86393e+06 1.94507e+06
0.1775 949267 0.0246234
0.18 0.00439074 0.0230407
0.1825 0.0041567 0.0216888
0.185 0.00393875 0.0205461
0.1875 0.00373449 0.0195929
0.19 0.00354364 0.0188114
0.1925 0.0033642 0.0181859
0.195 0.00319693 0.0177014
0.1975 0.00303865 0.0173449
0.2 0.002893 0.0171041
0.2025 0.00275338 0.0169715
0.205 0.00262302 0.0169371
0.2075 0.00249981 0.0169916
0.21 0.00238374 0.0171274
0.2125 0.00227343 0.0173362
0.215 0.00216758 0.0176098
0.2175 0.00206561 0.0179369
0.22 0.00196485 0.018303
0.2225 0.00186398 0.0186875
0.225 0.00176178 0.0190604
0.2275 0.00165098 0.0193819
0.23 0.00153003 0.0195902
0.2325 0.0013949 0.0195987
0.235 0.00124332 0.0192912
0.2375 0.00107247 0.0185176
0.24 0.000882634 0.0170914
0.2425 0.000674175 0.0147908
0.245 0.000453091 0.0113615
0.2475 0.00022454 0.00652672
