TITLE="Graphics"
VARIABLES= "rj, cm", "F", "dT/dt" 
0 0.000722628 19.2387
0.0025 0.000719474 19.1446
0.005 0.000710737 18.8842
0.0075 0.000695637 18.435
0.01 0.000674501 17.8064
0.0125 0.000647854 17.0097
0.015 0.000616675 16.058
0.0175 0.000583057 14.9662
0.02 0.000552242 13.7494
0.0225 0.000538803 12.4201
0.025 0.000580042 10.9783
0.0275 0.000735291 9.38739
0.03 0.000936277 7.53598
0.0325 0.000433513 5.29542
0.035 0.00246548 3.06094
0.0375 0.00636986 2.91892
0.04 0.00339169 7.45275
0.0425 0.472259 10.8329
0.045 1.36031 102.735
0.0475 128.119 40.1108
0.04775 5.55112e-17 1.90493e-08
0.05 5.73002 2.50374
0.0525 4.14977 3.86858
0.055 3.15099 3.97188
0.0575 2.54275 3.81704
0.06 2.12032 3.61739
0.0625 1.79754 3.41711
0.065 1.53875 3.2253
0.0675 307418 3.04391
0.07 832124 217995
0.0725 305408 2.71339
0.075 0.878605 2.5637
0.0775 0.77322 2.42367
0.08 0.683333 2.29267
0.0825 0.606247 2.17001
0.085 0.539801 2.05504
0.0875 0.482259 1.94715
0.09 0.432208 1.84576
0.0925 0.388496 1.75036
0.095 0.350176 1.66049
0.0975 0.316463 1.57572
0.1 0.286706 1.49568
0.1025 0.260357 1.42002
0.105 0.236956 1.34845
0.1075 0.216117 1.28067
0.11 0.197508 1.21644
0.1125 0.18085 1.15553
0.115 0.165901 1.09772
0.1175 0.152455 1.04283
0.12 0.140334 0.990677
0.1225 0.129385 0.941097
0.125 0.119473 0.893945
0.1275 0.110485 0.849081
0.13 0.102318 0.80638
0.1325 0.0948834 0.765724
0.135 0.0881057 0.727003
0.1375 0.0819158 0.690116
0.14 0.0762536 0.654967
0.1425 0.0710676 0.62147
0.145 0.0663094 0.589539
0.1475 0.061939 0.559098
0.15 0.0579184 0.530074
0.1525 0.0542163 0.502398
0.155 0.0508017 0.476005
0.1575 0.0476503 0.450832
0.16 0.0447368 0.426823
0.1625 0.0420421 0.403922
0.165 0.0395456 0.382076
0.1675 0.0372319 0.361236
0.17 0.035084 0.341353
0.1725 0.0330896 0.322382
0.175 0.0312359 0.30428
0.1775 0.0295101 0.287004
0.18 0.0279042 0.270516
0.1825 0.0264071 0.254775
0.185 0.0250114 0.239746
0.1875 0.0237085 0.225394
0.19 0.0224926 0.211682
0.1925 0.0213556 0.19858
0.195 0.0202934 0.186054
0.1975 0.0193001 0.174074
0.2 0.0183702 0.16261
0.2025 0.0174999 0.151632
0.205 0.0166857 0.141113
0.2075 0.0159241 0.131024
0.21 0.015212 0.121339
0.2125 0.0145491 0.112029
0.215 0.0139337 0.103068
0.2175 0.0133667 0.0944251
0.22 0.0128506 0.0860709
0.2225 0.0123871 0.0779706
0.225 0.0119791 0.0700852
0.2275 0.0116236 0.0623699
0.23 0.0113098 0.0547745
0.2325 0.0110062 0.0472463
0.235 0.0106499 0.0397386
0.2375 0.0101358 0.0322276
0.24 0.00930206 0.0247424
0.2425 0.00795284 0.0174079
0.245 0.00591816 0.0104974
0.2475 0.00317635 0.00447603
