TITLE="Graphics"
VARIABLES= "rj, cm", "F", "dT/dt" 
0 0.00060045 26.4526
0.0025 0.000598522 26.3304
0.005 0.000593099 25.9922
0.0075 0.000583544 25.4072
0.01 0.000569754 24.5856
0.0125 0.00055158 23.5393
0.015 0.00052887 22.2829
0.0175 0.00050152 20.8337
0.02 0.000469523 19.2126
0.0225 0.000432995 17.4435
0.025 0.000392179 15.5537
0.0275 0.000347437 13.5734
0.03 0.000299328 11.5354
0.0325 0.00024899 9.47458
0.035 0.000199189 7.42682
0.0375 0.000154231 5.4259
0.04 0.00256433 3.49983
0.0425 1.24813 1.62467
0.045 2.35537 97.9825
0.0475 4.93825 55.9988
0.04775 1.38778e-17 1.73993e-08
0.05 2.2098 11.8495
0.0525 2.08906 9.15155
0.055 1.78777 7.22833
0.0575 1.51556 5.85026
0.06 1.291 4.82319
0.0625 1.10777 4.03044
0.065 0.957161 3.40224
0.0675 0.83203 2.89471
0.07 0.727055 2.47866
0.0725 0.638275 2.13372
0.075 0.562685 1.84507
0.0775 0.497962 1.60161
0.08 0.44227 1.39489
0.0825 0.394135 1.2183
0.085 0.352363 1.06665
0.0875 0.315974 0.935797
0.09 0.28416 0.822406
0.0925 0.25625 0.723771
0.095 0.231683 0.63768
0.0975 0.209992 0.562308
0.1 0.190782 0.496143
0.1025 0.17372 0.437922
0.105 659000 0.386585
0.1075 1.72798e+06 429495
0.11 640566 0.301112
0.1125 0.121901 0.265567
0.115 0.112093 0.234043
0.1175 0.103251 0.20606
0.12 0.0952621 0.181203
0.1225 0.0880293 0.159114
0.125 0.081469 0.139477
0.1275 0.0755063 0.12202
0.13 0.0700785 0.106502
0.1325 0.0651274 0.0927123
0.135 0.060605 0.0804642
0.1375 0.0564669 0.0695939
0.14 0.0526749 0.0599558
0.1425 0.0491945 0.0514212
0.145 0.045996 0.0438753
0.1475 0.0430519 0.0372164
0.15 0.0403395 0.0313536
0.1525 0.0378359 0.0262057
0.155 0.0355231 0.0217004
0.1575 0.0333837 0.0177727
0.16 0.0314024 0.0143647
0.1625 0.0295658 0.0114243
0.165 0.0278604 0.00890475
0.1675 0.0262769 0.00676408
0.17 0.024803 0.00496464
0.1725 0.023432 0.0034725
0.175 0.0221532 0.00225722
0.1775 0.0209616 0.0012914
0.18 0.0198482 0.000550413
0.1825 0.0188089 1.21798e-05
0.185 0.0178363 0.000343139
0.1875 0.0169269 0.000533283
0.19 0.0160751 0.000574119
0.1925 0.0152761 0.000479782
0.195 0.0145279 0.000262868
0.1975 0.0138254 6.54852e-05
0.2 0.0131652 0.000495418
0.2025 0.0125451 0.0010182
0.205 0.0119614 0.00162609
0.2075 0.0114112 0.00231215
0.21 0.0108916 0.00306988
0.2125 0.0103982 0.00389301
0.215 0.00992836 0.00477469
0.2175 0.00947638 0.00570683
0.22 0.00903512 0.00667876
0.2225 0.00859747 0.00767549
0.225 0.00815184 0.00867517
0.2275 0.00768585 0.00964575
0.23 0.0071809 0.0105406
0.2325 0.00661892 0.0112929
0.235 0.00597767 0.0118094
0.2375 0.0052373 0.0119635
0.24 0.00438146 0.0115891
0.2425 0.00340581 0.0104762
0.245 0.00232333 0.0083713
0.2475 0.0011687 0.00498375
