TITLE="Graphics"
VARIABLES= "rj, cm", "F", "dT/dt" 
0 2.78759e-10 7.26588e-10
0.0025 1.90303e-12 6.54987e-10
0.005 6.57044e-11 6.20826e-10
0.0075 4.95805e-11 5.40949e-10
0.01 3.31879e-11 4.26205e-10
0.0125 7.85099e-12 3.12673e-10
0.015 3.0254e-11 1.94043e-10
0.0175 1.72526e-11 8.0695e-11
0.02 2.10729e-09 3.33727e-11
0.0225 1.0143e-07 4.55281e-10
0.025 1.18126e-06 6.73077e-09
0.0275 3.23767e-06 5.07405e-08
0.03 1.82754e-06 8.4977e-08
0.0325 2.08517e-06 4.02442e-08
0.035 4.23595e-06 1.65541e-07
0.0375 2.07749e-05 1.89407e-07
0.04 6.94202e-06 5.26409e-08
0.0425 2.70614e-05 2.77692e-07
0.045 7.81856e-05 1.9123e-06
0.0475 0.000316702 1.0324e-06
0.0475003 1.59595e-16 3.89345e-10
0.05 9.95461 4.21476
0.0525 6.05451 5.90148
0.055 5.07367 7.2264
0.0575 3.50943 8.33308
0.06 1.60557 9.2889
0.0625 0.498969 10.1311
0.065 2.71834 10.8825
0.0675 4.99624 11.5585
0.07 7.29404 12.1697
0.0725 9.58427 12.7241
0.075 11.8468 13.2278
0.0775 14.0667 13.6854
0.08 16.2323 14.1007
0.0825 18.3349 14.4768
0.085 20.3675 14.8163
0.0875 22.3248 15.1213
0.09 24.2024 15.3937
0.0925 25.997 15.635
0.095 27.7059 15.8467
0.0975 29.3272 16.03
0.1 30.8592 16.186
0.1025 32.301 16.3157
0.105 661990 16.4199
0.1075 1.307e+06 706.522
0.11 643420 16.5556
0.1125 37.1546 16.5885
0.115 38.1393 16.599
0.1175 39.0331 16.5879
0.12 39.8367 16.5557
0.1225 40.5508 16.503
0.125 41.1763 16.4306
0.1275 41.7142 16.3388
0.13 42.1658 16.2284
0.1325 42.5322 16.0999
0.135 42.8148 15.9538
0.1375 43.0151 15.7907
0.14 43.1345 15.6111
0.1425 43.1748 15.4157
0.145 43.1375 15.205
0.1475 43.0245 14.9794
0.15 42.8375 14.7397
0.1525 42.5784 14.4863
0.155 42.2493 14.2198
0.1575 41.852 13.9407
0.16 41.3886 13.6497
0.1625 40.8612 13.3472
0.165 40.272 13.034
0.1675 39.6231 12.7104
0.17 38.9167 12.3772
0.1725 38.1551 12.0348
0.175 37.3405 11.6839
0.1775 36.4753 11.325
0.18 35.5617 10.9588
0.1825 34.6021 10.5858
0.185 33.5989 10.2065
0.1875 32.5545 9.82159
0.19 31.4712 9.43163
0.1925 30.3515 9.03719
0.195 29.1977 8.63884
0.1975 28.0124 8.23717
0.2 26.7978 7.83274
0.2025 25.5564 7.42612
0.205 24.2906 7.01788
0.2075 23.0029 6.60857
0.21 21.6956 6.19876
0.2125 20.3711 5.789
0.215 19.0318 5.37983
0.2175 17.68 4.97178
0.22 16.3181 4.5654
0.2225 14.9484 4.1612
0.225 13.5732 3.7597
0.2275 12.1947 3.3614
0.23 10.8152 2.96682
0.2325 9.43685 2.57643
0.235 8.06189 2.19071
0.2375 6.69243 1.81014
0.24 5.33057 1.43516
0.2425 3.97838 1.06623
0.245 2.63787 0.703784
0.2475 1.31104 0.348236
