TITLE="Graphics"
VARIABLES= "rj, cm", "F", "dT/dt" 
0 4.29621e-05 18.18
0.0025 4.27802e-05 18.0905
0.005 4.22814e-05 17.8428
0.0075 4.14418e-05 17.4153
0.01 4.03279e-05 16.8165
0.0125 3.90585e-05 16.0559
0.015 3.782e-05 15.1433
0.0175 3.6813e-05 14.0871
0.02 3.59919e-05 12.893
0.0225 3.44476e-05 11.565
0.025 2.97309e-05 10.1157
0.0275 1.8907e-05 8.5925
0.03 5.15495e-06 7.10672
0.0325 8.63227e-06 5.78999
0.035 3.38841e-05 4.56126
0.0375 0.000293628 3.10139
0.04 0.00145677 3.43065
0.0425 23.1122 11.8346
0.045 45459.8 104.266
0.0475 773805 60.1556
0.04775 6.93889e-18 1.80355e-08
0.05 0.236336 11.9728
0.0525 0.213538 9.84818
0.055 0.178696 8.58109
0.0575 0.148536 7.8239
0.06 0.124553 7.34854
0.0625 0.105588 7.03633
0.065 0.0904788 6.82559
0.0675 0.0779587 6.68366
0.07 337359 6.58882
0.0725 4.25755e+06 3.58659e+06
0.075 333444 6.4864
0.0775 0.0450464 6.46151
0.08 0.0396417 6.44648
0.0825 0.0349873 6.43738
0.085 0.0309619 6.43121
0.0875 0.0274659 6.42571
0.09 0.0244191 6.41915
0.0925 0.0217541 6.41021
0.095 0.0194167 6.3979
0.0975 0.01736 6.38148
0.1 0.0155461 6.36042
0.1025 0.0139421 6.33433
0.105 0.0125201 6.30297
0.1075 0.0112575 6.26619
0.11 0.0101335 6.22393
0.1125 0.00913155 6.17618
0.115 0.00823634 6.12299
0.1175 0.00743536 6.06446
0.12 0.00671813 6.00071
0.1225 0.00607432 5.93188
0.125 0.00549602 5.85816
0.1275 0.00497624 5.77972
0.13 0.00450817 5.69676
0.1325 0.00408636 5.60948
0.135 0.00370585 5.51809
0.1375 0.00336298 5.42281
0.14 0.00305311 5.32384
0.1425 0.00277337 5.22141
0.145 0.00252053 5.11573
0.1475 0.00229241 5.007
0.15 0.00208564 4.89544
0.1525 0.00189955 4.78126
0.155 0.00173045 4.66466
0.1575 0.00157939 4.54584
0.16 0.00144115 4.425
0.1625 0.00131787 4.30232
0.165 0.00120624 4.178
0.1675 0.0011056 4.05222
0.17 0.0010156 3.92515
0.1725 0.00093465 3.79697
0.175 0.000862028 3.66786
0.1775 0.00079713 3.53796
0.18 0.000739442 3.40745
0.1825 0.000688174 3.27648
0.185 0.00064232 3.14519
0.1875 0.000602794 3.01374
0.19 0.000567031 2.88227
0.1925 0.000537099 2.75091
0.195 0.000509747 2.6198
0.1975 0.000487932 2.48907
0.2 0.00046814 2.35884
0.2025 0.000452142 2.22924
0.205 0.000439127 2.10037
0.2075 0.000428601 1.97237
0.21 0.000420838 1.84533
0.2125 0.000414273 1.71937
0.215 0.000410557 1.59458
0.2175 0.000407864 1.47106
0.22 0.000405822 1.34892
0.2225 0.000403872 1.22822
0.225 0.000401448 1.10906
0.2275 0.000396222 0.991483
0.23 0.000387262 0.875544
0.2325 0.000372473 0.761255
0.235 0.000348597 0.6486
0.2375 0.000315319 0.537519
0.24 0.000270509 0.427901
0.2425 0.000213306 0.319579
0.245 0.00014636 0.212335
0.2475 7.41479e-05 0.105905
