TITLE="Graphics"
VARIABLES= "rj, cm", "F", "dT/dt" 
0 4.51875e-05 19.2497
0.0025 4.49901e-05 19.1555
0.005 4.44437e-05 18.895
0.0075 4.34995e-05 18.4455
0.01 4.21776e-05 17.8166
0.0125 4.05105e-05 17.0195
0.015 3.85583e-05 16.0674
0.0175 3.6449e-05 14.975
0.02 3.45011e-05 13.7578
0.0225 3.36054e-05 12.4282
0.025 3.60887e-05 10.9871
0.0275 4.58518e-05 9.39853
0.03 5.93886e-05 7.55027
0.0325 3.03577e-05 5.30236
0.035 0.000152142 3.02376
0.0375 0.000411646 2.82079
0.04 0.000368598 7.46011
0.0425 24.8555 11.8073
0.045 52172.7 100.962
0.0475 773801 58.6597
0.04775 6.93889e-18 1.7544e-08
0.05 0.215092 10.8099
0.0525 0.199078 7.69394
0.055 0.170569 5.53645
0.0575 0.143563 4.04754
0.06 0.121394 2.97768
0.0625 0.10349 2.18109
0.065 0.088921 1.57253
0.0675 0.076923 1.09953
0.07 0.0669256 0.727778
0.0725 0.0585519 0.433559
0.075 0.0513509 0.200149
0.0775 0.0454438 0.0143607
0.08 0.0401887 0.132957
0.0825 0.0357004 0.249415
0.085 0.0318163 0.340865
0.0875 0.0284419 0.411954
0.09 0.0254986 0.466404
0.0925 0.0229229 0.507219
0.095 0.0206611 0.536839
0.0975 0.0186684 0.557256
0.1 0.0169082 0.570105
0.1025 0.015348 0.576734
0.105 0.0139623 0.578259
0.1075 0.0127273 0.575603
0.11 0.0116246 0.569539
0.1125 0.0106371 0.560709
0.115 0.00975113 0.549653
0.1175 0.00895445 0.536821
0.12 0.00823631 0.522593
0.1225 0.00758747 0.507288
0.125 0.0070006 0.491174
0.1275 0.00646831 0.474478
0.13 0.00598521 0.45739
0.1325 0.00554532 0.440071
0.135 0.00514475 0.422655
0.1375 0.00477853 0.405255
0.14 0.00444446 0.387966
0.1425 0.00413806 0.370866
0.145 0.00385727 0.354021
0.1475 0.00360004 0.337484
0.15 0.00336265 0.321297
0.1525 0.00314488 0.305498
0.155 0.00294396 0.290111
0.1575 0.00275856 0.275159
0.16 0.0025877 0.260656
0.1625 0.0024296 0.246614
0.165 0.002283 0.233037
0.1675 0.00214776 0.219929
0.17 0.0020218 0.207289
0.1725 0.00190574 0.195114
0.175 0.0017971 0.183398
0.1775 0.00169673 0.172134
0.18 0.00160341 0.161312
0.1825 0.00151581 0.150921
0.185 0.00143529 0.140949
0.1875 0.00135955 0.131383
0.19 0.00128915 0.122208
0.1925 0.00122361 0.113409
0.195 0.00116207 0.104971
0.1975 0.00110492 0.0968778
0.2 0.00105148 0.0891117
0.2025 0.00100151 0.0816557
0.205 0.000954357 0.0744926
0.2075 0.000910988 0.0676049
0.21 0.000869398 0.0609751
0.2125 0.000830566 0.0545866
0.215 0.000793897 0.0484236
0.2175 0.000758411 0.0424727
0.22 0.000723992 0.0367236
0.2225 0.000689432 0.0311724
0.225 0.000654228 0.0258223
0.2275 0.000617128 0.0206903
0.23 0.00057611 0.0158095
0.2325 0.000529786 0.0112365
0.235 1.11817e+06 0.00705819
0.2375 7.43467e+06 5.21698e+06
0.24 1.0981e+06 0.000417659
0.2425 0.000263409 0.00167421
0.245 0.000178506 0.0026275
0.2475 8.82285e-05 0.00216761
