TITLE="Graphics"
VARIABLES= "rj, cm", "F", "dT/dt" 
0 6.57723e-08 3.27342e-10
0.0025 144.718 5.53492e-10
0.005 516198 485.881
0.0075 44.666 1.26447e-09
0.01 1.88527e-08 1.4797e-09
0.0125 6.45999e-09 1.29234e-09
0.015 1.16808e-08 9.01826e-10
0.0175 1.7012e-08 5.9591e-10
0.02 2.9297e-08 3.32018e-11
0.0225 2.97151e-09 2.8394e-11
0.025 1.96629e-10 3.58829e-12
0.0275 6.78303e-11 9.78702e-13
0.03 1.12906e-10 8.54198e-12
0.0325 3.34109e-10 2.07199e-12
0.035 1.41535e-10 1.73923e-11
0.0375 2.42135e-09 8.44369e-11
0.04 3.52044e-08 6.12353e-11
0.0425 6.5374e-09 1.01333e-10
0.045 3.82319e-08 4.61241e-10
0.0475 5.05518e-08 2.19111e-09
0.0475003 2.98372e-16 3.90744e-10
0.05 9.14711 4.22242
0.0525 6.6321 5.97827
0.055 6.37253 7.37727
0.0575 5.60137 8.56224
0.06 4.53054 9.59918
0.0625 3.27947 10.524
0.065 1.92128 11.3586
0.0675 0.50356 12.1173
0.07 0.941293 12.8101
0.0725 2.39043 13.4443
0.075 3.82731 14.0256
0.0775 5.23968 14.5582
0.08 6.61834 15.0455
0.0825 7.95632 15.4905
0.085 9.24828 15.8954
0.0875 10.4901 16.2623
0.09 11.6788 16.5928
0.0925 12.8119 16.8885
0.095 13.8878 17.1507
0.0975 14.9052 17.3806
0.1 15.8634 17.5793
0.1025 16.7618 17.7477
0.105 17.6003 17.8869
0.1075 18.3789 17.9976
0.11 19.0979 18.0807
0.1125 19.7577 18.1371
0.115 20.359 18.1674
0.1175 20.9024 18.1724
0.12 21.3888 18.1528
0.1225 21.819 18.1094
0.125 22.1942 18.0428
0.1275 22.5154 17.9537
0.13 22.7836 17.8429
0.1325 23.0003 17.7109
0.135 23.1665 17.5586
0.1375 23.2835 17.3864
0.14 23.3528 17.1952
0.1425 23.3756 16.9856
0.145 23.3534 16.7583
0.1475 23.2875 16.5139
0.15 23.1793 16.2531
0.1525 23.0303 15.9767
0.155 22.8419 15.6852
0.1575 22.6156 15.3794
0.16 22.3527 15.0599
0.1625 22.0549 14.7274
0.165 21.7234 14.3826
0.1675 21.3597 14.0263
0.17 20.9654 13.6589
0.1725 20.5417 13.2813
0.175 20.0902 12.8941
0.1775 19.6123 12.498
0.18 19.1092 12.0936
0.1825 18.5826 11.6817
0.185 18.0336 11.2629
0.1875 17.4637 10.8378
0.19 16.8743 10.4071
0.1925 16.2665 9.97151
0.195 15.6418 9.53162
0.1975 15.0015 9.08809
0.2 14.3468 8.64156
0.2025 13.6789 8.19267
0.205 12.9991 7.74203
0.2075 12.3086 7.29028
0.21 11.6086 6.83802
0.2125 10.9002 6.38586
0.215 10.1846 5.9344
0.2175 9.46301 5.48422
0.22 8.7364 5.03591
0.2225 8.00589 4.59004
0.225 7.27255 4.14717
0.2275 6.53741 3.70785
0.23 5.80148 3.27262
0.2325 5.06576 2.84203
0.235 4.33121 2.41659
0.2375 3.5988 1.99681
0.24 2.86943 1.58319
0.2425 2.14402 1.17623
0.245 1.42346 0.776403
0.2475 0.7086 0.384174
