TITLE="Graphics"
VARIABLES= "rj, cm", "F", "dT/dt" 
0 0.00143693 19.1143
0.0025 0.00143065 19.0207
0.005 0.00141326 18.7619
0.0075 0.00138325 18.3152
0.01 0.00134133 17.6903
0.0125 0.00128871 16.8981
0.015 145.173 15.9518
0.0175 48548.1 48314.4
0.02 108.709 13.6538
0.0225 0.00110459 12.3259
0.025 0.0012109 10.8759
0.0275 0.00146539 9.26014
0.03 0.00150143 7.38992
0.0325 0.000145218 5.26698
0.035 0.00508853 3.49978
0.0375 0.00836918 3.82008
0.04 0.0132601 7.16073
0.0425 23.1377 8.3051
0.045 47948.3 104.281
0.0475 773764 57.0909
0.04775 2.77556e-17 1.89125e-08
0.05 9.45032 4.27574
0.0525 7.70585 1.8736
0.055 6.13768 0.75248
0.0575 5.00793 0.141166
0.06 4.17792 0.24008
0.0625 3.53875 0.498681
0.065 3.02864 0.682094
0.0675 2.61231 0.814894
0.07 2.26757 0.911583
0.0725 1.97922 0.981532
0.075 1.73609 1.03116
0.0775 1.52971 1.06505
0.08 1.35345 1.08655
0.0825 1.20209 1.0982
0.085 1.07144 1.10195
0.0875 0.958144 1.09931
0.09 0.859461 1.09152
0.0925 0.773162 1.07954
0.095 0.69741 1.06419
0.0975 0.630686 1.04614
0.1 0.571725 1.02593
0.1025 0.519462 1.00402
0.105 0.473009 0.980796
0.1075 0.431605 0.956585
0.11 0.394609 0.931655
0.1125 0.361471 0.906231
0.115 0.331722 0.880501
0.1175 0.304954 0.854623
0.12 0.280819 0.828728
0.1225 0.259013 0.802924
0.125 0.239274 0.777299
0.1275 0.22137 0.751926
0.13 0.205105 0.726865
0.1325 0.190299 0.702163
0.135 0.176801 0.677856
0.1375 0.164475 0.653975
0.14 0.153201 0.630542
0.1425 0.142874 0.607572
0.145 0.133399 0.585077
0.1475 0.124696 0.563065
0.15 0.116689 0.541538
0.1525 0.109312 0.520498
0.155 0.102509 0.499944
0.1575 0.0962245 0.479871
0.16 0.0904128 0.460275
0.1625 0.0850343 0.441149
0.165 0.0800469 0.422486
0.1675 0.0754205 0.404278
0.17 0.071122 0.386516
0.1725 0.0671253 0.36919
0.175 0.0634053 0.35229
0.1775 0.0599393 0.335808
0.18 0.0567065 0.319731
0.1825 0.0536897 0.304051
0.185 0.050872 0.288757
0.1875 0.0482363 0.273837
0.19 0.0457732 0.259282
0.1925 0.0434655 0.24508
0.195 0.0413054 0.23122
0.1975 0.0392813 0.217693
0.2 0.0373844 0.204486
0.2025 0.0356047 0.191587
0.205 0.033937 0.178986
0.2075 0.0323735 0.166671
0.21 0.0309082 0.154628
0.2125 0.0295351 0.142846
0.215 0.0282512 0.13131
0.2175 0.0270481 0.120006
0.22 0.025921 0.108918
0.2225 0.0248586 0.0980328
0.225 0.0238395 0.0873337
0.2275 0.0228341 0.0768094
0.23 0.0217889 0.0664546
0.2325 0.0206243 0.0562779
0.235 0.0192304 0.0463123
0.2375 0.0174654 0.0366301
0.24 0.0151756 0.0273619
0.2425 0.012237 0.0187165
0.245 0.00861361 0.0109964
0.2475 0.00442896 0.00459974
