TITLE="Graphics"
VARIABLES= "rj, cm", "F", "dT/dt" 
0 2.39161e-12 2.39161e-12
0.0025 2.1616e-12 2.1616e-12
0.005 2.27581e-12 2.27581e-12
0.0075 2.14733e-12 2.14733e-12
0.01 1.84557e-12 1.84557e-12
0.0125 2.35007e-12 2.35007e-12
0.015 75.4855 4.05191e-12
0.0175 487974 121.47
0.02 56.5304 9.63261e-10
0.0225 2.22365e-06 1.32723e-08
0.025 1.50072e-05 1.21957e-07
0.0275 5.89018e-05 7.08717e-07
0.03 0.000101262 2.32748e-06
0.0325 5.63275e-06 3.45133e-06
0.035 0.000175019 1.67784e-06
0.0375 1.8996e-06 6.42911e-07
0.04 4.96076e-05 9.1281e-07
0.0425 0.000127059 1.47605e-06
0.045 0.000438703 1.42306e-05
0.0475 0.0023352 2.36215e-06
0.0475003 2.71311e-15 2.595e-10
0.05 5.62352 2.8102
0.0525 0.720006 3.90524
0.055 1.23713 4.7542
0.0575 3.53712 5.45368
0.06 6.01353 6.04948
0.0625 8.57075 6.56715
0.065 11.1499 7.0226
0.0675 13.7129 7.4265
0.07 16.2338 7.78647
0.0725 18.6948 8.10814
0.075 21.0831 8.39585
0.0775 23.3896 8.65303
0.08 25.6075 8.88243
0.0825 27.7318 9.08632
0.085 29.7591 9.26661
0.0875 31.6866 9.4249
0.09 33.5125 9.56258
0.0925 35.2358 9.68085
0.095 36.8555 9.78075
0.0975 38.3716 9.86323
0.1 39.7839 9.92912
0.1025 41.0929 9.97918
0.105 42.299 10.0141
0.1075 43.4029 10.0345
0.11 44.4057 10.041
0.1125 45.3085 10.034
0.115 46.1123 10.0143
0.1175 46.8186 9.98208
0.12 47.4289 9.93797
0.1225 47.9447 9.88237
0.125 48.3677 9.81571
0.1275 48.6995 9.73838
0.13 48.9422 9.65078
0.1325 49.0974 9.55331
0.135 49.1672 9.44632
0.1375 49.1536 9.3302
0.14 49.0587 9.20531
0.1425 48.8846 9.072
0.145 48.6334 8.93062
0.1475 48.3074 8.78152
0.15 47.9089 8.62505
0.1525 47.44 8.46155
0.155 46.9032 8.29136
0.1575 46.3008 8.11481
0.16 45.6352 7.93224
0.1625 44.9088 7.74399
0.165 44.1239 7.55038
0.1675 43.2831 7.35175
0.17 42.3888 7.14842
0.1725 41.4434 6.94072
0.175 40.4494 6.72898
0.1775 39.4093 6.51351
0.18 38.3256 6.29464
0.1825 37.2007 6.07269
0.185 36.0372 5.84798
0.1875 34.8375 5.62081
0.19 33.604 5.39151
0.1925 32.3393 5.16038
0.195 31.0458 4.92773
0.1975 29.726 4.69387
0.2 28.3821 4.4591
0.2025 27.0168 4.2237
0.205 25.6323 3.98799
0.2075 24.231 3.75225
0.21 22.8153 3.51676
0.2125 21.3875 3.28182
0.215 19.9498 3.04769
0.2175 18.5046 2.81466
0.22 17.054 2.58299
0.2225 15.6004 2.35294
0.225 14.1458 2.12479
0.2275 12.6924 1.89877
0.23 11.2423 1.67514
0.2325 9.79753 1.45415
0.235 8.36017 1.23602
0.2375 6.93218 1.02099
0.24 5.51551 0.809292
0.2425 4.11207 0.601134
0.245 2.7237 0.39673
0.2475 1.35223 0.196286
