TITLE="Graphics"
VARIABLES= "rj, cm", "F", "dT/dt" 
0 2.15876e-05 18.2846
0.0025 2.14954e-05 18.1946
0.005 2.12418e-05 17.9457
0.0075 2.0813e-05 17.5161
0.01 2.02392e-05 16.9146
0.0125 1.95766e-05 16.1508
0.015 1.89222e-05 15.2351
0.0175 1.84034e-05 14.1764
0.02 1.80717e-05 12.9806
0.0225 1.75798e-05 11.6495
0.025 1.56619e-05 10.1898
0.0275 1.01792e-05 8.63996
0.03 1.04627e-06 7.11542
0.0325 6.35148e-07 5.80114
0.035 3.40656e-05 4.68925
0.0375 1.8099e-05 2.93212
0.04 0.000495154 1.03789
0.0425 20.8537 7.16314
0.045 46351.3 46221.2
0.0475 983298 736946
0.04775 2.77556e-17 8.67376e-06
0.05 82.1839 26.054
0.0525 51.1666 11.4875
0.055 41.6955 7.22502
0.0575 34.6728 3.87655
0.06 29.1949 1.13011
0.0625 24.8187 1.1516
0.065 21.265 3.06312
0.0675 18.3434 4.67444
0.07 15.9173 6.03877
0.0725 13.8859 7.19726
0.075 12.1726 8.18218
0.0775 10.7182 9.0192
0.08 9.47649 9.72904
0.0825 8.41066 10.3286
0.085 7.49137 10.8319
0.0875 6.6949 11.2507
0.09 6.00193 11.5948
0.0925 5.39664 11.8726
0.095 4.86598 12.0914
0.0975 4.39913 12.2574
0.1 3.98708 12.3762
0.1025 3.62224 12.4524
0.105 3.29827 12.4905
0.1075 3.00978 12.494
0.11 2.75219 12.4664
0.1125 2.52161 12.4107
0.115 2.3147 12.3296
0.1175 2.1286 12.2255
0.12 1.96086 12.1007
0.1225 1.80932 11.9572
0.125 1.67216 11.7968
0.1275 1.54775 11.6212
0.13 1.43471 11.4319
0.1325 1.33181 11.2304
0.135 1.23797 11.0179
0.1375 1.15225 10.7957
0.14 1.07383 10.5649
0.1425 1.00197 10.3265
0.145 0.936017 10.0815
0.1475 0.875404 9.83062
0.15 0.819618 9.57481
0.1525 0.768204 9.3148
0.155 0.720758 9.05128
0.1575 0.676918 8.78488
0.16 0.636358 8.51622
0.1625 0.598792 8.24585
0.165 0.563954 7.97427
0.1675 0.531612 7.70198
0.17 0.501554 7.4294
0.1725 0.473589 7.15694
0.175 0.447544 6.88498
0.1775 0.423264 6.61386
0.18 0.400607 6.34391
0.1825 0.379443 6.07541
0.185 0.359658 5.80865
0.1875 0.341144 5.54385
0.19 0.323805 5.28125
0.1925 0.307552 5.02105
0.195 0.292305 4.76345
0.1975 0.27799 4.50861
0.2 0.264539 4.25668
0.2025 0.251891 4.00782
0.205 0.239988 3.76213
0.2075 0.228779 3.51974
0.21 0.218217 3.28075
0.2125 0.208255 3.04524
0.215 0.198855 2.81329
0.2175 0.189978 2.58497
0.22 0.181591 2.36033
0.2225 0.173661 2.13942
0.225 0.16616 1.92227
0.2275 1.10297e+06 1.70888
0.23 1.2576e+07 1.03921e+07
0.2325 1.08265e+06 1.29336
0.235 0.139936 1.09112
0.2375 0.134216 0.892431
0.24 0.128791 0.697135
0.2425 0.123632 0.505037
0.245 0.118497 0.315995
0.2475 0.108734 0.132031
