TITLE="Graphics"
VARIABLES= "rj, cm", "F", "dT/dt" 
0 3.31021e-05 22.4718
0.0025 3.29706e-05 22.3641
0.005 3.26052e-05 22.0661
0.0075 3.19686e-05 21.5515
0.01 3.10647e-05 20.8305
0.0125 2.9897e-05 19.9154
0.015 2.84709e-05 18.8206
0.0175 141.949 17.5635
0.02 2.41156e+06 2.41133e+06
0.0225 110.284 14.6447
0.025 2.04118e-05 13.0305
0.0275 1.79148e-05 11.3482
0.03 1.52967e-05 9.62632
0.0325 1.26142e-05 7.89433
0.035 9.9205e-06 6.18165
0.0375 7.19659e-06 4.51702
0.04 3.94691e-05 2.92913
0.0425 23.2005 2.2172
0.045 45745.4 104.112
0.0475 773800 60.1218
0.04775 0 1.83717e-08
0.05 0.137036 13.6964
0.0525 0.129739 10.6219
0.055 0.111872 8.36539
0.0575 0.0946631 6.74345
0.06 0.0802342 5.54033
0.0625 0.0683364 4.61775
0.065 0.058744 3.88875
0.0675 0.0508352 3.30151
0.07 0.0442343 2.82176
0.0725 0.0386794 2.42548
0.075 0.0339721 2.09522
0.0775 0.0299584 1.81791
0.08 0.026518 1.58357
0.0825 0.0235545 1.38441
0.085 0.0209912 1.21428
0.0875 0.0187649 1.06827
0.09 0.0168243 0.942411
0.0925 0.0151269 0.833503
0.095 0.0136369 0.738911
0.0975 0.0123248 0.656473
0.1 0.0111665 0.584396
0.1025 0.0101407 0.521191
0.105 0.00922919 0.465613
0.1075 0.00841765 0.416613
0.11 0.00769358 0.37331
0.1125 0.00704516 0.334957
0.115 0.00646328 0.300916
0.1175 0.00594089 0.270646
0.12 0.00546956 0.243681
0.1225 0.00504406 0.219623
0.125 0.00465941 0.198126
0.1275 0.00431034 0.178893
0.13 0.0039937 0.161665
0.1325 0.00370517 0.146216
0.135 0.00344248 0.13235
0.1375 0.00320256 0.119894
0.14 0.00298396 0.108698
0.1425 0.00278369 0.098635
0.145 0.00259956 0.0895933
0.1475 0.00242751 0.0814718
0.15 0.00227172 0.0741526
0.1525 0.00212961 0.0675575
0.155 0.00199752 0.0616228
0.1575 0.00187526 0.0562871
0.16 0.00176243 0.0514946
0.1625 0.00165762 0.0471922
0.165 0.00156076 0.0433343
0.1675 0.00147061 0.0398788
0.17 0.00138695 0.036789
0.1725 0.00130953 0.034031
0.175 0.00123663 0.0315757
0.1775 0.00116974 0.0293945
0.18 0.00110674 0.027465
0.1825 0.00104803 0.0257647
0.185 0.000993139 0.0242737
0.1875 0.000941933 0.0229747
0.19 0.000894178 0.0218519
0.1925 0.000848878 0.0208914
0.195 0.000807269 0.02008
0.1975 0.000767675 0.0194074
0.2 0.000730446 0.0188632
0.2025 0.000696099 0.0184382
0.205 0.00066329 0.0181262
0.2075 0.000632304 0.017919
0.21 0.000603476 0.0178104
0.2125 0.00057557 0.0177941
0.215 0.000549524 0.0178609
0.2175 0.000523242 0.0180019
0.22 0.000499684 0.0182027
0.2225 0.000474135 0.0184507
0.225 0.000448196 0.0187171
0.2275 0.000420561 0.0189594
0.23 0.000390704 0.0191162
0.2325 0.000356661 0.0191032
0.235 0.000318346 0.0188049
0.2375 0.000275908 0.0180701
0.24 0.000226907 0.0167098
0.2425 0.000174127 0.0144957
0.245 0.000117151 0.0111666
0.2475 5.78662e-05 0.00643431
