TITLE="Graphics"
VARIABLES= "rj, cm", "F", "dT/dt" 
0 6.65062e-10 2.30565e-08
0.0025 5.60497e-10 2.28699e-08
0.005 5.53031e-10 2.23586e-08
0.0075 5.23384e-10 2.14901e-08
0.01 5.48724e-10 2.02789e-08
0.0125 4.58846e-10 1.87633e-08
0.015 4.51806e-10 1.69822e-08
0.0175 3.9105e-10 1.49751e-08
0.02 3.27223e-10 1.28021e-08
0.0225 3.17905e-10 1.05163e-08
0.025 2.09314e-10 8.1831e-09
0.0275 1.90015e-10 5.86098e-09
0.03 1.16186e-10 3.61747e-09
0.0325 2.84581e-11 1.51976e-09
0.035 4.36813e-08 3.7403e-10
0.0375 6.28109e-06 6.35715e-09
0.04 132.084 3.71688e-07
0.0425 491.592 242.941
0.045 117.396 1.579e-08
0.0475 124.193 6.01698e-07
0.0475003 0.00144948 3.70805e-11
0.05 0.116773 0.401782
0.0525 1.80865 0.555324
0.055 2.68296 0.673081
0.0575 3.55578 0.768972
0.06 4.41159 0.849645
0.0625 5.24133 0.918838
0.065 6.03968 0.978893
0.0675 6.80353 1.03139
0.07 7.5311 1.07748
0.0725 8.22148 1.11799
0.075 8.87426 1.1536
0.0775 9.48941 1.18481
0.08 10.0671 1.21206
0.0825 10.6078 1.2357
0.085 11.1119 1.25601
0.0875 11.58 1.27327
0.09 12.0126 1.28767
0.0925 12.4106 1.29941
0.095 12.7744 1.30867
0.0975 13.105 1.31558
0.1 13.4029 1.32029
0.1025 13.669 1.32291
0.105 13.904 1.32356
0.1075 14.1087 1.32233
0.11 14.2839 1.31932
0.1125 14.4304 1.31462
0.115 14.5488 1.30831
0.1175 14.6402 1.30047
0.12 14.7051 1.29116
0.1225 14.7445 1.28046
0.125 14.7591 1.26843
0.1275 14.7498 1.25514
0.13 14.7173 1.24064
0.1325 14.6624 1.22499
0.135 14.586 1.20825
0.1375 14.4887 1.19048
0.14 14.3715 1.17171
0.1425 14.2351 1.15202
0.145 14.0802 1.13144
0.1475 13.9077 1.11002
0.15 13.7183 1.08781
0.1525 13.5129 1.06486
0.155 13.292 1.04121
0.1575 13.0566 1.01691
0.16 12.8073 0.991998
0.1625 12.5448 0.96652
0.165 12.27 0.940518
0.1675 11.9835 0.914032
0.17 11.686 0.887103
0.1725 11.3782 0.859771
0.175 11.0608 0.832076
0.1775 10.7345 0.804056
0.18 10.3999 0.775748
0.1825 10.0578 0.74719
0.185 9.70864 0.718419
0.1875 9.35317 0.68947
0.19 8.99199 0.660379
0.1925 8.6257 0.631181
0.195 8.25489 0.60191
0.1975 7.88015 0.572599
0.2 7.50204 0.54328
0.2025 7.12112 0.513987
0.205 6.73794 0.48475
0.2075 6.35302 0.455601
0.21 5.96689 0.426569
0.2125 5.58005 0.397684
0.215 5.193 0.368975
0.2175 4.80622 0.340469
0.22 4.42017 0.312196
0.2225 4.03533 0.28418
0.225 3.65213 0.256449
0.2275 3.271 0.229027
0.23 2.89237 0.20194
0.2325 2.51665 0.175211
0.235 2.14424 0.148863
0.2375 1.77552 0.12292
0.24 1.41088 0.0974021
0.2425 1.05066 0.0723313
0.245 0.695241 0.0477278
0.2475 0.34495 0.0236111
