TITLE="Graphics"
VARIABLES= "rj, cm", "F", "dT/dt" 
0 0.000628443 28.3465
0.0025 0.000626693 28.2187
0.005 0.00062179 27.8645
0.0075 0.000613087 27.2512
0.01 0.000600381 26.3887
0.0125 0.000583383 25.288
0.015 0.000561766 23.963
0.0175 0.000535216 22.4306
0.02 0.000503503 20.7111
0.0225 0.000466558 18.8287
0.025 0.000424586 16.8115
0.0275 0.000378171 14.6911
0.03 0.000328295 12.502
0.0325 0.000275746 10.281
0.035 0.000219013 8.0656
0.0375 0.000160097 5.89695
0.04 0.00192524 3.81744
0.0425 0.923436 2.34389
0.045 1.30409 92.5685
0.0475 1.34766 53.9032
0.04775 1.38778e-17 1.59259e-08
0.05 1.58505 16.4075
0.0525 1.59562 13.6585
0.055 1.44 11.2049
0.0575 1.25766 9.2472
0.06 1.08772 7.70366
0.0625 0.939873 6.47602
0.065 0.814163 5.48719
0.0675 0.707913 4.68088
0.07 0.618037 4.01628
0.0725 0.541747 3.4634
0.075 0.476707 2.99978
0.0775 0.421011 2.60832
0.08 0.373107 2.27579
0.0825 0.331739 1.99179
0.085 0.295876 1.74804
0.0875 0.264674 1.53793
0.09 0.237431 1.35607
0.0925 0.213565 1.19808
0.095 0.192589 1.06035
0.0975 0.174093 0.939904
0.1 0.157736 0.834248
0.1025 0.143238 0.741296
0.105 0.130395 0.659295
0.1075 0.119133 0.586793
0.11 0.117507 0.522675
0.1125 0.0908881 0.471293
0.115 0.091562 0.420525
0.1175 0.0843136 0.375439
0.12 0.0776305 0.335445
0.1225 0.0715593 0.299942
0.125 0.0660641 0.268388
0.1275 0.061087 0.240311
0.13 0.0565716 0.215305
0.1325 0.0524671 0.193017
0.135 0.0487285 0.173143
0.1375 0.0453155 0.155415
0.14 0.0421965 0.1396
0.1425 0.0393388 0.125491
0.145 0.0367182 0.112908
0.1475 0.0343104 0.101689
0.15 0.0320952 0.091692
0.1525 0.0300545 0.082789
0.155 0.0281736 0.0748672
0.1575 0.0264346 0.0678261
0.16 0.0248282 0.0615751
0.1625 0.0233405 0.0560341
0.165 0.0219634 0.0511307
0.1675 0.0206838 0.0468011
0.17 0.0194981 0.0429871
0.1725 0.0183943 0.0396374
0.175 0.0173681 0.0367058
0.1775 0.0164137 0.034151
0.18 0.0155228 0.0319362
0.1825 0.0146924 0.0300283
0.185 0.0139175 0.0283976
0.1875 0.0131938 0.0270181
0.19 0.0125156 0.0258663
0.1925 0.0118833 0.0249209
0.195 0.011289 0.0241636
0.1975 0.0107315 0.0235775
0.2 0.0102095 0.0231471
0.2025 0.00971558 0.0228588
0.205 0.00925062 0.022699
0.2075 0.00880905 0.022655
0.21 0.00838725 0.0227133
0.2125 0.00798217 0.0228588
0.215 0.00758817 0.0230744
0.2175 0.00719978 0.0233387
0.22 0.00680858 0.0236246
0.2225 0.00640902 0.0238964
0.225 0.00598268 0.024107
0.2275 0.00551263 0.0241917
0.23 0.00445801 0.0240604
0.2325 0.00523914 0.0233516
0.235 0.00405254 0.022546
0.2375 0.00341702 0.0212089
0.24 0.0027617 0.0191629
0.2425 1.12947e+06 0.0162215
0.245 2.74816e+06 510783
0.2475 1.1097e+06 0.00684734
