TITLE="Graphics"
VARIABLES= "rj, cm", "F", "dT/dt" 
0 6.40253e-05 21.5923
0.0025 6.37627e-05 21.4882
0.005 6.30338e-05 21.2
0.0075 6.17656e-05 20.7026
0.01 5.99685e-05 20.0059
0.0125 5.76535e-05 19.1222
0.015 5.48348e-05 18.0658
0.0175 5.1533e-05 16.8536
0.02 4.77772e-05 15.5054
0.0225 4.36078e-05 14.0431
0.025 3.90808e-05 12.4909
0.0275 3.42722e-05 10.8749
0.03 2.92852e-05 9.22214
0.0325 2.42495e-05 7.56038
0.035 1.92727e-05 5.91672
0.0375 1.43543e-05 4.31708
0.04 8.64501e-05 2.78637
0.0425 22.2204 2.11999
0.045 42239.2 105.916
0.0475 773794 59.8603
0.04775 1.38778e-17 1.8967e-08
0.05 0.335883 10.4117
0.0525 0.278974 8.29162
0.055 0.227365 6.84265
0.0575 0.189672 5.73814
0.06 0.160984 4.85196
0.0625 0.138022 4.12688
0.065 0.119123 3.52776
0.0675 0.103357 3.029
0.07 0.0901066 2.61096
0.0725 0.0789074 2.25838
0.075 0.0693924 1.95935
0.0775 0.0612677 1.70449
0.08 0.0542952 1.48636
0.0825 0.0482836 1.29898
0.085 0.0430773 1.13749
0.0875 0.0385492 0.997921
0.09 0.0345956 0.876981
0.0925 0.0311311 0.771933
0.095 0.0280847 0.680483
0.0975 0.0253981 0.600695
0.1 0.0230224 0.530937
0.1025 0.0209163 0.469826
0.105 0.0190442 0.416194
0.1075 0.0173759 0.369046
0.11 0.0158845 0.327536
0.1125 0.0145492 0.290939
0.115 0.0133503 0.258631
0.1175 0.0122712 0.230076
0.12 0.0112983 0.204809
0.1225 0.0104193 0.182428
0.125 0.00962407 0.162584
0.1275 0.00890317 0.144974
0.13 0.00825156 0.129337
0.1325 0.00766274 0.115461
0.135 0.00709697 0.103177
0.1375 0.00660865 0.0922069
0.14 0.00615814 0.0824357
0.1425 0.00574382 0.0737447
0.145 0.00536172 0.066018
0.1475 0.00501199 0.0591497
0.15 0.00468912 0.0530471
0.1525 0.00439324 0.0476276
0.155 0.0041191 0.0428193
0.1575 0.00386659 0.0385577
0.16 0.00363304 0.0347861
0.1625 0.00341688 0.0314542
0.165 0.00321666 0.0285175
0.1675 0.00303057 0.0259356
0.17 0.00285819 0.023673
0.1725 0.00269749 0.0216983
0.175 0.00254817 0.0199829
0.1775 0.00240888 0.0185003
0.18 0.00227897 0.0172291
0.1825 0.00215791 0.0161474
0.185 0.00204465 0.0152376
0.1875 0.00193842 0.0144816
0.19 0.0018395 0.0138658
0.1925 0.00174637 0.0133757
0.195 0.00165927 0.0129985
0.1975 0.00157713 0.012724
0.2 0.00150036 0.0125395
0.2025 1.05099e+06 0.0124371
0.205 6.07038e+06 3.99129e+06
0.2075 1.02981e+06 0.0124372
0.21 0.00123303 0.0125212
0.2125 0.0011752 0.0126472
0.215 0.00111938 0.0128054
0.2175 0.00106659 0.0129829
0.22 0.00101559 0.0131674
0.2225 0.000966102 0.0133434
0.225 0.000918344 0.0134924
0.2275 0.000874248 0.0135928
0.23 0.000826478 0.0136313
0.2325 0.000774987 0.0135712
0.235 0.000717538 0.013358
0.2375 0.000647851 0.0129094
0.24 0.000560681 0.0120945
0.2425 0.000450604 0.0107173
0.245 0.000315491 0.00849695
0.2475 0.000161664 0.00506812
