TITLE="Graphics"
VARIABLES= "rj, cm", "F", "dT/dt" 
0 9.24087e-09 1.18959e-07
0.0025 9.11919e-09 1.18207e-07
0.005 9.15748e-09 1.16141e-07
0.0075 9.06699e-09 1.12533e-07
0.01 8.90073e-09 1.07442e-07
0.0125 8.77907e-09 1.00913e-07
0.015 8.45221e-09 9.29969e-08
0.0175 8.01387e-09 8.38157e-08
0.02 7.34599e-09 7.35069e-08
0.0225 6.70869e-09 6.22874e-08
0.025 5.70335e-09 5.03708e-08
0.0275 4.75919e-09 3.80862e-08
0.03 3.57808e-09 2.57244e-08
0.0325 2.54491e-09 1.36361e-08
0.035 1.39523e-09 2.12214e-09
0.0375 2.2024e-07 8.47916e-09
0.04 1.05857e-06 3.14574e-08
0.0425 1.49725e-05 2.74015e-07
0.045 7.84296e-05 1.7938e-07
0.0475 1.63145e-07 1.01271e-07
0.0475003 2.84495e-16 2.08233e-11
0.05 1.45911 0.22555
0.0525 3.02031 0.30909
0.055 3.93559 0.371779
0.0575 4.7605 0.421555
0.06 5.50881 0.462259
0.0625 6.18853 0.496073
0.065 6.80529 0.524385
0.0675 7.3636 0.548146
0.07 7.86733 0.568046
0.0725 8.3199 0.584612
0.075 8.7244 0.598255
0.0775 9.08371 0.609309
0.08 9.40048 0.61805
0.0825 9.6772 0.62471
0.085 9.91621 0.629488
0.0875 10.1197 0.632556
0.09 10.2898 0.634066
0.0925 10.4285 0.634151
0.095 10.5377 0.632934
0.0975 10.619 0.630522
0.1 10.6743 0.627013
0.1025 10.7052 0.622499
0.105 10.7132 0.617062
0.1075 10.6997 0.610778
0.11 10.6662 0.603719
0.1125 10.614 0.59595
0.115 10.5443 0.587533
0.1175 10.4585 0.578525
0.12 10.3575 0.568981
0.1225 10.2425 0.558951
0.125 10.1146 0.548482
0.1275 9.97477 0.53762
0.13 9.8239 0.526407
0.1325 9.66292 0.514881
0.135 9.49267 0.503082
0.1375 9.31398 0.491045
0.14 9.12761 0.478802
0.1425 8.93429 0.466385
0.145 8.73471 0.453824
0.1475 8.52955 0.441148
0.15 8.31941 0.428381
0.1525 8.1049 0.41555
0.155 7.88658 0.402676
0.1575 7.66497 0.389783
0.16 7.44059 0.37689
0.1625 7.21391 0.364017
0.165 6.98538 0.35118
0.1675 6.75542 0.338397
0.17 6.52443 0.325683
0.1725 6.29279 0.313053
0.175 6.06086 0.300518
0.1775 5.82897 0.288092
0.18 5.59744 0.275785
0.1825 5.36654 0.263608
0.185 5.13657 0.251568
0.1875 4.90777 0.239676
0.19 4.68038 0.227937
0.1925 4.45462 0.216358
0.195 4.23069 0.204946
0.1975 4.00878 0.193704
0.2 3.78906 0.182638
0.2025 3.57169 0.171751
0.205 3.35681 0.161045
0.2075 3.14453 0.150524
0.21 2.93499 0.140189
0.2125 2.72827 0.130041
0.215 2.52446 0.120082
0.2175 2.32365 0.11031
0.22 2.12588 0.100728
0.2225 1.93121 0.0913328
0.225 1.73969 0.0821252
0.2275 1.55134 0.0731037
0.23 1.36618 0.064267
0.2325 1.11382e+06 0.0556135
0.235 2.20909e+06 203.982
0.2375 1.09365e+06 0.0388487
0.24 0.657652 0.0307333
0.2425 0.488512 0.022793
0.245 0.322537 0.0150256
0.2475 0.159705 0.00742871
