TITLE="Graphics"
VARIABLES= "rj, cm", "F", "dT/dt" 
0 6.31179e-10 4.2176e-12
0.0025 6.33468e-11 3.63624e-12
0.005 1.0235e-11 1.83821e-12
0.0075 1.74774e-11 2.84076e-12
0.01 5.62694e-11 7.05478e-12
0.0125 4.00286e-11 2.21666e-12
0.015 8.70854e-11 4.46501e-12
0.0175 2.05068e-10 6.44095e-13
0.02 5.89747e-09 1.74368e-11
0.0225 9.41636e-08 4.47884e-10
0.025 6.60326e-07 5.63381e-09
0.0275 1.1483e-06 2.68589e-08
0.03 1.16624e-06 2.35992e-08
0.0325 7.32658e-07 3.7791e-08
0.035 3.63105e-06 8.48449e-08
0.0375 9.86299e-06 7.80883e-08
0.04 2.78934e-06 1.20859e-07
0.0425 2.28879e-05 3.69032e-07
0.045 3.87629e-05 1.39445e-06
0.0475 0.000228377 1.85868e-07
0.0475003 4.30211e-16 3.8689e-12
0.05 0.57682 0.0420111
0.0525 1.03884 0.0585287
0.055 1.32499 0.0714402
0.0575 1.57695 0.0821801
0.06 1.80151 0.0914263
0.0625 2.00239 0.0995558
0.065 2.18198 0.106802
0.0675 2.34198 0.113322
0.07 2.48372 0.119225
0.0725 2.60828 0.124594
0.075 2.71658 0.129489
0.0775 2.80947 0.133959
0.08 2.8877 0.138044
0.0825 2.95201 0.141773
0.085 3.00306 0.145173
0.0875 3.04153 0.148263
0.09 3.06807 0.151064
0.0925 3.08332 0.153588
0.095 3.08789 0.155848
0.0975 606192 0.157856
0.1 1.19467e+06 84.0956
0.1025 589346 0.16115
0.105 3.01182 0.162451
0.1075 2.97224 0.163529
0.11 2.92562 0.164392
0.1125 2.87256 0.165042
0.115 2.81361 0.165485
0.1175 2.74934 0.165725
0.12 2.6803 0.165766
0.1225 2.60703 0.165611
0.125 2.53005 0.165264
0.1275 2.44988 0.164727
0.13 2.36699 0.164005
0.1325 2.28187 0.163101
0.135 2.19498 0.162017
0.1375 2.10676 0.160757
0.14 2.01762 0.159324
0.1425 1.92798 0.157722
0.145 1.83821 0.155954
0.1475 1.74866 0.154024
0.15 1.65969 0.151936
0.1525 1.5716 0.149693
0.155 1.48469 0.1473
0.1575 1.39924 0.144761
0.16 1.31549 0.14208
0.1625 1.23369 0.139262
0.165 1.15402 0.136312
0.1675 1.07668 0.133235
0.17 1.00184 0.130035
0.1725 0.929638 0.126718
0.175 0.860195 0.12329
0.1775 0.793616 0.119756
0.18 0.729984 0.116122
0.1825 0.669359 0.112394
0.185 0.611791 0.108578
0.1875 0.557301 0.10468
0.19 0.505901 0.100707
0.1925 0.457583 0.0966642
0.195 0.412323 0.092559
0.1975 0.370083 0.0883978
0.2 0.330811 0.0841874
0.2025 0.294438 0.0799343
0.205 0.260888 0.0756456
0.2075 0.230068 0.0713279
0.21 0.201879 0.0669881
0.2125 0.176211 0.0626332
0.215 0.152942 0.0582698
0.2175 0.131946 0.053905
0.22 0.113089 0.0495454
0.2225 0.0962334 0.0451977
0.225 0.0812316 0.0408688
0.2275 0.0679365 0.036565
0.23 0.0561986 0.0322931
0.2325 0.0458627 0.0280593
0.235 0.0367769 0.0238699
0.2375 0.0287866 0.0197311
0.24 0.0217393 0.0156489
0.2425 0.0154845 0.011629
0.245 0.00987064 0.00767732
0.2475 0.00475739 0.0037992
