TITLE="Graphics"
VARIABLES= "rj, cm", "F", "dT/dt" 
0 4.43574e-05 18.8534
0.0025 4.41634e-05 18.761
0.005 4.36273e-05 18.5052
0.0075 4.27047e-05 18.064
0.01 4.14252e-05 17.4467
0.0125 3.98445e-05 16.664
0.015 3.80828e-05 15.7284
0.0175 3.6415e-05 14.653
0.02 3.54289e-05 13.4488
0.0225 3.60825e-05 12.1192
0.025 3.87447e-05 10.6502
0.0275 3.91434e-05 9.00872
0.03 2.12437e-05 7.19307
0.0325 3.80771e-05 5.41194
0.035 0.000118011 4.32626
0.0375 8.22396e-05 4.75968
0.04 0.000380633 6.10159
0.0425 22.2166 5.74135
0.045 42250.8 105.917
0.0475 773805 61.4652
0.04775 4.85723e-17 1.89337e-08
0.05 0.259936 9.08983
0.0525 0.226679 6.36099
0.055 0.185682 4.72083
0.0575 0.153456 3.63536
0.06 0.128632 2.85204
0.0625 0.109298 2.25171
0.065 0.0938299 1.77532
0.0675 0.0811739 1.38983
0.07 0.0706489 1.0743
0.0725 0.0617825 0.814124
0.075 0.05443 0.598293
0.0775 0.0478 0.419914
0.08 0.0424644 0.270148
0.0825 0.037722 0.145251
0.085 0.0336295 0.0408534
0.0875 0.03009 0.0464697
0.09 0.0269952 0.119441
0.0925 0.0242899 0.180311
0.095 0.0219148 0.230929
0.0975 0.0198228 0.272824
0.1 0.0179742 0.307275
0.1025 0.0163361 0.335353
0.105 0.0148795 0.357959
0.1075 0.013582 0.37586
0.11 0.0124221 0.389705
0.1125 0.0113831 0.400051
0.115 0.0104505 0.407374
0.1175 0.00961071 0.412084
0.12 0.00885356 0.414535
0.1225 0.00816943 0.415031
0.125 0.0075495 0.413839
0.1275 0.00698698 0.411189
0.13 0.00647647 0.407282
0.1325 0.00601052 0.402291
0.135 0.00558644 0.396369
0.1375 0.00519859 0.389651
0.14 0.00484369 0.382252
0.1425 0.0045186 0.374274
0.145 0.00422004 0.365807
0.1475 0.00394585 0.35693
0.15 0.00369348 0.347711
0.1525 0.00346084 0.338211
0.155 0.00324605 0.328483
0.1575 0.00304798 0.318574
0.16 0.00286458 0.308523
0.1625 0.00269412 0.298369
0.165 0.00253745 0.288141
0.1675 0.00239047 0.277868
0.17 0.00225506 0.267574
0.1725 0.00212852 0.25728
0.175 0.00201101 0.247005
0.1775 0.00190107 0.236765
0.18 0.00179886 0.226574
0.1825 0.00170321 0.216446
0.185 0.001614 0.20639
0.1875 0.00153021 0.196415
0.19 0.00145211 0.186531
0.1925 1.02829e+06 0.176744
0.195 7.1126e+06 5.07628e+06
0.1975 1.00678e+06 0.157485
0.2 0.0011845 0.148023
0.2025 0.0011275 0.138676
0.205 0.00107397 0.129449
0.2075 0.00102382 0.120342
0.21 0.000976273 0.111358
0.2125 0.000931644 0.102494
0.215 0.00089031 0.0937533
0.2175 0.000849849 0.0851311
0.22 0.000813063 0.0766285
0.2225 0.000775725 0.0682435
0.225 0.000740006 0.0599818
0.2275 0.000703164 0.0518532
0.23 0.000662566 0.0438816
0.2325 0.000617658 0.0361109
0.235 0.000564441 0.028616
0.2375 0.000500671 0.0215129
0.24 0.000423004 0.0149707
0.2425 0.000331733 0.00922338
0.245 0.000226842 0.00456907
0.2475 0.00011351 0.00136349
