TITLE="Graphics"
VARIABLES= "rj, cm", "F", "dT/dt" 
0 2.22915e-05 18.9612
0.0025 2.21941e-05 18.8682
0.005 2.19244e-05 18.6112
0.0075 2.14596e-05 18.1678
0.01 2.08128e-05 17.5473
0.0125 2.00074e-05 16.7607
0.015 1.90932e-05 15.8208
0.0175 1.8186e-05 14.7412
0.02 1.75594e-05 13.5343
0.0225 1.7763e-05 12.206
0.025 1.94089e-05 10.7443
0.0275 2.1333e-05 9.10797
0.03 1.56396e-05 7.25634
0.0325 1.45611e-05 5.32922
0.035 6.94478e-05 4.01466
0.0375 7.02602e-05 4.49292
0.04 0.000858812 6.55878
0.0425 22.7459 6.73702
0.045 44259.2 104.913
0.0475 773806 58.2915
0.04775 2.08167e-17 1.88563e-08
0.05 0.142358 6.83959
0.0525 0.113564 4.86202
0.055 0.0903559 3.74721
0.0575 0.0743925 2.96072
0.06 0.0627326 2.34265
0.0625 0.053582 1.83949
0.065 0.0461985 1.42458
0.0675 0.040067 1.08168
0.07 0.0349301 0.797866
0.0725 0.0305729 0.562814
0.075 0.0268848 0.367754
0.0775 0.023596 0.205876
0.08 0.0213643 0.0711777
0.0825 0.0188764 0.0404633
0.085 0.0168364 0.133124
0.0875 0.0150638 0.209913
0.09 0.0135173 0.273383
0.0925 0.0121638 0.32564
0.095 0.0109754 0.368421
0.0975 0.00992798 0.403169
0.1 0.00900283 0.431087
0.1025 0.00818263 0.45318
0.105 0.007454 0.470293
0.1075 0.00680442 0.483138
0.11 0.00622446 0.492318
0.1125 0.00570468 0.498346
0.115 0.00523791 0.501659
0.1175 0.00481835 0.502631
0.12 0.00443932 0.501585
0.1225 0.00409755 0.498797
0.125 0.00378721 0.494507
0.1275 0.00350668 0.488922
0.13 0.00325033 0.482224
0.1325 0.00301795 0.47457
0.135 0.00280552 0.466096
0.1375 0.00261159 0.456924
0.14 0.00243345 0.447159
0.1425 0.00227106 0.436894
0.145 0.00212133 0.42621
0.1475 0.00198428 0.415179
0.15 0.00185709 0.403864
0.1525 0.00174082 0.392322
0.155 0.00163321 0.3806
0.1575 0.0015333 0.368744
0.16 0.00144171 0.35679
0.1625 0.00135578 0.344773
0.165 0.0012772 0.332722
0.1675 0.00120322 0.320664
0.17 0.00113552 0.308621
0.1725 0.00107133 0.296615
0.175 0.00101244 0.284661
0.1775 0.000957437 0.272777
0.18 0.000905464 0.260976
0.1825 0.00085765 0.249269
0.185 0.000812757 0.237667
0.1875 0.000770409 0.226179
0.19 0.000730745 0.214812
0.1925 0.000694283 0.203576
0.195 0.000658962 0.192474
0.1975 0.000626392 0.181514
0.2 0.000595866 0.170701
0.2025 0.000566747 0.160039
0.205 0.000538877 0.149534
0.2075 0.000514081 0.13919
0.21 0.000488851 0.129011
0.2125 0.00046621 0.119001
0.215 0.000444399 0.109164
0.2175 0.00042409 0.0995041
0.22 0.000404539 0.0900227
0.2225 0.000386351 0.080722
0.225 0.00036886 0.0716031
0.2275 0.000352312 0.0626674
0.23 0.000335664 0.0539189
0.2325 0.000317748 0.0453689
0.235 0.00029735 0.0370451
0.2375 0.000272036 0.0290062
0.24 1.12684e+06 0.0213628
0.2425 1.26956e+07 1.04604e+07
0.245 1.10695e+06 0.00811172
0.2475 7.1202e-05 0.00318389
