TITLE="Graphics"
VARIABLES= "rj, cm", "F", "dT/dt" 
0 0.000738692 19.7199
0.0025 0.00073548 19.6237
0.005 0.000726611 19.3575
0.0075 0.000711244 18.8982
0.01 0.000689617 18.2555
0.0125 0.000662075 17.441
0.015 0.000629195 16.4682
0.0175 0.000592042 15.3528
0.02 0.000552626 14.1123
0.0225 0.000514763 12.7642
0.025 0.00048641 11.3243
0.0275 0.000495004 9.80116
0.03 0.000702631 8.17794
0.0325 0.00193506 6.29864
0.035 0.00543317 3.28663
0.0375 0.00396921 3.27849
0.04 0.0743811 6.12059
0.0425 0.00309319 45.9796
0.045 2.81441 85.6811
0.0475 14823.5 2109.12
0.04775 1.38778e-17 1.73641e-08
0.05 13.9307 50.0462
0.0525 3.34511 35.698
0.055 2.56606 26.4947
0.0575 2.36772 20.1304
0.06 2.02069 15.173
0.0625 1.68911 11.1162
0.065 1.41076 7.72053
0.0675 1.18433 4.84181
0.07 1.0007 2.38016
0.0725 0.851947 0.261401
0.075 0.724592 1.57196
0.0775 0.623095 3.16351
0.08 0.536781 4.54957
0.0825 0.463701 5.75906
0.085 0.401413 6.81553
0.0875 0.348003 7.73841
0.09 0.301966 8.54385
0.0925 0.2621 9.24542
0.095 0.227443 9.85459
0.0975 0.197207 10.3811
0.1 0.170751 10.8334
0.1025 0.147543 11.2187
0.105 0.12714 11.5434
0.1075 0.109171 11.813
0.11 0.0933249 12.0323
0.1125 708393 12.2056
0.115 1.67748e+06 281578
0.1175 688709 12.4296
0.12 0.0463844 12.4867
0.1225 0.0378465 12.5112
0.125 0.0303068 12.5054
0.1275 0.0236529 12.4718
0.13 0.0177907 12.4125
0.1325 0.0126349 12.3295
0.135 0.00811165 12.2245
0.1375 0.00415597 12.0991
0.14 0.000708134 11.9551
0.1425 0.00228199 11.7937
0.145 0.00486126 11.6163
0.1475 0.00706934 11.4242
0.15 0.00894604 11.2186
0.1525 0.0105203 11.0005
0.155 0.011825 10.771
0.1575 0.0128841 10.531
0.16 0.0137243 10.2815
0.1625 0.0143647 10.0234
0.165 0.0148278 9.75744
0.1675 0.0151275 9.48443
0.17 0.0152837 9.2051
0.1725 0.0153088 8.92016
0.175 0.015217 8.63026
0.1775 0.0150196 8.33605
0.18 0.0147282 8.03812
0.1825 0.0143525 7.73705
0.185 0.0139023 7.43337
0.1875 0.013385 7.12762
0.19 0.0128084 6.82027
0.1925 0.0121792 6.51181
0.195 0.0115045 6.20267
0.1975 0.0107888 5.8933
0.2 0.0100387 5.5841
0.2025 0.00925713 5.27545
0.205 0.00845193 4.96773
0.2075 0.00762327 4.6613
0.21 0.00677779 4.35649
0.2125 0.00591887 4.05362
0.215 0.00504799 3.75301
0.2175 0.00416766 3.45493
0.22 0.00327364 3.15968
0.2225 0.00235105 2.86752
0.225 0.00136657 2.57872
0.2275 0.000245114 2.29353
0.23 0.00116626 2.01226
0.2325 0.00314062 1.73527
0.235 0.00613697 1.46309
0.2375 0.0107647 1.19652
0.24 0.0174992 0.936794
0.2425 0.0256626 0.685751
0.245 0.0312688 0.445578
0.2475 0.0252059 0.217665
