TITLE="Graphics"
VARIABLES= "rj, cm", "F", "dT/dt" 
0 3.94577e-08 1.59028e-07
0.0025 3.94717e-08 1.58225e-07
0.005 3.93998e-08 1.55993e-07
0.0075 3.92413e-08 1.52108e-07
0.01 3.89075e-08 1.46605e-07
0.0125 3.84132e-08 1.39521e-07
0.015 3.75072e-08 1.30899e-07
0.0175 3.62028e-08 1.20822e-07
0.02 3.43118e-08 1.09402e-07
0.0225 3.19909e-08 9.6795e-08
0.025 2.88426e-08 8.31952e-08
0.0275 2.51475e-08 6.88674e-08
0.03 2.08474e-08 5.41117e-08
0.0325 1.58619e-08 3.92756e-08
0.035 1.069e-08 2.47595e-08
0.0375 5.16957e-09 1.09593e-08
0.04 1.68444e-07 1.70932e-09
0.0425 8.182e-06 2.37406e-08
0.045 1.10022e-05 2.81812e-07
0.0475 6.59442e-05 2.16442e-07
0.0475003 3.26128e-16 1.7964e-11
0.05 0.414465 0.194708
0.0525 0.269247 0.269176
0.055 0.584597 0.326384
0.0575 0.93272 0.373068
0.06 1.29856 0.412446
0.0625 1.67339 0.446322
0.065 2.05174 0.47583
0.0675 2.42994 0.501733
0.07 2.80535 0.524577
0.0725 3.176 0.54477
0.075 3.54029 0.562627
0.0775 3.89691 0.578397
0.08 4.24473 0.59228
0.0825 4.58277 0.604443
0.085 4.91013 0.615025
0.0875 5.22602 0.624144
0.09 5.5297 0.6319
0.0925 5.82052 0.638382
0.095 6.09789 0.643666
0.0975 6.36126 0.647821
0.1 6.61017 0.650908
0.1025 6.84418 0.652981
0.105 7.06295 0.654089
0.1075 7.26615 0.654279
0.11 7.45354 0.653592
0.1125 7.62492 0.652066
0.115 7.78015 0.649738
0.1175 7.91913 0.646641
0.12 8.04181 0.642808
0.1225 8.14821 0.638269
0.125 8.23837 0.633053
0.1275 8.31239 0.627188
0.13 8.37041 0.6207
0.1325 8.4126 0.613616
0.135 8.43919 0.605961
0.1375 8.45042 0.597759
0.14 8.44657 0.589035
0.1425 864099 0.579811
0.145 1.70485e+06 47.5433
0.1475 842154 0.559956
0.15 8.28713 0.549371
0.1525 8.21314 0.538376
0.155 8.12634 0.526994
0.1575 8.02715 0.515246
0.16 7.91605 0.503152
0.1625 7.7935 0.490735
0.165 7.65998 0.478015
0.1675 7.51598 0.465012
0.17 7.36199 0.451748
0.1725 7.19851 0.438242
0.175 7.02605 0.424514
0.1775 6.8451 0.410585
0.18 6.65617 0.396473
0.1825 6.45975 0.382199
0.185 6.25635 0.367782
0.1875 6.04647 0.353241
0.19 5.83058 0.338594
0.1925 5.60918 0.323862
0.195 5.38274 0.309061
0.1975 5.15175 0.29421
0.2 4.91666 0.279327
0.2025 4.67793 0.26443
0.205 4.43602 0.249536
0.2075 4.19137 0.234662
0.21 3.94441 0.219826
0.2125 3.69557 0.205043
0.215 3.44527 0.19033
0.2175 3.19391 0.175703
0.22 2.94189 0.161178
0.2225 2.68961 0.14677
0.225 2.43744 0.132493
0.2275 2.18576 0.118363
0.23 1.93494 0.104394
0.2325 1.68533 0.0905988
0.235 1.43727 0.0769917
0.2375 1.19112 0.0635856
0.24 0.947184 0.0503932
0.2425 0.705803 0.0374268
0.245 0.46728 0.0246982
0.2475 0.231923 0.0122189
