TITLE="Graphics"
VARIABLES= "rj, cm", "F", "dT/dt" 
0 7.87745e-05 28.4759
0.0025 7.85576e-05 28.3476
0.005 7.79502e-05 27.9924
0.0075 7.68711e-05 27.3774
0.01 7.52944e-05 26.5123
0.0125 7.31827e-05 25.4081
0.015 7.04938e-05 24.0787
0.0175 6.71865e-05 22.5408
0.02 6.32297e-05 20.8148
0.0225 5.86118e-05 18.9248
0.025 5.33549e-05 16.899
0.0275 4.75299e-05 14.769
0.03 4.12689e-05 12.5697
0.0325 3.4731e-05 10.3378
0.035 2.7802e-05 8.11087
0.0375 1.74029e-05 5.92831
0.04 0.000464381 3.85925
0.0425 30.2491 3.20526
0.045 71373.8 91.0205
0.0475 773800 53.0141
0.04775 5.55112e-17 1.59154e-08
0.05 0.240658 12.6721
0.0525 0.222613 10.4373
0.055 0.189145 8.73718
0.0575 0.158804 7.4534
0.06 0.134132 6.44207
0.0625 0.114378 5.61542
0.065 0.0984161 4.92257
0.0675 0.0853319 4.33243
0.07 0.0744615 3.82455
0.0725 0.0653289 3.38441
0.075 0.0575861 3.00108
0.0775 0.050973 2.66597
0.08 0.0452886 2.37214
0.0825 0.040377 2.11387
0.085 0.0361117 1.88637
0.0875 0.0323923 1.68561
0.09 0.0291361 1.50813
0.0925 0.0262747 1.351
0.095 0.0237519 1.21168
0.0975 0.0215209 1.08799
0.1 0.019542 0.978038
0.1025 0.0177821 0.880175
0.105 0.0162124 0.792972
0.1075 0.01481 0.715178
0.11 0.0135531 0.645704
0.1125 0.0124249 0.583592
0.115 0.0114095 0.528007
0.1175 0.0104944 0.478211
0.12 0.00966739 0.433559
0.1225 0.00892008 0.393482
0.125 0.00824124 0.357479
0.1275 0.0076261 0.325105
0.13 0.00706559 0.295973
0.1325 0.00655597 0.269735
0.135 0.00609013 0.246086
0.1375 0.00566488 0.224754
0.14 0.005276 0.2055
0.1425 0.0049186 0.18811
0.145 0.00459214 0.172393
0.1475 0.00429064 0.158181
0.15 893468 0.145322
0.1525 5.54993e+06 3.78654e+06
0.155 871431 0.123144
0.1575 0.00330688 0.113596
0.16 0.00310586 0.104943
0.1625 0.00292028 0.0970987
0.165 0.00274785 0.0899863
0.1675 0.00258744 0.0835357
0.17 0.00243933 0.0776835
0.1725 0.002301 0.0723739
0.175 0.00217223 0.0675549
0.1775 0.00205289 0.0631801
0.18 0.0019405 0.0592083
0.1825 0.00183622 0.0556003
0.185 0.00173875 0.0523219
0.1875 0.0016475 0.0493414
0.19 0.00156153 0.0466303
0.1925 0.00148185 0.0441618
0.195 0.00140672 0.0419122
0.1975 0.00133627 0.0398601
0.2 0.00127036 0.0379854
0.2025 0.00120772 0.0362708
0.205 0.00114976 0.0346993
0.2075 0.00109471 0.033257
0.21 0.00104305 0.0319305
0.2125 0.000993966 0.0307079
0.215 0.000947902 0.029577
0.2175 0.000902411 0.0285268
0.22 0.000860411 0.0275423
0.2225 0.000816709 0.0266088
0.225 0.000773062 0.0257023
0.2275 0.000727631 0.0247901
0.23 0.00067717 0.0238275
0.2325 0.000621999 0.0227474
0.235 0.000558448 0.0214592
0.2375 0.00048555 0.0198401
0.24 0.00040236 0.0177321
0.2425 0.000309606 0.0149383
0.245 0.000208 0.0112264
0.2475 0.000102917 0.00633787
