TITLE="Graphics"
VARIABLES= "rj, cm", "F", "dT/dt" 
0 1.94174e-07 3.63331e-10
0.0025 2.94495e-07 1.39695e-09
0.005 8.28572e-07 5.36122e-09
0.0075 2.58519e-06 2.08343e-08
0.01 7.05729e-06 7.26498e-08
0.0125 1.48059e-05 2.10092e-07
0.015 2.02749e-05 4.67806e-07
0.0175 1.21397e-05 7.37318e-07
0.02 2.90748e-06 7.65065e-07
0.0225 1.93826e-06 6.21507e-07
0.025 8.55041e-07 6.55264e-07
0.0275 1.87885e-05 4.25441e-07
0.03 3.40963e-06 1.80045e-07
0.0325 8.3959e-06 1.61327e-07
0.035 1.60666e-05 1.80698e-07
0.0375 6.48807e-06 2.3241e-08
0.04 3.18806e-05 1.49072e-07
0.0425 9.9682e-05 2.91169e-07
0.045 9.01136e-05 3.94183e-06
0.0475 0.00076736 1.30955e-06
0.0475003 5.55112e-17 7.01511e-11
0.05 0.123877 0.760359
0.0525 4.70561 1.0509
0.055 7.05324 1.27374
0.0575 9.40588 1.45523
0.06 11.7172 1.60794
0.0625 13.9603 1.73896
0.065 16.1194 1.8527
0.0675 18.1852 1.95217
0.07 340603 2.03952
0.0725 677428 142.895
0.075 336471 2.18391
0.0775 25.442 2.24319
0.08 27.0002 2.29498
0.0825 28.4572 2.33995
0.085 29.8144 2.37867
0.0875 31.0734 2.4116
0.09 32.236 2.43915
0.0925 33.304 2.46169
0.095 34.2796 2.47953
0.0975 35.1646 2.49295
0.1 35.9614 2.50221
0.1025 36.672 2.50753
0.105 37.2986 2.50912
0.1075 37.8435 2.50717
0.11 38.3088 2.50185
0.1125 38.6967 2.49333
0.115 39.0095 2.48177
0.1175 39.2494 2.4673
0.12 39.4186 2.45006
0.1225 39.5193 2.43018
0.125 39.5538 2.40777
0.1275 39.5242 2.38297
0.13 39.4327 2.35587
0.1325 39.2816 2.32659
0.135 39.0729 2.29522
0.1375 38.8089 2.26188
0.14 38.4916 2.22665
0.1425 38.1232 2.18964
0.145 37.7058 2.15093
0.1475 37.2415 2.11062
0.15 36.7322 2.06879
0.1525 36.1802 2.02553
0.155 35.5873 1.98093
0.1575 34.9556 1.93507
0.16 34.2871 1.88803
0.1625 33.5836 1.83988
0.165 32.8472 1.79072
0.1675 32.0797 1.74062
0.17 31.2829 1.68965
0.1725 30.4588 1.63789
0.175 29.6092 1.58541
0.1775 28.7358 1.53229
0.18 27.8403 1.4786
0.1825 26.9246 1.42441
0.185 25.9903 1.36979
0.1875 25.0391 1.31481
0.19 24.0726 1.25953
0.1925 23.0925 1.20402
0.195 22.1002 1.14836
0.1975 21.0974 1.09259
0.2 20.0856 1.03679
0.2025 19.0662 0.98102
0.205 18.0407 0.925335
0.2075 17.0106 0.869798
0.21 15.9771 0.814466
0.2125 14.9417 0.759398
0.215 13.9057 0.70465
0.2175 12.8703 0.650275
0.22 11.8369 0.596328
0.2225 10.8066 0.542861
0.225 9.7807 0.489924
0.2275 8.76028 0.437568
0.23 7.74649 0.385841
0.2325 6.74044 0.334789
0.235 5.74319 0.284459
0.2375 4.75579 0.234894
0.24 3.77924 0.186137
0.2425 2.81452 0.13823
0.245 1.86257 0.0912128
0.2475 0.924315 0.0451238
