TITLE="Graphics"
VARIABLES= "rj, cm", "F", "dT/dt" 
0 0.000354936 18.858
0.0025 0.000353384 18.7656
0.005 0.000349094 18.5098
0.0075 0.000341711 18.0685
0.01 0.00033147 17.451
0.0125 0.000318812 16.6681
0.015 0.000304695 15.7324
0.0175 0.000291299 14.6568
0.02 0.000283324 13.4525
0.0225 0.000288499 12.1229
0.025 0.000310085 10.6542
0.0275 0.00031448 9.01283
0.03 0.000173175 7.19531
0.0325 0.00030248 5.40796
0.035 0.000951608 4.31386
0.0375 0.000676556 4.75092
0.04 0.00434174 6.12357
0.0425 0.237914 5.49017
0.045 0.700471 106.608
0.0475 419.034 62.256
0.04775 1.38778e-17 1.94661e-08
0.05 2.64241 3.61587
0.0525 1.84147 2.53986
0.055 1.47728 1.87013
0.0575 1.24301 1.33744
0.06 1.05668 0.921625
0.0625 0.902642 0.601029
0.065 0.775115 0.352406
0.0675 0.669414 0.157126
0.07 0.581414 0.00176588
0.0725 0.50769 0.123087
0.075 0.445496 0.22409
0.0775 0.392674 0.306069
0.08 0.347572 0.372634
0.0825 0.308837 0.426521
0.085 0.275394 0.469862
0.0875 0.24638 0.504359
0.09 0.221101 0.531398
0.0925 0.198988 0.552123
0.095 0.179574 0.567485
0.0975 0.16247 0.578282
0.1 0.147353 0.585191
0.1025 0.13395 0.588784
0.105 0.122034 0.589551
0.1075 0.11141 0.587911
0.11 0.101915 0.584223
0.1125 0.0934068 0.578795
0.115 0.0857652 0.571895
0.1175 0.0788871 0.56375
0.12 0.0726832 0.55456
0.1225 0.0670751 0.544496
0.125 0.0619957 0.533705
0.1275 0.0573879 0.522316
0.13 0.0531982 0.510438
0.1325 0.0493833 0.498168
0.135 0.0459037 0.485588
0.1375 0.0427242 0.472771
0.14 0.0398151 0.459777
0.1425 0.0371482 0.446661
0.145 0.0347013 0.433468
0.1475 0.0324515 0.420239
0.15 0.030381 0.407007
0.1525 904371 0.393803
0.155 2.39634e+06 608656
0.1575 882276 0.367573
0.16 0.0235788 0.354588
0.1625 0.0221839 0.341711
0.165 0.0208911 0.328956
0.1675 0.0196902 0.316334
0.17 0.0185747 0.303854
0.1725 0.0175361 0.291525
0.175 0.0165696 0.279353
0.1775 0.0156679 0.267343
0.18 0.0148273 0.255499
0.1825 0.0140414 0.243825
0.185 0.0133074 0.232323
0.1875 0.0126203 0.220994
0.19 0.0119772 0.209841
0.1925 0.0113747 0.198862
0.195 0.0108096 0.188058
0.1975 0.0102789 0.177429
0.2 0.00978135 0.166972
0.2025 0.00931226 0.156687
0.205 0.00887156 0.146571
0.2075 0.00845476 0.136624
0.21 0.00806135 0.126843
0.2125 0.00768674 0.117229
0.215 0.00733019 0.107782
0.2175 0.00698844 0.0985049
0.22 0.00665841 0.0894027
0.2225 0.00633972 0.0804839
0.225 0.00603199 0.0717598
0.2275 0.00573647 0.0632443
0.23 0.00545854 0.0549523
0.2325 0.00520408 0.0468959
0.235 0.00497481 0.0390808
0.2375 0.00475656 0.0315052
0.24 0.0044947 0.0241675
0.2425 0.00406368 0.0170978
0.245 0.00325993 0.0104282
0.2475 0.0018839 0.00450595
