TITLE="Graphics"
VARIABLES= "rj, cm", "F", "dT/dt" 
0 1.32917e-07 2.6771e-10
0.0025 2.09009e-07 1.03813e-09
0.005 6.12197e-07 4.13125e-09
0.0075 1.99567e-06 1.67117e-08
0.01 5.73367e-06 6.07369e-08
0.0125 1.2834e-05 1.83476e-07
0.015 1.93133e-05 4.28038e-07
0.0175 1.41617e-05 7.08665e-07
0.02 1.04201e-06 7.67598e-07
0.0225 2.85232e-07 6.20578e-07
0.025 1.96802e-06 6.51789e-07
0.0275 1.82186e-05 4.63079e-07
0.03 1.35166e-06 1.76824e-07
0.0325 8.7931e-06 1.79358e-07
0.035 1.42177e-05 2.10382e-07
0.0375 3.65832e-06 1.50948e-08
0.04 3.2192e-05 2.15411e-07
0.0425 6.2541e-05 1.54569e-07
0.045 0.000152035 3.64087e-06
0.0475 0.000663639 2.77707e-06
0.0475003 3.46945e-16 1.7837e-11
0.05 0.201093 0.19356
0.0525 0.944496 0.267586
0.055 143657 0.3245
0.0575 298645 110.561
0.06 153131 0.410265
0.0625 2.41696 0.444105
0.065 2.73689 0.473638
0.0675 3.03542 0.499623
0.07 3.31256 0.522601
0.0725 3.56857 0.542978
0.075 3.80391 0.561063
0.0775 4.01914 0.577103
0.08 4.21487 0.591296
0.0825 4.39178 0.603805
0.085 4.55058 0.614767
0.0875 4.69197 0.624296
0.09 4.81667 0.632492
0.0925 4.92539 0.639439
0.095 5.01885 0.645211
0.0975 5.09774 0.649874
0.1 5.16275 0.653485
0.1025 5.21455 0.656098
0.105 5.2538 0.657757
0.1075 5.28114 0.658507
0.11 5.29719 0.658386
0.1125 5.30255 0.657429
0.115 5.29782 0.655671
0.1175 5.28357 0.653142
0.12 5.26033 0.649871
0.1225 5.22864 0.645887
0.125 5.18901 0.641215
0.1275 5.14193 0.635881
0.13 5.08789 0.62991
0.1325 5.02732 0.623324
0.135 4.96068 0.616147
0.1375 4.88839 0.608401
0.14 4.81084 0.600107
0.1425 4.72843 0.591289
0.145 4.64152 0.581965
0.1475 4.55048 0.572158
0.15 4.45564 0.561889
0.1525 4.35733 0.551177
0.155 4.25586 0.540043
0.1575 4.15152 0.528509
0.16 4.0446 0.516593
0.1625 3.93537 0.504316
0.165 3.82409 0.491699
0.1675 3.71099 0.478762
0.17 3.59632 0.465524
0.1725 3.4803 0.452006
0.175 3.36312 0.438229
0.1775 3.245 0.424211
0.18 3.12613 0.409974
0.1825 3.00668 0.395537
0.185 2.88682 0.38092
0.1875 2.76671 0.366143
0.19 2.64651 0.351227
0.1925 2.52636 0.33619
0.195 2.40639 0.321052
0.1975 2.28673 0.305834
0.2 2.16749 0.290554
0.2025 2.0488 0.275231
0.205 1.93075 0.259886
0.2075 1.81344 0.244536
0.21 1.69697 0.2292
0.2125 1.58141 0.213898
0.215 1.46686 0.198647
0.2175 1.35337 0.183465
0.22 1.24102 0.168369
0.2225 1.12988 0.153379
0.225 1.01999 0.13851
0.2275 0.911411 0.123779
0.23 0.804196 0.109202
0.2325 0.698385 0.0947967
0.235 0.594018 0.0805776
0.2375 0.491134 0.0665601
0.24 0.389764 0.052759
0.2425 0.289941 0.0391888
0.245 0.191691 0.0258634
0.2475 0.0950402 0.0127961
