TITLE="Graphics"
VARIABLES= "rj, cm", "F", "dT/dt" 
0 5.96039e-08 1.36495e-10
0.0025 1.87863e-07 1.12793e-09
0.005 1.10369e-06 8.57515e-09
0.0075 7.16477e-06 6.43391e-08
0.01 4.04011e-05 4.19106e-07
0.0125 0.000179301 2.19824e-06
0.015 0.000578179 8.77455e-06
0.0175 0.00120467 2.50924e-05
0.02 0.00106113 4.63372e-05
0.0225 0.0020983 3.12974e-05
0.025 0.000471098 3.54718e-06
0.0275 70.2989 3.59241e-07
0.03 486341 121.47
0.0325 59.4668 0.000104525
0.035 0.00339587 1.58255e-06
0.0375 0.00273712 0.00157271
0.04 0.00172386 0.000443602
0.0425 0.00903185 0.00213839
0.045 0.00317868 0.000172224
0.0475 0.0180098 9.47241e-05
0.0475003 9.71445e-16 7.36863e-11
0.05 1.94704 0.82016
0.0525 3.71577 1.12416
0.055 4.69231 1.35337
0.0575 5.59072 1.53673
0.06 6.39163 1.68809
0.0625 7.11419 1.81535
0.065 7.76857 1.92347
0.0675 8.36257 2.01586
0.07 8.90246 2.09497
0.0725 9.39343 2.16265
0.075 9.83984 2.22035
0.0775 10.2454 2.26922
0.08 10.6134 2.31021
0.0825 10.9465 2.3441
0.085 11.2473 2.37157
0.0875 11.5177 2.39318
0.09 11.7598 2.40941
0.0925 11.9751 2.42072
0.095 12.1651 2.42746
0.0975 12.3311 2.42999
0.1 12.4742 2.4286
0.1025 12.5956 2.42356
0.105 12.6961 2.41513
0.1075 12.7766 2.40352
0.11 12.8378 2.38894
0.1125 12.8804 2.37158
0.115 12.9051 2.35161
0.1175 12.9125 2.3292
0.12 12.9031 2.3045
0.1225 12.8774 2.27764
0.125 12.8359 2.24876
0.1275 12.7791 2.21798
0.13 12.7074 2.18542
0.1325 12.6212 2.1512
0.135 12.5209 2.11541
0.1375 12.4069 2.07816
0.14 12.2797 2.03954
0.1425 12.1396 1.99965
0.145 11.987 1.95857
0.1475 11.8223 1.91639
0.15 11.6458 1.87318
0.1525 11.458 1.82904
0.155 11.2593 1.78402
0.1575 11.0501 1.73822
0.16 10.8307 1.69169
0.1625 10.6017 1.64451
0.165 10.3633 1.59674
0.1675 10.1161 1.54844
0.17 9.8604 1.4997
0.1725 9.59673 1.45055
0.175 9.32551 1.40106
0.1775 9.04719 1.3513
0.18 8.76223 1.30132
0.1825 8.47109 1.25116
0.185 8.17424 1.2009
0.1875 7.87216 1.15057
0.19 7.56531 1.10024
0.1925 7.25419 1.04994
0.195 6.93928 0.999739
0.1975 6.62107 0.949671
0.2 6.30003 0.899785
0.2025 5.97666 0.850126
0.205 5.65144 0.800738
0.2075 5.32486 0.751663
0.21 4.99739 0.702942
0.2125 4.66952 0.654614
0.215 4.34172 0.606718
0.2175 4.01445 0.559292
0.22 3.68816 0.51237
0.2225 3.36332 0.465987
0.225 3.04035 0.420177
0.2275 2.71968 0.374972
0.23 2.40173 0.330403
0.2325 2.08689 0.286498
0.235 1.77555 0.243287
0.2375 1.46807 0.200796
0.24 1.1648 0.159051
0.2425 0.866063 0.118076
0.245 0.572166 0.0778948
0.2475 0.283385 0.0385291
