TITLE="Graphics"
VARIABLES= "rj, cm", "F", "dT/dt" 
0 0.000171541 18.142
0.0025 0.000170817 18.0527
0.005 0.000168835 17.8054
0.0075 0.000165505 17.3786
0.01 0.000161101 16.7808
0.0125 0.000156103 16.0213
0.015 0.000151238 15.1098
0.0175 0.000147219 14.0545
0.02 0.000143654 12.8612
0.0225 0.000136676 11.5347
0.025 0.000116813 10.0896
0.0275 7.43672e-05 8.57591
0.03 2.51007e-05 7.10165
0.0325 3.8967e-05 5.78176
0.035 7.79463e-05 4.53747
0.0375 0.000759889 3.23205
0.04 0.00233553 3.91922
0.0425 0.0373995 10.1715
0.045 2.41439 106.942
0.0475 20119.7 11638.4
0.04775 3.46945e-17 1.98288e-08
0.05 1.87296 6.22444
0.0525 0.702893 2.53271
0.055 0.770251 1.5476
0.0575 0.659304 0.80641
0.06 0.550158 0.134372
0.0625 0.462328 0.462066
0.065 0.393037 0.981921
0.0675 0.337389 1.43302
0.07 0.291367 1.82584
0.0725 0.252954 2.16875
0.075 0.220688 2.46852
0.0775 0.193396 2.73077
0.08 0.170155 2.96022
0.0825 0.150244 3.16078
0.085 0.133096 3.33576
0.0875 0.118255 3.48792
0.09 0.105357 3.6196
0.0925 0.0941037 3.73281
0.095 0.0842486 3.82926
0.0975 0.0755892 3.91047
0.1 0.0679567 3.97773
0.1025 0.0612085 4.0322
0.105 0.0552263 4.0749
0.1075 0.0499094 4.10673
0.11 0.045172 4.12851
0.1125 0.0409418 4.14097
0.115 0.0371564 4.14477
0.1175 0.0337622 4.14052
0.12 0.0307138 4.12877
0.1225 0.0279707 4.11003
0.125 0.0254996 4.08476
0.1275 0.0232685 4.05339
0.13 0.0212533 4.01632
0.1325 0.01943 3.97393
0.135 0.0177791 3.92658
0.1375 0.0162812 3.87459
0.14 0.0149241 3.81826
0.1425 0.0136899 3.7579
0.145 0.0125696 3.69378
0.1475 0.0115508 3.62617
0.15 0.0106242 3.5553
0.1525 0.00978066 3.48143
0.155 0.00901364 3.40478
0.1575 0.00831501 3.32557
0.16 0.00767903 3.24401
0.1625 0.00710008 3.16029
0.165 0.00657332 3.0746
0.1675 0.00609377 2.98714
0.17 0.00565826 2.89808
0.1725 0.00526149 2.80759
0.175 0.00490173 2.71583
0.1775 0.00457495 2.62296
0.18 0.00427872 2.52913
0.1825 0.00401022 2.4345
0.185 0.00376772 2.3392
0.1875 0.00354887 2.24337
0.19 0.00335035 2.14714
0.1925 0.00317375 2.05064
0.195 0.00301399 1.95399
0.1975 0.00287157 1.85732
0.2 0.00274475 1.76074
0.2025 0.00263182 1.66435
0.205 0.00253387 1.56828
0.2075 0.00244638 1.47261
0.21 0.00237066 1.37747
0.2125 0.00230598 1.28293
0.215 1.07834e+06 1.1891
0.2175 3.42365e+06 1.28947e+06
0.22 1.05758e+06 1.00393
0.2225 0.00211316 0.912756
0.225 0.00206724 0.822616
0.2275 0.00201321 0.73357
0.23 0.00194504 0.645654
0.2325 0.00185625 0.55888
0.235 0.00175199 0.473231
0.2375 0.00167357 0.388665
0.24 0.00177443 0.305166
0.2425 0.00250988 0.222919
0.245 0.00469645 0.142838
0.2475 0.00745371 0.067483
