TITLE="Graphics"
VARIABLES= "rj, cm", "F", "dT/dt" 
0 0.000158936 28.8967
0.0025 0.000158517 28.7673
0.005 0.000157338 28.409
0.0075 0.00015524 27.7883
0.01 0.000152166 26.9148
0.0125 0.000148033 25.7996
0.015 0.000142747 24.456
0.0175 0.000136215 22.9006
0.02 0.00012836 21.1536
0.0225 0.00011914 19.2391
0.025 0.000108572 17.1852
0.0275 9.67718e-05 15.024
0.03 8.39965e-05 12.7911
0.0325 7.06743e-05 10.5243
0.035 5.74083e-05 8.26182
0.0375 4.47699e-05 6.04032
0.04 0.000271078 3.89234
0.0425 1.29755 2.05617
0.045 2.04632 92.0605
0.0475 2.5548 53.0132
0.04775 6.93889e-18 1.57661e-08
0.05 0.375341 17.2516
0.0525 0.380279 14.5413
0.055 0.346964 12.0302
0.0575 0.304737 10.0007
0.06 0.264047 8.393
0.0625 0.228029 7.11191
0.065 0.197164 6.07815
0.0675 0.171032 5.23266
0.07 0.148969 4.53249
0.0725 0.130313 3.94628
0.075 0.114482 3.45086
0.0775 0.100986 3.02881
0.08 0.089427 2.66682
0.0825 0.0794783 2.35455
0.085 0.0708766 2.08383
0.0875 0.0634067 1.84812
0.09 0.0568929 1.64212
0.0925 0.0511919 1.4615
0.095 0.0461846 1.30266
0.0975 0.0417759 1.16261
0.1 0.0378868 1.03886
0.1025 0.0344575 0.929318
0.105 0.0314472 0.832264
0.1075 0.0293613 0.746325
0.11 0.0253181 0.671835
0.1125 0.0238163 0.603585
0.115 0.0219117 0.542466
0.1175 0.0201645 0.487807
0.12 0.0185735 0.438939
0.1225 0.017128 0.395232
0.125 0.015816 0.356116
0.1275 0.0146249 0.321086
0.13 0.0135421 0.289693
0.1325 0.0125569 0.261541
0.135 0.0116585 0.236282
0.1375 0.0108385 0.213608
0.14 0.010089 0.193248
0.1425 0.00940262 0.174961
0.145 0.00877281 0.158534
0.1475 0.00819474 0.143777
0.15 0.0076633 0.130522
0.1525 0.00717356 0.118618
0.155 0.00672184 0.107932
0.1575 0.00630578 0.0983424
0.16 0.00591999 0.0897425
0.1625 0.0055635 0.0820357
0.165 0.00523344 0.0751354
0.1675 0.00492725 0.0689637
0.17 0.00464286 0.0634509
0.1725 0.00437834 0.0585339
0.175 0.00413285 0.0541562
0.1775 0.00390429 0.0502667
0.18 0.00369065 0.0468197
0.1825 1.00036e+06 0.043774
0.185 3.94117e+06 1.96384e+06
0.1875 978621 0.0387421
0.19 0.00297181 0.036693
0.1925 0.00282045 0.0349187
0.195 0.00267847 0.0333955
0.1975 0.00254615 0.032102
0.2 0.00242116 0.0310189
0.2025 0.00230362 0.0301287
0.205 0.00219272 0.0294145
0.2075 0.00208729 0.02886
0.21 0.00198593 0.0284484
0.2125 0.00188916 0.0281608
0.215 0.00179325 0.0279756
0.2175 0.00169864 0.027866
0.22 0.00160381 0.0277991
0.2225 0.00150537 0.0277325
0.225 0.00140368 0.0276127
0.2275 0.00129484 0.0273717
0.23 0.00117868 0.026925
0.2325 0.0010521 0.0261681
0.235 0.000890067 0.0249746
0.2375 0.000832865 0.0231502
0.24 0.00064637 0.0206868
0.2425 0.000484266 0.01734
0.245 0.000320908 0.0129106
0.2475 0.000158284 0.00719691
