TITLE="Graphics"
VARIABLES= "rj, cm", "F", "dT/dt" 
0 6.34457e-05 21.3628
0.0025 6.31833e-05 21.2596
0.005 6.24556e-05 20.9741
0.0075 6.11897e-05 20.4812
0.01 5.93969e-05 19.7911
0.0125 5.70888e-05 18.9157
0.015 5.4281e-05 17.8694
0.0175 5.09948e-05 16.6691
0.02 4.7261e-05 15.3343
0.0225 4.31219e-05 13.887
0.025 3.86359e-05 12.351
0.0275 3.38815e-05 10.7522
0.03 2.89676e-05 9.1173
0.0325 2.43032e-05 7.47348
0.035 2.88454e-05 5.84471
0.0375 0.000159882 4.17098
0.04 0.00617032 1.23766
0.0425 0.0939563 5.07326
0.045 67.9875 105.026
0.0475 1.88315e+06 1.21354e+06
0.04775 6.93889e-18 1.88165e-08
0.05 0.343866 8.5774
0.0525 0.282554 6.3302
0.055 0.22994 4.89068
0.0575 0.19222 3.85072
0.06 0.163513 3.06153
0.0625 0.14037 2.45435
0.065 0.121169 1.9857
0.0675 0.105057 1.6236
0.07 0.0915539 1.3437
0.0725 0.079817 1.12814
0.075 0.0701021 0.960853
0.0775 0.0617151 0.831746
0.08 0.0545093 0.732351
0.0825 0.0482917 0.656037
0.085 0.0428594 0.597575
0.0875 0.0383252 0.552519
0.09 0.0342002 0.518514
0.0925 0.0306436 0.492609
0.095 0.0275343 0.472767
0.0975 0.0248025 0.457424
0.1 0.0223952 0.445354
0.1025 0.0202691 0.435594
0.105 0.0183848 0.427396
0.1075 0.0167095 0.420171
0.11 0.015214 0.413457
0.1125 0.0138829 0.406875
0.115 0.0127531 0.400157
0.1175 0.0116847 0.393398
0.12 0.010724 0.386424
0.1225 0.00986581 0.379101
0.125 0.00909728 0.371367
0.1275 0.00840496 0.363206
0.13 0.00777934 0.354631
0.1325 0.00721318 0.345666
0.135 0.00670028 0.336351
0.1375 0.00623371 0.326732
0.14 0.00580996 0.316861
0.1425 0.0054221 0.306792
0.145 0.00506826 0.296578
0.1475 0.00474386 0.286273
0.15 0.00444548 0.275923
0.1525 0.00417112 0.265574
0.155 0.00391811 0.255264
0.1575 0.00368458 0.245029
0.16 0.00346872 0.2349
0.1625 0.00326925 0.224905
0.165 0.00308414 0.215069
0.1675 0.00291234 0.205415
0.17 0.00275293 0.19596
0.1725 0.00260418 0.186722
0.175 0.00246648 0.177714
0.1775 0.002337 0.168949
0.18 0.00221683 0.160435
0.1825 0.00210394 0.15218
0.185 0.00199812 0.144189
0.1875 0.00189952 0.136466
0.19 0.00180657 0.129012
0.1925 0.00171913 0.121828
0.195 0.00163698 0.114913
0.1975 0.0015595 0.108265
0.2 0.00148679 0.101879
0.2025 0.00141719 0.0957516
0.205 0.0013518 0.089875
0.2075 0.0012894 0.0842409
0.21 0.00122976 0.0788392
0.2125 0.00117314 0.0736574
0.215 0.00111826 0.068681
0.2175 0.00106596 0.0638931
0.22 0.00101579 0.0592752
0.2225 0.000967366 0.0548068
0.225 0.000920367 0.0504662
0.2275 0.000874961 0.0462292
0.23 0.000828805 0.0420683
0.2325 0.000779663 0.0379482
0.235 0.000724902 0.0338175
0.2375 0.000657694 0.0295969
0.24 0.000572528 0.0251593
0.2425 0.000462756 0.0203091
0.245 0.000327043 0.0147631
0.2475 0.000168165 0.00814439
