TITLE="Graphics"
VARIABLES= "rj, cm", "F", "dT/dt" 
0 5.22109e-05 5.68299e-07
0.0025 1.17293e-05 5.49095e-07
0.005 2.19e-06 4.52177e-07
0.0075 1.53318e-06 3.19964e-07
0.01 1.61234e-06 2.25589e-07
0.0125 1.16859e-05 1.21348e-07
0.015 1.55572e-06 1.10835e-06
0.0175 1.51804e-06 1.34033e-06
0.02 4.88442e-08 8.6804e-07
0.0225 3.82902e-07 4.79186e-07
0.025 1.65873e-06 1.83972e-10
0.0275 1.39766e-07 5.80209e-08
0.03 3.24953e-08 4.39882e-08
0.0325 4.78776e-09 1.74723e-08
0.035 2.277e-07 7.43885e-09
0.0375 1.55998e-06 2.80625e-08
0.04 1.02326e-05 1.63906e-07
0.0425 4.2924e-05 2.11674e-07
0.045 1.33327e-06 1.79074e-07
0.0475 9.28567e-05 5.58794e-07
0.0475003 3.18495e-15 2.31998e-11
0.05 1.62553 0.251291
0.0525 3.36499 0.344365
0.055 4.38472 0.414208
0.0575 5.30377 0.469666
0.06 6.13748 0.515015
0.0625 6.89477 0.552688
0.065 7.58191 0.584231
0.0675 8.20394 0.610703
0.07 8.76516 0.632875
0.0725 9.26937 0.651331
0.075 9.72003 0.666532
0.0775 10.1203 0.678848
0.08 10.4733 0.688586
0.0825 10.7816 0.696006
0.085 11.0479 0.70133
0.0875 11.2746 0.704748
0.09 11.4641 0.70643
0.0925 11.6186 0.706526
0.095 11.7402 0.705169
0.0975 11.8309 0.702482
0.1 11.8925 0.698573
0.1025 11.9269 0.693544
0.105 11.9358 0.687486
0.1075 11.9208 0.680486
0.11 11.8834 0.672621
0.1125 11.8253 0.663965
0.115 11.7477 0.654588
0.1175 11.652 0.644552
0.12 11.5395 0.633919
0.1225 11.4114 0.622744
0.125 782752 0.611081
0.1275 1.54546e+06 182.538
0.13 761621 0.586486
0.1325 10.7657 0.573645
0.135 10.576 0.5605
0.1375 10.3769 0.547088
0.14 10.1693 0.533448
0.1425 9.95389 0.519615
0.145 9.73154 0.505621
0.1475 9.50296 0.491497
0.15 9.26884 0.477274
0.1525 9.02986 0.462978
0.155 8.78662 0.448635
0.1575 8.53972 0.434271
0.16 8.28974 0.419906
0.1625 8.03718 0.405563
0.165 7.78257 0.391262
0.1675 7.52637 0.37702
0.17 7.26902 0.362856
0.1725 7.01095 0.348783
0.175 6.75255 0.334818
0.1775 6.4942 0.320974
0.18 6.23624 0.307263
0.1825 5.979 0.293695
0.185 5.72278 0.280282
0.1875 5.46787 0.267032
0.19 5.21453 0.253953
0.1925 4.963 0.241053
0.195 4.71352 0.228338
0.1975 4.46629 0.215813
0.2 4.22149 0.203484
0.2025 3.97932 0.191354
0.205 3.73991 0.179427
0.2075 3.50341 0.167705
0.21 3.26995 0.15619
0.2125 3.03964 0.144884
0.215 2.81257 0.133788
0.2175 2.58884 0.122901
0.22 2.3685 0.112225
0.2225 2.15161 0.101758
0.225 1.93823 0.0914991
0.2275 1.72839 0.081448
0.23 1.5221 0.0716026
0.2325 1.31939 0.0619614
0.235 1.12026 0.0525222
0.2375 0.9247 0.043283
0.24 0.732708 0.0342413
0.2425 0.544264 0.0253947
0.245 0.359346 0.0167407
0.2475 0.177931 0.00827665
