TITLE="Graphics"
VARIABLES= "rj, cm", "F", "dT/dt" 
0 1.15253e-05 19.6879
0.0025 1.14753e-05 19.5918
0.005 1.13368e-05 19.326
0.0075 1.10969e-05 18.8674
0.01 1.07594e-05 18.2256
0.0125 1.03298e-05 17.4123
0.015 9.8174e-06 16.4409
0.0175 9.23927e-06 15.3272
0.02 8.62795e-06 14.0883
0.0225 8.0459e-06 12.7419
0.025 7.63533e-06 11.3031
0.0275 7.94583e-06 9.77938
0.03 1.19826e-05 8.14598
0.0325 3.20428e-05 6.21181
0.035 7.24533e-05 3.06901
0.0375 0.000110907 3.02995
0.04 0.000974453 3.1763
0.0425 0.000340769 42.4784
0.045 0.00696858 84.7335
0.0475 0.0902983 49.6375
0.04775 1.31839e-16 1.25278e-08
0.05 0.0304496 14.4679
0.0525 0.0320294 12.7842
0.055 0.0295671 11.332
0.0575 0.0261983 10.3095
0.06 0.0228311 9.64576
0.0625 0.0198311 9.24698
0.065 0.017152 9.03998
0.0675 0.0148476 8.96736
0.07 0.0128806 8.98795
0.0725 0.011216 9.07238
0.075 0.0097629 9.20015
0.0775 0.00850237 9.35521
0.08 0.00740953 9.5254
0.0825 0.00646115 9.70153
0.085 0.00563607 9.87672
0.0875 0.00491655 10.0458
0.09 0.0042883 10.2051
0.0925 0.00373783 10.3517
0.095 0.00325476 10.4836
0.0975 0.00283058 10.5995
0.1 0.00245674 10.6984
0.1025 0.00212719 10.7798
0.105 0.00183692 10.8434
0.1075 0.0015798 10.8892
0.11 0.00135327 10.9174
0.1125 0.00115212 10.9281
0.115 0.00097491 10.9218
0.1175 0.000817532 10.8989
0.12 0.000678583 10.8601
0.1225 0.0005558 10.8057
0.125 0.000446973 10.7365
0.1275 0.000350957 10.653
0.13 0.000266595 10.556
0.1325 0.00019194 10.4459
0.135 0.000126406 10.3236
0.1375 6.91543e-05 10.1895
0.14 1.92234e-05 10.0445
0.1425 2.46058e-05 9.88894
0.145 6.21704e-05 9.72361
0.1475 9.45997e-05 9.54908
0.15 0.000122266 9.36593
0.1525 0.00014572 9.17475
0.155 0.000165166 8.97608
0.1575 0.000181413 8.77049
0.16 0.000194097 8.5585
0.1625 0.000204331 8.34062
0.165 0.000211641 8.11737
0.1675 0.00021713 7.88923
0.17 0.000220189 7.65667
0.1725 0.000221208 7.42014
0.175 0.000220874 7.1801
0.1775 0.000218916 6.93698
0.18 0.000215193 6.69117
0.1825 0.000210761 6.4431
0.185 0.000205453 6.19315
0.1875 0.000197852 5.9417
0.19 0.00019101 5.6891
0.1925 0.000182111 5.43572
0.195 0.000173102 5.18188
0.1975 0.000163622 4.92792
0.2 0.000153216 4.67415
0.2025 0.000142382 4.42088
0.205 0.000131928 4.16839
0.2075 0.000120518 3.91696
0.21 0.000109139 3.66687
0.2125 1.0731e+06 3.41836
0.215 2.27224e+07 2.05988e+07
0.2175 1.05225e+06 2.92704
0.22 6.46981e-05 2.68466
0.2225 5.44424e-05 2.44473
0.225 4.4971e-05 2.20742
0.2275 3.63978e-05 1.97288
0.23 2.81479e-05 1.74124
0.2325 2.19238e-05 1.51261
0.235 1.60367e-05 1.28706
0.2375 1.15599e-05 1.06465
0.24 8.20217e-06 0.845405
0.2425 6.10583e-06 0.629336
0.245 3.79056e-06 0.416429
0.2475 2.42749e-06 0.206659
