TITLE="Graphics"
VARIABLES= "rj, cm", "F", "dT/dt" 
0 0.00103872 21.9501
0.0025 0.00103451 21.8445
0.005 0.00102283 21.5523
0.0075 0.0010025 21.0478
0.01 0.000973654 20.3412
0.0125 0.000936462 19.4446
0.015 0.000891123 18.3725
0.0175 0.000837935 17.142
0.02 0.000777331 15.7728
0.0225 0.000709918 14.2872
0.025 0.000636533 12.7098
0.0275 0.000558307 11.0668
0.03 0.000476785 9.38607
0.0325 0.000394025 7.69602
0.035 0.000312673 6.02471
0.0375 0.000243894 4.39866
0.04 0.000703279 2.83678
0.0425 0.286823 1.19579
0.045 2.90791 107.716
0.0475 12605.1 1371.05
0.04775 6.245e-17 2.14872e-08
0.05 12.1758 18.0198
0.0525 5.16757 13.3504
0.055 3.99492 10.4361
0.0575 3.46312 8.62891
0.06 2.97352 7.32798
0.0625 2.53495 6.30515
0.065 2.16376 5.46892
0.0675 1.85619 4.77297
0.07 1.60205 4.18796
0.0725 1.39107 3.69271
0.075 1.21471 3.27094
0.0775 1.06624 2.90982
0.08 0.940394 2.59905
0.0825 0.833042 2.33033
0.085 0.740874 2.09691
0.0875 0.66122 1.89327
0.09 0.592041 1.71494
0.0925 0.531917 1.55825
0.095 0.47946 1.4201
0.0975 0.433447 1.29787
0.1 0.392892 1.18932
0.1025 0.357012 1.09259
0.105 0.325166 1.00611
0.1075 0.29682 0.92855
0.11 0.271519 0.858776
0.1125 0.248876 0.795826
0.115 0.228561 0.738873
0.1175 0.210288 0.687208
0.12 0.193814 0.640215
0.1225 0.178928 0.597366
0.125 0.16545 0.5582
0.1275 0.15322 0.522317
0.13 806821 0.489368
0.1325 1.82205e+06 228916
0.135 785407 0.431089
0.1375 0.114289 0.405256
0.14 0.106558 0.381343
0.1425 0.0994707 0.359166
0.145 0.0929628 0.338564
0.1475 0.0869816 0.319391
0.15 0.0814742 0.301521
0.1525 0.0763939 0.284836
0.155 0.0716974 0.269236
0.1575 0.0673491 0.254629
0.16 0.0633297 0.240936
0.1625 0.0596143 0.228086
0.165 0.0561678 0.216009
0.1675 0.0529665 0.204644
0.17 0.0499894 0.193937
0.1725 0.0472179 0.183836
0.175 0.0446371 0.174297
0.1775 0.0422282 0.165277
0.18 0.0399818 0.156741
0.1825 0.0378841 0.148652
0.185 0.0359213 0.140979
0.1875 0.0340864 0.133694
0.19 0.0323664 0.126768
0.1925 0.0307555 0.120178
0.195 0.0292436 0.113901
0.1975 0.0278229 0.107915
0.2 0.0264875 0.1022
0.2025 0.0252296 0.0967406
0.205 0.0240449 0.0915193
0.2075 0.0229273 0.0865219
0.21 0.0218697 0.0817355
0.2125 0.0208607 0.0771489
0.215 0.0198964 0.0727542
0.2175 0.0189696 0.0685472
0.22 0.0180838 0.0645272
0.2225 0.0172448 0.0606959
0.225 0.0164774 0.0570548
0.2275 0.0158425 0.0535991
0.23 0.0154426 0.0503033
0.2325 0.0154604 0.0470973
0.235 0.0161435 0.0438266
0.2375 0.0177446 0.0401972
0.24 0.020252 0.0357226
0.2425 0.0228176 0.0297317
0.245 0.0228545 0.0215653
0.2475 0.0159633 0.0111565
