TITLE="Graphics"
VARIABLES= "rj, cm", "F", "dT/dt" 
0 0.00168832 6.78139e-06
0.0025 0.00118649 1.3554e-05
0.005 0.00145529 2.44671e-05
0.0075 0.00164843 4.10095e-05
0.01 0.000718175 5.43783e-05
0.0125 0.00189958 3.64697e-05
0.015 0.00051379 5.21748e-06
0.0175 0.00139612 2.39488e-06
0.02 3.10475e-06 4.71223e-05
0.0225 3.99591e-06 7.06689e-05
0.025 2.9714e-06 7.54909e-05
0.0275 1.92288e-06 6.8896e-05
0.03 1.20945e-06 5.65166e-05
0.0325 7.60555e-07 4.16787e-05
0.035 4.65073e-07 2.61989e-05
0.0375 3.80942e-07 1.10848e-05
0.04 0.000307083 3.3924e-06
0.0425 0.000498676 3.98242e-05
0.045 0.00277845 0.000104598
0.0475 0.0167512 0.000214773
0.0475003 2.05391e-15 4.46436e-10
0.05 10.4421 4.81857
0.0525 7.57151 6.82291
0.055 7.27527 8.42
0.0575 6.39496 9.77281
0.06 5.17251 10.9567
0.0625 3.74427 12.0125
0.065 2.19373 12.9654
0.0675 0.575228 13.8316
0.07 1.07426 14.6226
0.0725 2.72865 15.3468
0.075 4.36904 16.0105
0.0775 5.98146 16.6186
0.08 7.55541 17.1751
0.0825 9.08291 17.6831
0.085 10.5579 18.1455
0.0875 11.9757 18.5644
0.09 13.3327 18.9418
0.0925 14.6264 19.2795
0.095 15.8547 19.5789
0.0975 17.0163 19.8414
0.1 18.1102 20.0683
0.1025 19.1359 20.2607
0.105 20.0932 20.4196
0.1075 20.9821 20.5461
0.11 21.803 20.641
0.1125 22.5564 20.7054
0.115 23.2428 20.7401
0.1175 23.8633 20.7458
0.12 24.4186 20.7235
0.1225 769356 20.674
0.125 1.52017e+06 1468.1
0.1275 748432 20.4964
0.13 26.0112 20.3699
0.1325 26.2586 20.2193
0.135 26.4484 20.0454
0.1375 26.5821 19.8489
0.14 26.6612 19.6307
0.1425 26.6873 19.3914
0.145 26.662 19.1319
0.1475 26.5867 18.8529
0.15 26.4633 18.5552
0.1525 26.2932 18.2396
0.155 26.0782 17.9069
0.1575 25.8198 17.5578
0.16 25.5198 17.1931
0.1625 25.1797 16.8135
0.165 24.8013 16.4199
0.1675 24.3862 16.0131
0.17 23.936 15.5937
0.1725 23.4523 15.1626
0.175 22.9369 14.7206
0.1775 22.3912 14.2684
0.18 21.817 13.8068
0.1825 21.2157 13.3365
0.185 20.589 12.8583
0.1875 19.9383 12.3731
0.19 19.2654 11.8814
0.1925 18.5715 11.3841
0.195 17.8583 10.8819
0.1975 17.1273 10.3755
0.2 16.3798 9.86574
0.2025 15.6172 9.35326
0.205 14.8411 8.8388
0.2075 14.0528 8.32305
0.21 13.2536 7.80673
0.2125 12.4449 7.29052
0.215 11.6279 6.7751
0.2175 10.804 6.26115
0.22 9.97445 5.74933
0.2225 9.14042 5.2403
0.225 8.30316 4.73469
0.2275 7.46385 4.23313
0.23 6.62363 3.73625
0.2325 5.78365 3.24465
0.235 4.94501 2.75894
0.2375 4.1088 2.27969
0.24 3.27608 1.80748
0.2425 2.44787 1.34287
0.245 1.62519 0.886395
0.2475 0.809028 0.4386
