TITLE="Graphics"
VARIABLES= "rj, cm", "F", "dT/dt" 
0 0.000126591 21.3037
0.0025 0.000126066 21.2007
0.005 0.000124612 20.9158
0.0075 0.000122081 20.4242
0.01 0.000118498 19.7357
0.0125 0.000113886 18.8624
0.015 0.000108276 17.8187
0.0175 0.000101712 16.6215
0.02 9.4256e-05 15.2903
0.0225 8.5994e-05 13.8468
0.025 7.70439e-05 12.315
0.0275 6.75712e-05 10.7206
0.03 5.79489e-05 9.09025
0.0325 5.11619e-05 7.45022
0.035 7.41404e-05 5.81315
0.0375 0.000170948 4.05747
0.04 0.00108653 1.74085
0.0425 0.025639 4.01093
0.045 2.96233 108.531
0.0475 26091 23611.6
0.04775 6.245e-17 2.07655e-08
0.05 1.3997 11.7419
0.0525 0.375154 6.08316
0.055 0.496356 4.83402
0.0575 0.426627 4.08058
0.06 0.359424 3.51219
0.0625 0.305382 3.0617
0.065 0.261498 2.6934
0.0675 0.225352 2.3854
0.07 0.195295 2.1237
0.0725 0.170127 1.89885
0.075 0.148925 1.70405
0.0775 0.130963 1.53417
0.08 0.115662 1.38518
0.0825 0.102559 1.25384
0.085 0.0912817 1.1375
0.0875 0.0815284 1.03397
0.09 0.0730547 0.941434
0.0925 0.0656619 0.858387
0.095 0.0591853 0.783562
0.0975 0.0534908 0.715898
0.1 0.0484658 0.654506
0.1025 0.0440169 0.598631
0.105 0.0400658 0.547639
0.1075 0.0365466 0.500987
0.11 0.0334032 0.458216
0.1125 0.0305887 0.41893
0.115 0.0280618 0.382789
0.1175 0.0257888 0.3495
0.12 0.0237383 0.318808
0.1225 0.0218863 0.290491
0.125 0.0202092 0.264353
0.1275 0.0186884 0.24022
0.13 0.0173057 0.21794
0.1325 0.0160486 0.197375
0.135 0.0149017 0.1784
0.1375 0.0138552 0.160904
0.14 0.0128988 0.144783
0.1425 0.0120226 0.129942
0.145 0.0112185 0.116295
0.1475 0.0104803 0.103763
0.15 0.0097999 0.0922732
0.1525 0.00917304 0.0817618
0.155 0.0085957 0.0721696
0.1575 0.00806881 0.0634401
0.16 0.00758474 0.0555087
0.1625 0.00713408 0.0483098
0.165 0.00671257 0.0417882
0.1675 0.00632025 0.0359019
0.17 0.00595736 0.0306131
0.1725 0.00562156 0.0258853
0.175 0.00530956 0.02168
0.1775 0.00502048 0.0179613
0.18 0.00475098 0.0146926
0.1825 0.00449978 0.0118399
0.185 0.00426558 0.00937102
0.1875 1.01535e+06 0.00725542
0.19 3.98273e+06 1.97245e+06
0.1925 993704 0.00397278
0.195 0.00347055 0.00275354
0.1975 0.0033029 0.00178411
0.2 0.00314349 0.00104169
0.2025 0.00299554 0.000508199
0.205 0.00285428 0.000164265
0.2075 0.0027209 5.50065e-06
0.21 0.00259576 1.34611e-05
0.2125 0.00247486 0.000128205
0.215 0.00236057 0.000412337
0.2175 0.00225179 0.000833169
0.22 0.00214687 0.00138742
0.2225 0.00204561 0.00207578
0.225 0.00194788 0.00290142
0.2275 0.00184956 0.00387209
0.23 0.00175034 0.00500478
0.2325 0.001642 0.00632641
0.235 0.00152464 0.0078873
0.2375 0.00140395 0.00976082
0.24 0.00136355 0.0120294
0.2425 0.00176332 0.0146372
0.245 0.00377966 0.0167384
0.2475 0.00835731 0.0146021
