TITLE="Graphics"
VARIABLES= "rj, cm", "F", "dT/dt" 
0 0.00434265 23.1579
0.0025 0.00432586 23.0475
0.005 0.0042792 22.742
0.0075 0.00419778 22.2144
0.01 0.00408193 21.4749
0.0125 0.00393192 20.5358
0.015 0.0037482 19.4117
0.0175 0.00353161 18.1202
0.02 0.00328352 16.6812
0.0225 0.00300593 15.1179
0.025 0.0027016 13.4554
0.0275 0.00237431 11.7213
0.03 0.00202895 9.94503
0.0325 0.00167049 8.15701
0.035 0.0013075 6.38842
0.0375 0.000970807 4.67
0.04 0.00324909 3.02801
0.0425 22.8206 1.32517
0.045 49044.2 104.79
0.0475 773640 51.7013
0.04775 6.245e-17 1.96682e-08
0.05 28.4582 0.637511
0.0525 21.7969 0.977798
0.055 16.6994 1.21953
0.0575 13.3369 1.11984
0.06 10.9953 0.962284
0.0625 9.25263 0.818668
0.065 275842 0.702235
0.0675 594412 41201.3
0.07 275915 0.539649
0.0725 5.14547 0.483575
0.075 4.51383 0.438863
0.0775 3.9778 0.402627
0.08 3.51985 0.372753
0.0825 3.12639 0.347699
0.085 2.78663 0.326341
0.0875 2.49192 0.307856
0.09 2.23523 0.291636
0.0925 2.0108 0.277226
0.095 1.81388 0.264281
0.0975 1.64052 0.252537
0.1 1.4874 0.241788
0.1025 1.35177 0.231873
0.105 1.23127 0.222662
0.1075 1.12392 0.214051
0.11 1.02803 0.205954
0.1125 0.942172 0.198304
0.115 0.865097 0.191041
0.1175 0.795749 0.18412
0.12 0.733214 0.1775
0.1225 0.676704 0.171149
0.125 0.625534 0.16504
0.1275 0.579109 0.15915
0.13 0.536909 0.153459
0.1325 0.498482 0.147952
0.135 0.463426 0.142615
0.1375 0.431395 0.137436
0.14 0.402077 0.132405
0.1425 0.375202 0.127514
0.145 0.350531 0.122756
0.1475 0.327848 0.118125
0.15 0.306966 0.113615
0.1525 0.287715 0.109223
0.155 0.269947 0.104943
0.1575 0.253523 0.100774
0.16 0.238327 0.09671
0.1625 0.224247 0.0927499
0.165 0.211187 0.0888905
0.1675 0.19906 0.0851295
0.17 0.187786 0.0814649
0.1725 0.177297 0.0778945
0.175 0.167526 0.0744164
0.1775 0.158414 0.0710289
0.18 0.14991 0.0677303
0.1825 0.141963 0.0645191
0.185 0.13453 0.0613938
0.1875 0.127573 0.0583533
0.19 0.121055 0.0553965
0.1925 0.114946 0.0525224
0.195 0.109217 0.0497298
0.1975 0.103844 0.0470174
0.2 0.0988068 0.0443837
0.2025 0.0940889 0.0418264
0.205 0.0896721 0.0393422
0.2075 0.0855524 0.0369267
0.21 0.0817176 0.0345734
0.2125 0.0781653 0.0322736
0.215 0.0748936 0.0300154
0.2175 0.0719015 0.0277835
0.22 0.069181 0.025558
0.2225 0.0667199 0.0233146
0.225 0.0644788 0.0210247
0.2275 0.0623844 0.0186571
0.23 0.0603007 0.0161818
0.2325 0.0579988 0.0135768
0.235 0.0551282 0.0108407
0.2375 0.0511934 0.00801127
0.24 0.0455934 0.00519159
0.2425 0.0377101 0.00258173
0.245 0.0271796 0.000510006
0.2475 0.0142328 0.000550644
