TITLE="Graphics"
VARIABLES= "rj, cm", "F", "dT/dt" 
0 1.27627e-12 1.27627e-12
0.0025 3.19232e-14 3.19232e-14
0.005 7.9133e-15 7.9133e-15
0.0075 2.11634e-11 8.45214e-13
0.01 2.9218e-11 2.86138e-12
0.0125 2.2581e-11 1.60177e-12
0.015 1.67896e-11 7.29684e-13
0.0175 1.45232e-11 1.65188e-12
0.02 6.42849e-11 3.12276e-12
0.0225 1.90782e-10 5.44288e-12
0.025 5.54592e-10 6.89647e-12
0.0275 1.98445e-10 5.6072e-12
0.03 1.09616e-10 7.5249e-12
0.0325 3.69433e-10 7.71104e-12
0.035 4.67985e-09 5.95129e-11
0.0375 2.80336e-10 2.20012e-10
0.04 1.96464e-09 6.0948e-11
0.0425 1.5588e-08 1.71312e-10
0.045 3.50948e-08 1.07302e-09
0.0475 1.65792e-07 2.28911e-10
0.0475003 7.84095e-16 2.98258e-11
0.05 0.0947316 0.323174
0.0525 1.47255 0.446679
0.055 2.18466 0.541406
0.0575 2.8957 0.618549
0.06 3.59304 0.683457
0.0625 4.2693 0.739135
0.065 4.92016 0.787466
0.0675 5.54307 0.829726
0.07 6.1366 0.866827
0.0725 6.69998 0.899452
0.075 7.23288 0.92813
0.0775 7.73528 0.95328
0.08 8.20733 0.975243
0.0825 8.64932 0.994301
0.085 9.06164 1.01069
0.0875 9.44472 1.02462
0.09 9.79907 1.03626
0.0925 10.1252 1.04576
0.095 10.4237 1.05326
0.0975 10.6951 1.05887
0.1 10.94 1.06272
0.1025 11.159 1.06488
0.105 11.3528 1.06546
0.1075 11.5218 1.06453
0.11 11.6669 1.06216
0.1125 11.7885 1.05844
0.115 11.8873 1.05341
0.1175 11.964 1.04716
0.12 12.0192 1.03972
0.1225 12.0536 1.03116
0.125 12.0677 1.02153
0.1275 12.0622 1.01089
0.13 12.0378 0.999266
0.1325 11.995 0.98672
0.135 11.9346 0.973294
0.1375 11.8572 0.959029
0.14 11.7634 0.943969
0.1425 11.6538 0.928154
0.145 11.5291 0.911624
0.1475 11.3899 0.894418
0.15 11.2368 0.876573
0.1525 11.0704 0.858127
0.155 10.8914 0.839117
0.1575 10.7003 0.819577
0.16 10.4978 0.799544
0.1625 10.2844 0.779051
0.165 10.0608 0.758133
0.1675 9.82749 0.736822
0.17 9.58507 0.715151
0.1725 9.33412 0.693152
0.175 9.07518 0.670857
0.1775 8.80881 0.648297
0.18 8.53555 0.625503
0.1825 8.25594 0.602504
0.185 7.9705 0.57933
0.1875 7.67975 0.556011
0.19 7.3842 0.532574
0.1925 7.08434 0.509047
0.195 6.78066 0.48546
0.1975 6.47364 0.461837
0.2 6.16375 0.438206
0.2025 5.85145 0.414593
0.205 5.53719 0.391023
0.2075 5.22142 0.367522
0.21 4.90455 0.344113
0.2125 4.58701 0.320821
0.215 4.26922 0.297669
0.2175 3.95157 0.27468
0.22 3.63446 0.251875
0.2225 1.09359e+06 0.229278
0.225 2.16574e+06 811.447
0.2275 1.07309e+06 0.184787
0.23 2.37883 0.162935
0.2325 2.06992 0.141371
0.235 1.76369 0.120114
0.2375 1.46046 0.0991816
0.24 1.16055 0.0785926
0.2425 0.864266 0.0583637
0.245 0.571905 0.0385115
0.2475 0.283752 0.0190518
