TITLE="Graphics"
VARIABLES= "rj, cm", "F", "dT/dt" 
0 0.00222375 23.8594
0.0025 0.00221541 23.7464
0.005 0.00219223 23.4335
0.0075 0.00215171 22.8929
0.01 0.00209392 22.1349
0.0125 0.00201887 21.1718
0.015 0.00192665 20.0184
0.0175 0.00181755 18.6921
0.02 0.00169218 17.2134
0.0225 0.00155152 15.6054
0.025 0.00139688 13.8939
0.0275 0.00122971 12.107
0.03 0.00105186 10.2748
0.0325 0.000866714 8.42904
0.035 0.00068267 6.60204
0.0375 0.0005285 4.82479
0.04 0.0015944 3.11908
0.0425 0.9923 1.50482
0.045 1.84897 103.012
0.0475 22.1699 58.1046
0.04775 6.93889e-18 1.8921e-08
0.05 11.83 5.51639
0.0525 9.929 3.11381
0.055 7.94084 2.03476
0.0575 6.43061 1.49659
0.06 5.31785 1.18081
0.0625 4.47662 0.964101
0.065 3.81923 0.797994
0.0675 3.29092 0.662577
0.07 2.85733 0.548911
0.0725 2.49598 0.452359
0.075 2.19144 0.370031
0.0775 1.93258 0.299812
0.08 1.71104 0.239983
0.0825 1.52039 0.189085
0.085 1.35551 0.145852
0.0875 1.2123 0.10919
0.09 1.08744 0.0781473
0.0925 0.978161 0.051907
0.095 0.882206 0.0297655
0.0975 0.797677 0.0111203
0.1 0.72299 0.00454324
0.1025 0.656812 0.0176637
0.105 0.598013 0.0286141
0.1075 0.545633 0.0377113
0.11 0.498856 0.045224
0.1125 0.45698 0.0513803
0.115 0.419406 0.0563736
0.1175 0.385613 0.0603684
0.12 0.355156 0.0635045
0.1225 0.327649 0.0659012
0.125 0.302753 0.0676602
0.1275 0.280179 0.068869
0.13 0.259669 0.0696025
0.1325 0.241002 0.0699253
0.135 0.22398 0.0698934
0.1375 0.208433 0.0695554
0.14 0.194209 0.0689538
0.1425 0.181176 0.0681256
0.145 0.169217 0.0671035
0.1475 0.15823 0.0659157
0.15 0.14812 0.0645869
0.1525 0.138808 0.0631383
0.155 0.130217 0.0615882
0.1575 0.122282 0.0599523
0.16 0.114943 0.0582443
0.1625 0.108146 0.0564761
0.165 0.101844 0.0546581
0.1675 0.0959939 0.0527996
0.17 0.0905563 0.0509087
0.1725 972587 0.0489929
0.175 2.04591e+06 121567
0.1775 950614 0.0451123
0.18 0.0722907 0.0431588
0.1825 0.0684585 0.0412032
0.185 0.0648766 0.0392501
0.1875 0.0615237 0.0373036
0.19 0.0583844 0.0353674
0.1925 0.0554407 0.0334447
0.195 0.0526839 0.0315385
0.1975 0.0500973 0.029651
0.2 0.0476753 0.0277838
0.2025 0.0454062 0.0259374
0.205 0.0432847 0.0241112
0.2075 0.0413062 0.0223029
0.21 0.0394624 0.0205082
0.2125 0.0377513 0.0187209
0.215 0.0361653 0.0169317
0.2175 0.0346932 0.0151291
0.22 0.0333212 0.0132994
0.2225 0.0320203 0.0114282
0.225 0.0307531 0.00950242
0.2275 0.0294568 0.00751452
0.23 0.0280471 0.00546864
0.2325 0.0264123 0.00338933
0.235 0.0244156 0.00133323
0.2375 0.0219112 0.000596972
0.24 0.018762 0.00223765
0.2425 0.0148906 0.00335118
0.245 0.0103288 0.00361957
0.2475 0.0052544 0.00265059
