TITLE="Graphics"
VARIABLES= "rj, cm", "F", "dT/dt" 
0 1.07121e-08 3.58317e-11
0.0025 1.7869e-08 8.89925e-11
0.005 7.08929e-08 3.80103e-10
0.0075 3.19102e-07 2.01264e-09
0.01 1.29815e-06 9.89798e-09
0.0125 4.35326e-06 4.16102e-08
0.015 1.09161e-05 1.41017e-07
0.0175 1.75712e-05 3.59046e-07
0.02 1.23109e-05 6.25933e-07
0.0225 2.64574e-06 6.77635e-07
0.025 3.33037e-06 5.51154e-07
0.0275 3.08084e-07 6.40951e-07
0.03 1.73744e-05 3.72481e-07
0.0325 5.12891e-06 2.69231e-07
0.035 1.23533e-05 2.76714e-08
0.0375 2.44392e-05 4.36201e-07
0.04 0.000115739 9.54413e-07
0.0425 4.52297e-07 1.02563e-06
0.045 5.87939e-05 5.69837e-07
0.0475 0.000134814 6.65387e-06
0.0475003 1.45717e-16 6.75348e-11
0.05 0.235539 0.731827
0.0525 2.93637 1.01148
0.055 4.33775 1.22598
0.0575 5.73404 1.40067
0.06 7.10132 1.54767
0.0625 8.42555 1.67378
0.065 9.69851 1.78326
0.0675 10.9154 1.87901
0.07 12.0735 1.96309
0.0725 13.1715 2.03705
0.075 14.2088 2.10209
0.0775 15.1854 2.15915
0.08 16.1018 2.209
0.0825 16.9585 2.2523
0.085 17.7564 2.28956
0.0875 18.4965 2.32126
0.09 19.1798 2.34779
0.0925 19.8074 2.36948
0.095 20.3805 2.38666
0.0975 20.9003 2.39958
0.1 21.368 2.40849
0.1025 21.7848 2.41362
0.105 22.1522 2.41515
0.1075 22.4712 2.41327
0.11 22.7432 2.40816
0.1125 22.9696 2.39996
0.115 23.1516 2.38883
0.1175 23.2905 2.37491
0.12 23.3876 2.35831
0.1225 23.4442 2.33918
0.125 23.4617 2.31761
0.1275 23.4413 2.29374
0.13 23.3843 2.26765
0.1325 23.292 2.23947
0.135 23.1656 2.20928
0.1375 23.0066 2.17719
0.14 22.816 2.14328
0.1425 22.5953 2.10765
0.145 22.3455 2.0704
0.1475 22.0681 2.0316
0.15 21.7641 1.99133
0.1525 21.4348 1.9497
0.155 21.0815 1.90677
0.1575 20.7052 1.86262
0.16 20.3072 1.81734
0.1625 19.8886 1.771
0.165 19.4506 1.72368
0.1675 18.9943 1.67545
0.17 18.5208 1.62639
0.1725 18.0312 1.57657
0.175 17.5266 1.52606
0.1775 17.008 1.47493
0.18 16.4765 1.42324
0.1825 15.9332 1.37108
0.185 15.3789 1.31851
0.1875 14.8148 1.26558
0.19 14.2417 1.21238
0.1925 13.6607 1.15895
0.195 13.0727 1.10537
0.1975 12.4785 1.05169
0.2 11.8791 0.997979
0.2025 11.2754 0.944294
0.205 10.6681 0.890694
0.2075 10.0582 0.837236
0.21 9.44651 0.783976
0.2125 8.83372 0.73097
0.215 8.22067 0.67827
0.2175 1.08367e+06 0.625931
0.22 2.14817e+06 3235.9
0.2225 1.06299e+06 0.522538
0.225 5.78065 0.471583
0.2275 5.17725 0.421187
0.23 4.57784 0.371396
0.2325 3.98309 0.322256
0.235 3.3936 0.27381
0.2375 2.80999 0.2261
0.24 2.23286 0.179169
0.2425 1.66277 0.133055
0.245 1.10029 0.0877982
0.2475 0.545944 0.0434345
