TITLE="Graphics"
VARIABLES= "rj, cm", "F", "dT/dt" 
0 9.14506e-09 1.01303e-08
0.0025 9.17984e-09 9.94488e-09
0.005 8.67213e-09 9.42691e-09
0.0075 8.09183e-09 8.56081e-09
0.01 7.08591e-09 7.39542e-09
0.0125 6.10825e-09 6.00375e-09
0.015 4.84918e-09 4.45557e-09
0.0175 3.58995e-09 2.84463e-09
0.02 2.35658e-09 1.25059e-09
0.0225 1.17821e-09 2.44568e-10
0.025 4.47424e-07 1.56668e-09
0.0275 3.39288e-06 1.97459e-08
0.03 4.59438e-07 8.74551e-08
0.0325 1.007e-06 4.90364e-08
0.035 5.76376e-06 1.16608e-07
0.0375 1.93111e-06 2.99568e-07
0.04 3.59558e-05 3.56858e-08
0.0425 1.77781e-05 1.95329e-07
0.045 0.000124864 8.48859e-07
0.0475 0.000227577 3.25228e-06
0.0475003 1.56819e-15 6.71222e-11
0.05 0.238975 0.727355
0.0525 9.56681 1.0053
0.055 14.5409 1.21849
0.0575 19.5519 1.39211
0.06 212852 1.53821
0.0625 431309 32.3751
0.065 217282 1.77236
0.0675 38.3454 1.86752
0.07 42.5659 1.95109
0.0725 46.5704 2.0246
0.075 50.3556 2.08924
0.0775 53.9209 2.14595
0.08 57.2672 2.1955
0.0825 60.3965 2.23852
0.085 63.3118 2.27556
0.0875 66.0165 2.30707
0.09 68.5144 2.33343
0.0925 70.8096 2.35499
0.095 72.9066 2.37206
0.0975 74.8097 2.3849
0.1 76.5236 2.39376
0.1025 78.053 2.39885
0.105 79.4026 2.40037
0.1075 80.5771 2.39851
0.11 81.5814 2.39342
0.1125 82.4202 2.38528
0.115 83.0983 2.37422
0.1175 83.6206 2.36037
0.12 83.9917 2.34388
0.1225 84.2165 2.32486
0.125 84.2997 2.30343
0.1275 84.2459 2.2797
0.13 84.06 2.25378
0.1325 83.7465 2.22576
0.135 83.3101 2.19576
0.1375 82.7553 2.16386
0.14 82.0868 2.13016
0.1425 81.3089 2.09475
0.145 80.4263 2.05772
0.1475 79.4432 2.01916
0.15 78.3642 1.97914
0.1525 77.1935 1.93776
0.155 75.9355 1.89509
0.1575 74.5943 1.85122
0.16 73.1741 1.80621
0.1625 71.6792 1.76016
0.165 70.1136 1.71313
0.1675 68.4812 1.66519
0.17 66.7862 1.61643
0.1725 65.0323 1.56691
0.175 63.2236 1.51671
0.1775 61.3637 1.46589
0.18 59.4564 1.41453
0.1825 57.5054 1.36269
0.185 55.5144 1.31043
0.1875 53.4868 1.25783
0.19 51.4263 1.20495
0.1925 49.3361 1.15185
0.195 47.2197 1.0986
0.1975 45.0804 1.04525
0.2 42.9214 0.991867
0.2025 40.7459 0.938511
0.205 38.557 0.885239
0.2075 36.3577 0.832109
0.21 34.1511 0.779175
0.2125 31.9399 0.726493
0.215 29.7271 0.674117
0.2175 27.5154 0.622098
0.22 25.3076 0.570488
0.2225 23.1062 0.519338
0.225 20.9138 0.468695
0.2275 18.7329 0.418608
0.23 16.566 0.369122
0.2325 14.4153 0.320282
0.235 12.2833 0.272133
0.2375 10.1722 0.224716
0.24 8.08402 0.178072
0.2425 6.02098 0.13224
0.245 3.98508 0.0872605
0.2475 1.9783 0.0431685
