TITLE="Graphics"
VARIABLES= "rj, cm", "F", "dT/dt" 
0 0.00051289 21.6265
0.0025 0.000510789 21.5222
0.005 0.000504957 21.2336
0.0075 0.000494808 20.7355
0.01 0.000480427 20.0379
0.0125 0.000461899 19.153
0.015 0.000439338 18.095
0.0175 0.000412905 16.8812
0.02 0.000382833 15.5309
0.0225 0.000349443 14.0664
0.025 0.000313179 12.5118
0.0275 0.000274647 10.8932
0.03 0.00023467 9.23777
0.0325 0.000194309 7.57332
0.035 0.000154392 5.92701
0.0375 0.000115212 4.32482
0.04 0.000977909 2.79137
0.0425 22.0174 1.90668
0.045 42456.6 106.185
0.0475 773750 56.9637
0.04775 9.71445e-17 1.90737e-08
0.05 2.77084 9.79369
0.0525 2.23875 7.8261
0.055 1.82171 6.4594
0.0575 1.51758 5.39757
0.06 1.29408 4.52911
0.0625 1.11246 3.81603
0.065 0.961631 3.22916
0.0675 0.835062 2.74448
0.07 0.728246 2.3424
0.0725 0.637703 2.00716
0.075 0.560626 1.72623
0.0775 0.494726 1.4897
0.08 0.438138 1.28965
0.0825 0.389337 1.11976
0.085 0.347077 0.974942
0.0875 0.310334 0.851048
0.09 0.278272 0.744693
0.0925 0.250203 0.65309
0.095 0.225559 0.573937
0.0975 0.203858 0.505333
0.1 0.184694 0.4457
0.1025 0.167721 0.393727
0.105 0.152645 0.348318
0.1075 0.139217 0.308552
0.11 0.127228 0.273651
0.1125 0.116497 0.242958
0.115 0.10687 0.215911
0.1175 0.098214 0.192035
0.12 0.0904147 0.170921
0.1225 0.0833735 0.15222
0.125 0.0770008 0.135631
0.1275 0.0712243 0.120896
0.13 0.0659812 0.107789
0.1325 0.0615263 0.0961161
0.135 0.0565841 0.0858882
0.1375 0.0529384 0.0766179
0.14 0.049309 0.0683648
0.1425 0.0459821 0.0610154
0.145 0.0429346 0.0544692
0.1475 0.0401341 0.0486391
0.15 0.0375621 0.0434484
0.1525 0.0351912 0.0388309
0.155 0.0330055 0.0347277
0.1575 0.0309885 0.0310866
0.16 0.0291219 0.027862
0.1625 0.0273946 0.025013
0.165 0.0257942 0.0225031
0.1675 0.0243085 0.0203001
0.17 0.0229284 0.0183749
0.1725 0.0216456 0.0167016
0.175 0.0204516 0.0152568
0.1775 0.0193374 0.0140199
0.18 0.0183006 0.0129718
0.1825 0.0173296 0.0120959
0.185 0.0164254 0.0113765
0.1875 0.0155764 0.0108003
0.19 0.0147828 0.0103541
0.1925 0.0140386 0.0100265
0.195 0.01334 0.00980695
0.1975 0.0126831 0.00968526
0.2 0.0120653 0.00965187
0.2025 0.0114813 0.00969752
0.205 0.0109312 0.00981258
0.2075 0.0104089 0.00998752
0.21 0.00991386 0.0102121
0.2125 0.00944242 0.0104751
0.215 0.00899231 0.0107644
0.2175 0.00856196 0.0110663
0.22 0.00814828 0.0113661
0.2225 0.00770182 0.0116469
0.225 0.00742259 0.0118675
0.2275 0.0070001 0.0120565
0.23 1.1076e+06 0.0121673
0.2325 2.70073e+06 507528
0.235 1.08737e+06 0.0120284
0.2375 0.00530863 0.0116712
0.24 0.00464857 0.0109891
0.2425 0.00378833 0.00980207
0.245 0.00269637 0.00783888
0.2475 0.00139661 0.00472567
