TITLE="Graphics"
VARIABLES= "rj, cm", "F", "dT/dt" 
0 1.44382e-06 1.40842e-08
0.0025 6.9872e-07 6.57789e-09
0.005 4.77049e-07 1.14087e-09
0.0075 1.04335e-08 7.39823e-10
0.01 4.08162e-08 3.62356e-10
0.0125 1.83209e-07 2.50158e-09
0.015 6.64567e-07 8.11405e-09
0.0175 1.39533e-06 2.36176e-08
0.02 1.74192e-06 4.97491e-08
0.0225 4.09608e-07 6.86972e-08
0.025 1.25823e-06 5.33391e-08
0.0275 7.01715e-07 3.5172e-08
0.03 4.41238e-07 5.71135e-08
0.0325 1.21579e-06 3.66453e-08
0.035 3.08574e-06 1.51066e-08
0.0375 9.29714e-07 6.00924e-09
0.04 1.48609e-06 1.16735e-08
0.0425 1.43779e-05 1.9533e-07
0.045 6.26244e-05 1.47813e-07
0.0475 4.59406e-08 1.85962e-07
0.0475003 1.1241e-15 3.87696e-10
0.05 9.08541 4.18941
0.0525 6.57999 5.93172
0.055 6.31856 7.31991
0.0575 5.54911 8.4957
0.06 4.48222 9.52456
0.0625 3.23659 10.4421
0.065 1.88489 11.2701
0.0675 0.474423 12.0227
0.07 0.962619 12.7099
0.0725 2.40354 13.339
0.075 3.83188 13.9154
0.0775 5.2355 14.4434
0.08 6.60526 14.9265
0.0825 7.93423 15.3675
0.085 9.21712 15.7688
0.0875 10.4499 16.1322
0.09 11.6295 16.4595
0.0925 12.7536 16.7523
0.095 13.8206 17.0117
0.0975 14.8291 17.2391
0.1 15.7786 17.4355
0.1025 16.6684 17.6018
0.105 17.4985 17.7391
0.1075 18.2689 17.8481
0.11 18.9799 17.9298
0.1125 19.632 17.9848
0.115 20.2257 18.0141
0.1175 20.7619 18.0182
0.12 21.2413 17.9979
0.1225 21.6649 17.954
0.125 782724 17.8872
0.1275 1.54671e+06 1473.29
0.13 761593 17.6872
0.1325 22.8229 17.5556
0.135 22.9842 17.4037
0.1375 23.0968 17.2322
0.14 23.1619 17.0418
0.1425 23.181 16.8333
0.145 23.1555 16.6071
0.1475 23.0867 16.3641
0.15 22.9761 16.1049
0.1525 22.8252 15.8302
0.155 22.6352 15.5406
0.1575 22.4078 15.2369
0.16 22.1443 14.9197
0.1625 21.8463 14.5896
0.165 21.515 14.2474
0.1675 21.1521 13.8937
0.17 20.7589 13.5292
0.1725 20.3369 13.1546
0.175 19.8875 12.7705
0.1775 19.412 12.3777
0.18 18.9119 11.9767
0.1825 18.3886 11.5683
0.185 17.8434 11.1531
0.1875 17.2776 10.7317
0.19 16.6927 10.3049
0.1925 16.0899 9.87316
0.195 15.4705 9.43727
0.1975 14.8358 8.99782
0.2 14.187 8.55545
0.2025 13.5254 8.11077
0.205 12.8522 7.66441
0.2075 12.1686 7.21698
0.21 11.4757 6.76908
0.2125 10.7747 6.32131
0.215 10.0668 5.87427
0.2175 9.35293 5.42853
0.22 8.6343 4.98467
0.2225 7.91194 4.54324
0.225 7.18688 4.10481
0.2275 6.46014 3.66991
0.23 5.73271 3.23909
0.2325 5.00556 2.81287
0.235 4.27964 2.39177
0.2375 3.55587 1.97628
0.24 2.83516 1.5669
0.2425 2.11839 1.16412
0.245 1.40644 0.768407
0.2475 0.700125 0.380217
