TITLE="Graphics"
VARIABLES= "rj, cm", "F", "dT/dt" 
0 6.45618e-05 21.8062
0.0025 6.42989e-05 21.7012
0.005 6.35692e-05 21.4106
0.0075 6.22991e-05 20.909
0.01 6.04986e-05 20.2064
0.0125 5.81777e-05 19.3149
0.015 5.53498e-05 18.2491
0.0175 5.20343e-05 17.026
0.02 4.8259e-05 15.6652
0.0225 4.40629e-05 14.189
0.025 3.94996e-05 12.6217
0.0275 3.4642e-05 10.9895
0.03 2.95893e-05 9.3201
0.0325 2.44813e-05 7.64147
0.035 1.95354e-05 5.98127
0.0375 1.50071e-05 4.3649
0.04 6.26084e-05 2.81364
0.0425 22.4316 2.12529
0.045 43094.3 105.498
0.0475 773797 61.7698
0.04775 0.000114861 1.87041e-08
0.05 16046.3 12.896
0.0525 104874 9.96448
0.055 2.24567e+06 2.02147e+06
0.0575 117081 6.38368
0.06 0.16227 5.26401
0.0625 0.138495 4.39493
0.065 0.119151 3.70306
0.0675 0.103193 3.1427
0.07 0.0898692 2.68329
0.0725 0.078638 2.3032
0.075 0.0691003 1.98641
0.0775 0.0609521 1.72069
0.08 0.053957 1.49654
0.0825 0.0479317 1.30645
0.085 0.0427488 1.14449
0.0875 0.0383545 1.0061
0.09 0.0340341 0.888224
0.0925 0.0307241 0.785425
0.095 0.0277246 0.696119
0.0975 0.0250559 0.618416
0.1 0.0226947 0.55059
0.1025 0.0206039 0.491181
0.105 0.018747 0.43897
0.1075 0.0170959 0.392941
0.11 0.0156217 0.352243
0.1125 0.0143042 0.316163
0.115 0.0131222 0.284097
0.1175 0.0120604 0.255536
0.12 0.0111037 0.230043
0.1225 0.0102407 0.207248
0.125 0.00945971 0.186833
0.1275 0.00875268 0.16852
0.13 0.00810931 0.152076
0.1325 0.00752554 0.137292
0.135 0.00699228 0.123989
0.1375 0.00650667 0.112011
0.14 0.00606145 0.10122
0.1425 0.00565438 0.0914947
0.145 0.00528091 0.0827294
0.1475 0.00493747 0.0748289
0.15 0.00462202 0.0677097
0.1525 0.00433106 0.0612973
0.155 0.00406215 0.0555255
0.1575 0.00381518 0.0503342
0.16 0.00358521 0.0456709
0.1625 0.00337336 0.0414875
0.165 0.00317628 0.0377412
0.1675 0.00299361 0.034393
0.17 0.00282404 0.0314086
0.1725 0.00266601 0.0287554
0.175 0.00251875 0.026405
0.1775 0.00238085 0.0243304
0.18 0.0022533 0.0225053
0.1825 0.00215584 0.0209079
0.185 0.0020031 0.0196069
0.1875 0.00192155 0.0184192
0.19 0.00182387 0.0174206
0.1925 0.00173242 0.0165972
0.195 0.00162767 0.0159338
0.1975 0.00158098 0.0153475
0.2 0.00148699 0.0149575
0.2025 0.00141622 0.0146825
0.205 0.00134937 0.0145142
0.2075 0.00128734 0.0144459
0.21 0.00122737 0.0144712
0.2125 0.00117101 0.0145826
0.215 0.0011177 0.0147718
0.2175 0.0010657 0.0150299
0.22 0.00101566 0.0153451
0.2225 0.000965887 0.0157013
0.225 0.000915619 0.0160747
0.2275 0.0008617 0.0164315
0.23 0.000803778 0.0167195
0.2325 0.000737842 0.0168629
0.235 0.000661414 0.0167538
0.2375 0.000586332 0.0162416
0.24 0.000485189 0.0151794
0.2425 0.000372363 0.0133225
0.245 0.000250593 0.0103863
0.2475 0.00012312 0.00605626
