TITLE="Graphics"
VARIABLES= "rj, cm", "F", "dT/dt" 
0 0.00463786 25.1972
0.0025 0.00462163 25.0793
0.005 0.0045764 24.7529
0.0075 0.00449707 24.1886
0.01 0.00438333 23.3969
0.0125 0.00423461 22.3897
0.015 0.00405046 21.182
0.0175 0.00383075 19.7912
0.02 0.00357606 18.238
0.0225 0.00328784 16.5461
0.025 0.00296882 14.7422
0.0275 0.00262351 12.8555
0.03 0.00225884 10.9173
0.0325 0.00188322 8.95997
0.035 0.00149862 7.01624
0.0375 0.00111942 5.11893
0.04 0.00171073 3.29924
0.0425 1.23978 1.56375
0.045 2.43794 100.661
0.0475 303.175 49.2752
0.04775 1.249e-16 1.92157e-08
0.05 30.0507 3.2001
0.0525 22.3092 4.58504
0.055 16.7595 4.42792
0.0575 13.2645 3.95847
0.06 10.897 3.48233
0.0625 9.15445 3.0637
0.065 7.7963 2.70695
0.0675 6.70115 2.40372
0.07 5.80024 2.14466
0.0725 367194 1.92189
0.075 774635 44829.7
0.0775 361492 1.56144
0.08 3.43007 1.41485
0.0825 3.04068 1.28614
0.085 2.70559 1.17269
0.0875 2.41589 1.07231
0.09 2.16432 0.983172
0.0925 1.94495 0.903757
0.095 1.75292 0.83277
0.0975 1.5842 0.769114
0.1 1.43545 0.711859
0.1025 1.30386 0.660207
0.105 1.1871 0.613479
0.1075 1.08319 0.571088
0.11 0.990462 0.53253
0.1125 0.907487 0.497368
0.115 0.833054 0.465224
0.1175 0.766125 0.43577
0.12 0.705805 0.408719
0.1225 0.651323 0.383821
0.125 0.602012 0.360856
0.1275 0.557289 0.33963
0.13 0.516655 0.319974
0.1325 0.479663 0.301737
0.135 0.445932 0.284786
0.1375 0.415119 0.269003
0.14 0.386927 0.254282
0.1425 0.361093 0.240529
0.145 0.337383 0.22766
0.1475 0.315591 0.2156
0.15 0.295534 0.204281
0.1525 0.277048 0.193642
0.155 0.259986 0.183628
0.1575 0.244223 0.174189
0.16 0.229637 0.165281
0.1625 0.216126 0.156863
0.165 0.203597 0.148897
0.1675 0.191963 0.141349
0.17 0.181151 0.13419
0.1725 0.171091 0.127392
0.175 0.16172 0.120928
0.1775 0.152985 0.114775
0.18 0.144831 0.108912
0.1825 0.137215 0.103319
0.185 0.130096 0.0979782
0.1875 0.123432 0.0928728
0.19 0.117193 0.0879875
0.1925 0.111346 0.0833081
0.195 0.105863 0.0788212
0.1975 0.100722 0.0745145
0.2 0.0959007 0.070376
0.2025 0.0913825 0.0663942
0.205 0.087153 0.0625573
0.2075 0.0832048 0.0588532
0.21 0.0795337 0.0552688
0.2125 0.0761411 0.0517889
0.215 0.0730337 0.0483956
0.2175 0.0702207 0.0450669
0.22 0.0677114 0.0417756
0.2225 0.0655091 0.0384883
0.225 0.0635939 0.0351646
0.2275 0.0619046 0.0317576
0.23 0.06031 0.0282177
0.2325 0.0585666 0.0244988
0.235 0.0562787 0.0205721
0.2375 0.0528764 0.0164469
0.24 0.0476343 0.0122016
0.2425 0.0398148 0.00802191
0.245 0.028941 0.00423836
0.2475 0.0152413 0.00134872
