TITLE="Graphics"
VARIABLES= "rj, cm", "F", "dT/dt" 
0 1.45619e+06 60.7351
0.0025 16.0798 6.70678e-12
0.005 1.3685e-10 8.69472e-12
0.0075 5.1815e-10 7.7081e-12
0.01 2.89249e-11 7.0233e-13
0.0125 6.54162e-11 5.70565e-12
0.015 1.7627e-10 1.72177e-12
0.0175 3.0051e-10 4.85115e-12
0.02 7.49573e-12 2.0728e-12
0.0225 2.20838e-10 5.47288e-12
0.025 8.60012e-10 7.73146e-12
0.0275 3.60627e-09 3.72451e-11
0.03 6.82032e-09 1.36065e-10
0.0325 3.78428e-09 2.08448e-10
0.035 3.38002e-09 5.5493e-11
0.0375 4.91054e-09 3.14534e-10
0.04 5.90561e-08 2.08218e-10
0.0425 1.53145e-08 1.78031e-10
0.045 9.30572e-08 8.49448e-10
0.0475 7.48497e-08 4.61636e-09
0.0475003 3.46945e-16 4.98327e-11
0.05 3.43752 0.539758
0.0525 7.15665 0.739779
0.055 9.27301 0.889885
0.0575 11.1653 1.00913
0.06 12.8706 1.10673
0.0625 14.4122 1.18794
0.065 15.8073 1.25609
0.0675 17.0701 1.31348
0.07 18.2122 1.36178
0.0725 19.2438 1.40225
0.075 20.1739 1.43589
0.0775 21.01 1.46349
0.08 21.7594 1.48572
0.0825 22.428 1.50314
0.085 23.0215 1.51621
0.0875 23.5449 1.52534
0.09 24.0027 1.53089
0.0925 24.3989 1.53317
0.095 24.7373 1.53247
0.0975 25.0213 1.52901
0.1 25.254 1.52304
0.1025 25.4381 1.51476
0.105 25.5763 1.50434
0.1075 25.671 1.49195
0.11 25.7244 1.47776
0.1125 25.7385 1.4619
0.115 25.7153 1.4445
0.1175 25.6565 1.42569
0.12 25.5637 1.40558
0.1225 25.4386 1.38427
0.125 25.2826 1.36187
0.1275 25.097 1.33846
0.13 24.8832 1.31414
0.1325 24.6424 1.28898
0.135 24.3758 1.26307
0.1375 24.0846 1.23646
0.14 23.7698 1.20924
0.1425 23.4325 1.18147
0.145 23.0738 1.1532
0.1475 22.6945 1.12449
0.15 22.2957 1.09541
0.1525 21.8784 1.06599
0.155 21.4434 1.0363
0.1575 20.9917 1.00637
0.16 20.5241 0.97625
0.1625 20.0416 0.945982
0.165 19.545 0.915605
0.1675 19.0352 0.885158
0.17 18.5131 0.854675
0.1725 17.9794 0.824191
0.175 17.435 0.793737
0.1775 16.8808 0.763345
0.18 16.3176 0.733043
0.1825 15.7462 0.702859
0.185 15.1674 0.672819
0.1875 14.5821 0.642947
0.19 13.9911 0.613267
0.1925 13.3951 0.583801
0.195 12.7949 0.554569
0.1975 12.1913 0.525591
0.2 11.5852 0.496886
0.2025 10.9773 0.468471
0.205 10.3682 0.440362
0.2075 9.75891 0.412574
0.21 9.14999 0.385122
0.2125 8.54222 0.35802
0.215 7.9363 0.331279
0.2175 7.33293 0.304911
0.22 6.73278 0.278928
0.2225 6.1365 0.253338
0.225 5.54475 0.228152
0.2275 4.95815 0.203377
0.23 4.37727 0.179022
0.2325 3.80271 0.155093
0.235 3.23501 0.131597
0.2375 2.67469 0.108539
0.24 2.12223 0.0859258
0.2425 1.57812 0.0637612
0.245 1.04277 0.0420495
0.2475 0.516586 0.0207946
