TITLE="Graphics"
VARIABLES= "rj, cm", "F", "dT/dt" 
0 0.00026144 22.1277
0.0025 0.000260388 22.0214
0.005 0.000257466 21.7272
0.0075 0.000252378 21.2193
0.01 0.000245159 20.5078
0.0125 0.000235845 19.6048
0.015 0.000224483 18.5249
0.0175 0.000211145 17.2853
0.02 0.000195935 15.9058
0.0225 0.000179 14.4087
0.025 0.000160543 12.8187
0.0275 0.000140836 11.1624
0.03 0.000120252 9.4677
0.0325 9.93207e-05 7.76346
0.035 7.86887e-05 6.07815
0.0375 5.85537e-05 4.43879
0.04 0.000788811 2.8705
0.0425 0.298334 1.81524
0.045 0.621984 105.514
0.0475 30.1331 47.2548
0.04775 7.63278e-17 1.90929e-08
0.05 1.47304 8.01381
0.0525 1.13264 6.39717
0.055 0.907553 5.31151
0.0575 0.75921 4.43433
0.06 0.64741 3.70655
0.0625 0.55661 3.10614
0.065 0.48089 2.61294
0.0675 0.417223 2.20761
0.07 0.363488 1.87332
0.0725 0.317976 1.59623
0.075 0.279277 1.36532
0.0775 0.246234 1.17184
0.08 0.217907 1.00889
0.0825 0.193522 0.871014
0.085 0.17244 0.753849
0.0875 0.15414 0.653906
0.09 0.13819 0.568359
0.0925 0.12424 0.4949
0.095 0.111997 0.431635
0.0975 0.101217 0.376996
0.1 0.0916971 0.329685
0.1025 0.083266 0.28862
0.105 0.0757776 0.252894
0.1075 0.06911 0.221747
0.11 0.0631573 0.194539
0.1125 0.0578299 0.170728
0.115 0.0530515 0.149855
0.1175 0.0487549 0.13153
0.12 0.0448833 0.115419
0.1225 0.0413872 0.101236
0.125 0.0382212 0.088734
0.1275 0.0353474 0.0776988
0.13 0.0324921 0.0679396
0.1325 0.030983 0.0591917
0.135 0.028543 0.0515873
0.1375 0.0265473 0.0448878
0.14 0.0247264 0.0389797
0.1425 0.0230616 0.0337685
0.145 0.0215344 0.0291742
0.1475 0.0201331 0.0251277
0.15 0.0188443 0.021569
0.1525 0.0176565 0.0184458
0.155 0.016562 0.015712
0.1575 0.0155502 0.0133271
0.16 0.0146155 0.011255
0.1625 0.0137494 0.00946405
0.165 0.0129468 0.00792587
0.1675 0.0122028 0.00661525
0.17 0.0115112 0.00551035
0.1725 0.0108682 0.00459149
0.175 0.0102702 0.00384137
0.1775 0.0097123 0.00324452
0.18 0.00919215 0.00278717
0.1825 0.00870663 0.00245685
0.185 0.00825255 0.0022425
0.1875 0.00782771 0.00213395
0.19 0.0074301 0.00212203
0.1925 0.00705704 0.00219839
0.195 0.00670719 0.00235515
0.1975 0.00637785 0.00258515
0.2 0.00606814 0.00288111
0.2025 0.00577601 0.00323603
0.205 0.00549975 0.0036426
0.2075 0.00523822 0.00409295
0.21 0.00498905 0.00457844
0.2125 0.00475238 0.00508907
0.215 0.0045259 0.00561351
0.2175 0.00430946 0.0061389
0.22 0.00410324 0.00665106
0.2225 0.00394188 0.00713548
0.225 0.0036254 0.00758889
0.2275 0.0034858 0.00796236
0.23 0.00331782 0.00825477
0.2325 0.0031496 0.00845197
0.235 0.00296976 0.00853322
0.2375 1.12097e+06 0.0084609
0.24 3.23926e+06 1.01905e+06
0.2425 1.10102e+06 0.00748228
0.245 0.0015065 0.00617856
0.2475 0.000797462 0.00385861
