TITLE="Graphics"
VARIABLES= "rj, cm", "F", "dT/dt" 
0 0.000737107 19.6723
0.0025 0.000733903 19.5763
0.005 0.000725045 19.3107
0.0075 0.0007097 18.8524
0.01 0.000688112 18.2111
0.0125 0.000660638 17.3983
0.015 0.000627885 16.4276
0.0175 0.000590965 15.3147
0.02 0.000551985 14.0767
0.0225 0.000515057 12.731
0.025 0.000489978 11.2928
0.0275 0.000515972 9.76857
0.03 134.54 8.12944
0.0325 97055.9 96813.7
0.035 115.277 2.97592
0.0375 0.00824454 2.86666
0.04 0.056272 1.95032
0.0425 33.0952 40.1653
0.045 81613.1 86.1319
0.0475 773695 49.7024
0.04775 2.08167e-17 1.29694e-08
0.05 2.04821 13.9364
0.0525 2.14949 11.9429
0.055 1.99236 10.3033
0.0575 1.76386 9.1792
0.06 1.53208 8.46599
0.0625 1.32131 8.04667
0.065 1.13851 7.83064
0.0675 0.981517 7.75378
0.07 0.848273 7.77074
0.0725 0.735439 7.84995
0.075 0.639123 7.96945
0.0775 0.556536 8.11349
0.08 0.485502 8.2706
0.0825 0.424225 8.43245
0.085 0.371193 8.59293
0.0875 0.325139 8.74763
0.09 0.285006 8.89333
0.0925 0.249919 9.02773
0.095 0.219148 9.14921
0.0975 0.192088 9.25665
0.1 0.168234 9.34933
0.1025 0.147161 9.4268
0.105 0.12851 9.48887
0.1075 0.111978 9.5355
0.11 0.0973064 9.56679
0.1125 0.0842726 9.58295
0.115 0.0726856 9.58429
0.1175 0.0623791 9.57116
0.12 0.0532109 9.54397
0.1225 0.0450544 9.50317
0.125 0.0377995 9.44923
0.1275 0.0313521 9.38266
0.13 0.0256252 9.30396
0.1325 0.0205446 9.21367
0.135 0.0160455 9.11229
0.1375 0.0120674 9.00037
0.14 0.00855959 8.87843
0.1425 0.0054745 8.747
0.145 0.00277091 8.6066
0.1475 0.00041332 8.45773
0.15 0.00163474 8.30091
0.1525 0.0034001 8.13663
0.155 0.00491038 7.96537
0.1575 0.00619012 7.78763
0.16 0.00726123 7.60386
0.1625 0.00814293 7.41451
0.165 0.00885288 7.22004
0.1675 0.00940664 7.02088
0.17 0.00981974 6.81745
0.1725 0.0101054 6.61016
0.175 0.0102741 6.39941
0.1775 0.0103382 6.18559
0.18 0.0103066 5.96909
0.1825 0.0101888 5.75025
0.185 0.0099936 5.52946
0.1875 0.00972695 5.30704
0.19 0.00939662 5.08333
0.1925 0.00901041 4.85867
0.195 0.0085724 4.63337
0.1975 0.00809035 4.40773
0.2 0.00756988 4.18205
0.2025 0.00701515 3.95661
0.205 0.00643541 3.7317
0.2075 0.00583601 3.50757
0.21 0.00522342 3.28448
0.2125 0.0046069 3.06267
0.215 0.00399305 2.84237
0.2175 0.00339434 2.6238
0.22 0.00281777 2.40714
0.2225 0.00227538 2.19258
0.225 0.00177711 1.98028
0.2275 0.00133258 1.77038
0.23 0.000950467 1.56299
0.2325 0.000636378 1.35819
0.235 0.000394995 1.15607
0.2375 0.000222393 0.956643
0.24 0.000113345 0.75994
0.2425 5.63928e-05 0.56595
0.245 3.44552e-05 0.374653
0.2475 2.31394e-05 0.186015
