TITLE="Graphics"
VARIABLES= "rj, cm", "F", "dT/dt" 
0 1.38016e-07 2.73259e-10
0.0025 2.16231e-07 1.05907e-09
0.005 6.3116e-07 4.20339e-09
0.0075 2.04937e-06 1.69548e-08
0.01 5.85968e-06 6.14435e-08
0.0125 1.30341e-05 1.85067e-07
0.015 1.94331e-05 4.30438e-07
0.0175 1.39767e-05 7.10428e-07
0.02 1.25888e-06 7.67468e-07
0.0225 4.55116e-07 6.20613e-07
0.025 1.71712e-06 6.52034e-07
0.0275 1.83452e-05 4.60804e-07
0.03 1.61203e-06 1.76992e-07
0.0325 8.75885e-06 1.7826e-07
0.035 1.44503e-05 2.08605e-07
0.0375 4.04212e-06 1.55512e-08
0.04 3.23948e-05 2.11388e-07
0.0425 6.63717e-05 1.62389e-07
0.045 0.000147336 3.65986e-06
0.0475 0.000676196 2.68946e-06
0.0475003 3.67761e-16 1.06579e-10
0.05 0.145828 1.1551
0.0525 3.23901 1.59734
0.055 4.95736 1.93702
0.0575 178552 2.2141
0.06 365662 236.337
0.0625 185475 2.64842
0.065 11.7361 2.82309
0.0675 13.3059 2.9762
0.07 14.8097 3.11101
0.0725 16.2445 3.22994
0.075 17.6088 3.33485
0.0775 18.9019 3.42724
0.08 20.1235 3.50832
0.0825 21.2739 3.57907
0.085 22.3537 3.64035
0.0875 23.3635 3.69285
0.09 24.3044 3.73719
0.0925 25.1771 3.77391
0.095 25.9829 3.80347
0.0975 26.7228 3.8263
0.1 27.3979 3.84277
0.1025 28.0096 3.85322
0.105 28.559 3.85794
0.1075 29.0473 3.85723
0.11 29.476 3.85135
0.1125 29.8461 3.84052
0.115 30.1591 3.82499
0.1175 30.4163 3.80495
0.12 30.619 3.7806
0.1225 30.7686 3.75215
0.125 30.8663 3.71975
0.1275 30.9136 3.6836
0.13 30.9118 3.64384
0.1325 30.8622 3.60065
0.135 30.7663 3.55417
0.1375 30.6254 3.50455
0.14 30.441 3.45194
0.1425 30.2143 3.39648
0.145 29.9468 3.3383
0.1475 29.64 3.27755
0.15 29.2951 3.21436
0.1525 28.9136 3.14885
0.155 28.4969 3.08116
0.1575 28.0464 3.01141
0.16 27.5636 2.93972
0.1625 27.0497 2.86623
0.165 26.5063 2.79104
0.1675 25.9347 2.71428
0.17 25.3363 2.63608
0.1725 24.7125 2.55653
0.175 24.0647 2.47577
0.1775 23.3944 2.3939
0.18 22.7028 2.31104
0.1825 21.9913 2.22729
0.185 21.2614 2.14278
0.1875 20.5144 2.0576
0.19 19.7517 1.97187
0.1925 18.9745 1.8857
0.195 18.1843 1.79917
0.1975 17.3823 1.71241
0.2 16.5698 1.62551
0.2025 15.7482 1.53857
0.205 14.9187 1.45169
0.2075 14.0826 1.36497
0.21 13.2412 1.2785
0.2125 12.3957 1.19237
0.215 11.5473 1.10669
0.2175 10.6971 1.02153
0.22 9.84651 0.936989
0.2225 8.99654 0.853152
0.225 8.14836 0.770102
0.2275 7.30309 0.687921
0.23 6.46184 0.606692
0.2325 5.62567 0.526491
0.235 4.79565 0.447394
0.2375 3.97281 0.369477
0.24 3.15814 0.292809
0.2425 2.35263 0.217462
0.245 1.55724 0.143502
0.2475 0.772877 0.0709939
