TITLE="Graphics"
VARIABLES= "rj, cm", "F", "dT/dt" 
0 0.00125516 28.2834
0.0025 0.00125165 28.1557
0.005 0.0012418 27.802
0.0075 0.00122433 27.1897
0.01 0.00119882 26.3284
0.0125 0.00116473 25.2295
0.015 0.00112139 23.9067
0.0175 0.00106821 22.3769
0.02 0.00100473 20.6605
0.0225 0.000930843 18.7819
0.025 0.000846984 16.7689
0.0275 0.000754326 14.6531
0.03 0.000654722 12.4691
0.0325 0.000549438 10.2533
0.035 0.000436439 8.04363
0.0375 0.000329473 5.88082
0.04 0.000989361 3.80059
0.0425 0.252846 1.59453
0.045 3.03276 94.8556
0.0475 12850.4 1406.35
0.04775 2.08167e-17 2.04916e-08
0.05 16.1634 37.8727
0.0525 4.83961 27.5241
0.055 3.47367 21.1176
0.0575 3.12969 17.1652
0.06 2.75504 14.3934
0.0625 2.37268 12.2744
0.065 2.03034 10.5785
0.0675 1.74001 9.18747
0.07 1.49817 8.02969
0.0725 1.2973 7.05622
0.075 1.12988 6.23129
0.0775 0.989512 5.52761
0.08 0.871051 4.92387
0.0825 0.770406 4.40312
0.085 0.684354 3.95177
0.0875 0.610342 3.55878
0.09 0.54634 3.21517
0.0925 0.490722 2.91353
0.095 0.442173 2.64774
0.0975 0.399631 2.41271
0.1 0.362222 2.20417
0.1025 0.329218 2.01852
0.105 0.29999 1.85271
0.1075 0.273969 1.70414
0.11 0.250642 1.57063
0.1125 0.229599 1.45031
0.115 0.210625 1.34168
0.1175 0.193663 1.24344
0.12 0.178532 1.15446
0.1225 0.164965 1.07367
0.125 0.152709 1.00016
0.1275 0.141575 0.933096
0.13 0.131424 0.871764
0.1325 0.122155 0.815548
0.135 0.11368 0.763912
0.1375 0.105924 0.71639
0.14 0.0988181 0.672574
0.1425 0.0923007 0.632101
0.145 0.0863144 0.594654
0.1475 0.080808 0.559946
0.15 0.0757362 0.527726
0.1525 0.0710585 0.497766
0.155 0.066737 0.469866
0.1575 0.0627409 0.443843
0.16 0.059041 0.419535
0.1625 0.0556085 0.396796
0.165 0.0524249 0.375496
0.1675 0.049464 0.355514
0.17 964818 0.336745
0.1725 2.15126e+06 242502
0.175 942807 0.302466
0.1775 0.0395262 0.286789
0.18 0.0374431 0.271988
0.1825 0.0354944 0.257998
0.185 0.0336723 0.244759
0.1875 0.0319638 0.232217
0.19 0.0303627 0.220321
0.1925 0.0288579 0.209027
0.195 0.0274432 0.198294
0.1975 0.0261101 0.188084
0.2 0.0248508 0.178365
0.2025 0.0236578 0.169108
0.205 0.0225233 0.160287
0.2075 0.0214395 0.151882
0.21 0.0203997 0.143877
0.2125 0.0193961 0.136262
0.215 0.0184256 0.129033
0.2175 0.0174902 0.122191
0.22 0.0166025 0.115739
0.2225 0.0157956 0.109682
0.225 0.015139 0.104018
0.2275 0.0147553 0.0987169
0.23 0.0148562 0.0936984
0.2325 0.0157609 0.0887818
0.235 0.017904 0.0836159
0.2375 0.0217116 0.0775861
0.24 0.0271848 0.0697242
0.2425 0.0329009 0.0587191
0.245 0.0345562 0.0432467
0.2475 0.0247959 0.0229382
