TITLE="Graphics"
VARIABLES= "rj, cm", "F", "dT/dt" 
0 1.76745e-10 2.38694e-12
0.0025 2.32238e-11 2.89959e-12
0.005 9.69372e-12 1.29692e-12
0.0075 7.90395e-11 2.23319e-12
0.01 8.95292e-12 2.00957e-12
0.0125 1.40655e-10 3.69487e-12
0.015 4.96253e-10 9.00652e-12
0.0175 1.23414e-09 1.61294e-11
0.02 5.73029e-09 6.92143e-11
0.0225 1.35875e-08 2.36767e-10
0.025 1.47107e-08 5.13765e-10
0.0275 1.45376e-10 6.19729e-10
0.03 1.68282e-09 4.75344e-10
0.0325 3.16459e-09 5.27019e-10
0.035 8.90351e-10 4.14009e-10
0.0375 4.74793e-08 4.83425e-10
0.04 6.7918e-10 3.83933e-10
0.0425 5.18891e-09 4.59646e-10
0.045 1.0436e-07 2.00337e-09
0.0475 3.16249e-07 3.61949e-09
0.0475003 1.22818e-15 3.52072e-12
0.05 0.52428 0.0381594
0.0525 0.944216 0.0531694
0.055 1.2043 0.0649037
0.0575 1.43331 0.0746651
0.06 1.63741 0.0830694
0.0625 1.81999 0.090459
0.065 1.98322 0.0970461
0.0675 2.12865 0.102973
0.07 2.25748 0.108339
0.0725 2.37069 0.113219
0.075 2.46913 0.11767
0.0775 2.55355 0.121734
0.08 2.62466 0.125447
0.0825 2.68311 0.128837
0.085 2.72951 0.131928
0.0875 2.76448 0.134738
0.09 2.7886 0.137284
0.0925 2.80245 0.139579
0.095 2.80661 0.141634
0.0975 2.80163 0.14346
0.1 2.78808 0.145065
0.1025 2.76651 0.146455
0.105 2.73747 0.147638
0.1075 2.70149 0.148619
0.11 2.65913 0.149404
0.1125 710194 0.149995
0.115 1.39951e+06 88.3847
0.1175 690428 0.150617
0.12 2.43615 0.150655
0.1225 2.36956 0.150515
0.125 2.29959 0.150199
0.1275 2.22671 0.149712
0.13 2.15138 0.149056
0.1325 2.07401 0.148235
0.135 1.99504 0.14725
0.1375 1.91485 0.146105
0.14 1.83384 0.144803
0.1425 1.75236 0.143347
0.145 1.67076 0.141741
0.1475 1.58937 0.139987
0.15 1.5085 0.138089
0.1525 1.42844 0.136051
0.155 1.34945 0.133876
0.1575 1.27178 0.131569
0.16 1.19566 0.129132
0.1625 1.1213 0.126571
0.165 1.0489 0.12389
0.1675 0.978604 0.121093
0.17 0.910579 0.118185
0.1725 0.844953 0.115171
0.175 0.781836 0.112056
0.1775 0.721321 0.108844
0.18 0.663485 0.105541
0.1825 0.608382 0.102153
0.185 0.556057 0.0986847
0.1875 0.506531 0.0951419
0.19 0.459813 0.0915306
0.1925 0.415897 0.0878564
0.195 0.374759 0.0841253
0.1975 0.336368 0.0803433
0.2 0.300671 0.0765165
0.2025 0.267612 0.072651
0.205 0.237118 0.0687531
0.2075 0.209106 0.0648288
0.21 0.183484 0.0608845
0.2125 0.160155 0.0569263
0.215 0.139004 0.0529606
0.2175 0.119923 0.0489935
0.22 0.102783 0.0450311
0.2225 0.0874629 0.0410796
0.225 0.0738277 0.0371451
0.2275 0.0617442 0.0332335
0.23 0.0510757 0.0293508
0.2325 0.0416813 0.0255027
0.235 0.0334248 0.021695
0.2375 0.0261608 0.0179333
0.24 0.0197571 0.014223
0.2425 0.0140715 0.0105695
0.245 0.00897063 0.00697781
0.2475 0.00432293 0.00345304
