TITLE="Graphics"
VARIABLES= "rj, cm", "F", "dT/dt" 
0 1.77502e-09 1.62995e-11
0.0025 2.9018e-10 1.40185e-11
0.005 3.96212e-10 3.42804e-12
0.0075 7.472e-11 3.3285e-13
0.01 2.17892e-10 3.07422e-12
0.0125 3.37126e-11 3.15869e-12
0.015 1.83951e-10 3.9895e-12
0.0175 2.5384e-10 3.50979e-12
0.02 5.5945e-10 7.85885e-12
0.0225 2.12053e-09 2.80387e-11
0.025 5.47689e-09 9.67169e-11
0.0275 4.62289e-09 2.04102e-10
0.03 4.68114e-09 1.84217e-10
0.0325 1.12649e-09 8.37595e-11
0.035 8.14949e-09 3.04378e-11
0.0375 2.79165e-09 9.00971e-11
0.04 2.13208e-08 1.97752e-10
0.0425 1.13369e-07 1.23358e-09
0.045 7.91048e-10 7.01821e-11
0.0475 3.21009e-07 4.01092e-10
0.0475003 2.77556e-16 3.26154e-11
0.05 0.103686 0.3534
0.0525 1.61029 0.488456
0.055 2.38899 0.592043
0.0575 3.16653 0.676402
0.06 3.92909 0.747381
0.0625 4.6686 0.808266
0.065 5.38034 0.861117
0.0675 6.06151 0.907329
0.07 6.71055 0.947901
0.0725 7.32662 0.983577
0.075 7.90937 1.01494
0.0775 8.45876 1.04244
0.08 8.97496 1.06646
0.0825 9.45829 1.0873
0.085 9.90917 1.10522
0.0875 10.3281 1.12045
0.09 10.7156 1.13318
0.0925 11.0722 1.14357
0.095 11.3986 1.15177
0.0975 11.6954 1.15791
0.1 11.9632 1.16211
0.1025 12.2027 1.16448
0.105 12.4146 1.16511
0.1075 12.5995 1.16409
0.11 12.7581 1.16151
0.1125 12.8911 1.15743
0.115 12.9992 1.15194
0.1175 13.0831 1.1451
0.12 13.1434 1.13696
0.1225 13.1809 1.12761
0.125 13.1964 1.11708
0.1275 13.1904 1.10543
0.13 13.1637 1.09273
0.1325 13.1169 1.07901
0.135 13.0509 1.06433
0.1375 12.9662 1.04873
0.14 853344 1.03226
0.1425 1.68415e+06 749.559
0.145 831469 0.996888
0.1475 12.4552 0.978072
0.15 12.2878 0.958558
0.1525 12.1058 0.938387
0.155 11.9101 0.917599
0.1575 11.7011 0.896232
0.16 11.4797 0.874325
0.1625 11.2464 0.851916
0.165 11.0018 0.82904
0.1675 10.7467 0.805736
0.17 10.4816 0.782038
0.1725 10.2072 0.757982
0.175 9.92401 0.733602
0.1775 9.63272 0.708932
0.18 9.33391 0.684006
0.1825 9.02815 0.658856
0.185 8.71601 0.633515
0.1875 8.39807 0.608014
0.19 8.07487 0.582385
0.1925 7.74696 0.556658
0.195 7.41488 0.530864
0.1975 7.07914 0.505032
0.2 6.74027 0.479191
0.2025 6.39876 0.45337
0.205 6.05511 0.427596
0.2075 5.7098 0.401896
0.21 5.36329 0.376298
0.2125 5.01606 0.350827
0.215 4.66854 0.32551
0.2175 4.32118 0.30037
0.22 3.97441 0.275433
0.2225 3.62863 0.250722
0.225 3.28427 0.22626
0.2275 2.94171 0.20207
0.23 2.60134 0.178174
0.2325 2.26353 0.154593
0.235 1.92866 0.131348
0.2375 1.59707 0.108458
0.24 1.26911 0.0859434
0.2425 0.94511 0.0638225
0.245 0.625403 0.0421134
0.2475 0.310299 0.0208337
