TITLE="Graphics"
VARIABLES= "rj, cm", "F", "dT/dt" 
0 0.000264441 22.4333
0.0025 0.000263389 22.3258
0.005 0.000260466 22.0282
0.0075 0.000255374 21.5143
0.01 156.319 20.7944
0.0125 301354 301125
0.015 103.776 18.7875
0.0175 0.000213996 17.5324
0.02 0.000198691 16.1351
0.0225 0.000181623 14.6183
0.025 0.000162986 13.0067
0.0275 0.000143039 11.3273
0.03 0.000122131 9.60852
0.0325 0.000100709 7.87966
0.035 7.91735e-05 6.17011
0.0375 5.93782e-05 4.50864
0.04 4.91692e-05 2.91948
0.0425 22.9491 2.01426
0.045 45614.3 104.398
0.0475 773786 60.5208
0.04775 7.63278e-17 1.84598e-08
0.05 1.12414 13.3858
0.0525 1.04875 10.4144
0.055 0.896782 8.25077
0.0575 0.755991 6.68581
0.06 0.640055 5.51015
0.0625 0.546385 4.59549
0.065 0.470201 3.8656
0.0675 0.407551 3.27302
0.07 0.355456 2.78649
0.0725 0.310192 2.38427
0.075 0.273022 2.04753
0.0775 0.24113 1.76451
0.08 0.213625 1.52574
0.0825 0.189852 1.32348
0.085 0.169243 1.15147
0.0875 0.151318 1.00463
0.09 0.135677 0.878825
0.0925 0.121983 0.770676
0.095 0.109957 0.677403
0.0975 0.0993629 0.596713
0.1 0.0900039 0.526705
0.1025 0.0817141 0.465794
0.105 0.0743504 0.412659
0.1075 0.0677941 0.36619
0.11 0.0619408 0.325454
0.1125 0.0567041 0.289664
0.115 0.0520071 0.258152
0.1175 0.0477859 0.230352
0.12 0.0439832 0.205782
0.1225 0.040551 0.18403
0.125 0.037447 0.164741
0.1275 0.0346333 0.147613
0.13 0.0320791 0.132382
0.1325 0.0297563 0.118824
0.135 0.0276411 0.10674
0.1375 0.0257213 0.0959634
0.14 0.0239995 0.0863574
0.1425 0.0222759 0.0778404
0.145 0.02084 0.0701795
0.1475 0.0194896 0.0633285
0.15 0.0182389 0.0572118
0.1525 0.0170864 0.0517535
0.155 0.0160223 0.0468854
0.1575 0.0150409 0.0425466
0.16 0.0141342 0.0386836
0.1625 0.0132936 0.0352494
0.165 0.0125167 0.0322015
0.1675 0.011794 0.0295034
0.17 0.0111246 0.0271214
0.1725 0.0105009 0.0250263
0.175 0.00992114 0.0231913
0.1775 0.00938042 0.0215929
0.18 0.00887732 0.0202097
0.1825 0.00840587 0.0190229
0.185 0.00796687 0.0180149
0.1875 0.00755566 0.0171704
0.19 0.00717074 0.0164754
0.1925 0.00681047 0.0159173
0.195 0.00647216 0.0154847
0.1975 0.0061552 0.0151674
0.2 0.00585789 0.014956
0.2025 0.00557774 0.0148423
0.205 0.00531436 0.014819
0.2075 0.00506701 0.014879
0.21 0.00483159 0.0150161
0.2125 0.00460762 0.0152233
0.215 0.00438713 0.0154913
0.2175 0.00420704 0.0158036
0.22 0.00399917 0.0161713
0.2225 0.00379865 0.0165691
0.225 0.00359531 0.0169704
0.2275 0.00338103 0.0173385
0.23 0.00314705 0.0176191
0.2325 0.00288572 0.0177347
0.235 0.00258605 0.0175776
0.2375 0.00224477 0.0170019
0.24 0.00185713 0.0158214
0.2425 0.00143427 0.0138081
0.245 0.000965875 0.0107017
0.2475 0.000478797 0.00620341
