TITLE="Graphics"
VARIABLES= "rj, cm", "F", "dT/dt" 
0 4.08185e-06 3.00788e-07
0.0025 1.12237e-05 3.25691e-07
0.005 3.56681e-05 6.66756e-09
0.0075 1.85912e-09 4.98751e-08
0.01 9.58901e-09 7.8345e-08
0.0125 1.44085e-08 9.18621e-08
0.015 1.62734e-08 9.50949e-08
0.0175 1.65769e-08 9.06298e-08
0.02 1.68043e-08 8.0214e-08
0.0225 1.84758e-08 6.48338e-08
0.025 2.10569e-08 4.44058e-08
0.0275 1.82936e-08 1.83554e-08
0.03 1.56954e-06 1.14665e-08
0.0325 4.50947e-06 7.3711e-08
0.035 9.52443e-06 9.9195e-08
0.0375 3.95111e-06 2.56499e-08
0.04 6.62427e-06 1.51884e-07
0.0425 7.45831e-05 8.73773e-07
0.045 0.000278869 1.50522e-06
0.0475 1.45575e-07 1.26307e-06
0.0475003 9.85323e-16 1.54945e-10
0.05 2.63991 1.67883
0.0525 3.13221 2.32516
0.055 5.82529 2.82298
0.0575 8.68864 3.23027
0.06 11.6066 3.57464
0.0625 14.5127 3.87158
0.065 17.3666 4.13077
0.0675 20.1431 4.35873
0.07 22.8258 4.56013
0.0725 25.4041 4.73845
0.075 27.8709 4.89638
0.0775 30.2219 5.03604
0.08 32.4543 5.15916
0.0825 34.5666 5.26717
0.085 36.5582 5.36125
0.0875 38.429 5.44243
0.09 40.1796 5.51158
0.0925 41.8109 5.56946
0.095 43.3241 5.61675
0.0975 44.7206 5.65404
0.1 46.0021 5.68187
0.1025 47.1702 5.70071
0.105 48.2268 5.71102
0.1075 49.174 5.71318
0.11 50.0138 5.70758
0.1125 50.7483 5.69456
0.115 51.3799 5.67445
0.1175 51.9106 5.64754
0.12 52.3428 5.61413
0.1225 52.6789 5.5745
0.125 52.9212 5.5289
0.1275 53.0721 5.47758
0.13 53.1341 5.42079
0.1325 53.1095 5.35875
0.135 53.001 5.29171
0.1375 52.8109 5.21987
0.14 52.5419 5.14346
0.1425 52.1962 5.06268
0.145 51.7767 4.97773
0.1475 51.2856 4.88883
0.15 50.7257 4.79616
0.1525 50.0993 4.69993
0.155 49.4092 4.60033
0.1575 48.6578 4.49754
0.16 47.8476 4.39176
0.1625 46.9813 4.28316
0.165 46.0614 4.17194
0.1675 956148 4.05827
0.17 1.889e+06 198.085
0.1725 934117 3.82431
0.175 41.8957 3.70437
0.1775 40.7454 3.58269
0.18 39.5566 3.45943
0.1825 38.3316 3.33478
0.185 37.073 3.2089
0.1875 35.7832 3.08194
0.19 34.4646 2.95409
0.1925 33.1197 2.82549
0.195 31.7507 2.69631
0.1975 30.36 2.56671
0.2 28.95 2.43684
0.2025 27.523 2.30685
0.205 26.0812 2.1769
0.2075 24.6269 2.04713
0.21 23.1623 1.91769
0.2125 21.6896 1.78873
0.215 20.211 1.66038
0.2175 18.7284 1.53278
0.22 17.2442 1.40607
0.2225 15.7602 1.28038
0.225 14.2785 1.15584
0.2275 12.801 1.03258
0.23 11.3298 0.910718
0.2325 9.86662 0.790377
0.235 8.41341 0.671674
0.2375 6.97196 0.554723
0.24 5.54401 0.439635
0.2425 4.13132 0.326516
0.245 2.73553 0.215472
0.2475 1.3583 0.106601
