TITLE="Graphics"
VARIABLES= "rj, cm", "F", "dT/dt" 
0 0.00669435 2.73981e-05
0.0025 0.00353143 4.7549e-05
0.005 0.00034173 6.68395e-05
0.0075 0.00102866 0.000171587
0.01 0.000512855 1.55455e-05
0.0125 3.9521e-05 6.01849e-06
0.015 0.229714 4.74354e-07
0.0175 2.99811e-05 1.30752e-06
0.02 0.00116905 1.30121e-07
0.0225 5.04223e-06 1.65618e-05
0.025 8.29585e-06 2.76622e-05
0.0275 9.43235e-06 3.30776e-05
0.03 9.08006e-06 3.33818e-05
0.0325 7.79808e-06 2.95567e-05
0.035 6.03142e-06 2.27495e-05
0.0375 4.07103e-06 1.41059e-05
0.04 2.23404e-06 4.68164e-06
0.0425 0.000643656 4.5287e-06
0.045 0.00552411 0.000525415
0.0475 86.692 0.0036362
0.0475003 4.92661e-16 1.85884e-11
0.05 0.156026 0.169883
0.0525 0.747519 0.237773
0.055 1.08552 0.290467
0.0575 1.41766 0.333795
0.06 1.73887 0.370565
0.0625 2.04593 0.402367
0.065 2.33692 0.430202
0.0675 2.61072 0.454751
0.07 2.86678 0.476505
0.0725 3.1049 0.495832
0.075 3.32516 0.513014
0.0775 3.52779 0.528279
0.08 3.71314 0.54181
0.0825 3.88165 0.553758
0.085 4.03382 0.56425
0.0875 4.17019 0.573393
0.09 4.29133 0.58128
0.0925 4.39781 0.587991
0.095 4.49024 0.593595
0.0975 4.56921 0.598154
0.1 4.6353 0.601723
0.1025 4.68911 0.604351
0.105 4.73121 0.606083
0.1075 4.76219 0.606959
0.11 4.78259 0.607016
0.1125 4.79296 0.606288
0.115 4.79384 0.604807
0.1175 4.78574 0.602602
0.12 4.76916 0.599701
0.1225 4.7446 0.596131
0.125 4.71252 0.591917
0.1275 4.67338 0.587082
0.13 4.62761 0.581649
0.1325 4.57565 0.575642
0.135 4.51789 0.569081
0.1375 4.45474 0.561988
0.14 4.38657 0.554383
0.1425 4.31374 0.546287
0.145 4.2366 0.53772
0.1475 4.15548 0.528701
0.15 4.07071 0.519249
0.1525 3.98258 0.509385
0.155 3.8914 0.499128
0.1575 3.79743 0.488495
0.16 3.70095 0.477508
0.1625 3.60221 0.466184
0.165 3.50146 0.454542
0.1675 3.39892 0.442601
0.17 3.29482 0.430381
0.1725 3.18936 0.417899
0.175 3.08275 0.405175
0.1775 2.97518 0.392227
0.18 2.86681 0.379074
0.1825 2.75784 0.365735
0.185 2.6484 0.352229
0.1875 2.53867 0.338573
0.19 2.42878 0.324786
0.1925 2.31887 0.310887
0.195 2.20907 0.296895
0.1975 2.09949 0.282826
0.2 1.99026 0.268699
0.2025 1.88148 0.254533
0.205 1.77324 0.240344
0.2075 1.66565 0.22615
0.21 1.55879 0.21197
0.2125 1.45275 0.197819
0.215 1.34759 0.183716
0.2175 1.2434 0.169676
0.22 1.14022 0.155716
0.2225 1.03814 0.141852
0.225 0.937193 0.1281
0.2275 0.837441 0.114477
0.23 0.738931 0.100996
0.2325 0.641704 0.0876726
0.235 0.5458 0.0745219
0.2375 0.451257 0.0615576
0.24 0.358105 0.0487936
0.2425 0.266379 0.0362431
0.245 0.176102 0.0239191
0.2475 0.0873029 0.0118341
