TITLE="Graphics"
VARIABLES= "rj, cm", "F", "dT/dt" 
0 3.61272e-05 25.0986
0.0025 3.60001e-05 24.981
0.005 3.56459e-05 24.6556
0.0075 3.50248e-05 24.093
0.01 3.41346e-05 23.3037
0.0125 3.29714e-05 22.2997
0.015 3.15319e-05 21.0959
0.0175 2.98156e-05 19.7097
0.02 2.78274e-05 18.162
0.0225 2.55791e-05 16.4762
0.025 2.30929e-05 14.6791
0.0275 2.04047e-05 12.7998
0.03 1.75674e-05 10.8693
0.0325 1.46372e-05 8.91997
0.035 1.16076e-05 6.98445
0.0375 8.31528e-06 5.09608
0.04 0.00181142 3.2921
0.0425 21.034 22.4383
0.045 51537.2 51402.2
0.0475 1.04008e+06 727151
0.04775 2.08167e-17 9.6444e-06
0.05 117.026 42.4488
0.0525 72.9629 23.5032
0.055 59.4168 19.3035
0.0575 49.4076 16.2562
0.06 41.6 13.8747
0.0625 35.3636 11.9444
0.065 30.2995 10.3539
0.0675 26.1361 9.02916
0.07 22.679 7.91615
0.0725 19.7842 6.97409
0.075 17.3427 6.17145
0.0775 15.2702 5.48346
0.08 13.5006 4.8905
0.0825 11.9818 4.37687
0.085 10.6718 3.92989
0.0875 9.53679 3.53928
0.09 8.54931 3.19656
0.0925 7.68678 2.89479
0.095 6.93061 2.62817
0.0975 6.26539 2.39187
0.1 5.67824 2.18181
0.1025 5.1584 1.99455
0.105 4.6968 1.8272
0.1075 4.28575 1.67724
0.11 3.91875 1.54256
0.1125 3.59024 1.42132
0.115 3.29547 1.31193
0.1175 3.03036 1.21304
0.12 2.7914 1.12344
0.1225 2.57554 1.04211
0.125 2.38016 0.968141
0.1275 2.20297 0.900738
0.13 2.04197 0.839206
0.1325 1.89542 0.782933
0.135 1.76179 0.731381
0.1375 1.63973 0.684072
0.14 1.52806 0.640583
0.1425 864204 0.600542
0.145 9.19619e+06 7.48876e+06
0.1475 842266 0.529503
0.15 1.16614 0.497945
0.1525 1.09295 0.468706
0.155 1.02542 0.441574
0.1575 0.963028 0.416361
0.16 0.905308 0.3929
0.1625 0.85185 0.371042
0.165 0.802294 0.350666
0.1675 0.756153 0.331774
0.17 0.713598 0.313249
0.1725 0.673689 0.296714
0.175 0.636655 0.281043
0.1775 0.60212 0.266286
0.18 0.569893 0.252387
0.1825 0.539794 0.239282
0.185 0.511655 0.22691
0.1875 0.485327 0.215215
0.19 0.46067 0.204145
0.1925 0.437559 0.193652
0.195 0.415877 0.18369
0.1975 0.395517 0.174209
0.2 0.376461 0.165111
0.2025 0.358363 0.156887
0.205 0.341512 0.148602
0.2075 0.325569 0.140768
0.21 0.310553 0.133295
0.2125 0.296394 0.126154
0.215 0.283034 0.119328
0.2175 0.270419 0.112807
0.22 0.258501 0.106591
0.2225 0.247234 0.10069
0.225 0.236578 0.095125
0.2275 0.226492 0.0899372
0.23 0.216943 0.0851844
0.2325 0.207898 0.0809484
0.235 0.199325 0.0773379
0.2375 0.191196 0.074491
0.24 0.183486 0.0725748
0.2425 0.176119 0.0717894
0.245 0.168623 0.0720159
0.2475 0.153013 0.0695589
