TITLE="Graphics"
VARIABLES= "rj, cm", "F", "dT/dt" 
0 1.88925e-05 26.7124
0.0025 1.88324e-05 26.5894
0.005 1.86647e-05 26.2488
0.0075 1.83691e-05 25.6597
0.01 1.79419e-05 24.8322
0.0125 1.73776e-05 23.7781
0.015 1.66711e-05 22.5119
0.0175 1.58182e-05 21.051
0.02 1.48181e-05 19.416
0.0225 1.36743e-05 17.6312
0.025 1.23946e-05 15.7237
0.0275 1.09898e-05 13.7241
0.03 9.47368e-06 11.6652
0.0325 7.87142e-06 9.58254
0.035 6.22487e-06 7.51272
0.0375 36.2333 5.49268
0.04 5.31683e+06 4.839e+06
0.0425 59.0982 2.97419
0.045 63594.6 94.9608
0.0475 773807 55.5096
0.04775 5.55112e-17 1.63281e-08
0.05 0.0515656 16.5956
0.0525 0.0515745 13.829
0.055 0.046306 11.3799
0.0575 0.0402557 9.43015
0.06 0.0347068 7.88899
0.0625 0.0299397 6.65632
0.065 0.025923 5.65631
0.0675 0.0225478 4.83479
0.07 0.0197021 4.15287
0.0725 0.0172897 3.58208
0.075 0.0152331 3.10102
0.0775 0.0134702 2.69327
0.08 0.0119519 2.34596
0.0825 0.0106384 2.04886
0.085 0.0094975 1.79375
0.0875 0.00850287 1.57394
0.09 0.00763301 1.38396
0.0925 0.00686982 1.21929
0.095 0.00619807 1.07616
0.0975 0.00560494 0.951455
0.1 0.00508067 0.84255
0.1025 0.0046149 0.747236
0.105 0.00420075 0.66365
0.1075 0.00383164 0.590209
0.11 0.00350153 0.525568
0.1125 0.00320562 0.468582
0.115 0.00294062 0.418264
0.1175 0.00270153 0.373773
0.12 0.00248659 0.334383
0.1225 0.00229185 0.299466
0.125 0.00211629 0.268481
0.1275 0.00195655 0.240957
0.13 0.0018117 0.216485
0.1325 0.00167998 0.19471
0.135 0.00155992 0.175321
0.1375 0.00145035 0.158045
0.14 0.00135026 0.142645
0.1425 0.00125831 0.128913
0.145 0.00117453 0.116664
0.1475 0.00109753 0.105741
0.15 0.00102688 0.0960032
0.1525 0.000959984 0.0873299
0.155 0.000900217 0.0795868
0.1575 0.00084497 0.0726797
0.16 0.000793653 0.0665265
0.1625 0.000745942 0.0610515
0.165 0.000702129 0.0561857
0.1675 0.00066122 0.0518676
0.17 0.000623368 0.0480424
0.1725 0.000587928 0.0446598
0.175 0.000555322 0.0416773
0.1775 0.00052493 0.0390545
0.18 0.000496147 0.0367569
0.1825 0.000469908 0.0347533
0.185 0.000444967 0.0330149
0.1875 0.000421905 0.0315171
0.19 0.000400198 0.0302373
0.1925 0.000379785 0.0291555
0.195 0.000361171 0.0282521
0.1975 0.000343139 0.0275125
0.2 0.000326071 0.0269207
0.2025 0.000310504 0.0264627
0.205 0.000295669 0.0261244
0.2075 0.000281026 0.025893
0.21 0.000268517 0.0257535
0.2125 0.000254979 0.0256984
0.215 0.000242735 0.0257108
0.2175 0.000230234 0.0257675
0.22 0.000218158 0.0258443
0.2225 0.000205141 0.0259064
0.225 0.000192657 0.0259099
0.2275 0.000178396 0.025798
0.23 0.000163879 0.0254952
0.2325 0.000147129 0.0249078
0.235 0.000129693 0.023917
0.2375 0.000110445 0.0223811
0.24 8.92003e-05 0.020133
0.2425 6.73646e-05 0.0169818
0.245 4.44198e-05 0.0127212
0.2475 2.1196e-05 0.00713276
