TITLE="Graphics"
VARIABLES= "rj, cm", "F", "dT/dt" 
0 3.97445e-09 2.31415e-08
0.0025 3.77163e-09 2.2823e-08
0.005 3.56339e-09 2.1972e-08
0.0075 3.45327e-09 2.05363e-08
0.01 3.06391e-09 1.85772e-08
0.0125 2.71162e-09 1.6201e-08
0.015 2.28877e-09 1.3514e-08
0.0175 1.86621e-09 1.06412e-08
0.02 1.33164e-09 7.69467e-09
0.0225 8.69631e-10 4.82039e-09
0.025 5.06811e-10 2.12556e-09
0.0275 1.14121e-07 2.94439e-10
0.03 1.73479e-06 1.20344e-08
0.0325 2.82999e-06 5.43803e-08
0.035 4.23748e-07 1.34218e-08
0.0375 6.42724e-07 4.35852e-08
0.04 2.44982e-05 2.07026e-07
0.0425 8.32617e-05 6.25462e-07
0.045 1.1541e-05 2.63573e-07
0.0475 0.000193972 9.44474e-07
0.0475003 1.51268e-15 4.6773e-11
0.05 3.22657 0.50661
0.0525 6.71707 0.694347
0.055 8.70343 0.835236
0.0575 10.4795 0.947158
0.06 12.0801 1.03877
0.0625 13.5269 1.11499
0.065 14.8364 1.17895
0.0675 16.0216 1.23282
0.07 17.0936 1.27815
0.0725 18.0619 1.31614
0.075 18.9348 1.34771
0.0775 19.7196 1.37362
0.08 20.4229 1.39449
0.0825 21.0505 1.41083
0.085 21.6076 1.4231
0.0875 22.0988 1.43167
0.09 22.5285 1.43688
0.0925 22.9004 1.43903
0.095 23.218 1.43836
0.0975 23.4846 1.43512
0.1 23.7029 1.42952
0.1025 23.8758 1.42174
0.105 24.0055 1.41196
0.1075 24.0944 1.40034
0.11 24.1445 1.38701
0.1125 24.1578 1.37213
0.115 24.136 1.3558
0.1175 24.0808 1.33814
0.12 23.9937 1.31926
0.1225 23.8763 1.29927
0.125 23.7298 1.27824
0.1275 23.5557 1.25627
0.13 23.355 1.23344
0.1325 23.129 1.20983
0.135 22.8788 1.18551
0.1375 22.6054 1.16054
0.14 22.31 1.13499
0.1425 21.9934 1.10892
0.145 21.6567 1.08239
0.1475 21.3007 1.05544
0.15 20.9265 1.02815
0.1525 20.5347 1.00054
0.155 20.1265 0.972665
0.1575 19.7025 0.944574
0.16 19.2637 0.916304
0.1625 18.8108 0.887895
0.165 18.3447 0.859383
0.1675 17.8662 0.830805
0.17 17.3761 0.802194
0.1725 16.8752 0.773582
0.175 16.3643 0.744999
0.1775 15.8441 0.716473
0.18 15.3155 0.688032
0.1825 14.7792 0.659701
0.185 14.236 0.631506
0.1875 13.6866 0.603468
0.19 13.1318 0.575611
0.1925 12.5724 0.547954
0.195 12.0091 0.520517
0.1975 11.4427 0.493318
0.2 10.8737 0.466376
0.2025 10.3031 0.439705
0.205 9.73152 0.413322
0.2075 9.1596 0.387241
0.21 8.58808 0.361475
0.2125 1.07489e+06 0.336036
0.215 2.13045e+06 201.889
0.2175 1.054e+06 0.286189
0.22 6.31931 0.261801
0.2225 5.75966 0.237783
0.225 5.20425 0.214143
0.2275 4.65367 0.190889
0.23 4.10847 0.168029
0.2325 3.56919 0.14557
0.235 3.03635 0.123516
0.2375 2.51044 0.101875
0.24 1.99191 0.0806497
0.2425 1.48121 0.059846
0.245 0.97874 0.0394675
0.2475 0.484867 0.0195178
