TITLE="Graphics"
VARIABLES= "rj, cm", "F", "dT/dt" 
0 1.70109e-05 23.2381
0.0025 1.69454e-05 23.1274
0.005 1.67632e-05 22.8211
0.0075 1.64453e-05 22.2919
0.01 1.59928e-05 21.5503
0.0125 1.54067e-05 20.6084
0.015 1.46886e-05 19.481
0.0175 1.38418e-05 18.1854
0.02 1.28714e-05 16.7419
0.0225 1.17853e-05 15.1734
0.025 1.0594e-05 13.5053
0.0275 9.31223e-06 11.7652
0.03 7.95974e-06 9.98254
0.0325 6.55541e-06 8.1879
0.035 5.10898e-06 6.41254
0.0375 3.80666e-06 4.68821
0.04 0.000845099 3.0405
0.0425 21.7121 21.2392
0.045 46363.4 46242.4
0.0475 910266 749800
0.04775 9.02056e-17 8.67785e-06
0.05 52.7494 11.5782
0.0525 32.7819 4.64582
0.055 26.7326 3.98662
0.0575 22.2291 3.49473
0.06 18.7162 3.07271
0.0625 15.9101 2.70822
0.065 13.6315 2.39537
0.0675 11.7582 2.12761
0.07 10.2027 1.89819
0.0725 8.90035 1.70088
0.075 7.80189 1.53035
0.0775 6.86947 1.38218
0.08 6.07338 1.25276
0.0825 5.39008 1.13918
0.085 4.80074 1.03905
0.0875 4.29015 0.950426
0.09 3.84592 0.871691
0.0925 3.4579 0.801506
0.095 3.11773 0.738744
0.0975 2.81848 0.682455
0.1 2.55435 0.63183
0.1025 2.3205 0.586179
0.105 2.11285 0.544906
0.1075 1.92794 0.507499
0.11 1.76284 0.473509
0.1125 1.61506 0.442537
0.115 1.48247 0.414218
0.1175 1.36321 0.388349
0.12 1.25571 0.364637
0.1225 767824 0.342843
0.125 1.59359e+07 1.44203e+07
0.1275 746966 0.304225
0.13 0.918586 0.287073
0.1325 0.852661 0.271171
0.135 0.792547 0.2564
0.1375 0.737639 0.242659
0.14 0.687407 0.229859
0.1425 0.641378 0.217935
0.145 0.599095 0.206795
0.1475 0.560364 0.195605
0.15 0.524594 0.18582
0.1525 0.491673 0.176578
0.155 0.461295 0.167823
0.1575 0.433227 0.159533
0.16 0.407262 0.151681
0.1625 0.383213 0.144235
0.165 0.360914 0.137167
0.1675 0.340213 0.130449
0.17 0.320975 0.124056
0.1725 0.303078 0.117964
0.175 0.286411 0.112152
0.1775 0.270874 0.1066
0.18 0.256377 0.101289
0.1825 0.242836 0.0962049
0.185 0.230178 0.0913298
0.1875 0.218334 0.0866513
0.19 0.207242 0.0821555
0.1925 0.196845 0.0778307
0.195 0.187093 0.0736653
0.1975 0.177937 0.0696486
0.2 0.169334 0.065771
0.2025 0.161244 0.0620223
0.205 0.153633 0.0583943
0.2075 0.146464 0.0548772
0.21 0.139709 0.0514638
0.2125 0.13334 0.0481445
0.215 0.127341 0.0449266
0.2175 0.121644 0.0419751
0.22 0.116292 0.0389602
0.2225 0.111224 0.0360675
0.225 0.106429 0.0333289
0.2275 0.101892 0.0307805
0.23 0.097596 0.0284782
0.2325 0.0935265 0.0264981
0.235 0.0896711 0.0249509
0.2375 0.0860159 0.0239823
0.24 0.082549 0.0237702
0.2425 0.0792566 0.0245295
0.245 0.0760617 0.0264697
0.2475 0.0708771 0.0288205
