TITLE="Graphics"
VARIABLES= "rj, cm", "F", "dT/dt" 
0 1.32144e-07 5.26848e-06
0.0025 1.31202e-07 5.22541e-06
0.005 1.2846e-07 5.10658e-06
0.0075 1.23652e-07 4.90304e-06
0.01 1.17062e-07 4.62149e-06
0.0125 1.08726e-07 4.27029e-06
0.015 9.88953e-08 3.85945e-06
0.0175 8.78139e-08 3.40049e-06
0.02 7.57273e-08 2.90617e-06
0.0225 6.30871e-08 2.3901e-06
0.025 5.02037e-08 1.86626e-06
0.0275 3.83587e-08 1.34834e-06
0.03 3.00611e-08 8.4796e-07
0.0325 3.47817e-08 3.70286e-07
0.035 1.95828e-05 9.8069e-08
0.0375 0.000446008 3.82436e-06
0.04 0.00124362 2.30981e-05
0.0425 0.00249603 1.46475e-05
0.045 0.00355343 0.000132227
0.0475 0.0138225 0.00801315
0.0475003 1.00614e-15 4.23534e-11
0.05 0.233393 0.465511
0.0525 0.903348 0.641276
0.055 1.25201 0.77367
0.0575 1.6179 0.879124
0.06 1.9987 0.965433
0.0625 2.39221 1.03693
0.065 2.79634 1.0963
0.0675 3.20905 1.14532
0.07 3.62837 1.18522
0.0725 4.05234 1.21692
0.075 4.47906 1.24107
0.0775 4.90665 1.2582
0.08 5.33329 1.26871
0.0825 7.96726 1.27291
0.085 0.0273474 1.26913
0.0875 1.86458 1.26484
0.09 1.79358 1.25843
0.0925 1.70958 1.25004
0.095 1.61439 1.23979
0.0975 1.50968 1.22782
0.1 1.39695 1.21425
0.1025 1.27761 1.1992
0.105 1.15294 1.1828
0.1075 1.02412 1.16515
0.11 0.892257 1.14637
0.1125 0.758352 1.12656
0.115 0.623338 1.10582
0.1175 0.488075 1.08425
0.12 0.353354 1.06193
0.1225 0.219904 1.03895
0.125 0.0883918 1.0154
0.1275 0.0405649 0.991354
0.13 0.166408 0.966885
0.1325 0.288628 0.942064
0.135 0.406757 0.916958
0.1375 0.520379 0.89163
0.14 0.629116 0.866138
0.1425 0.732633 0.840539
0.145 0.830633 0.814886
0.1475 0.922854 0.789227
0.15 1.00907 0.763609
0.1525 1.0891 0.738074
0.155 1.16276 0.712662
0.1575 1.22995 0.68741
0.16 1.29055 0.662352
0.1625 1.3445 0.63752
0.165 1.39175 0.612942
0.1675 1.43228 0.588643
0.17 1.4661 0.564648
0.1725 1.49324 0.540977
0.175 1.51375 0.51765
0.1775 1.52771 0.494682
0.18 1.5352 0.472089
0.1825 1.53635 0.449881
0.185 1.53128 0.428071
0.1875 1.52015 0.406665
0.19 1.50313 0.385671
0.1925 1.4804 0.365093
0.195 1.45216 0.344935
0.1975 1.41864 0.325198
0.2 1.38004 0.305883
0.2025 1.33663 0.286988
0.205 1.28866 0.268511
0.2075 1.2364 0.25045
0.21 1.18012 0.232798
0.2125 1.12013 0.215552
0.215 1.05671 0.198704
0.2175 1.08369e+06 0.182247
0.22 2.14577e+06 809
0.2225 1.06301e+06 0.150477
0.225 0.775259 0.135147
0.2275 0.69962 0.120174
0.23 0.622568 0.10555
0.2325 0.544464 0.0912653
0.235 0.46568 0.0773101
0.2375 0.386586 0.0636752
0.24 0.307566 0.0503515
0.2425 0.229005 0.0373303
0.245 0.151294 0.0246031
0.2475 0.0748323 0.0121621
