TITLE="Graphics"
VARIABLES= "rj, cm", "F", "dT/dt" 
0 0.000317778 28.8816
0.0025 0.000316937 28.7523
0.005 0.000314576 28.394
0.0075 0.000310376 27.7735
0.01 0.00030422 26.9003
0.0125 0.000295948 25.7855
0.015 0.00028537 24.4424
0.0175 0.0002723 22.8877
0.02 0.000256585 21.1414
0.0225 0.000238142 19.2277
0.025 0.000217009 17.1749
0.0275 0.000193419 15.0148
0.03 0.000167887 12.7831
0.0325 0.000141272 10.5175
0.035 0.00011478 8.25636
0.0375 9.00361e-05 6.03604
0.04 0.000172044 3.88796
0.0425 0.052214 1.59365
0.045 6.93461 95.7767
0.0475 55846.1 25291.4
0.04775 4.16334e-17 2.10832e-08
0.05 5.30651 52.8827
0.0525 0.0470961 31.7935
0.055 0.841029 24.5643
0.0575 0.854707 20.2577
0.06 0.733614 17.0668
0.0625 0.618281 14.5486
0.065 0.522866 12.5081
0.0675 0.44526 10.8289
0.07 0.381966 9.43171
0.0725 0.32998 8.25923
0.075 0.286933 7.26819
0.0775 0.250995 6.42523
0.08 0.220755 5.70417
0.0825 0.195122 5.0842
0.085 0.173249 4.54859
0.0875 0.154468 4.08382
0.09 0.138252 3.67884
0.0925 0.12418 3.32457
0.095 0.111918 3.01352
0.0975 0.101193 2.73943
0.1 0.0917844 2.49705
0.1025 0.0834963 2.28196
0.105 0.076127 2.0904
0.1075 0.0694645 1.91922
0.11 0.0633925 1.76588
0.1125 0.0580851 1.62839
0.115 0.0534235 1.50488
0.1175 0.049253 1.39359
0.12 0.0454805 1.29301
0.1225 0.0420534 1.20183
0.125 0.038936 1.11896
0.1275 0.0360998 1.04345
0.13 0.0335154 0.974479
0.1325 0.0311596 0.911352
0.135 0.0290069 0.853448
0.1375 0.027038 0.800226
0.14 0.0252349 0.751211
0.1425 0.0235788 0.705983
0.145 0.0220575 0.664172
0.1475 0.0206569 0.62545
0.15 0.0193661 0.589526
0.1525 0.0181736 0.55614
0.155 0.0170726 0.525064
0.1575 0.0160528 0.49609
0.16 0.0151084 0.469036
0.1625 0.0142321 0.443736
0.165 0.0134184 0.420043
0.1675 0.0126615 0.397825
0.17 0.0119583 0.37696
0.1725 0.0113021 0.357342
0.175 0.0106909 0.338871
0.1775 0.0101202 0.32146
0.18 0.00958748 0.305028
0.1825 0.00908925 0.289502
0.185 0.00862352 0.274815
0.1875 0.00818634 0.260904
0.19 0.00777711 0.247716
0.1925 0.00739304 0.235199
0.195 0.0070317 0.223306
0.1975 0.00669209 0.211995
0.2 0.00637091 0.201228
0.2025 0.0060675 0.190971
0.205 0.00577909 0.181194
0.2075 0.0055037 0.171872
0.21 0.00523963 0.162985
0.2125 0.0049826 0.154518
0.215 0.00473297 0.146465
0.2175 0.00448429 0.138826
0.22 0.00423611 0.131614
0.2225 0.00398397 0.124851
0.225 0.00372643 0.118573
0.2275 0.00346438 0.11283
0.23 0.00320599 0.107685
0.2325 0.00298249 0.103203
0.235 0.00288931 0.0994255
0.2375 0.00322982 0.0962802
0.24 1.12684e+06 0.0933111
0.2425 3.25556e+06 1.02032e+06
0.245 1.10695e+06 0.0784539
0.2475 0.032011 0.0520426
