TITLE="Graphics"
VARIABLES= "rj, cm", "F", "dT/dt" 
0 1.79867e-10 7.35373e-13
0.0025 5.03717e-10 7.37325e-12
0.005 6.56416e-10 5.99786e-12
0.0075 1.71956e-09 1.28737e-11
0.01 8.43288e-09 5.60477e-11
0.0125 3.42314e-08 2.66645e-10
0.015 9.83722e-08 1.06801e-09
0.0175 1.76397e-07 3.10025e-09
0.02 1.33362e-07 5.9316e-09
0.0225 3.02583e-08 6.67266e-09
0.025 6.02342e-08 5.37129e-09
0.0275 2.72374e-08 7.1015e-09
0.03 2.95139e-07 3.91673e-09
0.0325 2.26015e-08 3.33077e-09
0.035 6.02658e-08 1.09296e-09
0.0375 2.05172e-07 1.5192e-09
0.04 1.31571e-06 9.30601e-09
0.0425 1.24721e-07 5.62161e-09
0.045 5.2277e-07 1.67461e-08
0.0475 8.39644e-07 9.13987e-08
0.0475003 1.08247e-15 3.7064e-11
0.05 0.142241 0.401599
0.0525 5.34989 0.555072
0.055 8.13173 0.672775
0.0575 10.9337 0.768623
0.06 13.6943 0.84926
0.0625 16.3781 0.918422
0.065 18.9642 0.978449
0.0675 21.4401 1.03093
0.07 23.7987 1.07699
0.0725 26.036 1.11749
0.075 28.1501 1.15307
0.0775 30.1405 1.18428
0.08 32.0077 1.21151
0.0825 33.7527 1.23514
0.085 35.3772 1.25545
0.0875 36.8829 1.27269
0.09 38.272 1.28709
0.0925 39.5468 1.29883
0.095 40.7096 1.30808
0.0975 41.763 1.31499
0.1 42.7096 1.31969
0.1025 43.5521 1.32231
0.105 44.293 1.32296
0.1075 44.9351 1.32173
0.11 45.4812 1.31872
0.1125 45.934 1.31403
0.115 46.2962 1.30772
0.1175 46.5707 1.29988
0.12 46.7601 1.29058
0.1225 46.8674 1.27988
0.125 46.8951 1.26786
0.1275 46.8461 1.25457
0.13 46.7231 1.24008
0.1325 46.5289 1.22444
0.135 46.266 1.20771
0.1375 45.9373 1.18994
0.14 45.5453 1.17118
0.1425 45.0928 1.1515
0.145 44.5823 1.13092
0.1475 44.0164 1.10952
0.15 43.3976 1.08732
0.1525 42.7286 1.06438
0.155 42.0118 1.04074
0.1575 41.2496 1.01645
0.16 40.4445 0.99155
0.1625 39.5988 0.966083
0.165 38.715 0.940093
0.1675 37.7953 0.913619
0.17 36.8421 0.886702
0.1725 35.8574 0.859383
0.175 34.8437 0.8317
0.1775 33.8029 0.803692
0.18 32.7372 0.775397
0.1825 31.6487 0.746852
0.185 30.5394 0.718094
0.1875 29.4113 0.689158
0.19 28.2663 0.660081
0.1925 27.1063 0.630896
0.195 25.9332 0.601638
0.1975 24.7487 0.57234
0.2 23.5547 0.543035
0.2025 22.3528 0.513755
0.205 21.1447 0.484531
0.2075 19.9321 0.455395
0.21 18.7165 0.426376
0.2125 17.4995 0.397504
0.215 1.07854e+06 0.368808
0.2175 2.13468e+06 50.8144
0.22 1.05778e+06 0.312055
0.2225 12.6468 0.284052
0.225 11.4444 0.256333
0.2275 10.2491 0.228924
0.23 9.06192 0.201849
0.2325 7.88426 0.175132
0.235 6.71725 0.148796
0.2375 5.56205 0.122864
0.24 4.41977 0.0973581
0.2425 3.29148 0.0722986
0.245 2.17823 0.0477062
0.2475 1.08102 0.0236004
