TITLE="Graphics"
VARIABLES= "rj, cm", "F", "dT/dt" 
0 0.000181878 19.3846
0.0025 0.000181085 19.2898
0.005 0.000178889 19.0277
0.0075 0.00017509 18.5754
0.01 0.000169762 17.9425
0.0125 0.000163019 17.1404
0.015 0.000155062 16.1824
0.0175 0.000146287 15.0837
0.02 0.000137586 13.8603
0.0225 0.000131452 12.5271
0.025 0.000135784 11.0914
0.0275 0.000172128 9.53153
0.03 0.000266232 7.73944
0.0325 0.000298488 5.45651
0.035 0.000393369 2.63511
0.0375 0.00236583 1.33515
0.04 0.00136557 7.11732
0.0425 0.032322 15.5291
0.045 5.23386 102.373
0.0475 43902.7 25471.4
0.04775 4.85723e-17 2.06053e-08
0.05 3.14719 35.0345
0.0525 0.322513 22.5765
0.055 0.765412 18.5915
0.0575 0.695891 15.9604
0.06 0.583332 13.8504
0.0625 0.488963 12.0981
0.065 0.413485 10.6239
0.0675 0.352737 9.37222
0.07 0.303259 8.30095
0.0725 0.262517 7.37751
0.075 0.228535 6.57629
0.0775 0.200096 5.87719
0.08 0.176033 5.26393
0.0825 0.155505 4.72336
0.085 0.137989 4.24487
0.0875 0.122861 3.81959
0.09 0.109787 3.44027
0.0925 0.0984208 3.10083
0.095 0.0884965 2.79615
0.0975 0.0797965 2.52192
0.1 0.0721412 2.27448
0.1025 0.0653925 2.05069
0.105 0.059384 1.84787
0.1075 0.0540777 1.66375
0.11 0.0493189 1.49629
0.1125 0.0450971 1.34379
0.115 0.0412902 1.20472
0.1175 739607 1.07777
0.12 2.60097e+06 1.14127e+06
0.1225 719253 0.855751
0.125 0.0295228 0.758756
0.1275 0.0272445 0.670007
0.13 0.0251548 0.588801
0.1325 0.0232007 0.514544
0.135 0.021329 0.446779
0.1375 0.0195658 0.385222
0.14 0.0182132 0.329684
0.1425 0.0176936 0.279616
0.145 0.0165174 0.233531
0.1475 0.0151947 0.191094
0.15 0.0140303 0.152335
0.1525 0.0130387 0.1172
0.155 0.0121674 0.0855189
0.1575 0.0113767 0.0570782
0.16 0.0106518 0.0316625
0.1625 0.00999074 0.00906726
0.165 0.009355 0.0109039
0.1675 0.00879265 0.0284171
0.17 0.00826572 0.0436445
0.1725 0.00777856 0.0567403
0.175 0.00732845 0.0678502
0.1775 0.00691049 0.0771112
0.18 0.00652408 0.0846517
0.1825 0.00616607 0.0905933
0.185 0.0058335 0.0950512
0.1875 0.00552578 0.0981339
0.19 0.00523978 0.0999448
0.1925 0.00497434 0.100582
0.195 0.00472833 0.100139
0.1975 0.0044995 0.098704
0.2 0.00428666 0.096362
0.2025 0.0040893 0.0931929
0.205 0.00390525 0.0892739
0.2075 0.00373329 0.0846778
0.21 0.00357328 0.0794731
0.2125 0.00342277 0.0737256
0.215 0.00328064 0.0674955
0.2175 0.00314527 0.0608389
0.22 0.00301421 0.0538052
0.2225 0.00288393 0.0464368
0.225 0.00275237 0.0387653
0.2275 0.00261422 0.0308096
0.23 0.00246731 0.0225716
0.2325 0.00231151 0.014034
0.235 0.00217392 0.00516259
0.2375 0.00217059 0.0040625
0.24 0.00268306 0.013514
0.2425 0.00487174 0.0224724
0.245 0.0109596 0.0283037
0.2475 0.0192585 0.0239485
