TITLE="Graphics"
VARIABLES= "rj, cm", "F", "dT/dt" 
0 0.00217112 23.1552
0.0025 0.00216272 23.0448
0.005 0.00213939 22.7393
0.0075 0.00209868 22.2118
0.01 0.00204076 21.4723
0.0125 0.00196575 20.5333
0.015 0.0018739 19.4094
0.0175 0.00176561 18.118
0.02 0.00164157 16.6792
0.0225 0.00150278 15.116
0.025 0.00135063 13.4537
0.0275 0.00118699 11.7198
0.03 0.00101433 9.94376
0.0325 0.000835122 8.15597
0.035 0.000653705 6.3876
0.0375 0.000486614 4.66939
0.04 0.000305528 3.02724
0.0425 23.157 1.7023
0.045 49179.6 103.645
0.0475 773401 59.6254
0.04775 0 1.83255e-08
0.05 8.82423 13.5191
0.0525 8.33123 10.5016
0.055 7.18084 8.31513
0.0575 6.05774 6.76558
0.06 5.11174 5.62645
0.0625 4.34302 4.75334
0.065 3.7201 4.06046
0.0675 3.21119 3.49614
0.07 2.79082 3.02788
0.0725 366639 2.63412
0.075 817246 89658.6
0.0775 360957 2.01403
0.08 1.67679 1.76832
0.0825 1.49127 1.55614
0.085 1.33067 1.37224
0.0875 1.19102 1.21232
0.09 1.0691 1.07287
0.0925 0.962263 0.950933
0.095 0.868333 0.844055
0.0975 0.785493 0.750162
0.1 0.71222 0.667501
0.1025 0.647226 0.594583
0.105 0.589425 0.530139
0.1075 0.53789 0.473087
0.11 0.491829 0.422498
0.1125 0.450567 0.377572
0.115 0.413527 0.337623
0.1175 0.380219 0.302057
0.12 0.350647 0.270362
0.1225 0.322443 0.242164
0.125 0.298359 0.216914
0.1275 0.27608 0.194351
0.13 0.255812 0.174181
0.1325 0.237353 0.15614
0.135 0.220512 0.139999
0.1375 0.205119 0.12555
0.14 0.19102 0.112612
0.1425 0.178071 0.10102
0.145 0.166138 0.0906251
0.1475 0.153915 0.0812868
0.15 0.148123 0.0727661
0.1525 0.137429 0.065319
0.155 0.128763 0.0587115
0.1575 0.120802 0.0528448
0.16 0.113467 0.0476369
0.1625 0.106689 0.0430177
0.165 0.100415 0.0389264
0.1675 0.0945983 0.0353095
0.17 0.0891957 0.0321196
0.1725 0.0841736 0.0293143
0.175 0.079499 0.0268558
0.1775 0.0751426 0.02471
0.18 0.0710813 0.0228461
0.1825 0.0672881 0.0212365
0.185 0.0637453 0.0198562
0.1875 0.0604337 0.0186827
0.19 0.0573358 0.0176961
0.1925 0.0544358 0.0168783
0.195 0.0517229 0.0162134
0.1975 0.0491826 0.0156878
0.2 0.046802 0.0152897
0.2025 0.044576 0.015009
0.205 0.0424872 0.0148379
0.2075 0.04053 0.0147698
0.21 0.0386898 0.0147999
0.2125 0.0369532 0.014924
0.215 0.035305 0.0151383
0.2175 0.0337237 0.0154379
0.22 0.0324625 0.0158154
0.2225 0.0298543 0.0162803
0.225 0.028548 0.0167312
0.2275 0.0268235 0.0171562
0.23 0.0249147 0.0174982
0.2325 0.0227289 0.0176738
0.235 0.0204017 0.017563
0.2375 0.0175996 0.0170264
0.24 0.0145067 0.0158686
0.2425 0.0111095 0.0138605
0.245 0.00747811 0.0107395
0.2475 0.00374508 0.0062181
