TITLE="Graphics"
VARIABLES= "rj, cm", "F", "dT/dt" 
0 0.000361582 19.2546
0.0025 0.000360003 19.1604
0.005 0.000355632 18.8999
0.0075 0.000348077 18.4503
0.01 0.000337498 17.8212
0.0125 0.000324155 17.024
0.015 0.000308526 16.0716
0.0175 0.000291622 14.979
0.02 0.00027596 13.7616
0.0225 0.000268593 12.4319
0.025 0.000288108 10.9911
0.0275 0.000366386 9.40357
0.03 0.000478181 7.55682
0.0325 0.000254878 5.30576
0.035 0.00120927 3.00707
0.0375 0.00334402 2.77523
0.04 0.000455943 7.46282
0.0425 0.0805127 11.0949
0.045 4.38103 103.776
0.0475 32110.9 9282.09
0.04775 1.04083e-16 2.07057e-08
0.05 5.50178 27.0864
0.0525 1.26722 18.4511
0.055 1.48927 15.0554
0.0575 1.36378 12.9517
0.06 1.15679 11.3075
0.0625 0.973175 9.94876
0.065 0.824131 8.80974
0.0675 0.704034 7.84758
0.07 0.606367 7.02912
0.0725 0.526004 6.32795
0.075 0.459069 5.723
0.0775 0.402866 5.19757
0.08 0.355297 4.73831
0.0825 0.314676 4.33443
0.085 0.27982 3.97731
0.0875 0.249739 3.65991
0.09 0.223651 3.37645
0.0925 0.200923 3.12219
0.095 0.181041 2.89318
0.0975 0.163581 2.68612
0.1 0.148192 2.49822
0.1025 0.134582 2.32715
0.105 0.122506 2.17089
0.1075 0.111759 2.02776
0.11 0.102168 1.89627
0.1125 0.0935816 1.77519
0.115 0.0858783 1.66341
0.1175 0.0789479 1.56
0.12 0.0726996 1.46412
0.1225 0.0670531 1.37507
0.125 0.0619396 1.2922
0.1275 0.0573 1.21497
0.13 0.0530829 1.14288
0.1325 0.0492407 1.0755
0.135 0.0457373 1.01244
0.1375 0.0425348 0.953368
0.14 0.0396046 0.897963
0.1425 0.0369194 0.845954
0.145 0.0344542 0.797089
0.1475 0.0321888 0.751145
0.15 0.0301047 0.707918
0.1525 0.0281842 0.66722
0.155 0.0264133 0.628884
0.1575 0.0247773 0.592752
0.16 0.0232662 0.558685
0.1625 0.0218664 0.526549
0.165 0.0205709 0.496224
0.1675 0.0193697 0.467599
0.17 0.0182551 0.440568
0.1725 0.0172188 0.415035
0.175 0.0162574 0.390911
0.1775 0.0153611 0.368109
0.18 0.0145277 0.346553
0.1825 0.0137503 0.326168
0.185 0.0130266 0.306883
0.1875 0.0123497 0.288634
0.19 0.0117194 0.271359
0.1925 0.011129 0.255
0.195 0.0105782 0.2395
0.1975 0.0100624 0.224808
0.2 0.00958148 0.210873
0.2025 0.0091293 0.197647
0.205 0.00870735 0.185086
0.2075 0.00831118 0.173145
0.21 0.00793855 0.161782
0.2125 0.00758762 0.15096
0.215 0.0072528 0.140641
0.2175 1.08499e+06 0.130793
0.22 2.79637e+06 645735
0.2225 1.06429e+06 0.112414
0.225 0.00599138 0.103855
0.2275 0.00566967 0.0957169
0.23 0.00535639 0.0880156
0.2325 0.00509328 0.0807713
0.235 0.00502262 0.0739813
0.2375 0.00546654 0.067539
0.24 0.00708221 0.0610482
0.2425 0.0107899 0.0534509
0.245 0.0164167 0.0425133
0.2475 0.0179047 0.0249616
