TITLE="Graphics"
VARIABLES= "rj, cm", "F", "dT/dt" 
0 7.45232e-05 26.1845
0.0025 7.42776e-05 26.0632
0.005 7.35924e-05 25.7274
0.0075 7.23865e-05 25.1467
0.01 7.0649e-05 24.3313
0.0125 6.83633e-05 23.2932
0.015 6.55133e-05 22.047
0.0175 6.20888e-05 20.6101
0.02 5.80908e-05 19.0033
0.0225 5.35349e-05 17.2505
0.025 4.84524e-05 15.379
0.0275 4.28943e-05 13.4187
0.03 3.69451e-05 11.4021
0.0325 3.07284e-05 9.3637
0.035 2.42775e-05 7.33868
0.0375 1.74397e-05 5.36312
0.04 0.000129636 3.4754
0.0425 27.5143 2.88444
0.045 61324.1 96.1288
0.0475 773798 55.3917
0.04775 6.93889e-18 1.68749e-08
0.05 0.265805 12.74
0.0525 0.233357 10.6331
0.055 0.196752 8.94741
0.0575 0.164723 7.60981
0.06 0.14025 6.50595
0.0625 0.120831 5.58042
0.065 0.104947 4.80007
0.0675 0.0918199 4.14103
0.07 0.0807505 3.58545
0.0725 0.0698974 3.11849
0.075 0.0618831 2.71641
0.0775 0.0549541 2.37084
0.08 0.0488395 2.07423
0.0825 0.0434865 1.81924
0.085 0.0388207 1.59938
0.0875 0.0347499 1.40919
0.09 0.0311916 1.24415
0.0925 0.0280721 1.1005
0.095 0.0253287 0.97512
0.0975 0.022909 0.865412
0.1 0.0207687 0.76919
0.1025 0.0188709 0.68461
0.105 0.0171828 0.610117
0.1075 0.0156776 0.544385
0.11 0.0143329 0.486287
0.1125 0.0131275 0.434857
0.115 0.0120457 0.389264
0.1175 0.0110722 0.348793
0.12 0.010194 0.312827
0.1225 0.00940098 0.280829
0.125 0.00868253 0.252335
0.1275 0.00803151 0.226938
0.13 0.00743921 0.204284
0.1325 0.00690093 0.184063
0.135 0.00640959 0.166003
0.1375 0.00596086 0.149866
0.14 0.00555117 0.135439
0.1425 0.00517512 0.12254
0.145 0.00483067 0.111001
0.1475 883592 0.100681
0.15 5.51667e+06 3.77299e+06
0.1525 861587 0.0831914
0.155 0.0037076 0.075808
0.1575 0.00347908 0.0692088
0.16 0.00326805 0.0633132
0.1625 0.00307297 0.0580502
0.165 0.00289144 0.0533566
0.1675 0.00272448 0.049175
0.17 0.00256799 0.0454559
0.1725 0.00242357 0.042153
0.175 0.0022883 0.0392261
0.1775 0.00216295 0.0366392
0.18 0.00204582 0.0343586
0.1825 0.00193656 0.0323558
0.185 0.00183427 0.0306038
0.1875 0.00173877 0.0290785
0.19 0.00164937 0.0277577
0.1925 0.00156492 0.0266209
0.195 0.00148601 0.0256497
0.1975 0.00141235 0.0248253
0.2 0.00134148 0.024132
0.2025 0.00127561 0.0235523
0.205 0.00121333 0.0230708
0.2075 0.00115386 0.0226714
0.21 0.00109753 0.0223383
0.2125 0.00104446 0.0220558
0.215 0.000993262 0.0218075
0.2175 0.000944797 0.0215772
0.22 0.000898189 0.0213476
0.2225 0.000852884 0.0211004
0.225 0.000807896 0.0208142
0.2275 0.000763011 0.0204624
0.23 0.000714335 0.0200108
0.2325 0.000662786 0.0194075
0.235 0.000601654 0.0185817
0.2375 0.000531267 0.0174287
0.24 0.000447737 0.0158034
0.2425 0.000349791 0.0135127
0.245 0.000238934 0.0103117
0.2475 0.000120249 0.00591279
