TITLE="Graphics"
VARIABLES= "rj, cm", "F", "dT/dt" 
0 0.000153763 27.4039
0.0025 0.000153299 27.2788
0.005 0.000152002 26.9323
0.0075 0.000149709 26.3326
0.01 0.000146382 25.4897
0.0125 0.000141964 24.4154
0.015 0.000136397 23.1237
0.0175 0.00012963 21.632
0.02 0.000121639 19.9607
0.0225 0.000112441 18.1343
0.025 0.000102107 16.1802
0.0275 9.07556e-05 14.1293
0.03 7.85192e-05 12.0151
0.0325 6.54584e-05 9.87334
0.035 5.13912e-05 7.74164
0.0375 3.53916e-05 5.66076
0.04 7.63612e-05 3.67859
0.0425 0.024063 2.23592
0.045 3.0277 97.1052
0.0475 26525.2 24012.2
0.04775 9.71445e-17 1.93028e-08
0.05 1.66808 22.094
0.0525 0.184161 11.773
0.055 0.449218 8.92099
0.0575 0.392971 7.11895
0.06 0.327365 5.78233
0.0625 0.275197 4.76419
0.065 0.234099 3.97824
0.0675 0.201155 3.36429
0.07 0.174286 2.87908
0.0725 0.15205 2.49117
0.075 0.133431 2.17757
0.0775 0.117688 1.92123
0.08 448590 1.70946
0.0825 2.4119e+06 1.52396e+06
0.085 438429 1.38365
0.0875 0.0741787 1.25676
0.09 0.0666503 1.14772
0.0925 0.0600551 1.05319
0.095 0.0542561 0.970547
0.0975 0.0491381 0.897735
0.1 0.044607 0.833113
0.1025 0.0405833 0.775373
0.105 0.0369999 0.723464
0.1075 0.0338013 0.676534
0.11 0.0309377 0.633885
0.1125 0.0283686 0.594949
0.115 0.0260589 0.559251
0.1175 0.0239778 0.526399
0.12 0.0220979 0.496062
0.1225 0.0203981 0.467963
0.125 0.0188572 0.441863
0.1275 0.0174577 0.41756
0.13 0.0161853 0.39488
0.1325 0.0150258 0.373671
0.135 0.0139675 0.353801
0.1375 0.0130001 0.335156
0.14 0.0121147 0.317632
0.1425 0.0113023 0.301141
0.145 0.0105572 0.285604
0.1475 0.00987141 0.270948
0.15 0.0092421 0.257111
0.1525 0.00866953 0.244032
0.155 0.00815145 0.231639
0.1575 0.00766204 0.219848
0.16 0.00713883 0.208604
0.1625 0.00672412 0.198004
0.165 0.00634821 0.187987
0.1675 0.0059909 0.178482
0.17 0.0056519 0.169441
0.1725 0.00533493 0.160835
0.175 0.00503986 0.152639
0.1775 0.00476468 0.14483
0.18 0.00450749 0.137389
0.1825 0.00426824 0.130297
0.185 0.00404327 0.123536
0.1875 0.00383379 0.11709
0.19 0.00363603 0.110943
0.1925 0.00345246 0.105083
0.195 0.00327797 0.0994966
0.1975 0.00311562 0.094173
0.2 0.00296028 0.0891017
0.2025 0.00281309 0.0842762
0.205 0.00267063 0.0796941
0.2075 0.00254077 0.0753596
0.21 0.0024412 0.0712677
0.2125 0.00232523 0.0673708
0.215 0.00221015 0.0636672
0.2175 0.00210345 0.0601655
0.22 0.00200365 0.0568687
0.2225 0.00190642 0.0537787
0.225 0.00181054 0.0509014
0.2275 0.00171065 0.04825
0.23 0.00160554 0.045852
0.2325 0.001491 0.0437522
0.235 0.00136706 0.0420197
0.2375 0.00126003 0.0407436
0.24 0.00130238 0.0399878
0.2425 0.00206639 0.0395499
0.245 0.00537449 0.0379338
0.2475 0.0126837 0.0291037
