TITLE="Graphics"
VARIABLES= "rj, cm", "F", "dT/dt" 
0 2.22962e-05 18.9656
0.0025 2.21987e-05 18.8727
0.005 2.1929e-05 18.6156
0.0075 2.1464e-05 18.1721
0.01 2.0817e-05 17.5515
0.0125 2.00111e-05 16.7648
0.015 1.90955e-05 15.8246
0.0175 1.81856e-05 14.7448
0.02 1.75531e-05 13.5378
0.0225 1.77497e-05 12.2095
0.025 1.94036e-05 10.7482
0.0275 2.13967e-05 9.11227
0.03 1.58616e-05 7.2595
0.0325 1.43068e-05 5.32631
0.035 6.98482e-05 4.00066
0.0375 7.15909e-05 4.47864
0.04 0.000854125 6.57537
0.0425 22.7719 6.79007
0.045 44352.6 104.866
0.0475 773808 58.2641
0.04775 1.38778e-17 1.87459e-08
0.05 0.135458 8.01249
0.0525 0.11009 5.80247
0.055 0.0892633 4.40456
0.0575 0.0744149 3.39468
0.06 0.0630905 2.62267
0.0625 0.053994 2.01913
0.065 0.0464519 1.54164
0.0675 0.0402158 1.15918
0.07 0.0349878 0.850341
0.0725 0.0305681 0.599181
0.075 0.0268426 0.393466
0.0775 0.0235344 0.224312
0.08 0.0212929 0.0844756
0.0825 0.018803 0.0309113
0.085 0.0167651 0.126381
0.0875 0.014996 0.205329
0.09 0.0134539 0.270492
0.0925 0.0121053 0.324097
0.095 0.0109213 0.367965
0.0975 0.00987873 0.403597
0.1 0.00895754 0.432236
0.1025 0.00814172 0.454919
0.105 0.00741609 0.472512
0.1075 0.00677054 0.485743
0.11 0.00619293 0.49523
0.1125 0.00567612 0.501496
0.115 0.00521195 0.504985
0.1175 0.00479396 0.506081
0.12 0.0044176 0.505111
0.1225 0.00407703 0.502359
0.125 0.00376849 0.498069
0.1275 0.00348887 0.492455
0.13 0.00323436 0.4857
0.1325 0.00300295 0.477968
0.135 0.00279097 0.469398
0.1375 0.00259821 0.460116
0.14 0.00242144 0.450229
0.1425 0.00225899 0.439833
0.145 0.0021102 0.429013
0.1475 0.00197356 0.417841
0.15 0.00184743 0.406384
0.1525 0.00173131 0.394699
0.155 0.0016241 0.382836
0.1575 0.00152515 0.37084
0.16 0.00143346 0.35875
0.1625 0.00134822 0.346601
0.165 0.00126974 0.334423
0.1675 0.00119657 0.322243
0.17 964822 0.310083
0.1725 1.18533e+07 9.94456e+06
0.175 942811 0.285906
0.1775 0.000951638 0.273921
0.18 0.000900204 0.262024
0.1825 0.000852707 0.250226
0.185 0.000808052 0.238538
0.1875 0.000766019 0.226966
0.19 0.00072693 0.215519
0.1925 0.000690323 0.204202
0.195 0.000655898 0.19302
0.1975 0.000623588 0.181977
0.2 0.000593483 0.171075
0.2025 0.00056462 0.160318
0.205 0.000537725 0.149708
0.2075 0.000512546 0.139246
0.21 0.000488237 0.128936
0.2125 0.000465485 0.11878
0.215 0.000443488 0.108783
0.2175 0.00042285 0.0989501
0.22 0.000402764 0.0892885
0.2225 0.00038335 0.0798081
0.225 0.000364814 0.0705201
0.2275 0.000346486 0.0614388
0.23 0.000328078 0.052583
0.2325 0.00030945 0.0439775
0.235 0.000287586 0.0356632
0.2375 0.000261859 0.0277063
0.24 0.000228973 0.0202199
0.2425 0.000185365 0.0133853
0.245 0.000132209 0.00747498
0.2475 6.79883e-05 0.00286167
