TITLE="Graphics"
VARIABLES= "rj, cm", "F", "dT/dt" 
0 0.00139388 3.81049e-06
0.0025 0.001163 9.40831e-06
0.005 0.00164821 2.05598e-05
0.0075 0.00197502 4.07646e-05
0.01 0.000819296 5.77085e-05
0.0125 0.000303428 5.4687e-05
0.015 0.000113918 2.29248e-05
0.0175 2.28562e-05 1.13333e-05
0.02 0.000216232 3.89348e-06
0.0225 0.000216221 4.28456e-07
0.025 9.06225e-05 6.47237e-06
0.0275 7.37354e-06 3.22997e-06
0.03 0.000439294 1.33272e-06
0.0325 0.000257618 5.86829e-06
0.035 0.0013774 5.84106e-06
0.0375 1.19169e-07 2.72117e-06
0.04 0.00134395 7.71969e-07
0.0425 0.000228905 3.65382e-06
0.045 0.00169105 1.42445e-05
0.0475 0.00556929 0.000100883
0.0475003 1.73472e-16 3.44623e-11
0.05 0.230984 0.374269
0.0525 2.78373 0.517048
0.055 4.11058 0.626539
0.0575 5.43337 0.715709
0.06 6.72978 0.790752
0.0625 7.98671 0.855152
0.065 9.1965 0.911091
0.0675 10.3547 0.960047
0.07 11.4587 1.00308
0.0725 12.5073 1.04097
0.075 13.5 1.07434
0.0775 14.4367 1.10367
0.08 15.3177 1.12935
0.0825 16.1437 1.15171
0.085 16.9153 1.17102
0.0875 17.6333 1.18751
0.09 18.2987 1.20139
0.0925 18.9124 1.21282
0.095 19.4754 1.22197
0.0975 19.9888 1.22896
0.1 20.4536 1.23391
0.1025 20.8708 1.23695
0.105 21.2416 1.23816
0.1075 21.5671 1.23764
0.11 21.8482 1.23547
0.1125 22.0862 1.23173
0.115 22.2822 1.22649
0.1175 22.4372 1.21981
0.12 22.5523 1.21178
0.1225 22.6287 1.20243
0.125 22.6676 1.19184
0.1275 22.6699 1.18005
0.13 22.6368 1.16712
0.1325 819104 1.1531
0.135 1.61678e+06 1478.66
0.1375 797534 1.12199
0.14 22.173 1.10499
0.1425 21.9798 1.08709
0.145 21.7578 1.06833
0.1475 21.5082 1.04876
0.15 21.2321 1.02842
0.1525 20.9305 1.00734
0.155 20.6046 0.985576
0.1575 20.2555 0.96316
0.16 19.8842 0.940135
0.1625 19.4918 0.916539
0.165 19.0794 0.892411
0.1675 18.648 0.867788
0.17 18.1986 0.842708
0.1725 17.7324 0.817209
0.175 17.2502 0.791326
0.1775 16.7533 0.765097
0.18 16.2424 0.738558
0.1825 15.7188 0.711742
0.185 15.1833 0.684687
0.1875 14.6368 0.657425
0.19 14.0805 0.629992
0.1925 13.5152 0.60242
0.195 12.9419 0.574744
0.1975 12.3614 0.546996
0.2 11.7748 0.519208
0.2025 11.1828 0.491412
0.205 10.5864 0.463639
0.2075 9.98643 0.43592
0.21 9.38374 0.408286
0.2125 8.77917 0.380766
0.215 8.17353 0.353388
0.2175 7.56762 0.326183
0.22 6.96223 0.299178
0.2225 6.35813 0.272399
0.225 5.75606 0.245875
0.2275 5.15677 0.21963
0.23 4.56096 0.193691
0.2325 3.96934 0.168082
0.235 3.38259 0.142827
0.2375 2.80137 0.117951
0.24 2.22633 0.0934741
0.2425 1.6581 0.06942
0.245 1.09728 0.0458094
0.2475 0.544481 0.0226629
