TITLE="Graphics"
VARIABLES= "rj, cm", "F", "dT/dt" 
0 9.11002e-05 19.4233
0.0025 9.07033e-05 19.3283
0.005 8.9604e-05 19.0657
0.0075 8.77019e-05 18.6126
0.01 8.50327e-05 17.9786
0.0125 8.16515e-05 17.1751
0.015 7.76548e-05 16.2154
0.0175 7.32286e-05 15.1148
0.02 6.87773e-05 13.8895
0.0225 6.53984e-05 12.555
0.025 6.6682e-05 11.12
0.0275 8.35203e-05 9.56759
0.03 0.000134089 7.79626
0.0325 0.000175421 5.5253
0.035 0.000140584 2.56253
0.0375 0.00128192 0.813374
0.04 0.0239866 6.75803
0.0425 0.278034 18.1919
0.045 0.475279 97.2197
0.0475 0.217638 56.3824
0.04775 1.38778e-17 1.65772e-08
0.05 0.410701 9.9839
0.0525 0.379127 7.07213
0.055 0.324174 5.09009
0.0575 0.273452 3.74264
0.06 0.231563 2.79613
0.0625 0.197564 2.1116
0.065 0.169797 1.60667
0.0675 0.146864 1.23007
0.07 0.127713 0.948062
0.0725 0.1118 0.737261
0.075 0.097819 0.581928
0.0775 0.0863595 0.468035
0.08 0.0763428 0.387241
0.0825 0.067721 0.332249
0.085 0.0602616 0.297436
0.0875 0.0537808 0.278397
0.09 542259 0.27165
0.0925 3.14061e+06 2.07127e+06
0.095 527823 0.284064
0.0975 0.0349658 0.299532
0.1 0.0315881 0.318912
0.1025 0.0285904 0.34106
0.105 0.0259268 0.365036
0.1075 0.0235535 0.390072
0.11 0.0214322 0.415547
0.1125 0.0195253 0.440949
0.115 0.0177905 0.46584
0.1175 0.0161729 0.489789
0.12 0.0145885 0.512271
0.1225 0.0129138 0.532476
0.125 0.0133383 0.548994
0.1275 0.0118341 0.566468
0.13 0.0106981 0.583208
0.1325 0.00978875 0.598472
0.135 0.00899905 0.611994
0.1375 0.00829621 0.62367
0.14 0.00766234 0.633468
0.1425 0.00708708 0.641392
0.145 0.00656268 0.647467
0.1475 0.00608395 0.651731
0.15 0.00564576 0.654227
0.1525 0.00524479 0.655008
0.155 0.00487729 0.654128
0.1575 0.00453972 0.651646
0.16 0.00423045 0.647625
0.1625 0.00394639 0.642129
0.165 0.00368499 0.635222
0.1675 0.00344526 0.626973
0.17 0.00322432 0.617449
0.1725 0.0030216 0.606719
0.175 0.00283463 0.594851
0.1775 0.00266265 0.581914
0.18 0.00250481 0.567976
0.1825 0.00235905 0.553107
0.185 0.00222503 0.537373
0.1875 0.0021019 0.520842
0.19 0.00198827 0.50358
0.1925 0.00188391 0.485652
0.195 0.00178814 0.467124
0.1975 0.00169975 0.448058
0.2 0.00161868 0.428517
0.2025 0.00154414 0.408563
0.205 0.00147547 0.388256
0.2075 0.00141261 0.367654
0.21 0.00135425 0.346814
0.2125 0.00130052 0.325791
0.215 0.00125011 0.304638
0.2175 0.0012024 0.283404
0.22 0.00115667 0.262132
0.2225 0.00111036 0.240861
0.225 0.00106342 0.21962
0.2275 0.00101216 0.198426
0.23 0.000954012 0.17728
0.2325 0.000886977 0.156158
0.235 0.000806258 0.135013
0.2375 0.000709873 0.113758
0.24 0.000594827 0.0922682
0.2425 0.000462365 0.0703749
0.245 0.000313644 0.0478667
0.2475 0.000156035 0.0244966
