TITLE="Graphics"
VARIABLES= "rj, cm", "F", "dT/dt" 
0 3.13626e-08 7.50347e-11
0.0025 5.52357e-08 3.51058e-10
0.005 1.55688e-07 1.38203e-09
0.0075 4.52016e-07 5.0633e-09
0.01 1.02969e-06 1.53414e-08
0.0125 1.53038e-06 3.48307e-08
0.015 1.11576e-06 5.45546e-08
0.0175 5.09992e-07 5.93655e-08
0.02 2.13648e-06 7.07412e-08
0.0225 2.78242e-06 1.16345e-07
0.025 1.45082e-07 1.29692e-07
0.0275 1.57335e-07 1.13796e-07
0.03 2.0979e-06 9.8825e-08
0.0325 4.26001e-06 2.30428e-08
0.035 6.06721e-08 2.49878e-08
0.0375 2.00021e-06 1.41322e-09
0.04 1.39398e-05 2.99305e-08
0.0425 1.98705e-07 7.18929e-07
0.045 9.33439e-06 1.0244e-07
0.0475 5.28827e-05 7.18884e-07
0.0475003 1.07553e-15 1.55134e-10
0.05 0.0159374 1.68081
0.0525 1.96375 2.32792
0.055 2.97933 2.82633
0.0575 4.00622 3.2341
0.06 5.02306 3.57889
0.0625 6.01731 3.87619
0.065 6.98145 4.13568
0.0675 7.91085 4.36392
0.07 8.80267 4.56556
0.0725 9.65522 4.7441
0.075 10.4675 4.90221
0.0775 11.239 5.04205
0.08 11.9694 5.16532
0.0825 12.6589 5.27345
0.085 13.3077 5.36765
0.0875 13.916 5.44893
0.09 14.4842 5.51816
0.0925 15.0128 5.57611
0.095 15.5023 5.62346
0.0975 15.9533 5.66079
0.1 16.3662 5.68866
0.1025 16.7418 5.70752
0.105 17.0806 5.71784
0.1075 17.3833 5.72001
0.11 17.6506 5.7144
0.1125 17.8831 5.70137
0.115 18.0815 5.68123
0.1175 18.2465 5.65429
0.12 18.3789 5.62085
0.1225 18.4793 5.58116
0.125 18.5485 5.53551
0.1275 18.5873 5.48413
0.13 18.5964 5.42727
0.1325 18.5766 5.36516
0.135 18.5287 5.29804
0.1375 18.4533 5.22612
0.14 18.3514 5.14961
0.1425 18.2238 5.06873
0.145 874491 4.98369
0.1475 1.72857e+06 3022.77
0.15 852492 4.8019
0.1525 17.4716 4.70555
0.155 17.2273 4.60583
0.1575 16.9622 4.50292
0.16 16.677 4.39701
0.1625 16.3726 4.28829
0.165 16.0499 4.17693
0.1675 15.7096 4.06313
0.17 15.3527 3.94705
0.1725 14.98 3.82889
0.175 14.5923 3.7088
0.1775 14.1905 3.58697
0.18 13.7754 3.46357
0.1825 13.3478 3.33877
0.185 12.9086 3.21274
0.1875 12.4586 3.08563
0.19 11.9986 2.95762
0.1925 11.5295 2.82887
0.195 11.0521 2.69954
0.1975 10.5672 2.56978
0.2 10.0756 2.43975
0.2025 9.57808 2.30961
0.205 9.07546 2.1795
0.2075 8.56852 2.04958
0.21 8.05804 1.91999
0.2125 7.54478 1.79087
0.215 7.0295 1.66236
0.2175 6.51296 1.53461
0.22 5.99587 1.40775
0.2225 5.47898 1.28191
0.225 4.96299 1.15723
0.2275 4.4486 1.03382
0.23 3.93651 0.911808
0.2325 3.42738 0.791323
0.235 2.92188 0.672478
0.2375 2.42066 0.555387
0.24 1.92433 0.440161
0.2425 1.43354 0.326907
0.245 0.948862 0.21573
0.2475 0.470895 0.106728
