TITLE="Graphics"
VARIABLES= "rj, cm", "F", "dT/dt" 
0 3.41733e-05 23.3666
0.0025 3.40424e-05 23.2554
0.005 3.36783e-05 22.9477
0.0075 3.30429e-05 22.4162
0.01 3.21381e-05 21.6711
0.0125 3.09655e-05 20.7248
0.015 2.95281e-05 19.592
0.0175 2.78319e-05 18.2901
0.02 2.58873e-05 16.8392
0.0225 2.37096e-05 15.2625
0.025 2.13193e-05 13.5854
0.0275 1.87449e-05 11.8356
0.03 1.60279e-05 10.0427
0.0325 1.32156e-05 8.23751
0.035 1.02975e-05 6.45118
0.0375 7.3635e-06 4.71589
0.04 1.72207e-05 3.06338
0.0425 24.1368 2.29022
0.045 49430.1 102.289
0.0475 773803 59.5653
0.04775 2.08167e-17 1.79143e-08
0.05 0.126251 14.8964
0.0525 0.122164 11.8101
0.055 0.106932 9.4005
0.0575 0.0913545 7.60891
0.06 0.0778699 6.2541
0.0625 0.0666761 5.20369
0.065 0.0574389 4.37151
0.0675 0.0497738 3.70111
0.07 0.0433597 3.15414
0.0725 0.0379481 2.70345
0.075 0.0333502 2.32911
0.0775 0.0294202 2.01608
0.08 0.026044 1.75272
0.0825 0.0231313 1.52994
0.085 0.020608 1.34051
0.0875 0.0184155 1.17864
0.09 0.0165029 1.03968
0.0925 0.0148297 0.919841
0.095 0.0133618 0.816054
0.0975 0.0120694 0.725797
0.1 0.0109295 0.646998
0.1025 0.00992031 0.577949
0.105 0.00902507 0.517233
0.1075 0.00823 0.463674
0.11 0.00752095 0.416298
0.1125 0.00687885 0.374292
0.115 0.0063118 0.336894
0.1175 0.00580113 0.303532
0.12 0.00534088 0.27372
0.1225 0.00492575 0.24703
0.125 0.00454938 0.223099
0.1275 0.00420917 0.201608
0.13 0.00389986 0.182284
0.1325 0.003618 0.164888
0.135 0.00336167 0.149211
0.1375 0.00312701 0.135069
0.14 0.00291274 0.122298
0.1425 0.00272289 0.110756
0.145 0.00259286 0.100372
0.1475 0.00232004 0.0914622
0.15 0.0022192 0.0829859
0.1525 0.00208492 0.0753148
0.155 0.00195553 0.0684191
0.1575 0.00183531 0.0622251
0.16 0.00172465 0.0566627
0.1625 0.00162216 0.0516713
0.165 0.00152716 0.0471975
0.1675 0.00143926 0.043194
0.17 0.00135774 0.039619
0.1725 0.00128146 0.036435
0.175 0.00121073 0.0336077
0.1775 0.00114513 0.0311069
0.18 0.00108343 0.0289049
0.1825 0.00102609 0.0269769
0.185 0.000972435 0.0252997
0.1875 0.000922458 0.0238532
0.19 0.000875606 0.0226193
0.1925 0.000831268 0.0215804
0.195 0.000790374 0.0207216
0.1975 0.000751619 0.0200292
0.2 0.0007153 0.019491
0.2025 0.000681283 0.0190959
0.205 0.000649317 0.018833
0.2075 0.000618868 0.018694
0.21 0.000590382 0.0186697
0.2125 0.000562696 0.0187504
0.215 0.000534917 0.0189244
0.2175 0.000497353 0.0191638
0.22 1.08849e+06 0.0193654
0.2225 1.0229e+07 8.07441e+06
0.225 1.0679e+06 0.0200406
0.2275 0.000404282 0.0203253
0.23 0.000373558 0.0204849
0.2325 0.000340395 0.0204284
0.235 0.000301894 0.0200403
0.2375 0.00026002 0.0191683
0.24 0.00021257 0.0176263
0.2425 0.00016165 0.0151942
0.245 0.000108164 0.0116244
0.2475 5.30981e-05 0.00665083
