TITLE="Graphics"
VARIABLES= "rj, cm", "F", "dT/dt" 
0 0.00125374 28.2319
0.0025 0.00125021 28.1043
0.005 0.00124033 27.751
0.0075 0.00122281 27.1394
0.01 0.00119723 26.2791
0.0125 0.00116306 25.1816
0.015 0.00111964 23.8606
0.0175 0.00106639 22.333
0.02 0.00100287 20.6193
0.0225 0.000928987 18.7436
0.025 0.000845199 16.7341
0.0275 0.000752674 14.6221
0.03 0.000653176 12.4422
0.0325 0.000547823 10.2308
0.035 0.000435969 8.02571
0.0375 34.1444 5.86716
0.04 552909 75608.6
0.0425 60.4205 1.82692
0.045 70408.3 93.9647
0.0475 773754 54.0416
0.04775 3.46945e-17 1.6243e-08
0.05 3.3626 16.0654
0.0525 3.28308 13.3926
0.055 2.93268 11.0267
0.0575 2.54359 9.14047
0.06 2.19063 7.64759
0.0625 1.8883 6.45284
0.065 1.63366 5.48362
0.0675 1.41969 4.68762
0.07 1.23934 4.02714
0.0725 1.08656 3.47443
0.075 0.956442 3.00864
0.0775 0.845049 2.61377
0.08 0.749222 2.27731
0.0825 0.666422 1.98934
0.085 0.594587 1.74191
0.0875 0.532029 1.52854
0.09 0.477361 1.34396
0.0925 0.429428 1.18379
0.095 0.387268 1.04443
0.0975 0.350074 0.922859
0.1 0.317161 0.816544
0.1025 0.287951 0.723351
0.105 0.261947 0.641471
0.1075 0.238724 0.569359
0.11 0.21791 0.505686
0.1125 0.199179 0.449299
0.115 0.177132 0.399184
0.1175 0.181752 0.353913
0.12 0.162064 0.314647
0.1225 0.149197 0.280041
0.125 0.137629 0.249459
0.1275 0.127195 0.222374
0.13 0.11775 0.198347
0.1325 0.109179 0.177003
0.135 0.101383 0.158026
0.1375 0.0942752 0.141139
0.14 0.0877829 0.126107
0.1425 0.0818416 0.112722
0.145 0.0763958 0.100805
0.1475 0.0713955 0.090196
0.15 0.0667982 0.080757
0.1525 0.0625646 0.0723646
0.155 0.0586612 0.0649101
0.1575 0.0550578 0.058297
0.16 0.051726 0.0524397
0.1625 0.0486435 0.047262
0.165 0.0457863 0.042696
0.1675 0.0431364 0.0386812
0.17 0.0406752 0.0351634
0.1725 0.038388 0.0320941
0.175 0.0362587 0.02943
0.1775 0.0342756 0.0271323
0.18 0.0324266 0.025166
0.1825 0.0307011 0.0234998
0.185 0.0290894 0.0221056
0.1875 0.0275818 0.020958
0.19 0.026172 0.0200343
0.1925 0.0248505 0.0193138
0.195 0.0236123 0.0187781
0.1975 0.0224494 0.0184103
0.2 0.0213565 0.018195
0.2025 0.020327 0.0181182
0.205 0.019355 0.0181664
0.2075 0.0184332 0.0183264
0.21 0.017556 0.018585
0.2125 0.0167139 0.0189277
0.215 0.0158986 0.0193381
0.2175 0.0150988 0.0197963
0.22 0.0143026 0.0202775
0.2225 0.0134957 0.0207497
0.225 0.0126624 0.0211715
0.2275 0.011785 0.0214893
0.23 0.011216 0.0216344
0.2325 0.00869331 0.0215478
0.235 0.00804216 0.0210088
0.2375 0.00688629 0.01992
0.24 0.00562514 0.0181256
0.2425 0.0042747 0.0154446
0.245 0.00286083 0.0116748
0.2475 0.00142182 0.00660032
