TITLE="Graphics"
VARIABLES= "rj, cm", "F", "dT/dt" 
0 6.52598e-05 22.0871
0.0025 6.49968e-05 21.981
0.005 6.42664e-05 21.6872
0.0075 6.29945e-05 21.1801
0.01 6.11902e-05 20.4697
0.0125 5.88625e-05 19.5682
0.015 5.60235e-05 18.4901
0.0175 5.26913e-05 17.2526
0.02 139.668 15.8754
0.0225 1.20649e+06 1.20626e+06
0.025 111.644 12.7938
0.0275 3.51368e-05 11.1405
0.03 3.00024e-05 9.44903
0.0325 2.47838e-05 7.74804
0.035 1.96354e-05 6.06593
0.0375 1.47009e-05 4.42968
0.04 5.25145e-05 2.86382
0.0425 0.0124786 1.10949
0.045 4.56074 114.336
0.0475 44668.2 80955.8
0.04775 1.11022e-16 2.32662e-08
0.05 1.08624 33.1408
0.0525 0.0687845 18.9532
0.055 0.286322 15.2262
0.0575 0.242022 12.6303
0.06 0.20168 10.6418
0.0625 0.17003 9.07229
0.065 0.144702 7.80635
0.0675 0.124088 6.76831
0.07 0.107117 5.90628
0.0725 0.0930219 5.18323
0.075 0.0812265 4.57176
0.0775 0.0712875 4.05107
0.08 0.0628597 3.605
0.0825 0.0556697 3.22077
0.085 0.0495023 2.88817
0.0875 0.0441843 2.59895
0.09 0.0395758 2.34637
0.0925 0.0355634 2.1249
0.095 0.0320555 1.92995
0.0975 0.0289759 1.75774
0.1 0.0262627 1.60508
0.1025 0.0238634 1.46931
0.105 0.0217353 1.34818
0.1075 0.0198413 1.23978
0.11 0.0181518 1.14251
0.1125 0.0166389 1.05497
0.115 0.0152828 0.975984
0.1175 0.0140618 0.904532
0.12 0.0129617 0.839738
0.1225 0.0119681 0.780841
0.125 0.0110688 0.727182
0.1275 0.0102544 0.678181
0.13 0.00951181 0.633331
0.1325 0.00882892 0.592193
0.135 0.00821214 0.554414
0.1375 0.00765035 0.519654
0.14 0.00713486 0.487605
0.1425 0.00666199 0.458
0.145 0.00622666 0.430605
0.1475 0.00582698 0.405214
0.15 0.00545888 0.381643
0.1525 0.00511846 0.359729
0.155 0.00480519 0.339326
0.1575 0.00451564 0.320303
0.16 0.00424627 0.302542
0.1625 0.00399849 0.285939
0.165 0.00376753 0.270396
0.1675 0.00355309 0.255829
0.17 0.00335409 0.242159
0.1725 0.00316849 0.229316
0.175 0.0029957 0.217234
0.1775 0.00283482 0.205857
0.18 0.00268464 0.19513
0.1825 0.00254359 0.185004
0.185 0.00241235 0.175436
0.1875 0.00228965 0.166386
0.19 0.00217447 0.157815
0.1925 0.00206535 0.14969
0.195 0.00196443 0.141981
0.1975 0.00186908 0.134659
0.2 0.00177875 0.127699
0.2025 0.00169333 0.121079
0.205 0.00161388 0.11478
0.2075 0.00153705 0.108784
0.21 0.00146519 0.103077
0.2125 0.00139671 0.0976475
0.215 0.00133059 0.0924875
0.2175 0.00126849 0.0875918
0.22 0.00120786 0.0829578
0.2225 0.001151 0.0785864
0.225 0.00109455 0.0744803
0.2275 0.00104075 0.0706479
0.23 0.000985049 0.0671001
0.2325 0.000925323 0.0638631
0.235 0.000859192 0.0609868
0.2375 0.000783499 0.05855
0.24 0.00071696 0.0566734
0.2425 0.000834692 0.0554482
0.245 0.00244724 0.0543024
0.2475 0.0120259 0.0472972
