TITLE="Graphics"
VARIABLES= "rj, cm", "F", "dT/dt" 
0 0.00296583 19.8028
0.0025 0.00295289 19.7062
0.005 0.00291735 19.439
0.0075 0.00285574 18.9781
0.01 0.00276898 18.3329
0.0125 0.00265836 17.5153
0.015 0.00252601 16.5388
0.0175 0.00237588 15.4193
0.02 0.0022154 14.1743
0.0225 0.00205866 12.8219
0.025 0.00193124 11.3785
0.0275 0.00188782 9.85521
0.03 0.00222038 8.24828
0.0325 0.00554764 6.48892
0.035 0.0264951 3.97661
0.0375 0.0443798 3.02202
0.04 0.514049 17.2587
0.0425 0.55627 64.5395
0.045 0.748237 76.2216
0.0475 249.08 34.7396
0.04775 1.04083e-16 1.11803e-08
0.05 19.5406 2.94439
0.0525 12.7564 0.813338
0.055 8.77255 4.96496
0.0575 174826 8.60257
0.06 404644 46425.9
0.0625 182009 14.3196
0.065 3.59788 16.5657
0.0675 2.97783 18.496
0.07 2.46635 20.159
0.0725 2.04019 21.5921
0.075 1.68274 22.8245
0.0775 1.3814 23.8798
0.08 1.12633 24.7777
0.0825 0.909729 25.5344
0.085 0.725325 26.164
0.0875 0.56806 26.6785
0.09 0.433801 27.0886
0.0925 0.319152 27.4036
0.095 0.221292 27.6318
0.0975 0.137867 27.7805
0.1 0.0668927 27.8566
0.1025 0.00668763 27.8661
0.105 0.044179 27.8145
0.1075 0.0869362 27.707
0.11 0.12264 27.5482
0.1125 0.152204 27.3424
0.115 0.176421 27.0937
0.1175 0.195978 26.8056
0.12 0.211478 26.4817
0.1225 0.223444 26.1251
0.125 0.232341 25.7387
0.1275 0.238567 25.3254
0.13 0.242482 24.8876
0.1325 0.244397 24.4279
0.135 0.244585 23.9484
0.1375 0.243294 23.4512
0.14 0.240732 22.9384
0.1425 0.237093 22.4117
0.145 0.232541 21.8728
0.1475 0.227223 21.3233
0.15 0.221271 20.7648
0.1525 0.214798 20.1986
0.155 0.207906 19.626
0.1575 0.200683 19.0482
0.16 0.193207 18.4664
0.1625 0.185546 17.8816
0.165 0.17776 17.2947
0.1675 0.169901 16.7068
0.17 0.162014 16.1187
0.1725 0.154139 15.5311
0.175 0.146309 14.9447
0.1775 0.138552 14.3603
0.18 0.130895 13.7785
0.1825 0.123353 13.1998
0.185 0.115949 12.6248
0.1875 0.108691 12.0539
0.19 0.101594 11.4877
0.1925 0.0946617 10.9266
0.195 0.087902 10.3708
0.1975 0.0813179 9.82088
0.2 0.0749078 9.27702
0.2025 0.0686708 8.73956
0.205 0.0626014 8.20874
0.2075 0.056689 7.68483
0.21 0.0509233 7.16803
0.2125 0.0452825 6.65856
0.215 0.0397441 6.1566
0.2175 0.0342744 5.66232
0.22 0.0288372 5.17589
0.2225 0.0233885 4.69747
0.225 0.0178898 4.22721
0.2275 0.0123203 3.76526
0.23 0.00669805 3.31179
0.2325 0.00112807 2.86695
0.235 0.00415744 2.43089
0.2375 0.00873521 2.00375
0.24 0.0119645 1.58561
0.2425 0.0130548 1.17643
0.245 0.011306 0.776053
0.2475 0.00660918 0.3841
