TITLE="Graphics"
VARIABLES= "rj, cm", "F", "dT/dt" 
0 741.296 18.8476
0.0025 96805.3 96515.2
0.005 69.4949 18.4995
0.0075 0.000683091 18.0585
0.01 0.000662633 17.4412
0.0125 0.00063737 16.6588
0.015 0.000609246 15.7234
0.0175 0.000582692 14.6482
0.02 0.000567131 13.4442
0.0225 0.000577713 12.1145
0.025 0.000619572 10.6451
0.0275 0.00062295 9.00363
0.03 0.000331931 7.19033
0.0325 0.00061434 5.41693
0.035 0.00186941 4.34158
0.0375 0.00127883 4.77027
0.04 0.00540829 6.08087
0.0425 21.9371 5.47865
0.045 42283.1 106.425
0.0475 773825 31.9916
0.04775 1.17961e-16 1.92447e-08
0.05 4.8138 6.12528
0.0525 3.63306 4.44926
0.055 2.91798 3.40416
0.0575 2.44195 2.61662
0.06 2.07487 2.00234
0.0625 1.77547 1.51979
0.065 1.52759 1.1379
0.0675 1.32123 0.832867
0.07 1.14679 0.586959
0.0725 1.00684 0.386265
0.075 0.882056 0.223025
0.0775 0.777509 0.0890059
0.08 0.688111 0.0213731
0.0825 0.611269 0.112421
0.085 0.544894 0.187522
0.0875 0.487307 0.249372
0.09 0.43714 0.300146
0.0925 0.39327 0.341615
0.095 0.354772 0.375232
0.0975 0.320872 0.402197
0.1 0.290928 0.423509
0.1025 0.264396 0.440002
0.105 0.240821 0.452378
0.1075 0.219816 0.461226
0.11 0.20105 0.46705
0.1125 0.184244 0.470276
0.115 0.169156 0.471269
0.1175 0.155579 0.470342
0.12 0.143336 0.467763
0.1225 0.132272 0.463766
0.125 0.122253 0.458552
0.1275 0.113163 0.452294
0.13 0.1049 0.445143
0.1325 0.0973772 0.437234
0.135 0.0905128 0.428679
0.1375 0.0842422 0.41958
0.14 0.0785042 0.410026
0.1425 0.0732444 0.400092
0.145 0.0684164 0.389848
0.1475 0.0639791 0.379351
0.15 0.059893 0.368654
0.1525 0.0561293 0.357803
0.155 0.0526532 0.346838
0.1575 0.0494431 0.335793
0.16 0.0464719 0.3247
0.1625 0.0437203 0.313585
0.165 0.041168 0.302473
0.1675 0.0388002 0.291383
0.17 0.036598 0.280333
0.1725 0.0345501 0.26934
0.175 0.0326426 0.258417
0.1775 0.0308652 0.247576
0.18 0.0292063 0.236826
0.1825 0.0276575 0.226176
0.185 0.026209 0.215634
0.1875 0.0248552 0.205206
0.19 0.023586 0.194897
0.1925 0.0223987 0.184711
0.195 0.0212836 0.174651
0.1975 0.0202365 0.16472
0.2 0.0192533 0.154921
0.2025 0.0183275 0.145255
0.205 0.0174551 0.135724
0.2075 0.0166306 0.126329
0.21 0.0158496 0.117072
0.2125 0.0151076 0.107957
0.215 0.0143994 0.0989865
0.2175 0.0137218 0.0901667
0.22 0.0130687 0.0815055
0.2225 0.0124414 0.0730132
0.225 0.0118359 0.0647022
0.2275 0.0112543 0.0565871
0.23 0.0106933 0.0486834
0.2325 0.0101474 0.0410082
0.235 0.00958785 0.033581
0.2375 0.00895008 0.0264317
0.24 0.00812033 0.0196187
0.2425 0.00692238 0.0132603
0.245 0.00517015 0.00758422
0.2475 0.00279135 0.00297689
