TITLE="Graphics"
VARIABLES= "rj, cm", "F", "dT/dt" 
0 0.76592 90.3894
0.0025 0.762398 89.9768
0.005 0.752684 88.8361
0.0075 0.735947 86.8694
0.01 0.712568 84.1207
0.0125 0.683001 80.6422
0.015 0.647782 76.4952
0.0175 0.607518 71.7501
0.02 0.562887 66.4858
0.0225 0.514624 60.7876
0.025 0.463503 54.7464
0.0275 0.410326 48.4565
0.03 0.355894 42.0141
0.0325 0.30096 35.5154
0.035 0.246121 29.0554
0.0375 0.191545 22.7265
0.04 0.136782 16.6188
0.0425 0.0875976 10.8222
0.045 0.155748 5.40868
0.0475 0.756742 4.85267
0.0476278 3.77001e-08 1.06932e-08
0.05 204.765 33.5595
0.0525 149.859 35.029
0.055 127.188 34.2546
0.0575 79.0702 32.5173
0.06 68.7403 30.2521
0.0625 57.0152 27.745
0.065 48.1651 25.1403
0.0675 41.3636 22.521
0.07 36.0738 19.9372
0.0725 31.9294 17.4188
0.075 28.671 14.9843
0.0775 26.109 12.6444
0.08 24.1011 10.4052
0.0825 22.5384 8.26957
0.085 21.3358 6.23825
0.0875 20.4259 4.31069
0.09 19.7546 2.48545
0.0925 19.2781 0.760512
0.095 18.9602 0.866511
0.0975 18.7712 2.3982
0.1 18.6862 3.83725
0.1025 18.6844 5.1864
0.105 18.7482 6.44837
0.1075 18.8627 7.62585
0.11 19.0152 8.72147
0.1125 19.1951 9.73782
0.115 19.3929 10.6774
0.1175 19.6008 11.5426
0.12 19.8119 12.3358
0.1225 20.0205 13.0593
0.125 20.2215 13.7152
0.1275 20.4107 14.3059
0.13 20.5843 14.8332
0.1325 20.7392 15.2994
0.135 20.8727 15.7063
0.1375 20.9827 16.0559
0.14 21.0672 16.3502
0.1425 21.1247 16.591
0.145 21.154 16.7802
0.1475 21.154 16.9195
0.15 21.1239 17.0107
0.1525 21.0633 17.0557
0.155 20.9717 17.0561
0.1575 20.8489 17.0137
0.16 20.6949 16.9302
0.1625 20.5097 16.8072
0.165 20.2935 16.6465
0.1675 20.0466 16.4497
0.17 19.7695 16.2185
0.1725 19.4625 15.9546
0.175 19.1263 15.6594
0.1775 18.7615 15.3348
0.18 18.3689 14.9823
0.1825 17.9491 14.6035
0.185 17.503 14.2
0.1875 17.0315 13.7734
0.19 16.5355 13.3253
0.1925 16.0159 12.8573
0.195 15.4737 12.3709
0.1975 14.9099 11.8677
0.2 14.3255 11.3491
0.2025 1.05423e+06 10.8168
0.205 2.08972e+06 1320.94
0.2075 1.03284e+06 9.71696
0.21 11.8037 9.15239
0.2125 11.1326 8.58003
0.215 10.4474 8.00133
0.2175 9.74936 7.41772
0.22 9.03946 6.83062
0.2225 8.31884 6.24144
0.225 7.58862 5.65154
0.2275 6.8499 5.06229
0.23 6.10377 4.47502
0.2325 5.35131 3.89103
0.235 4.5936 3.31163
0.2375 3.83169 2.73806
0.24 3.06663 2.17156
0.2425 2.29944 1.61335
0.245 1.53113 1.06458
0.2475 0.762685 0.52643
