TITLE="Graphics"
VARIABLES= "rj, cm", "F", "dT/dt" 
0 0.000172168 18.2193
0.0025 0.000171436 18.1296
0.005 0.000169428 17.8814
0.0075 0.000166041 17.4532
0.01 0.000161534 16.8533
0.0125 0.000156373 16.0916
0.015 0.000151319 15.1778
0.0175 0.000147262 14.1207
0.02 0.000144241 12.9259
0.0225 0.000138904 11.5966
0.025 0.00012123 10.1431
0.0275 7.73744e-05 8.60995
0.03 1.57706e-05 7.11089
0.0325 2.45957e-05 5.79687
0.035 0.000195262 4.59924
0.0375 0.000687203 2.9926
0.04 0.00643727 2.74256
0.0425 23.5384 13.3605
0.045 47113.1 103.449
0.0475 773774 59.6853
0.04775 1.45717e-16 1.77639e-08
0.05 0.938103 12.3415
0.0525 0.851359 10.5095
0.055 0.711635 9.5046
0.0575 0.589117 8.98003
0.06 0.492001 8.70383
0.0625 0.4161 8.55881
0.065 0.355008 8.48861
0.0675 0.30511 8.46246
0.07 0.263813 8.46261
0.0725 0.229225 8.47814
0.075 0.199976 8.50188
0.0775 0.175053 8.52888
0.08 0.15369 8.55553
0.0825 0.135287 8.57923
0.085 0.11937 8.59803
0.0875 0.10555 8.61053
0.09 0.0935107 8.6157
0.0925 0.0829908 8.61287
0.095 0.0737714 8.60156
0.0975 0.0656714 8.58152
0.1 0.058535 8.55263
0.1025 0.0522356 8.51489
0.105 0.0466605 8.46839
0.1075 0.0417189 8.41329
0.11 0.0373293 8.3498
0.1125 0.0334244 8.27819
0.115 0.0299448 8.19873
0.1175 0.0268407 8.11172
0.12 0.0240675 8.0175
0.1225 0.0215873 7.91639
0.125 0.019368 7.80873
0.1275 0.0173789 7.69487
0.13 0.015597 7.57514
0.1325 0.0139974 7.44989
0.135 0.0125635 7.31945
0.1375 0.0112761 7.18416
0.14 0.0101205 7.04435
0.1425 0.0090834 6.90033
0.145 0.00815298 6.75241
0.1475 0.00731874 6.60091
0.15 0.00657001 6.44612
0.1525 0.00590062 6.28833
0.155 0.00530038 6.12782
0.1575 0.00476463 5.96486
0.16 0.00428616 5.79973
0.1625 0.00385966 5.63266
0.165 0.003481 5.46392
0.1675 0.00314462 5.29374
0.17 0.00284702 5.12236
0.1725 0.00258507 4.94999
0.175 0.00235467 4.77685
0.1775 0.00215317 4.60315
0.18 0.00197833 4.42908
0.1825 0.00182718 4.25485
0.185 0.00169722 4.08064
0.1875 0.00158795 3.90661
0.19 0.00149566 3.73296
0.1925 0.00142044 3.55983
0.195 0.00135889 3.38739
0.1975 0.00131192 3.21579
0.2 0.00127652 3.04517
0.2025 0.00125364 2.87568
0.205 0.00123923 2.70745
0.2075 0.00123659 2.54061
0.21 0.0012403 2.37529
0.2125 0.00125316 2.2116
0.215 0.00127209 2.04967
0.2175 0.00129449 1.8896
0.22 0.0013211 1.73149
0.2225 0.00134497 1.57545
0.225 0.00136396 1.42155
0.2275 0.00137222 1.26987
0.23 1.1076e+06 1.12046
0.2325 3.49401e+06 1.3008e+06
0.235 1.08738e+06 0.828479
0.2375 0.00113908 0.685829
0.24 0.000979082 0.545276
0.2425 0.000775168 0.406652
0.245 0.00053243 0.269741
0.2475 0.000267832 0.134284
