TITLE="Graphics"
VARIABLES= "rj, cm", "F", "dT/dt" 
0 8.82552e-08 2.35863e-10
0.0025 1.43618e-07 9.14798e-10
0.005 4.3913e-07 3.69155e-09
0.0075 1.50111e-06 1.51729e-08
0.01 4.55845e-06 5.6059e-08
0.0125 1.09368e-05 1.72336e-07
0.015 1.81252e-05 4.09832e-07
0.0175 1.58669e-05 6.93138e-07
0.02 1.07845e-06 7.66865e-07
0.0225 1.32728e-06 6.21643e-07
0.025 4.25975e-06 6.47902e-07
0.0275 1.68552e-05 4.80138e-07
0.03 1.23807e-06 1.7764e-07
0.0325 9.10337e-06 1.88406e-07
0.035 2.74676e-05 2.22659e-07
0.0375 3.25952e-05 3.74544e-06
0.04 4.33424e-05 2.45549e-07
0.0425 2.61308e-05 1.22575e-07
0.045 67.942 3.45449e-06
0.0475 460084 30.3676
0.0475003 1.41553e-15 3.87313e-12
0.05 0.578568 0.0421842
0.0525 1.04199 0.0587575
0.055 1.329 0.0717104
0.0575 1.58173 0.0824835
0.06 1.80697 0.0917574
0.0625 2.00845 0.0999107
0.065 2.18859 0.107178
0.0675 2.34908 0.113716
0.07 2.49125 0.119636
0.0725 2.61618 0.125019
0.075 2.72481 0.129927
0.0775 2.81798 0.13441
0.08 2.89645 0.138505
0.0825 2.96095 0.142244
0.085 3.01216 0.145653
0.0875 3.05075 0.148752
0.09 3.07737 0.151559
0.0925 3.09266 0.154089
0.095 3.09724 0.156355
0.0975 3.09175 0.158368
0.1 3.0768 0.160137
0.1025 3.05299 0.161669
0.105 3.02094 0.162973
0.1075 2.98124 0.164054
0.11 2.93449 0.164918
0.1125 2.88126 0.165569
0.115 2.82214 0.166013
0.1175 2.75768 0.166252
0.12 2.68843 0.166292
0.1225 2.61494 0.166136
0.125 2.53772 0.165787
0.1275 2.4573 0.165248
0.13 2.37416 0.164523
0.1325 2.28879 0.163615
0.135 2.20163 0.162527
0.1375 2.11314 0.161262
0.14 2.02374 0.159824
0.1425 1.93382 0.158217
0.145 1.84378 0.156443
0.1475 1.75396 0.154506
0.15 1.66472 0.152411
0.1525 1.57636 0.150161
0.155 1.4892 0.14776
0.1575 1.40348 0.145213
0.16 1.31949 0.142523
0.1625 1.23743 0.139696
0.165 1.15752 0.136737
0.1675 1.07995 0.133649
0.17 1.00488 0.13044
0.1725 0.932459 0.127112
0.175 0.862807 0.123674
0.1775 0.796026 0.120129
0.18 0.7322 0.116483
0.1825 0.671392 0.112743
0.185 0.613649 0.108915
0.1875 0.558994 0.105005
0.19 0.507439 0.101019
0.1925 0.458973 0.0969639
0.195 0.413577 0.0928459
0.1975 0.371209 0.0886717
0.2 0.331817 0.0844481
0.2025 0.295334 0.0801819
0.205 0.261682 0.0758798
0.2075 0.230769 0.0715487
0.21 0.202495 0.0671955
0.2125 0.176748 0.062827
0.215 0.153407 0.0584501
0.2175 0.13235 0.0540717
0.22 0.113436 0.0496986
0.2225 0.0965261 0.0453375
0.225 0.0814805 0.0409951
0.2275 0.0681443 0.0366781
0.23 0.0563706 0.0323929
0.2325 0.0460031 0.028146
0.235 0.0368902 0.0239437
0.2375 0.028875 0.0197921
0.24 0.0218058 0.0156972
0.2425 0.0155319 0.011665
0.245 0.00990147 0.00770105
0.2475 0.00477193 0.00381095
