TITLE="Graphics"
VARIABLES= "rj, cm", "F", "dT/dt" 
0 5.07881e-09 2.6439e-11
0.0025 4.04478e-09 4.16638e-11
0.005 6.70229e-09 8.3256e-11
0.0075 1.37316e-08 1.8763e-10
0.01 2.3395e-08 4.20624e-10
0.0125 2.56566e-08 7.70569e-10
0.015 1.1343e-08 1.02203e-09
0.0175 6.09203e-09 9.44351e-10
0.02 4.49114e-09 6.98585e-10
0.0225 1.04876e-08 5.81518e-10
0.025 2.44916e-08 1.2791e-10
0.0275 3.46521e-09 8.35415e-11
0.03 1.58026e-09 1.78861e-11
0.0325 6.52228e-10 1.37747e-11
0.035 7.92938e-10 2.67537e-11
0.0375 1.43435e-08 6.36382e-11
0.04 2.47322e-09 1.01422e-10
0.0425 9.92141e-09 2.62409e-10
0.045 5.99017e-08 1.03415e-09
0.0475 2.16587e-07 2.29501e-09
0.0475003 8.04912e-16 2.27315e-10
0.05 3.7151 2.46287
0.0525 4.65135 3.41075
0.055 8.56602 4.14072
0.0575 12.7203 4.73784
0.06 16.9484 5.24265
0.0625 21.1551 5.67787
0.065 278858 6.05769
0.0675 558318 139.133
0.07 278699 6.68677
0.0725 36.8933 6.94799
0.075 40.4531 7.17932
0.0775 43.8442 7.38387
0.08 47.0631 7.56418
0.0825 50.1078 7.72235
0.085 52.9778 7.86013
0.0875 55.6732 7.97901
0.09 58.1951 8.08027
0.0925 60.545 8.16505
0.095 62.7246 8.23431
0.0975 64.7361 8.28895
0.1 66.5821 8.32974
0.1025 68.2651 8.35739
0.105 69.788 8.37254
0.1075 71.1535 8.37579
0.11 72.3647 8.36768
0.1125 73.4248 8.34872
0.115 74.3369 8.31938
0.1175 75.1042 8.2801
0.12 75.73 8.23131
0.1225 76.2177 8.17341
0.125 76.5707 8.10677
0.1275 76.7923 8.03177
0.13 76.8859 7.94875
0.1325 76.8552 7.85806
0.135 76.7035 7.76003
0.1375 76.4343 7.65498
0.14 76.0513 7.54321
0.1425 75.5579 7.42505
0.145 74.9578 7.30077
0.1475 74.2544 7.17069
0.15 73.4514 7.03509
0.1525 72.5524 6.89425
0.155 71.561 6.74845
0.1575 70.4808 6.59798
0.16 69.3154 6.4431
0.1625 68.0684 6.28408
0.165 66.7435 6.12119
0.1675 65.3442 5.9547
0.17 63.8741 5.78487
0.1725 62.3369 5.61195
0.175 60.7361 5.4362
0.1775 59.0754 5.25787
0.18 57.3583 5.07723
0.1825 55.5882 4.8945
0.185 53.7689 4.70995
0.1875 51.9037 4.52381
0.19 49.9963 4.33632
0.1925 48.0499 4.14773
0.195 46.0682 3.95826
0.1975 44.0545 3.76814
0.2 42.0122 3.57762
0.2025 39.9446 3.3869
0.205 37.8551 3.19622
0.2075 35.7469 3.00579
0.21 33.6233 2.81582
0.2125 31.4875 2.62654
0.215 29.3426 2.43814
0.2175 27.1917 2.25083
0.22 25.0379 2.06482
0.2225 22.8842 1.88028
0.225 20.7335 1.69743
0.2275 18.5888 1.51644
0.23 16.4529 1.3375
0.2325 14.3285 1.16078
0.235 12.2184 0.98646
0.2375 10.1253 0.814708
0.24 8.05166 0.645687
0.2425 6.00014 0.479554
0.245 3.97316 0.316465
0.2475 1.97312 0.156566
