TITLE="Graphics"
VARIABLES= "rj, cm", "F", "dT/dt" 
0 0.000280037 24.0863
0.0025 0.000279002 23.9724
0.005 0.000276112 23.6571
0.0075 0.00027106 23.1124
0.01 0.000263849 22.3485
0.0125 0.000254473 21.3778
0.015 0.000242938 20.215
0.0175 0.000229273 18.8777
0.02 0.000213552 17.3862
0.0225 0.000195897 15.7638
0.025 0.00017648 14.0366
0.0275 0.000155484 12.2327
0.03 0.000133084 10.3824
0.0325 0.000109621 8.51763
0.035 8.5962e-05 6.67148
0.0375 6.3734e-05 4.87622
0.04 0.00152766 3.16074
0.0425 24.1065 1.57977
0.045 52454 102.354
0.0475 773803 58.7983
0.04775 7.63278e-17 1.80048e-08
0.05 1.04462 14.3561
0.0525 0.968532 11.4257
0.055 0.836722 9.15245
0.0575 0.709413 7.45536
0.06 0.601923 6.16163
0.0625 0.513722 5.14988
0.065 0.441372 4.34189
0.0675 0.381559 3.68635
0.07 0.331652 3.14814
0.0725 0.289649 2.70217
0.075 0.254031 2.32985
0.0775 0.223626 2.01696
0.08 0.197514 1.75242
0.0825 0.174959 1.52739
0.085 0.145201 1.3347
0.0875 0.16818 1.16668
0.09 0.141203 1.02506
0.0925 0.126956 0.903503
0.095 0.114484 0.798612
0.0975 0.103519 0.707671
0.1 0.0938428 0.628496
0.1025 0.0852758 0.559308
0.105 0.0776669 0.498642
0.1075 0.0708898 0.445285
0.11 0.0648371 0.398225
0.1125 708382 0.356612
0.115 2.27474e+06 878855
0.1175 688698 0.286972
0.12 0.0462354 0.25782
0.1225 0.0426723 0.231833
0.125 0.0394464 0.208631
0.1275 0.0365203 0.18789
0.13 0.0338614 0.169325
0.1325 0.03144 0.152693
0.135 0.0292319 0.137781
0.1375 0.0272145 0.124401
0.14 0.025368 0.112391
0.1425 0.023676 0.101607
0.145 0.0221226 0.0919225
0.1475 0.0206944 0.0832262
0.15 0.0193795 0.0754187
0.1525 0.0181676 0.0684117
0.155 0.017049 0.0621271
0.1575 0.0160146 0.0564946
0.16 0.0150579 0.051452
0.1625 0.0141716 0.0469431
0.165 0.0133489 0.0429178
0.1675 0.012586 0.0393311
0.17 0.0118762 0.0361426
0.1725 0.0112158 0.0333158
0.175 0.010601 0.0308179
0.1775 0.0100276 0.0286195
0.18 0.00949254 0.026694
0.1825 0.00899317 0.0250173
0.185 0.00852573 0.0235677
0.1875 0.00808923 0.0223258
0.19 0.00767927 0.0212738
0.1925 0.00729626 0.0203958
0.195 0.00693649 0.0196772
0.1975 0.00659855 0.0191052
0.2 0.0062813 0.0186677
0.2025 0.00598295 0.0183542
0.205 0.00570176 0.0181545
0.2075 0.00543655 0.0180595
0.21 0.00518464 0.0180601
0.2125 0.00494561 0.0181468
0.215 0.00471641 0.0183093
0.2175 0.004494 0.0185349
0.22 0.00427534 0.0188074
0.2225 0.00405625 0.0191046
0.225 0.0038311 0.0193956
0.2275 0.00359338 0.0196372
0.23 0.00333596 0.0197693
0.2325 0.00305178 0.0197103
0.235 0.0029701 0.0193514
0.2375 0.00161819 0.0185763
0.24 0.00155946 0.0171109
0.2425 0.00119794 0.0147758
0.245 0.000806473 0.0113278
0.2475 0.000411415 0.00649433
