TITLE="Graphics"
VARIABLES= "rj, cm", "F", "dT/dt" 
0 0.000627036 28.2438
0.0025 0.000625274 28.1162
0.005 0.000620338 27.7628
0.0075 0.000611579 27.151
0.01 0.000598801 26.2905
0.0125 0.000581722 25.1927
0.015 0.000560024 23.8712
0.0175 0.000533405 22.3431
0.02 0.000501649 20.6288
0.0225 0.000464709 18.7525
0.025 136.399 16.7421
0.0275 151024 150790
0.03 113.605 12.4484
0.0325 0.000274094 10.236
0.035 0.000218011 8.02985
0.0375 0.000168923 5.87035
0.04 0.000453551 3.78824
0.0425 0.115505 1.57503
0.045 5.16574 95.6774
0.0475 34740.8 7834.26
0.04775 4.85723e-17 2.08803e-08
0.05 9.44059 45.7293
0.0525 1.21082 29.7384
0.055 1.61387 22.6526
0.0575 1.63081 18.5317
0.06 1.43196 15.579
0.0625 1.21819 13.2782
0.065 1.03396 11.4226
0.0675 0.882183 9.89913
0.07 0.75789 8.63379
0.0725 0.655628 7.57336
0.075 0.570849 6.67795
0.0775 0.499982 5.91681
0.08 0.44027 5.26587
0.0825 0.389578 4.70604
0.085 0.346247 4.22203
0.0875 0.308975 3.80152
0.09 0.276732 3.43449
0.0925 0.248693 3.11275
0.095 0.224196 2.82957
0.0975 0.202704 2.57936
0.1 0.183781 2.35748
0.1025 0.167073 2.16004
0.105 0.152288 1.98377
0.1075 0.139176 1.82584
0.11 0.12749 1.68388
0.1125 0.116955 1.55582
0.115 0.107305 1.43996
0.1175 0.0984676 1.33496
0.12 0.0906475 1.23973
0.1225 0.083756 1.15327
0.125 0.0775789 1.07458
0.1275 0.0719627 1.00275
0.13 0.0668248 0.937007
0.1325 0.0621151 0.876687
0.135 0.0578008 0.821223
0.1375 0.0538496 0.770129
0.14 0.0502283 0.722975
0.1425 0.0469076 0.679386
0.145 0.0438581 0.639027
0.1475 0.0410538 0.601601
0.15 0.0384717 0.566841
0.1525 0.036091 0.534509
0.155 0.0338917 0.504393
0.1575 0.0318588 0.476301
0.16 0.0299764 0.45006
0.1625 0.0282321 0.425515
0.165 0.0266123 0.402527
0.1675 0.0251084 0.380968
0.17 0.0237087 0.360726
0.1725 0.0224063 0.341695
0.175 0.0211915 0.323782
0.1775 0.0200594 0.306901
0.18 0.0190009 0.290976
0.1825 0.0180119 0.275933
0.185 0.0170869 0.26171
0.1875 0.0162204 0.248247
0.19 0.0154069 0.235489
0.1925 0.0146456 0.223389
0.195 0.013928 0.211899
0.1975 0.0132532 0.200981
0.2 0.0126172 0.190596
0.2025 0.0120141 0.180711
0.205 0.0114431 0.171298
0.2075 0.010897 0.162332
0.21 0.0103742 0.153793
0.2125 0.00986686 0.145667
0.215 0.00937057 0.137947
0.2175 0.00888171 0.130635
0.22 0.00839318 0.12374
0.2225 0.00790764 0.117284
0.225 0.00743405 0.111295
0.2275 0.00700199 0.105809
0.23 0.00668319 0.100846
0.2325 0.00663576 0.0963862
0.235 0.00719356 0.0922928
0.2375 0.00904101 0.0881655
0.24 0.0132696 0.0830374
0.2425 0.0208361 0.0748975
0.245 0.0298711 0.0602891
0.2475 0.0293626 0.0351952
