TITLE="Graphics"
VARIABLES= "rj, cm", "F", "dT/dt" 
0 3.95159e-05 28.6318
0.0025 3.94096e-05 28.5031
0.005 3.91093e-05 28.1467
0.0075 3.85752e-05 27.5296
0.01 3.7794e-05 26.6613
0.0125 3.67464e-05 25.553
0.015 3.54101e-05 24.2183
0.0175 3.37639e-05 22.6739
0.02 3.17904e-05 20.9401
0.0225 2.94823e-05 19.041
0.025 2.68482e-05 17.0047
0.0275 2.39214e-05 14.8632
0.03 2.0769e-05 12.6515
0.0325 1.74912e-05 10.4067
0.035 1.41779e-05 8.16641
0.0375 1.09427e-05 5.96723
0.04 0.00287168 3.85522
0.0425 1.29015 2.05136
0.045 2.03115 92.6242
0.0475 2.62271 53.3378
0.04775 0 1.58799e-08
0.05 0.0939963 17.2007
0.0525 0.0929006 14.4206
0.055 0.0843511 11.8705
0.0575 0.073722 9.82522
0.06 0.0635532 8.21787
0.0625 0.0545947 6.94753
0.065 0.0469504 5.93069
0.0675 0.0405062 5.10528
0.07 0.0350906 4.42622
0.0725 0.0305344 3.86078
0.075 0.0266886 3.38489
0.0775 0.0234287 2.98065
0.08 0.0206525 2.6345
0.0825 0.018277 2.33602
0.085 0.0162347 2.07711
0.0875 0.0144711 1.85135
0.09 0.0129415 1.6536
0.0925 0.0116088 1.47972
0.095 0.0104438 1.3263
0.0975 0.00942139 1.19052
0.1 0.00852085 1.07005
0.1025 0.00772484 0.96289
0.105 0.00701995 0.867387
0.1075 0.0063941 0.782116
0.11 0.00583746 0.705865
0.1125 0.00534385 0.637612
0.115 0.00490804 0.576508
0.1175 0.00463093 0.521884
0.12 0.00394576 0.474233
0.1225 0.00375244 0.430022
0.125 0.0034707 0.390053
0.1275 0.00321008 0.353995
0.13 0.00297046 0.321493
0.1325 0.00275196 0.292198
0.135 829626 0.265788
0.1375 9.03071e+06 7.39451e+06
0.14 807987 0.220475
0.1425 0.00204929 0.201073
0.145 0.00190999 0.183552
0.1475 0.00178172 0.167724
0.15 0.00166379 0.153422
0.1525 0.0015557 0.140496
0.155 0.00145587 0.128812
0.1575 0.00136398 0.118252
0.16 0.00127943 0.108706
0.1625 0.00120086 0.10008
0.165 0.00112815 0.0922851
0.1675 0.00106114 0.0852445
0.17 0.000998549 0.0788876
0.1725 0.000941523 0.0731512
0.175 0.000886954 0.0679782
0.1775 0.000837395 0.0633175
0.18 0.000790932 0.0591229
0.1825 0.000747765 0.055353
0.185 0.000707361 0.0519708
0.1875 0.00067013 0.048943
0.19 0.000634599 0.0462401
0.1925 0.000602205 0.0438355
0.195 0.000571096 0.0417058
0.1975 0.000542861 0.0398299
0.2 0.000516078 0.0381887
0.2025 0.000490808 0.0367648
0.205 0.000466231 0.0355417
0.2075 0.000444108 0.0345029
0.21 0.000422497 0.0336312
0.2125 0.0004011 0.0329076
0.215 0.000380931 0.0323097
0.2175 0.000359946 0.0318099
0.22 0.000340166 0.0313735
0.2225 0.000318359 0.0309565
0.225 0.000296745 0.0305026
0.2275 0.000273079 0.0299409
0.23 0.000247459 0.029182
0.2325 0.000212812 0.0281151
0.235 0.000209991 0.0265534
0.2375 0.000169977 0.0245291
0.24 0.000136203 0.021803
0.2425 0.000102672 0.0181858
0.245 6.77179e-05 0.0134803
0.2475 3.35096e-05 0.00748487
