TITLE="Graphics"
VARIABLES= "rj, cm", "F", "dT/dt" 
0 1.84206e-06 4.52329e-09
0.0025 3.33409e-06 2.14804e-08
0.005 1.13437e-05 9.51855e-08
0.0075 4.32609e-05 4.24374e-07
0.01 0.0001468 1.69855e-06
0.0125 0.000399345 5.68563e-06
0.015 0.000782976 1.49867e-05
0.0175 0.000900893 2.89692e-05
0.02 0.00016325 3.6931e-05
0.0225 0.000799589 2.60539e-05
0.025 0.000318176 1.02838e-05
0.0275 6.01224e-05 1.11101e-05
0.03 0.000453958 2.97652e-06
0.0325 0.000131117 6.63477e-06
0.035 0.000208239 3.44304e-06
0.0375 0.000121285 1.47936e-05
0.04 0.00108848 6.4546e-06
0.0425 0.00268684 4.83429e-07
0.045 0.0034573 0.000464911
0.0475 0.00348507 0.000335276
0.0475003 0.000115747 2.68671e-10
0.05 15365.1 2.88792
0.0525 108796 3.97274
0.055 232610 414.059
0.0575 120771 5.47405
0.06 6.44985 6.03802
0.0625 7.34715 6.52054
0.065 8.22206 6.93859
0.0675 9.07696 7.30367
0.07 9.91226 7.62404
0.0725 10.7274 7.90583
0.075 11.5212 8.15378
0.0775 12.2923 8.37164
0.08 13.0394 8.56243
0.0825 13.7608 8.72863
0.085 14.4552 8.87232
0.0875 15.1213 8.99526
0.09 15.7578 9.09894
0.0925 16.3635 9.18465
0.095 16.9375 9.25353
0.0975 17.4789 9.30658
0.1 17.9869 9.34467
0.1025 18.4607 9.3686
0.105 18.8999 9.37908
0.1075 19.304 9.37677
0.11 19.6727 9.36225
0.1125 20.0056 9.33608
0.115 20.3027 9.29877
0.1175 20.5639 9.25079
0.12 20.7892 9.1926
0.1225 20.9787 9.12461
0.125 21.1326 9.04723
0.1275 21.2512 8.96084
0.13 21.3347 8.86582
0.1325 21.3836 8.76252
0.135 21.3984 8.65129
0.1375 21.3795 8.53247
0.14 21.3275 8.40639
0.1425 21.243 8.27336
0.145 21.1267 8.1337
0.1475 20.9793 7.98773
0.15 20.8016 7.83575
0.1525 20.5943 7.67806
0.155 20.3583 7.51496
0.1575 20.0944 7.34675
0.16 19.8035 7.17372
0.1625 19.4865 6.99616
0.165 19.1443 6.81435
0.1675 18.778 6.62859
0.17 18.3884 6.43916
0.1725 17.9767 6.24633
0.175 17.5437 6.05039
0.1775 17.0906 5.85161
0.18 16.6184 5.65027
0.1825 16.1281 5.44665
0.185 15.6208 5.24101
0.1875 15.0976 5.03363
0.19 14.5595 4.82476
0.1925 14.0076 4.61467
0.195 13.4431 4.40363
0.1975 12.8669 4.19189
0.2 12.2802 3.9797
0.2025 11.6842 3.76732
0.205 11.0797 3.55499
0.2075 10.4681 3.34297
0.21 9.85024 3.13149
0.2125 9.22735 2.92078
0.215 8.60047 2.71108
0.2175 7.97068 2.50262
0.22 7.33905 2.29563
0.2225 6.70666 2.09031
0.225 6.07457 1.88689
0.2275 5.44382 1.68558
0.23 4.81549 1.48657
0.2325 4.19062 1.29007
0.235 3.57024 1.09626
0.2375 2.95539 0.905334
0.24 2.3471 0.717471
0.2425 1.7464 0.532843
0.245 1.15429 0.351617
0.2475 0.571794 0.173952
