TITLE="Graphics"
VARIABLES= "rj, cm", "F", "dT/dt" 
0 1.11972e-05 19.0593
0.0025 1.11482e-05 18.966
0.005 193.077 18.7077
0.0075 6.17686e+06 6.17663e+06
0.01 94.6041 17.6389
0.0125 1.00445e-05 16.8488
0.015 9.57476e-06 15.9048
0.0175 9.09155e-06 14.821
0.02 8.71483e-06 13.6111
0.0225 8.72422e-06 12.2833
0.025 9.58316e-06 10.8291
0.0275 1.12483e-05 9.2044
0.03 1.03175e-05 7.33585
0.0325 3.78836e-06 5.27937
0.035 3.84908e-05 3.6921
0.0375 5.29272e-05 4.1095
0.04 0.000683583 6.95162
0.0425 21.6457 14.9968
0.045 44518.8 44400.6
0.0475 880821 754961
0.04775 1.73472e-16 8.3324e-06
0.05 39.5288 10.7291
0.0525 24.552 5.48427
0.055 20.0301 4.75518
0.0575 16.6562 4.22988
0.06 14.0239 3.83065
0.0625 11.9211 3.51175
0.065 10.2137 3.24593
0.0675 8.80997 3.01849
0.07 7.64449 2.81998
0.0725 6.66859 2.64455
0.075 5.84561 2.48667
0.0775 5.14694 2.34559
0.08 4.55042 2.21738
0.0825 4.03864 2.10009
0.085 3.59701 1.99266
0.0875 3.21444 1.89355
0.09 2.88159 1.80175
0.0925 2.59087 1.71641
0.095 2.33599 1.6368
0.0975 2.11177 1.56231
0.1 1.91387 1.49242
0.1025 1.73866 1.42669
0.105 1.58307 1.36473
0.1075 1.44453 1.3062
0.11 1.32083 1.25081
0.1125 1.2101 1.1983
0.115 1.11075 1.14844
0.1175 1.0214 1.10101
0.12 0.940856 1.05584
0.1225 0.868103 1.01276
0.125 0.802251 0.971626
0.1275 0.742529 0.932292
0.13 0.688265 0.89464
0.1325 0.638869 0.85856
0.135 0.593828 0.823949
0.1375 0.552688 0.790715
0.14 0.51505 0.758773
0.1425 0.480563 0.728045
0.145 0.448916 0.69846
0.1475 0.419831 0.669952
0.15 0.393064 0.642461
0.1525 0.368398 0.61593
0.155 0.345636 0.590309
0.1575 0.324605 0.565548
0.16 0.305151 0.541604
0.1625 0.287131 0.518435
0.165 0.270423 0.496003
0.1675 0.254913 0.474271
0.17 0.240498 0.453207
0.1725 0.227089 0.43278
0.175 0.214601 0.412958
0.1775 0.20296 0.393716
0.18 0.192098 0.375027
0.1825 0.181952 0.356868
0.185 0.172468 0.339215
0.1875 0.163593 0.322047
0.19 0.155282 0.305343
0.1925 0.147493 0.289085
0.195 0.140185 0.273256
0.1975 0.133325 0.257837
0.2 0.126879 0.242814
0.2025 0.120818 0.228173
0.205 0.115115 0.213901
0.2075 0.109744 0.199988
0.21 0.104684 0.186424
0.2125 0.0999111 0.173202
0.215 0.0954081 0.160317
0.2175 0.0911552 0.147769
0.22 0.0871377 0.135555
0.2225 0.0833394 0.123681
0.225 0.0797452 0.11215
0.2275 0.0763436 0.100973
0.23 0.0731221 0.0901604
0.2325 0.0700695 0.0797348
0.235 0.067177 0.0697316
0.2375 0.064434 0.0602153
0.24 0.061835 0.0512954
0.2425 0.0593703 0.0431459
0.245 0.0570009 0.0360112
0.2475 0.0534636 0.029613
