TITLE="Graphics"
VARIABLES= "rj, cm", "F", "dT/dt" 
0 8.58476e-05 18.1611
0.0025 8.54846e-05 18.0716
0.005 8.44903e-05 17.8242
0.0075 8.28182e-05 17.397
0.01 8.0603e-05 16.7987
0.0125 7.80841e-05 16.0387
0.015 7.56298e-05 15.1266
0.0175 7.36193e-05 14.0708
0.02 7.19087e-05 12.8771
0.0225 6.86195e-05 11.5499
0.025 5.8928e-05 10.1027
0.0275 3.74758e-05 8.5842
0.03 1.14493e-05 7.10432
0.0325 1.86664e-05 5.78601
0.035 5.32776e-05 4.54782
0.0375 0.000702157 3.16402
0.04 0.00274383 3.69116
0.0425 0.033995 11.1599
0.045 0.032897 104.653
0.0475 0.239628 60.4887
0.04775 4.85723e-17 1.82409e-08
0.05 0.495955 10.8642
0.0525 0.439159 8.7837
0.055 0.362538 7.62375
0.0575 0.299119 6.94999
0.06 0.250016 6.52459
0.0625 0.211787 6.23616
0.065 0.181798 6.03175
0.0675 0.156848 5.8868
0.07 0.136077 5.78395
0.0725 0.118633 5.71144
0.075 0.103849 5.66094
0.0775 0.0912291 5.62629
0.08 0.080394 5.60276
0.0825 0.0710476 5.58666
0.085 0.0629518 5.57509
0.0875 0.0559154 5.56577
0.09 0.0497774 5.55692
0.0925 0.044407 5.54716
0.095 0.0396948 5.53541
0.0975 0.0355478 5.52086
0.1 0.0318885 5.5029
0.1025 0.0286525 5.48108
0.105 0.0257822 5.45508
0.1075 0.0232323 5.42469
0.11 0.0209613 5.38978
0.1125 0.0189353 5.3503
0.115 0.0171238 5.30623
0.1175 0.0155018 5.25762
0.12 0.0140469 5.20454
0.1225 0.0127407 5.14709
0.125 0.0115647 5.08539
0.1275 0.0105065 5.01958
0.13 0.00955227 4.9498
0.1325 0.00869056 4.87622
0.135 0.00791303 4.79901
0.1375 0.00720843 4.71833
0.14 0.00657303 4.63436
0.1425 0.00599602 4.54729
0.145 0.00547473 4.45728
0.1475 0.00500149 4.36451
0.15 0.00457316 4.26917
0.1525 0.00418456 4.17143
0.155 0.00383308 4.07147
0.1575 0.003514 3.96945
0.16 0.00322437 3.86554
0.1625 0.00296349 3.75992
0.165 0.00272609 3.65273
0.1675 0.00251229 3.54416
0.17 0.0023184 3.43434
0.1725 0.00214362 3.32344
0.175 0.00198599 3.21159
0.1775 0.00184421 3.09896
0.18 0.00171699 2.98568
0.1825 0.00160196 2.87189
0.185 0.00150026 2.75771
0.1875 0.00140868 2.6433
0.19 0.00132727 2.52877
0.1925 0.00125516 2.41424
0.195 0.00119186 2.29984
0.1975 0.0011358 2.18568
0.2 0.00108737 2.07187
0.2025 0.0010451 1.95853
0.205 0.00100947 1.84576
0.2075 0.000979566 1.73367
0.21 0.000953808 1.62235
0.2125 0.000934461 1.51191
0.215 0.000918311 1.40243
0.2175 0.000906428 1.29402
0.22 0.000896598 1.18676
0.2225 0.000888389 1.08074
0.225 0.000879207 0.976029
0.2275 0.000865712 0.872694
0.23 0.000846046 0.77078
0.2325 0.000813243 0.670313
0.235 0.000763995 0.571278
0.2375 0.000692572 0.473619
0.24 0.000595852 0.377225
0.2425 1.12947e+06 0.281923
0.245 4.85566e+06 2.61828e+06
0.2475 1.1097e+06 0.0936102
