TITLE="Graphics"
VARIABLES= "rj, cm", "F", "dT/dt" 
0 2.12977e-09 2.66708e-08
0.0025 2.42282e-09 2.6322e-08
0.005 2.15046e-09 2.52389e-08
0.0075 2.14543e-09 2.34932e-08
0.01 1.86591e-09 2.10694e-08
0.0125 1.68987e-09 1.81516e-08
0.015 1.48085e-09 1.48256e-08
0.0175 1.23352e-09 1.12299e-08
0.02 1.20234e-09 7.47224e-09
0.0225 1.40808e-09 3.51652e-09
0.025 2.15684e-09 9.02285e-10
0.0275 1.49208e-06 6.27623e-09
0.03 3.3723e-05 1.89252e-07
0.0325 0.0002761 2.29583e-06
0.035 0.000873057 1.25501e-05
0.0375 0.000450467 2.81445e-05
0.04 0.00523385 1.86667e-05
0.0425 0.00608846 0.00276807
0.045 0.00135058 0.00037337
0.0475 0.0144686 0.00354593
0.0475003 1.51962e-15 1.27658e-10
0.05 3.08723 1.31962
0.0525 5.78366 1.81791
0.055 7.38799 2.19582
0.0575 8.80838 2.4995
0.06 10.083 2.75125
0.0625 11.2348 2.96375
0.065 12.2799 3.14503
0.0675 13.2302 3.30057
0.07 14.0955 3.43437
0.0725 14.8836 3.54942
0.075 15.6012 3.64805
0.0775 16.254 3.73216
0.08 16.8467 3.80326
0.0825 17.3837 3.86265
0.085 17.8686 3.91141
0.0875 18.3046 3.95045
0.09 18.6947 3.98058
0.0925 19.0413 4.0025
0.095 19.3467 4.01683
0.0975 19.6129 4.02411
0.1 19.8419 4.02484
0.1025 20.0351 4.01946
0.105 20.1942 4.00837
0.1075 20.3205 3.99193
0.11 20.4152 3.97048
0.1125 711230 3.94432
0.115 1.40389e+06 356.851
0.1175 691428 3.87901
0.12 20.5007 3.84036
0.1225 20.4537 3.79803
0.125 20.381 3.75223
0.1275 20.2835 3.70318
0.13 20.162 3.65105
0.1325 20.0172 3.59603
0.135 19.8499 3.5383
0.1375 19.6608 3.47802
0.14 19.4506 3.41535
0.1425 19.22 3.35044
0.145 18.9697 3.28344
0.1475 18.7004 3.21448
0.15 18.4128 3.14371
0.1525 18.1075 3.07125
0.155 17.7853 2.99723
0.1575 17.4468 2.92177
0.16 17.0928 2.845
0.1625 16.7239 2.76702
0.165 16.3408 2.68795
0.1675 15.9442 2.60791
0.17 15.5349 2.52699
0.1725 15.1135 2.4453
0.175 14.6808 2.36295
0.1775 14.2375 2.28002
0.18 13.7844 2.19663
0.1825 13.3221 2.11287
0.185 12.8514 2.02882
0.1875 12.373 1.94458
0.19 11.8876 1.86023
0.1925 11.3961 1.77587
0.195 10.8991 1.69158
0.1975 10.3974 1.60744
0.2 9.8917 1.52352
0.2025 9.38273 1.43992
0.205 8.87124 1.3567
0.2075 8.35793 1.27395
0.21 7.84353 1.19172
0.2125 7.32873 1.1101
0.215 6.81425 1.02915
0.2175 6.30076 0.948944
0.22 5.78894 0.869537
0.2225 5.27945 0.790996
0.225 4.77293 0.713381
0.2275 4.27003 0.63675
0.23 3.77135 0.56116
0.2325 3.27747 0.486666
0.235 2.78898 0.413319
0.2375 2.30643 0.34117
0.24 1.83032 0.270266
0.2425 1.36117 0.200655
0.245 0.899428 0.132379
0.2475 0.445544 0.0654807
