TITLE="Graphics"
VARIABLES= "rj, cm", "F", "dT/dt" 
0 7.19129e-05 24.9409
0.0025 7.16576e-05 24.8239
0.005 7.09464e-05 24.5
0.0075 6.97002e-05 23.9402
0.01 6.79153e-05 23.1547
0.0125 6.55849e-05 22.1559
0.015 6.27037e-05 20.9583
0.0175 5.92721e-05 19.5797
0.02 5.53011e-05 18.0406
0.0225 5.08164e-05 16.3647
0.025 4.58642e-05 14.5784
0.0275 4.05174e-05 12.7108
0.03 3.4873e-05 10.7927
0.0325 2.89991e-05 8.85622
0.035 2.26602e-05 6.93418
0.0375 1.45027e-05 5.06254
0.04 2.74044e-05 3.29255
0.0425 0.0120849 1.99162
0.045 2.20775 103.499
0.0475 20427.4 37002.6
0.04775 1.04083e-16 1.9869e-08
0.05 0.728879 13.5422
0.0525 0.0840393 5.58994
0.055 0.236294 4.55474
0.0575 0.206394 3.96741
0.06 0.174787 3.49596
0.0625 0.146974 3.09008
0.065 0.125722 2.74949
0.0675 0.108254 2.45899
0.07 0.0937202 2.20841
0.0725 0.0815825 1.99084
0.075 0.0713861 1.80091
0.0775 0.062761 1.63427
0.08 0.0554173 1.48736
0.0825 0.0491269 1.35724
0.085 497705 1.24153
0.0875 4.13029e+06 3.14654e+06
0.09 485187 1.04578
0.0925 0.0313933 0.962729
0.095 0.0282802 0.887959
0.0975 0.0255449 0.820487
0.1 0.023133 0.759473
0.1025 0.0210007 0.704193
0.105 0.0191093 0.654016
0.1075 0.0174271 0.608391
0.11 0.0159272 0.566837
0.1125 0.0145858 0.528928
0.115 0.0133842 0.494288
0.1175 0.012304 0.462582
0.12 0.011332 0.433517
0.1225 0.0104546 0.406827
0.125 0.00966093 0.382278
0.1275 0.00894208 0.35966
0.13 0.00828958 0.338785
0.1325 0.00769526 0.319485
0.135 0.00715487 0.301611
0.1375 0.0066598 0.285026
0.14 0.00620902 0.269611
0.1425 0.00579447 0.255255
0.145 0.00541497 0.241863
0.1475 0.00506647 0.229346
0.15 0.00474502 0.217624
0.1525 0.00444936 0.206628
0.155 0.00417636 0.196292
0.1575 0.00392385 0.186559
0.16 0.00369081 0.177378
0.1625 0.00347453 0.1687
0.165 0.00327401 0.160484
0.1675 0.00308835 0.152691
0.17 0.00291417 0.145283
0.1725 0.00275343 0.138235
0.175 0.00260372 0.131516
0.1775 0.00246326 0.125099
0.18 0.00233351 0.118962
0.1825 0.00221084 0.113081
0.185 0.0020972 0.107439
0.1875 0.00199001 0.102016
0.19 0.00189039 0.096797
0.1925 0.00179618 0.0917665
0.195 0.00170813 0.0869113
0.1975 0.00162598 0.0822191
0.2 0.00154768 0.0776777
0.2025 0.00147405 0.073278
0.205 0.00140602 0.0690116
0.2075 0.00133965 0.0648686
0.21 0.00127755 0.0608449
0.2125 0.00121753 0.0569376
0.215 0.00115986 0.0531479
0.2175 0.00110274 0.0494812
0.22 0.00104691 0.0459516
0.2225 0.000989298 0.0425805
0.225 0.000929976 0.0394025
0.2275 0.000867725 0.0364681
0.23 0.00080014 0.0338463
0.2325 0.000727763 0.0316303
0.235 0.000648361 0.0299377
0.2375 0.000565865 0.0289141
0.24 0.00049981 0.0287192
0.2425 0.000596647 0.029456
0.245 0.00179866 0.0306401
0.2475 0.00763767 0.027822
