TITLE="Graphics"
VARIABLES= "rj, cm", "F", "dT/dt" 
0 0.00109912 23.5153
0.0025 0.00109493 23.4036
0.005 0.0010833 23.0943
0.0075 0.00106298 22.56
0.01 0.00103404 21.811
0.0125 0.000996512 20.8596
0.015 0.000950474 19.7205
0.0175 0.000896107 18.4112
0.02 0.000833739 16.9519
0.0225 0.000763852 15.3658
0.025 0.000687092 13.6783
0.0275 0.000604306 11.9173
0.03 0.000516821 10.1126
0.0325 0.000426737 8.29513
0.035 0.000334107 6.49616
0.0375 0.000229824 4.74732
0.04 0.000943936 3.08606
0.0425 0.278911 1.26696
0.045 2.93766 104.658
0.0475 12663.6 1379.46
0.04775 1.38778e-17 2.13695e-08
0.05 13.5271 24.2435
0.0525 5.23655 17.7758
0.055 3.87706 13.6045
0.0575 3.34307 10.9991
0.06 2.87788 9.17851
0.0625 2.46399 7.80345
0.065 2.11239 6.71797
0.0675 1.81901 5.83801
0.07 1.5747 5.11182
0.0725 1.37045 4.50455
0.075 1.19874 3.99141
0.0775 1.05351 3.55405
0.08 0.929964 3.17851
0.0825 0.824282 2.85397
0.085 0.733408 2.57188
0.0875 0.654883 2.32539
0.09 0.586713 2.10899
0.0925 0.527279 1.91817
0.095 0.475252 1.74923
0.0975 0.429536 1.59908
0.1 0.389227 1.46518
0.1025 0.353567 1.34537
0.105 0.321922 1.23786
0.1075 0.293754 1.14109
0.11 0.268605 1.05377
0.1125 0.246094 0.974783
0.115 0.225908 0.903166
0.1175 0.207766 0.838091
0.12 0.191419 0.778837
0.1225 0.176654 0.724774
0.125 0.16329 0.675354
0.1275 0.151168 0.630096
0.13 0.140156 0.588578
0.1325 0.130131 0.550429
0.135 830830 0.515319
0.1375 1.87199e+06 231080
0.14 809154 0.45308
0.1425 0.098077 0.425452
0.145 0.0916773 0.399859
0.1475 0.0857455 0.376111
0.15 0.0802239 0.354052
0.1525 0.0751978 0.333557
0.155 0.0706075 0.314498
0.1575 0.0663747 0.296745
0.16 0.06245 0.280181
0.1625 0.0588042 0.264701
0.165 0.0554173 0.250212
0.1675 0.0522688 0.236632
0.17 0.0493414 0.223889
0.1725 0.0466164 0.211915
0.175 0.0440787 0.200651
0.1775 0.0417111 0.190041
0.18 0.0395018 0.180036
0.1825 0.037436 0.170589
0.185 0.0355036 0.161659
0.1875 0.0336933 0.153208
0.19 0.0319951 0.145203
0.1925 0.0303995 0.137612
0.195 0.028897 0.130408
0.1975 0.0274818 0.123566
0.2 0.0261427 0.117065
0.2025 0.0248748 0.110889
0.205 0.0236718 0.105021
0.2075 0.0225354 0.0994524
0.21 0.0214687 0.0941721
0.2125 0.0204707 0.0891705
0.215 0.0195086 0.0844359
0.2175 0.0185878 0.0799623
0.22 0.017723 0.0757468
0.2225 0.0169391 0.071785
0.225 0.0162732 0.068065
0.2275 0.0157945 0.0645581
0.23 0.015628 0.0612029
0.2325 0.0159731 0.0578774
0.235 0.0171055 0.0543545
0.2375 0.0192967 0.0502425
0.24 0.022518 0.0449277
0.2425 0.0257683 0.0375874
0.245 0.0260557 0.0274211
0.2475 0.0182879 0.0143223
