TITLE="Graphics"
VARIABLES= "rj, cm", "F", "dT/dt" 
0 3.88368e-05 27.8404
0.0025 3.87237e-05 27.714
0.005 3.84073e-05 27.3639
0.0075 3.7847e-05 26.7578
0.01 3.70316e-05 25.9056
0.0125 3.59454e-05 24.8189
0.015 3.45708e-05 23.5116
0.0175 3.2892e-05 22.0008
0.02 3.08993e-05 20.307
0.0225 2.85936e-05 18.4545
0.025 2.59921e-05 16.4712
0.0275 2.31282e-05 14.3881
0.03 2.00466e-05 12.2393
0.0325 1.67916e-05 10.0606
0.035 1.33379e-05 7.88966
0.0375 8.95928e-06 5.76584
0.04 6.9702e-06 3.74418
0.0425 0.00548898 2.29207
0.045 1.33943 98.2534
0.0475 12954.8 47494.3
0.04775 4.16334e-17 1.92616e-08
0.05 0.413309 20.6471
0.0525 0.00565114 9.58418
0.055 0.11628 7.76265
0.0575 0.100213 6.56781
0.06 0.0845218 5.63724
0.0625 0.0715183 4.87645
0.065 0.0608838 4.24219
0.0675 0.0521815 3.70841
0.07 0.0450217 3.25653
0.0725 0.0390876 2.87215
0.075 0.0341309 2.54371
0.0775 0.029959 2.26182
0.08 0.0264227 2.01883
0.0825 0.0234055 1.80845
0.085 0.0208151 1.62556
0.0875 0.0185802 1.46592
0.09 0.0166417 1.32605
0.0925 0.0149524 1.20304
0.095 0.0134752 1.0945
0.0975 0.0121773 0.998407
0.1 0.0110336 0.913075
0.1025 0.0100223 0.837078
0.105 0.00912481 0.769206
0.1075 0.00832671 0.708433
0.11 0.00761388 0.653879
0.1125 0.00697639 0.604792
0.115 0.00640458 0.560528
0.1175 0.00588965 0.520529
0.12 0.00542614 0.484316
0.1225 0.00500925 0.45147
0.125 0.00464054 0.421609
0.1275 0.00434053 0.394321
0.13 0.00412044 0.368932
0.1325 0.00355114 0.344387
0.135 0.00339214 0.323106
0.1375 0.00319861 0.30393
0.14 0.00299149 0.286288
0.1425 0.00279299 0.269949
0.145 0.00260991 0.254783
0.1475 0.00244159 0.240682
0.15 0.00228642 0.227555
0.1525 0.0021438 0.215315
0.155 0.00201223 0.203886
0.1575 0.00189041 0.193198
0.16 0.00177821 0.183185
0.1625 0.00167416 0.173791
0.165 0.0015775 0.164961
0.1675 0.00148774 0.156649
0.17 0.00140454 0.148811
0.1725 0.00132681 0.141409
0.175 0.00125491 0.134406
0.1775 0.00118708 0.127771
0.18 0.00112433 0.121474
0.1825 0.00106564 0.115489
0.185 0.0010108 0.109791
0.1875 0.000959221 0.104358
0.19 0.000911436 0.0991703
0.1925 0.000865981 0.0942064
0.195 0.000823754 0.0894505
0.1975 0.000784323 0.0848859
0.2 0.000746518 0.0804975
0.2025 0.000711889 0.0762724
0.205 0.000678001 0.072197
0.2075 0.000647088 0.0682637
0.21 0.000616625 0.0644625
0.2125 0.000587676 0.0607909
0.215 0.000559311 0.0572488
0.2175 0.000530819 0.0538434
0.22 0.000501245 0.0505945
0.2225 0.000466732 0.0475399
0.225 0.000428104 0.0447634
0.2275 1.10452e+06 0.0423813
0.23 1.02994e+07 8.10932e+06
0.2325 1.08417e+06 0.0383734
0.235 0.00030934 0.0370789
0.2375 0.000268495 0.0364618
0.24 0.000227553 0.0366812
0.2425 0.000218889 0.0378998
0.245 0.000669847 0.0400496
0.2475 0.00580936 0.0397538
