TITLE="Graphics"
VARIABLES= "rj, cm", "F", "dT/dt" 
0 0.00127188 28.9113
0.0025 0.00126852 28.7819
0.005 0.0012591 28.4234
0.0075 0.00124234 27.8026
0.01 0.00121776 26.9288
0.0125 0.00118472 25.8132
0.015 0.00114247 24.4691
0.0175 0.00109024 22.9131
0.02 0.00102741 21.1654
0.0225 0.000953657 19.25
0.025 0.000869104 17.1952
0.0275 0.000774662 15.0329
0.03 0.000672386 12.7989
0.0325 0.000565698 10.5308
0.035 0.000459459 8.2671
0.0375 0.000356093 6.04443
0.04 0.00153966 3.89662
0.0425 30.2682 2.82855
0.045 73496 90.7511
0.0475 773724 52.1968
0.04775 9.71445e-17 1.57871e-08
0.05 3.80886 13.5249
0.0525 3.40826 11.6492
0.055 2.85993 10.0529
0.0575 2.39864 8.71654
0.06 2.05717 7.57062
0.0625 1.76919 6.58857
0.065 1.53726 5.74054
0.0675 1.34501 5.00709
0.07 1.18275 4.37283
0.0725 1.04438 3.82453
0.075 0.925806 3.35071
0.0775 0.823803 2.94147
0.08 0.72609 2.5884
0.0825 0.649593 2.28026
0.085 0.582211 2.01147
0.0875 0.522742 1.77692
0.09 0.470256 1.57202
0.0925 0.423914 1.39276
0.095 0.382952 1.23565
0.0975 0.346682 1.09772
0.1 0.314506 0.976406
0.1025 0.285896 0.869509
0.105 0.260407 0.775155
0.1075 0.237647 0.691734
0.11 0.217285 0.617863
0.1125 0.19903 0.552352
0.115 0.182633 0.494174
0.1175 0.167875 0.442444
0.12 0.154565 0.396395
0.1225 0.142538 0.355362
0.125 0.131648 0.318767
0.1275 0.121769 0.286106
0.13 0.112792 0.256936
0.1325 0.104618 0.23087
0.135 0.0971649 0.207569
0.1375 0.0903581 0.186731
0.14 0.0841291 0.168092
0.1425 862956 0.151417
0.145 1.93657e+06 234023
0.1475 841055 0.123152
0.15 0.0639628 0.111214
0.1525 0.0599073 0.10054
0.155 0.0562039 0.0910053
0.1575 0.0534334 0.082508
0.16 0.0487135 0.0751252
0.1625 0.0464694 0.0683668
0.165 0.0437703 0.0623442
0.1675 0.0412344 0.0569966
0.17 0.0388676 0.0522613
0.1725 0.0366624 0.0480789
0.175 0.0346101 0.0443946
0.1775 0.0326965 0.0411592
0.18 0.0309129 0.0383277
0.1825 0.029247 0.0358599
0.185 0.027688 0.033719
0.1875 0.0262294 0.0318713
0.19 0.0248609 0.0302858
0.1925 0.023576 0.0289338
0.195 0.0223672 0.0277886
0.1975 0.0212301 0.0268248
0.2 0.020156 0.0260188
0.2025 0.0191426 0.0253476
0.205 0.0181823 0.0247894
0.2075 0.017269 0.0243227
0.21 0.0163909 0.0239256
0.2125 0.0153447 0.0235741
0.215 0.0150894 0.0231952
0.2175 0.0141149 0.022893
0.22 0.0133883 0.022592
0.2225 0.0126961 0.0222681
0.225 0.0120119 0.0218982
0.2275 0.0113144 0.0214545
0.23 0.0105737 0.0208997
0.2325 0.00975533 0.0201818
0.235 0.00882284 0.0192261
0.2375 0.00774133 0.0179287
0.24 0.00648162 0.0161491
0.2425 0.00503922 0.0137056
0.245 0.00343432 0.0103753
0.2475 0.0017246 0.00589974
