TITLE="Graphics"
VARIABLES= "rj, cm", "F", "dT/dt" 
0 3.51451e-05 24.2095
0.0025 3.50154e-05 24.0951
0.005 3.46549e-05 23.7786
0.0075 3.40243e-05 23.2316
0.01 3.31238e-05 22.4646
0.0125 3.19524e-05 21.4898
0.015 3.05102e-05 20.322
0.0175 2.88005e-05 18.9786
0.02 2.6832e-05 17.4802
0.0225 2.46201e-05 15.8501
0.025 2.21871e-05 14.1143
0.0275 1.95567e-05 12.3012
0.03 1.67474e-05 10.441
0.0325 1.3789e-05 8.56592
0.035 1.08119e-05 6.70935
0.0375 7.89569e-06 4.90384
0.04 4.14509e-05 3.17998
0.0425 25.1929 2.54159
0.045 52962.1 100.417
0.0475 773804 59.2487
0.04775 1.17961e-16 1.75783e-08
0.05 0.124503 14.5581
0.0525 0.120841 11.5525
0.055 0.105463 9.23937
0.0575 0.0898493 7.53472
0.06 0.0763687 6.25157
0.0625 0.0652162 5.25676
0.065 275414 4.46527
0.0675 5.82516e+06 5.27369e+06
0.07 275499 3.29271
0.0725 0.0369084 2.85051
0.075 0.0325193 2.47803
0.0775 0.0296981 2.16317
0.08 0.0243503 1.90958
0.0825 0.0225448 1.67885
0.085 0.0201765 1.47994
0.0875 0.01804 1.30861
0.09 0.0161733 1.16041
0.0925 0.0145402 1.03165
0.095 0.0131079 0.919328
0.0975 0.011847 0.820981
0.1 0.0107332 0.734577
0.1025 0.00974741 0.658423
0.105 0.00887167 0.591103
0.1075 0.00809209 0.531431
0.11 0.00739621 0.478403
0.1125 0.00677358 0.43117
0.115 0.00621476 0.389009
0.1175 0.00571294 0.351303
0.12 0.00526036 0.317522
0.1225 0.00485227 0.28721
0.125 0.00448272 0.259973
0.1275 0.00414737 0.235469
0.13 0.00384372 0.2134
0.1325 0.00356651 0.193507
0.135 0.00331435 0.175561
0.1375 0.00308399 0.159363
0.14 0.00287299 0.144735
0.1425 0.00268007 0.131521
0.145 0.00250277 0.119581
0.1475 0.00234007 0.108792
0.15 0.00219014 0.0990442
0.1525 0.00205236 0.0902378
0.155 0.00192467 0.0822854
0.1575 0.00180739 0.075107
0.16 0.00169812 0.0686325
0.1625 0.00159754 0.0627966
0.165 0.00150432 0.0575423
0.1675 0.0014172 0.052818
0.17 0.00133694 0.0485758
0.1725 0.00126179 0.0447734
0.175 0.0011921 0.0413722
0.1775 0.00112705 0.0383373
0.18 0.0010663 0.0356363
0.1825 0.0010096 0.033241
0.185 0.00095676 0.0311244
0.1875 0.000907417 0.0292627
0.19 0.000860672 0.0276349
0.1925 0.000817454 0.026221
0.195 0.000776547 0.0250029
0.1975 0.000739072 0.0239653
0.2 0.000702879 0.0230944
0.2025 0.000669329 0.0223768
0.205 0.000637699 0.0218026
0.2075 0.000608184 0.0213603
0.21 0.000579982 0.0210415
0.2125 0.00055345 0.0208367
0.215 0.000527451 0.0207355
0.2175 0.000502799 0.0207243
0.22 0.0004778 0.0207871
0.2225 0.000453163 0.0208987
0.225 0.000427027 0.0210257
0.2275 0.000399049 0.0211194
0.23 0.000369033 0.0211113
0.2325 0.000334223 0.0209098
0.235 0.000293795 0.0203891
0.2375 0.000239222 0.0193735
0.24 0.000231038 0.0175911
0.2425 0.000163674 0.0151002
0.245 0.000106706 0.011533
0.2475 5.11914e-05 0.00659226
