TITLE="Graphics"
VARIABLES= "rj, cm", "F", "dT/dt" 
0 0.00103144 21.7675
0.0025 0.00102723 21.6627
0.005 0.00101556 21.3725
0.0075 0.000995246 20.8716
0.01 0.000966446 20.1701
0.0125 0.000929328 19.2801
0.015 0.000884108 18.2159
0.0175 0.000831098 16.9948
0.02 0.000770749 15.6363
0.0225 0.000703687 14.1626
0.025 0.000630777 12.598
0.0275 0.000553194 10.9688
0.03 0.000472543 9.30236
0.0325 0.000391088 7.62679
0.035 0.000311736 5.96956
0.0375 0.000223205 4.35623
0.04 0.000622891 2.81735
0.0425 21.7441 1.54761
0.045 43210.5 106.588
0.0475 773613 61.2718
0.04775 1.38778e-17 1.91127e-08
0.05 5.08985 11.0136
0.0525 4.59479 8.09952
0.055 3.84768 6.2417
0.0575 3.19708 5.01485
0.06 2.67835 4.14751
0.0625 2.26811 3.49645
0.065 1.93968 2.98561
0.0675 1.67254 2.5723
0.07 1.45214 2.2308
0.0725 1.26828 1.94446
0.075 1.12063 1.70186
0.0775 0.974298 1.49811
0.08 0.869207 1.31991
0.0825 0.772348 1.16608
0.085 0.688525 1.03272
0.0875 0.615752 0.916609
0.09 0.55234 0.815134
0.0925 0.496882 0.726143
0.095 0.448208 0.64786
0.0975 0.405345 0.578802
0.1 0.36748 0.517729
0.1025 0.33393 0.463594
0.105 0.304117 0.41551
0.1075 0.277555 0.372721
0.11 0.253825 0.334582
0.1125 0.232574 0.300536
0.115 0.213497 0.270104
0.1175 0.196332 0.242871
0.12 0.180853 0.218475
0.1225 0.166867 0.196601
0.125 0.154202 0.176974
0.1275 793089 0.159352
0.13 1.79137e+06 227767
0.1325 771873 0.129292
0.135 0.11409 0.116501
0.1375 0.106167 0.104998
0.14 0.0989178 0.0946536
0.1425 0.0922731 0.0853502
0.145 0.0861759 0.0769838
0.1475 0.0805724 0.0694617
0.15 0.0754152 0.0627008
0.1525 0.0706618 0.0566271
0.155 0.0662777 0.0511738
0.1575 0.0622252 0.0462815
0.16 0.0584784 0.0418966
0.1625 0.0550073 0.0379709
0.165 0.0517902 0.034461
0.1675 0.0488026 0.031328
0.17 0.0460282 0.0285365
0.1725 0.0434471 0.0260548
0.175 0.0410426 0.023854
0.1775 0.0388029 0.021908
0.18 0.0367141 0.0201934
0.1825 0.0347619 0.0186888
0.185 0.0329393 0.0173747
0.1875 0.0312353 0.0162339
0.19 0.0296387 0.0152509
0.1925 0.0281463 0.0144113
0.195 0.0267477 0.0137029
0.1975 0.0254371 0.013115
0.2 0.0242102 0.0126381
0.2025 0.02306 0.0122647
0.205 0.0219826 0.0119886
0.2075 0.0209724 0.0118053
0.21 0.0200246 0.0117115
0.2125 0.0191338 0.0117052
0.215 0.0182915 0.0117852
0.2175 0.0174879 0.0119497
0.22 0.0167126 0.0121953
0.2225 0.0159459 0.012515
0.225 0.0151656 0.0128945
0.2275 0.0143429 0.013308
0.23 0.0134404 0.0137124
0.2325 0.012419 0.0140401
0.235 0.0112293 0.0141908
0.2375 0.0098332 0.0140221
0.24 0.00810626 0.0133422
0.2425 0.00655081 0.0118834
0.245 0.0043613 0.00941867
0.2475 0.0021823 0.00557837
