TITLE="Graphics"
VARIABLES= "rj, cm", "F", "dT/dt" 
0 0.00404046 21.2396
0.0025 0.0040237 21.1369
0.005 0.00397716 20.8527
0.0075 0.00389624 20.3623
0.01 0.00378166 19.6757
0.0125 0.0036342 18.8047
0.015 0.00345489 17.7639
0.0175 0.00324515 16.57
0.02 0.00300698 15.2426
0.0225 0.00274316 13.8032
0.025 0.0024576 12.276
0.0275 0.00215671 10.6864
0.03 0.001864 9.0608
0.0325 0.00173781 7.42345
0.035 0.00245075 5.77446
0.0375 0.00241437 3.99734
0.04 0.0339354 2.09762
0.0425 21.344 3.17678
0.045 43654.6 107.505
0.0475 773427 53.2977
0.04775 2.77556e-17 1.97314e-08
0.05 25.9069 4.63269
0.0525 20.4329 2.64408
0.055 16.1006 1.76656
0.0575 13.1432 1.26721
0.06 11.0017 0.926095
0.0625 9.35029 0.67146
0.065 8.02481 0.474514
0.0675 6.93613 0.320212
0.07 337360 0.198843
0.0725 714682 43730
0.075 333444 0.028448
0.0775 4.0734 0.0300977
0.08 3.60358 0.0755189
0.0825 3.19959 0.110377
0.085 2.8506 0.136703
0.0875 2.54781 0.15612
0.09 2.28406 0.169936
0.0925 2.05344 0.179211
0.095 1.85108 0.184811
0.0975 1.67293 0.187443
0.1 1.51559 0.187687
0.1025 1.37622 0.186023
0.105 1.25241 0.182847
0.1075 1.14213 0.178483
0.11 1.04366 0.173204
0.1125 0.955503 0.167233
0.115 0.876405 0.160755
0.1175 0.805273 0.153923
0.12 0.74117 0.146864
0.1225 0.683281 0.139681
0.125 0.6309 0.13246
0.1275 0.583417 0.12527
0.13 0.540293 0.118168
0.1325 0.501059 0.111198
0.135 0.465306 0.104397
0.1375 0.432672 0.0977935
0.14 0.402836 0.0914078
0.1425 0.375521 0.0852563
0.145 0.350473 0.0793502
0.1475 0.327474 0.0736971
0.15 0.306328 0.0683011
0.1525 0.286858 0.0631638
0.155 0.268909 0.0582844
0.1575 0.252343 0.0536603
0.16 0.237033 0.0492876
0.1625 0.222868 0.045161
0.165 0.209749 0.0412741
0.1675 0.197583 0.0376199
0.17 0.186291 0.0341908
0.1725 0.175798 0.0309786
0.175 0.166038 0.0279749
0.1775 0.156952 0.0251709
0.18 0.148483 0.0225577
0.1825 0.140585 0.0201263
0.185 0.133209 0.0178679
0.1875 0.126317 0.0157734
0.19 0.119872 0.013834
0.1925 0.113838 0.0120409
0.195 0.108186 0.0103856
0.1975 0.102887 0.00885954
0.2 0.0979172 0.00745452
0.2025 0.093252 0.00616232
0.205 0.0888743 0.0049749
0.2075 0.0847642 0.00388406
0.21 0.0809097 0.00288152
0.2125 0.0772968 0.00195852
0.215 0.0739164 0.0011057
0.2175 0.0707568 0.000312798
0.22 0.0678094 0.000431561
0.2225 0.0650572 0.00114003
0.225 0.0624693 0.00182618
0.2275 0.0599846 0.00250342
0.23 0.0574928 0.00318207
0.2325 0.0548052 0.00386371
0.235 0.0516241 0.00453131
0.2375 0.0475343 0.00513342
0.24 0.0420122 0.0055622
0.2425 0.0345319 0.0056261
0.245 0.0247707 0.00502321
0.2475 0.0129319 0.00332668
