TITLE="Graphics"
VARIABLES= "rj, cm", "F", "dT/dt" 
0 0.00252992 28.6468
0.0025 0.00252306 28.5181
0.005 0.00250385 28.1616
0.0075 0.00246971 27.5443
0.01 0.00241975 26.6757
0.0125 0.00235275 25.567
0.015 0.00226729 24.2318
0.0175 0.00216197 22.6867
0.02 0.0020357 20.9521
0.0225 0.00188799 19.0522
0.025 0.00171937 17.0149
0.0275 0.00153196 14.8723
0.03 0.00133006 12.6594
0.0325 0.00112012 10.4134
0.035 0.000908741 8.17179
0.0375 0.000677077 5.97115
0.04 0.00601709 3.8524
0.0425 29.7516 2.65616
0.045 72490.4 91.6765
0.0475 773610 52.1992
0.04775 5.55112e-17 1.62636e-08
0.05 8.93818 10.2702
0.0525 7.62795 8.51766
0.055 6.21889 7.32065
0.0575 5.12521 6.40876
0.06 4.30218 5.65132
0.0625 3.66684 4.99551
0.065 3.16082 4.41869
0.0675 2.74748 3.90897
0.07 2.40359 3.45831
0.0725 2.11367 3.06012
0.075 1.86691 2.70859
0.0775 1.6553 2.39844
0.08 1.47278 2.12489
0.0825 1.31453 1.88365
0.085 1.17672 1.67089
0.0875 1.05623 1.48317
0.09 0.950495 1.3175
0.0925 0.85741 1.1712
0.095 0.775209 1.04193
0.0975 0.702415 0.927621
0.1 0.637783 0.826472
0.1025 641316 0.736891
0.105 1.37013e+06 106458
0.1075 623393 0.587052
0.11 0.441936 0.524508
0.1125 0.405025 0.468927
0.115 0.371821 0.41949
0.1175 0.341897 0.37548
0.12 0.314878 0.336271
0.1225 0.29044 0.301312
0.125 0.268299 0.27012
0.1275 0.248203 0.24227
0.13 0.229934 0.21739
0.1325 0.213301 0.195153
0.135 0.198132 0.175268
0.1375 0.184277 0.157481
0.14 0.171604 0.141567
0.1425 0.159994 0.127328
0.145 0.149345 0.114586
0.1475 0.139561 0.103186
0.15 0.130561 0.0929898
0.1525 0.12227 0.0838732
0.155 0.114623 0.0757265
0.1575 0.107559 0.0684516
0.16 0.101023 0.0619607
0.1625 0.0949669 0.0561746
0.165 0.0893417 0.0510214
0.1675 0.0841054 0.0464355
0.17 0.0792138 0.0423555
0.1725 0.0740024 0.038723
0.175 0.0720403 0.035428
0.1775 0.0673617 0.032605
0.18 0.0636294 0.0301447
0.1825 0.0601667 0.0280024
0.185 0.0569422 0.0261404
0.1875 0.0539308 0.0245263
0.19 0.0511147 0.0231308
0.1925 0.0484754 0.021928
0.195 0.0460014 0.0208944
0.1975 0.0436777 0.0200086
0.2 0.0414986 0.019251
0.2025 0.0394533 0.0186041
0.205 0.037539 0.0180526
0.2075 0.035752 0.0175833
0.21 0.0343893 0.0171864
0.2125 0.0317041 0.0168785
0.215 0.0305644 0.0165692
0.2175 0.0291851 0.0162814
0.22 0.0278655 0.0160117
0.2225 0.0265919 0.0157554
0.225 0.0253389 0.0155051
0.2275 0.0240633 0.0152482
0.23 0.0227078 0.0149631
0.2325 0.0211917 0.0146131
0.235 0.0194213 0.0141379
0.2375 0.0172879 0.0134442
0.24 0.0146999 0.0123944
0.2425 0.0115996 0.0107981
0.245 0.00801188 0.00840719
0.2475 0.00406497 0.00492052
