TITLE="Graphics"
VARIABLES= "rj, cm", "F", "dT/dt" 
0 0.000635739 28.8956
0.0025 0.000634057 28.7663
0.005 0.000629341 28.4079
0.0075 0.000620949 27.7873
0.01 0.000608649 26.9138
0.0125 0.000592116 25.7986
0.015 0.000570973 24.4551
0.0175 0.000544845 22.8997
0.02 0.000513424 21.1528
0.0225 0.000476542 19.2383
0.025 0.000434271 17.1845
0.0275 0.000387071 15.0234
0.03 0.000335972 12.7906
0.0325 0.000282688 10.5238
0.035 0.000229627 8.26144
0.0375 0.000179066 6.04003
0.04 0.00033252 3.89214
0.0425 0.113846 1.60884
0.045 5.1854 94.2761
0.0475 34813 7851.46
0.04775 1.45717e-16 2.08163e-08
0.05 9.73384 48.5663
0.0525 1.16299 31.7734
0.055 1.60164 24.2765
0.0575 1.63363 19.8797
0.06 1.43633 16.7075
0.0625 1.22046 14.2217
0.065 1.03353 12.208
0.0675 0.879396 10.5495
0.07 0.753346 9.16951
0.0725 0.64994 8.01235
0.075 0.564546 7.03592
0.0775 0.493478 6.2074
0.08 0.433866 5.50076
0.0825 0.383478 4.89517
0.085 0.340578 4.37379
0.0875 0.303807 3.92291
0.09 0.272094 3.53134
0.0925 0.244594 3.18987
0.095 0.22063 2.89089
0.0975 0.199661 2.62809
0.1 0.181232 2.39617
0.1025 0.164949 2.19072
0.105 0.15044 2.00801
0.1075 0.137381 1.84495
0.11 0.125606 1.69903
0.1125 0.115166 1.56817
0.115 0.105913 1.45056
0.1175 0.0976365 1.34453
0.12 0.0901639 1.24865
0.1225 0.0833828 1.16168
0.125 0.0772156 1.08256
0.1275 0.0715974 1.01039
0.13 0.0664753 0.944398
0.1325 0.0617999 0.883918
0.135 0.0575271 0.828367
0.1375 0.0536168 0.777236
0.14 0.0500325 0.730081
0.1425 0.0467426 0.686509
0.145 0.0437185 0.646174
0.1475 0.0409349 0.60877
0.15 0.038369 0.574024
0.1525 0.0360004 0.541696
0.155 0.0338111 0.511569
0.1575 0.0317854 0.483452
0.16 0.029909 0.457172
0.1625 0.0281682 0.432575
0.165 0.0265517 0.409523
0.1675 0.0250493 0.387891
0.17 0.0236521 0.367567
0.1725 0.0223497 0.348447
0.175 0.0211362 0.330441
0.1775 0.0200042 0.313465
0.18 0.0189469 0.297442
0.1825 0.0179588 0.282303
0.185 0.017035 0.267984
0.1875 0.01617 0.254426
0.19 0.0153592 0.241577
0.1925 0.0146002 0.229387
0.195 0.0138856 0.21781
0.1975 0.0132138 0.206805
0.2 0.0125822 0.196336
0.2025 0.0119829 0.186367
0.205 1.05818e+06 0.176869
0.2075 2.59634e+06 499793
0.21 1.03706e+06 0.159189
0.2125 0.00984638 0.150972
0.215 0.00935312 0.143158
0.2175 0.00886408 0.135749
0.22 0.0083787 0.128754
0.2225 0.00789426 0.122195
0.225 0.00741904 0.1161
0.2275 0.00698139 0.110505
0.23 0.00665515 0.105435
0.2325 0.00661167 0.100873
0.235 0.0072181 0.0966802
0.2375 0.00918768 0.0924353
0.24 0.0136476 0.0871167
0.2425 0.0215923 0.0786107
0.245 0.0310662 0.0632947
0.2475 0.0305851 0.0369627
