TITLE="Graphics"
VARIABLES= "rj, cm", "F", "dT/dt" 
0 3.8097e-07 9.3831e-10
0.0025 5.26665e-07 3.44926e-09
0.005 1.35191e-06 1.20438e-08
0.0075 3.82563e-06 4.20476e-08
0.01 9.37266e-06 1.3032e-07
0.0125 1.73154e-05 3.29735e-07
0.015 2.00252e-05 6.29097e-07
0.0175 8.46385e-06 8.31499e-07
0.02 3.50681e-06 7.4196e-07
0.0225 3.31271e-06 6.37862e-07
0.025 6.1352e-06 6.44037e-07
0.0275 1.55308e-05 2.78354e-07
0.03 2.86336e-06 2.05927e-07
0.0325 7.57869e-06 9.45881e-08
0.035 1.55196e-05 5.31444e-08
0.0375 3.66191e-06 5.64838e-08
0.04 2.86755e-07 5.36275e-07
0.0425 0.000101541 1.08567e-06
0.045 0.000427186 2.36083e-06
0.0475 8.61398e-09 2.06945e-06
0.0475003 2.84495e-16 3.12793e-11
0.05 0.0528818 0.339048
0.0525 2.13716 0.468608
0.055 3.20449 0.567977
0.0575 4.2745 0.6489
0.06 5.32622 0.716987
0.0625 6.34744 0.775391
0.065 7.33099 0.826088
0.0675 8.27265 0.870416
0.07 9.16996 0.909333
0.0725 10.0216 0.943555
0.075 10.827 0.973636
0.0775 11.5861 1.00002
0.08 12.2989 1.02305
0.0825 12.966 1.04304
0.085 13.5879 1.06024
0.0875 14.1653 1.07484
0.09 14.699 1.08705
0.0925 15.1898 1.09702
0.095 15.6384 1.10488
0.0975 16.046 1.11077
0.1 625102 1.1148
0.1025 1.23196e+06 170.617
0.105 607636 1.11767
0.1075 17.2831 1.11669
0.11 17.4989 1.11421
0.1125 17.6794 1.11031
0.115 17.8254 1.10504
0.1175 17.9379 1.09847
0.12 18.018 1.09067
0.1225 18.0667 1.08169
0.125 18.0849 1.07159
0.1275 18.0736 1.06042
0.13 18.0339 1.04823
0.1325 17.9667 1.03507
0.135 17.8731 1.02099
0.1375 17.7539 1.00602
0.14 17.6102 0.990223
0.1425 17.4429 0.973632
0.145 17.253 0.956292
0.1475 17.0415 0.938242
0.15 16.8093 0.919523
0.1525 16.5574 0.900173
0.155 16.2866 0.880231
0.1575 15.998 0.859734
0.16 15.6924 0.838719
0.1625 15.3707 0.817222
0.165 15.0338 0.795278
0.1675 14.6827 0.772923
0.17 14.3181 0.75019
0.1725 13.9409 0.727113
0.175 13.5519 0.703726
0.1775 13.1521 0.68006
0.18 12.7421 0.656149
0.1825 12.3228 0.632023
0.185 11.895 0.607714
0.1875 11.4595 0.583252
0.19 11.017 0.558667
0.1925 10.5682 0.533988
0.195 10.1139 0.509244
0.1975 9.65477 0.484464
0.2 9.19154 0.459675
0.2025 8.72487 0.434905
0.205 8.25543 0.410181
0.2075 7.78387 0.385528
0.21 7.31083 0.360972
0.2125 6.83692 0.336539
0.215 6.36274 0.312253
0.2175 5.8889 0.288137
0.22 5.41596 0.264215
0.2225 4.94448 0.240511
0.225 4.47501 0.217045
0.2275 4.00807 0.193841
0.23 3.54419 0.170918
0.2325 3.08386 0.148297
0.235 2.62757 0.125998
0.2375 2.17579 0.104041
0.24 1.72898 0.0824431
0.2425 1.28759 0.0612231
0.245 0.85205 0.0403983
0.2475 0.422773 0.0199852
