TITLE="Graphics"
VARIABLES= "rj, cm", "F", "dT/dt" 
0 0.00458637 24.826
0.0025 0.00456999 24.7094
0.005 0.00452436 24.3867
0.0075 0.00444442 23.8288
0.01 0.00432999 23.0462
0.0125 0.00418068 22.0511
0.015 0.0039962 20.8582
0.0175 0.00377665 19.485
0.02 0.00352279 17.9523
0.0225 0.00323635 16.2836
0.025 0.00292037 14.5052
0.0275 0.00257945 12.6461
0.03 0.00221901 10.7371
0.0325 0.00183973 8.81001
0.035 0.00141581 6.89835
0.0375 0.000858912 5.04058
0.04 0.00393876 3.29268
0.0425 24.6858 1.44024
0.045 55610.8 101.456
0.0475 773903 49.7423
0.04775 9.02056e-17 1.92939e-08
0.05 29.3627 2.25629
0.0525 22.0532 3.85837
0.055 16.7663 3.93644
0.0575 13.3908 3.64761
0.06 11.0601 3.29339
0.0625 9.31224 2.9499
0.065 7.93058 2.63496
0.0675 6.80664 2.35144
0.07 5.87815 2.09836
0.0725 5.10404 1.87371
0.075 4.4544 1.67517
0.0775 3.9062 1.5003
0.08 3.44122 1.34668
0.0825 3.04484 1.21193
0.085 2.70525 1.09383
0.0875 2.41289 0.990341
0.09 2.16 0.899581
0.0925 1.94025 0.819885
0.095 1.74844 0.749772
0.0975 1.58032 0.687946
0.1 1.43237 0.633274
0.1025 1.30167 0.584778
0.105 1.18581 0.541612
0.1075 1.08274 0.503049
0.11 0.990776 0.468466
0.1125 0.908464 0.437332
0.115 0.834588 0.40919
0.1175 0.768109 0.383653
0.12 0.708139 0.360389
0.1225 0.653917 0.339116
0.125 0.604784 0.319592
0.1275 0.560171 0.301611
0.13 0.519586 0.284997
0.1325 0.482596 0.269599
0.135 0.448826 0.255286
0.1375 0.417945 0.241946
0.14 853410 0.229482
0.1425 1.74418e+06 58270
0.145 831544 0.206856
0.1475 0.317967 0.196556
0.15 0.297777 0.186853
0.1525 0.279159 0.177698
0.155 0.261967 0.169045
0.1575 0.246076 0.160857
0.16 0.231366 0.153097
0.1625 0.217741 0.145734
0.165 0.2051 0.138739
0.1675 0.193366 0.132086
0.17 0.182459 0.125752
0.1725 0.172315 0.119713
0.175 0.162869 0.113952
0.1775 0.154068 0.108448
0.18 0.145858 0.103185
0.1825 0.138197 0.0981462
0.185 0.131041 0.0933165
0.1875 0.124352 0.0886814
0.19 0.118096 0.0842269
0.1925 0.11224 0.0799398
0.195 0.106757 0.0758074
0.1975 0.101618 0.0718174
0.2 0.0968018 0.0679577
0.2025 0.0922854 0.0642166
0.205 0.0880545 0.0605826
0.2075 0.0840935 0.0570438
0.21 0.0803949 0.0535881
0.2125 0.0769556 0.050202
0.215 0.0737765 0.0468707
0.2175 0.070867 0.0435765
0.22 0.0682312 0.0402978
0.2225 0.0658751 0.0370083
0.225 0.0637781 0.0336762
0.2275 0.0618909 0.0302648
0.23 0.060087 0.0267347
0.2325 0.0581413 0.023051
0.235 0.0556764 0.019195
0.2375 0.0521446 0.0151847
0.24 0.0468504 0.0111042
0.2425 0.0390759 0.00714034
0.245 0.0283608 0.00361948
0.2475 0.0149213 0.00102894
