TITLE="Graphics"
VARIABLES= "rj, cm", "F", "dT/dt" 
0 0.00106024 22.4968
0.0025 0.00105603 22.389
0.005 0.00104434 22.0907
0.0075 0.00102397 21.5756
0.01 0.00099504 20.854
0.0125 0.000957668 19.938
0.015 0.00091202 18.8421
0.0175 0.000858352 17.5838
0.02 0.000797053 16.1829
0.0225 0.000728676 14.6619
0.025 0.000653983 13.0459
0.0275 0.000574003 11.3617
0.03 0.000490121 9.63787
0.0325 0.000404177 7.90386
0.035 0.000318121 6.18914
0.0375 0.000228118 4.52238
0.04 0.000487746 2.93385
0.0425 0.277965 1.71622
0.045 1.48132 105.276
0.0475 5727.53 590.527
0.04775 6.93889e-18 1.98309e-08
0.05 8.41391 2.6589
0.0525 4.56007 1.51405
0.055 3.72304 1.04943
0.0575 3.21803 0.902999
0.06 2.75481 0.823116
0.0625 2.34872 0.750063
0.065 2.00815 0.678189
0.0675 1.72682 0.610903
0.07 1.49442 0.550762
0.0725 1.30127 0.498499
0.075 1.13944 0.453702
0.0775 1.00275 0.415452
0.08 0.886427 0.382711
0.0825 0.786783 0.354508
0.085 0.700923 0.330011
0.0875 0.626558 0.308536
0.09 0.56185 0.289536
0.0925 0.505311 0.272579
0.095 0.455723 0.257323
0.0975 0.412079 0.243498
0.1 0.373541 0.230888
0.1025 0.339409 0.219321
0.105 0.30909 0.208655
0.1075 677050 0.198776
0.11 1.55246e+06 216487
0.1125 658119 0.181006
0.115 0.217 0.172967
0.1175 0.19957 0.16541
0.12 0.183857 0.158286
0.1225 0.16966 0.151552
0.125 0.156809 0.14517
0.1275 0.145153 0.139109
0.13 0.13456 0.133339
0.1325 0.124916 0.127836
0.135 0.116123 0.122578
0.1375 0.108089 0.117544
0.14 0.100736 0.112718
0.1425 0.093993 0.108086
0.145 0.0878011 0.103634
0.1475 0.0821128 0.0993535
0.15 0.0768797 0.0952343
0.1525 0.07206 0.0912668
0.155 0.0676103 0.0874417
0.1575 0.0634993 0.0837506
0.16 0.059694 0.0801859
0.1625 0.0561694 0.0767411
0.165 0.0529001 0.0734102
0.1675 0.0498647 0.0701878
0.17 0.047044 0.067069
0.1725 0.0444197 0.0640492
0.175 0.0419755 0.0611241
0.1775 0.0396973 0.0582897
0.18 0.0375705 0.0555422
0.1825 0.0355864 0.052878
0.185 0.0337304 0.0502934
0.1875 0.0319954 0.0477853
0.19 0.0303716 0.0453501
0.1925 0.0288505 0.0429843
0.195 0.0274258 0.0406844
0.1975 0.02609 0.0384465
0.2 0.0248371 0.0362667
0.2025 0.0236585 0.0341408
0.205 0.0225521 0.0320648
0.2075 0.0215064 0.0300348
0.21 0.0205158 0.0280476
0.2125 0.0195731 0.0261017
0.215 0.0186673 0.0241976
0.2175 0.0177893 0.0223396
0.22 0.0169324 0.0205365
0.2225 0.0160908 0.0188029
0.225 0.0152678 0.0171593
0.2275 0.014486 0.0156302
0.23 0.0137974 0.0142389
0.2325 0.0132945 0.0129946
0.235 0.0131093 0.0118718
0.2375 0.01338 0.0107801
0.24 0.0140923 0.00953533
0.2425 0.0147717 0.00786475
0.245 0.0139913 0.00551653
0.2475 0.00940368 0.00257966
