TITLE="Graphics"
VARIABLES= "rj, cm", "F", "dT/dt" 
0 4.38503e-10 9.32575e-12
0.0025 2.58617e-10 4.84747e-12
0.005 3.70048e-11 2.48462e-12
0.0075 1.88692e-12 2.71624e-12
0.01 1.13841e-10 3.48081e-12
0.0125 9.78409e-11 4.26419e-12
0.015 1.01579e-09 1.00735e-11
0.0175 9.63896e-09 6.32434e-11
0.02 6.27264e-08 5.05212e-10
0.0225 2.73247e-07 2.94758e-09
0.025 6.86277e-07 1.13798e-08
0.0275 6.43317e-07 2.52831e-08
0.03 3.59918e-07 2.61224e-08
0.0325 2.32281e-07 1.49386e-08
0.035 6.75736e-07 8.52263e-09
0.0375 8.41036e-07 1.57598e-08
0.04 8.81704e-07 3.99412e-08
0.0425 9.54196e-06 5.37231e-09
0.045 2.30409e-06 2.20724e-08
0.0475 1.98477e-05 2.25203e-07
0.0475003 2.35922e-16 3.16174e-11
0.05 0.100481 0.342588
0.0525 1.56102 0.473513
0.055 2.3159 0.57393
0.0575 3.06965 0.655708
0.06 3.80888 0.724515
0.0625 4.52577 0.783537
0.065 5.21572 0.834772
0.0675 5.87606 0.87957
0.07 6.50524 0.9189
0.0725 7.10246 0.953485
0.075 7.66738 0.983885
0.0775 8.19996 1.01055
0.08 8.70037 1.03383
0.0825 9.16891 1.05403
0.085 9.60599 1.07141
0.0875 10.0121 1.08617
0.09 10.3877 1.09851
0.0925 10.7335 1.10858
0.095 11.0499 1.11653
0.0975 11.3376 1.12248
0.1 11.5972 1.12656
0.1025 11.8294 1.12885
0.105 12.0348 1.12946
0.1075 12.214 1.12847
0.11 12.3677 1.12597
0.1125 12.4967 1.12202
0.115 12.6015 1.1167
0.1175 12.6828 1.11006
0.12 12.7413 1.10218
0.1225 12.7777 1.09311
0.125 12.7926 1.0829
0.1275 12.7868 1.07161
0.13 12.7609 1.0593
0.1325 12.7156 1.046
0.135 12.6516 1.03176
0.1375 12.5695 1.01664
0.14 12.47 1.00068
0.1425 12.3539 0.983911
0.145 12.2217 0.966388
0.1475 12.0741 0.948148
0.15 11.9118 0.929231
0.1525 11.7354 0.909677
0.155 11.5457 0.889525
0.1575 11.3431 0.868812
0.16 11.1284 0.847575
0.1625 10.9023 0.825851
0.165 10.6652 0.803676
0.1675 10.4179 0.781085
0.17 10.1609 0.758112
0.1725 9.89486 0.734792
0.175 9.62036 0.711157
0.1775 9.33799 0.687242
0.18 9.04832 0.663079
0.1825 8.75191 0.638698
0.185 8.44933 0.614132
0.1875 8.14111 0.589412
0.19 7.8278 0.564567
0.1925 7.50993 0.539627
0.195 7.18801 0.514623
0.1975 6.86254 0.489581
0.2 6.53404 0.46453
0.2025 6.20298 0.439499
0.205 5.86984 0.414513
0.2075 5.5351 0.3896
0.21 5.19919 0.364785
0.2125 4.86258 0.340094
0.215 4.5257 0.315551
0.2175 4.18897 0.29118
0.22 3.8528 0.267006
0.2225 1.09359e+06 0.243051
0.225 2.16574e+06 811.459
0.2275 1.07309e+06 0.195888
0.23 2.52174 0.172723
0.2325 2.19427 0.149863
0.235 1.86964 0.127329
0.2375 1.5482 0.10514
0.24 1.23027 0.0833139
0.2425 0.916191 0.0618698
0.245 0.606265 0.040825
0.2475 0.300803 0.0201963
