TITLE="Graphics"
VARIABLES= "rj, cm", "F", "dT/dt" 
0 1.03391e-10 23.0698
0.0025 2.97398e-11 22.9598
0.005 3.50262e-11 22.6552
0.0075 2.82157e-11 22.1292
0.01 3.59108e-11 21.3921
0.0125 1.57527e-11 20.456
0.015 3.65361e-11 19.3357
0.0175 2.76579e-11 18.0486
0.02 1.74687e-11 16.6147
0.0225 1.08997e-11 15.0569
0.025 3.21538e-11 13.4006
0.0275 2.05738e-11 11.6732
0.03 8.7752e-13 9.90391
0.0325 2.53717e-11 8.12316
0.035 3.50919e-12 6.36185
0.0375 2.06595e-07 4.64965
0.04 0.00484569 3.01018
0.0425 6.9423 10.8003
0.045 14368.5 14171.2
0.0475 1.244e+06 382176
0.04775 2.77556e-17 2.64412e-06
0.05 0.0251254 231.442
0.0525 0.0519553 153.761
0.055 0.0524474 122.911
0.0575 0.0504106 102.086
0.06 0.0475408 86.0604
0.0625 0.0443509 73.2475
0.065 0.0410938 62.8181
0.0675 0.0379114 54.2277
0.07 0.034882 47.0858
0.0725 0.0320452 41.1013
0.075 0.0294173 36.0516
0.0775 0.027 31.7639
0.08 0.024787 28.1025
0.0825 0.0227673 24.9594
0.085 0.0209273 22.2481
0.0875 0.019253 19.8987
0.09 0.0177302 17.8542
0.0925 0.0163452 16.0681
0.095 0.0150849 14.5018
0.0975 0.013938 13.1234
0.1 0.012893 11.9064
0.1025 0.0119405 10.8285
0.105 0.0110711 9.87079
0.1075 0.010277 9.01758
0.11 0.00955069 8.25535
0.1125 0.00888587 7.57265
0.115 0.00827627 6.95965
0.1175 0.00771731 6.40794
0.12 0.00720339 5.91024
0.1225 0.00673097 5.46029
0.125 0.00629594 5.05265
0.1275 0.00589519 4.68263
0.13 0.00552484 4.34609
0.1325 0.00518304 4.03944
0.135 0.00486686 3.75952
0.1375 0.00457423 3.50355
0.14 0.00430298 3.26909
0.1425 0.004051 3.05399
0.145 0.00381761 2.85635
0.1475 0.00360002 2.67447
0.15 0.00339816 2.50685
0.1525 0.00320961 2.35215
0.155 0.00303413 2.20919
0.1575 0.00287025 2.0769
0.16 0.00271748 1.95433
0.1625 0.00257427 1.84062
0.165 0.0024407 1.73501
0.1675 0.00231533 1.6368
0.17 0.00219799 1.54537
0.1725 0.00208797 1.46016
0.175 0.00198471 1.38067
0.1775 0.00188735 1.30637
0.18 0.00179628 1.23696
0.1825 0.00171051 1.17201
0.185 0.00162964 1.11117
0.1875 0.00155383 1.05413
0.19 0.00148192 1.0006
0.1925 0.00141458 0.950318
0.195 0.00135042 0.903052
0.1975 0.00129043 0.858579
0.2 0.00123317 0.8167
0.2025 0.00117965 0.777263
0.205 0.00112863 0.740028
0.2075 0.00108035 0.704874
0.21 0.00103454 0.671654
0.2125 0.000991266 0.640235
0.215 0.000950254 0.610491
0.2175 0.000911248 0.582312
0.22 0.000874118 0.555598
0.2225 0.000839073 0.530261
0.225 0.00080566 0.50623
0.2275 0.000774056 0.483443
0.23 0.000743803 0.461833
0.2325 0.000714842 0.44129
0.235 0.000686891 0.421552
0.2375 0.0006596 0.401932
0.24 0.000630054 0.380625
0.2425 0.00059502 0.352989
0.245 0.000543042 0.30727
0.2475 0.000447763 0.214033
