TITLE="Graphics"
VARIABLES= "rj, cm", "F", "dT/dt" 
0 1.14326e-05 19.5097
0.0025 1.13829e-05 19.4144
0.005 1.12451e-05 19.1508
0.0075 1.10066e-05 18.6959
0.01 1.06716e-05 18.0593
0.0125 1.02464e-05 17.2526
0.015 9.74216e-06 16.2891
0.0175 9.17953e-06 15.1843
0.02 8.60009e-06 13.9547
0.0225 8.10546e-06 12.6167
0.025 8.02964e-06 11.182
0.0275 9.61025e-06 9.64371
0.03 1.6245e-05 7.92209
0.0325 2.85205e-05 5.71696
0.035 4.3157e-06 2.50511
0.0375 0.000181514 0.479572
0.04 0.00460458 5.36785
0.0425 28.7351 23.6952
0.045 65749.3 93.875
0.0475 773807 55.7632
0.04775 2.77556e-17 1.56153e-08
0.05 0.0462164 10.5231
0.0525 0.0442351 7.67433
0.055 0.038977 5.70606
0.0575 0.0322424 4.43209
0.06 0.0278526 3.54228
0.0625 0.0236546 2.93531
0.065 0.0202831 2.51275
0.0675 0.01757 2.21747
0.07 0.0145906 2.01572
0.0725 0.013805 1.85386
0.075 0.0114898 1.76568
0.0775 0.0101716 1.70897
0.08 0.00899455 1.67824
0.0825 0.0079706 1.66753
0.085 0.0070804 1.67187
0.0875 0.00630257 1.68726
0.09 0.00561637 1.71047
0.0925 0.00499923 1.73869
0.095 0.00441753 1.76926
0.0975 603935 1.79893
0.1 1.83264e+07 1.71362e+07
0.1025 587204 1.86759
0.105 0.00298292 1.90174
0.1075 0.00269198 1.93427
0.11 0.00243445 1.96451
0.1125 0.00220544 1.992
0.115 0.00200028 2.01641
0.1175 0.00181721 2.03751
0.12 0.00165188 2.05513
0.1225 0.00150363 2.06919
0.125 0.00136977 2.07963
0.1275 0.00124869 2.08642
0.13 0.00113954 2.08958
0.1325 0.00104053 2.08915
0.135 0.000951 2.08518
0.1375 0.000869305 2.07773
0.14 0.000795921 2.06691
0.1425 0.000728497 2.0528
0.145 0.000667781 2.0355
0.1475 0.0006124 2.01514
0.15 0.000562048 1.99182
0.1525 0.000516149 1.96567
0.155 0.000474271 1.93682
0.1575 0.000436507 1.90538
0.16 0.000402289 1.8715
0.1625 0.000370302 1.83531
0.165 0.000341834 1.79692
0.1675 0.000316174 1.75648
0.17 0.00029223 1.71411
0.1725 0.000271065 1.66995
0.175 0.000251356 1.62411
0.1775 0.00023396 1.57673
0.18 0.000217969 1.52793
0.1825 0.000203396 1.47783
0.185 0.000190672 1.42656
0.1875 0.000178768 1.37423
0.19 0.000168116 1.32097
0.1925 0.000159309 1.26687
0.195 0.000150425 1.21207
0.1975 0.000143332 1.15667
0.2 0.000136448 1.10077
0.2025 0.00013102 1.04449
0.205 0.000125772 0.987927
0.2075 0.000121486 0.931187
0.21 0.000118058 0.874366
0.2125 0.000113933 0.817562
0.215 0.00011145 0.760862
0.2175 0.000108626 0.704356
0.22 0.000105719 0.648121
0.2225 0.000103129 0.592225
0.225 9.96465e-05 0.536728
0.2275 9.61139e-05 0.481669
0.23 9.09668e-05 0.427073
0.2325 8.54386e-05 0.372938
0.235 7.73801e-05 0.319232
0.2375 6.81895e-05 0.265893
0.24 5.71204e-05 0.212821
0.2425 4.38293e-05 0.159878
0.245 2.89384e-05 0.106894
0.2475 1.44032e-05 0.053671
