TITLE="Graphics"
VARIABLES= "rj, cm", "F", "dT/dt" 
0 0.0001372 23.4747
0.0025 0.000136677 23.3631
0.005 0.000135222 23.0542
0.0075 0.000132682 22.5207
0.01 0.000129064 21.7728
0.0125 0.000124372 20.8228
0.015 0.000118619 19.6854
0.0175 0.000111826 18.3781
0.02 0.000104035 16.9211
0.0225 9.53058e-05 15.3375
0.025 8.57198e-05 13.6529
0.0275 7.53853e-05 11.895
0.03 6.447e-05 10.0935
0.0325 5.32137e-05 8.27937
0.035 4.15749e-05 6.48383
0.0375 2.87278e-05 4.73882
0.04 0.000108814 3.08089
0.0425 0.0271349 1.19414
0.045 6.48759 109.24
0.0475 57783.6 52365.9
0.04775 2.77556e-17 2.24812e-08
0.05 2.18427 35.3733
0.0525 0.116684 20.8187
0.055 0.543077 16.8421
0.0575 0.482102 14.1558
0.06 0.400691 12.0106
0.0625 0.334202 10.2567
0.065 0.281519 8.81202
0.0675 0.239527 7.61591
0.07 0.205663 6.6204
0.0725 0.178009 5.78725
0.075 0.155156 5.08596
0.0775 0.136067 4.49221
0.08 0.11997 3.98662
0.0825 0.106284 3.55367
0.085 0.0945626 3.18092
0.0875 0.0844605 2.85836
0.09 0.0757041 2.57786
0.0925 0.0680772 2.3328
0.095 0.0614031 2.11776
0.0975 0.055539 1.92829
0.1 0.0503684 1.7607
0.1025 0.0457935 1.61189
0.105 0.0417316 1.47931
0.1075 0.0381121 1.36077
0.11 0.0348701 1.25446
0.1125 0.031975 1.15884
0.115 724774 1.0726
0.1175 3.20003e+06 1.76971e+06
0.12 704720 0.923854
0.1225 0.0230242 0.859537
0.125 0.0212946 0.800923
0.1275 0.0197252 0.747387
0.13 0.0183001 0.698385
0.1325 0.0170131 0.653437
0.135 0.0158583 0.612096
0.1375 0.0147904 0.573928
0.14 0.0136799 0.538577
0.1425 0.0127905 0.506023
0.145 0.0119856 0.475959
0.1475 0.0112276 0.448089
0.15 0.0105194 0.42219
0.1525 0.00986457 0.398084
0.155 0.00925887 0.375615
0.1575 0.00869976 0.354646
0.16 0.00818217 0.335052
0.1625 0.00770286 0.316721
0.165 0.00725784 0.29955
0.1675 0.00684481 0.283447
0.17 0.00646044 0.268329
0.1725 0.00610312 0.25412
0.175 0.00576924 0.240751
0.1775 0.00545897 0.228161
0.18 0.00516821 0.216292
0.1825 0.00489725 0.205093
0.185 0.00464363 0.194516
0.1875 0.00440589 0.184519
0.19 0.00418429 0.17506
0.1925 0.00397604 0.166103
0.195 0.00378085 0.157614
0.1975 0.00359843 0.14956
0.2 0.00342707 0.141911
0.2025 0.00326643 0.134638
0.205 0.00311574 0.127712
0.2075 0.00297415 0.121108
0.21 0.00284002 0.114801
0.2125 0.00271359 0.108768
0.215 0.00259079 0.10299
0.2175 0.00247019 0.0974532
0.22 0.00234965 0.0921551
0.2225 0.00223124 0.0871055
0.225 0.00212912 0.0823198
0.2275 0.00200041 0.0777943
0.23 0.00185774 0.0735848
0.2325 0.00170607 0.0697796
0.235 0.00154953 0.0664892
0.2375 0.00142222 0.0638382
0.24 0.00149741 0.0619032
0.2425 0.00255022 0.0603972
0.245 0.00722706 0.0572824
0.2475 0.0188141 0.0440487
