TITLE="Graphics"
VARIABLES= "rj, cm", "F", "dT/dt" 
0 0.000317548 28.8462
0.0025 0.000316704 28.717
0.005 0.000314338 28.359
0.0075 0.000310127 27.739
0.01 0.000303958 26.8665
0.0125 0.00029567 25.7526
0.015 0.000285075 24.4106
0.0175 0.000271991 22.8573
0.02 0.000256265 21.1128
0.0225 0.000237818 19.2012
0.025 0.000216693 17.1507
0.0275 0.000193126 14.9933
0.03 0.000167639 12.7645
0.0325 0.000141092 10.5018
0.035 0.00011471 8.24358
0.0375 8.75619e-05 6.02596
0.04 0.000457617 3.8859
0.0425 0.516092 2.82555
0.045 0.759425 90.8943
0.0475 0.920671 52.2793
0.04775 0 1.58151e-08
0.05 0.952457 13.5253
0.0525 0.852542 11.6253
0.055 0.715895 10.0111
0.0575 0.600698 8.66315
0.06 0.515295 7.51051
0.0625 0.443211 6.52538
0.065 0.385162 5.67693
0.0675 0.337125 4.94508
0.07 0.296724 4.3142
0.0725 0.262419 3.77113
0.075 394797 3.30469
0.0775 1.51552e+06 733371
0.08 387497 2.5483
0.0825 0.162928 2.24354
0.085 0.145794 1.9789
0.0875 0.13075 1.74871
0.09 0.117527 1.54812
0.0925 0.105882 1.37294
0.095 0.0956056 1.21965
0.0975 0.0865165 1.08523
0.1 0.0784583 0.967107
0.1025 0.071297 0.863108
0.105 0.0649182 0.771362
0.1075 0.0592246 0.690271
0.11 0.054131 0.618464
0.1125 0.0495664 0.554764
0.115 0.0454677 0.498158
0.1175 0.0417804 0.447774
0.12 0.0384563 0.40286
0.1225 0.0354552 0.362765
0.125 0.0327398 0.326927
0.1275 0.0302776 0.294857
0.13 0.0280421 0.266128
0.1325 0.0260079 0.240368
0.135 0.0241545 0.217253
0.1375 0.0224617 0.196496
0.14 0.0209152 0.177846
0.1425 0.0194981 0.161081
0.145 0.0181989 0.146006
0.1475 0.017006 0.132446
0.15 0.015908 0.120248
0.1525 0.0148979 0.109276
0.155 0.0139661 0.0994075
0.1575 0.013107 0.0905347
0.16 0.0123165 0.082562
0.1625 0.0115917 0.0754074
0.165 0.0110586 0.069005
0.1675 0.0101023 0.0634357
0.17 0.00966854 0.0583044
0.1725 0.00913323 0.0537159
0.175 0.00862828 0.0496308
0.1775 0.00815415 0.0460063
0.18 0.00771172 0.0428003
0.1825 0.007298 0.0399741
0.185 0.00691005 0.0374917
0.1875 0.00654785 0.03532
0.19 0.00620704 0.0334285
0.1925 0.00588803 0.0317887
0.195 0.00558714 0.030374
0.1975 0.00530377 0.0291592
0.2 0.0050367 0.0281203
0.2025 0.00478351 0.0272342
0.205 0.00454256 0.0264779
0.2075 0.00431138 0.0258281
0.21 0.00403591 0.0252593
0.2125 0.0039691 0.0246937
0.215 0.00371329 0.024241
0.2175 0.00352347 0.0238211
0.22 0.00334541 0.0234099
0.2225 0.00317297 0.022986
0.225 0.00300203 0.0225257
0.2275 0.00282673 0.0220007
0.23 0.00264088 0.0213724
0.2325 0.00243577 0.020587
0.235 0.00220216 0.0195688
0.2375 0.00193122 0.0182123
0.24 0.00161686 0.0163757
0.2425 0.0012561 0.0138764
0.245 0.000856226 0.01049
0.2475 0.000429914 0.00595785
