TITLE="Graphics"
VARIABLES= "rj, cm", "F", "dT/dt" 
0 0.00452451 24.3897
0.0025 0.00450798 24.2747
0.005 0.00446197 23.9563
0.0075 0.00438145 23.4061
0.01 156.23 22.6345
0.0125 19059.1 18831.4
0.015 103.715 20.4785
0.0175 0.00371286 19.1264
0.02 0.00346029 17.6179
0.0225 0.0031762 15.9765
0.025 0.0028636 14.2282
0.0275 0.00252594 12.4016
0.03 0.00216543 10.5271
0.0325 0.00178202 8.63675
0.035 0.00138619 6.76472
0.0375 0.00103905 4.94551
0.04 0.00306919 3.20561
0.0425 24.1984 1.43071
0.045 53892.3 102.329
0.0475 773836 50.2551
0.04775 1.38778e-17 1.93021e-08
0.05 28.6302 0.577374
0.0525 21.5654 2.09011
0.055 16.4279 2.23921
0.0575 13.1397 2.07468
0.06 10.8699 1.86235
0.0625 9.17067 1.66351
0.065 7.82978 1.48865
0.0675 6.73984 1.33667
0.07 5.839 1.20454
0.0725 5.08663 1.08935
0.075 4.45339 0.988636
0.0775 3.91687 0.900337
0.08 3.45952 0.822719
0.0825 3.06748 0.754329
0.085 2.7299 0.693946
0.0875 2.43813 0.640525
0.09 2.18499 0.593142
0.0925 1.96441 0.550976
0.095 1.77136 0.5133
0.0975 1.60168 0.479487
0.1 1.45197 0.449002
0.1025 1.31941 0.421395
0.105 1.20168 0.396286
0.1075 1.09681 0.373359
0.11 1.00314 0.352345
0.1125 0.919277 0.333017
0.115 0.844005 0.315183
0.1175 0.776289 0.298675
0.12 0.715237 0.283352
0.1225 0.660078 0.26909
0.125 0.610141 0.25578
0.1275 0.564843 0.24333
0.13 0.523675 0.231655
0.1325 0.486195 0.220685
0.135 0.452011 0.210353
0.1375 0.420782 0.200605
0.14 0.392204 0.191389
0.1425 0.366015 0.182661
0.145 0.341976 0.174381
0.1475 0.319878 0.166513
0.15 0.299539 0.159024
0.1525 0.28079 0.151887
0.155 0.263485 0.145074
0.1575 0.247494 0.138563
0.16 0.232695 0.132333
0.1625 0.218987 0.126363
0.165 0.206271 0.120638
0.1675 0.194467 0.115141
0.17 0.183492 0.109858
0.1725 0.173281 0.104775
0.175 0.163769 0.0998809
0.1775 0.154901 0.0951646
0.18 0.146625 0.0906159
0.1825 0.138896 0.0862254
0.185 0.131669 0.0819845
0.1875 0.124909 0.077885
0.19 0.118578 0.0739193
0.1925 0.112648 0.0700803
0.195 0.107087 0.0663612
0.1975 0.101871 0.0627553
0.2 0.0969769 0.0592562
0.2025 0.0923847 0.0558576
0.205 0.0880781 0.0525528
0.2075 0.0840444 0.0493351
0.21 0.0802761 0.0461966
0.2125 0.0767686 0.0431281
0.215 0.0735255 0.0401188
0.2175 0.0705504 0.0371544
0.22 0.0678502 0.034217
0.2225 0.0654257 0.0312838
0.225 0.0632574 0.0283263
0.2275 0.0612935 0.0253114
0.23 0.0594104 0.0222038
0.2325 0.0573863 0.018972
0.235 0.0548564 0.0156013
0.2375 0.051286 0.0121125
0.24 0.046005 0.00859092
0.2425 0.0383148 0.00522177
0.245 0.0277764 0.00232587
0.2475 0.0146042 0.000379962
