TITLE="Graphics"
VARIABLES= "rj, cm", "F", "dT/dt" 
0 0.0597648 239.591
0.0025 0.0593497 241.128
0.005 0.0581747 245.357
0.0075 0.0560935 252.561
0.01 0.0530769 262.435
0.0125 0.049106 274.577
0.015 0.0442038 288.494
0.0175 0.0384633 303.616
0.02 0.0320639 319.319
0.0225 0.0252641 334.974
0.025 0.0183702 349.988
0.0275 0.0116919 363.84
0.03 0.0055057 376.109
0.0325 3.69632e-05 386.484
0.035 0.00454212 394.776
0.0375 0.00811545 400.919
0.04 0.010635 404.962
0.0425 0.0122776 407.061
0.045 0.0488295 407.421
0.0475 6.37487 401.295
0.04775 2.14056e-08 1.37834e-06
0.05 2331.48 2371.83
0.0525 1859.91 1626.47
0.055 1446.61 1205.28
0.0575 1140.98 937.623
0.06 918.487 753.131
0.0625 753.208 618.481
0.065 627.094 516.141
0.0675 528.457 436.054
0.07 449.705 372.018
0.0725 385.779 319.974
0.075 333.193 277.134
0.0775 289.468 241.504
0.08 252.784 211.616
0.0825 221.778 186.362
0.085 195.399 164.885
0.0875 172.83 146.518
0.09 153.422 130.729
0.0925 136.656 117.092
0.095 122.109 105.262
0.0975 109.438 94.9573
0.1 98.3615 85.9473
0.1025 88.6442 78.0403
0.105 80.0915 71.077
0.1075 72.5415 64.9244
0.11 65.8707 59.4706
0.1125 59.934 54.6223
0.115 54.6482 50.2996
0.1175 49.9304 46.4342
0.12 45.7093 42.9681
0.1225 41.9233 39.8516
0.125 38.5199 37.0421
0.1275 35.4536 34.5026
0.13 32.6847 32.2013
0.1325 30.1792 30.1107
0.135 27.9079 28.2065
0.1375 25.8451 26.4679
0.14 23.9683 24.8765
0.1425 22.2581 23.416
0.145 20.6971 22.0725
0.1475 19.2701 20.8336
0.15 17.9638 19.6882
0.1525 16.7662 18.6267
0.155 965148 17.6407
0.1575 1.96058e+06 58893.5
0.16 938326 15.8659
0.1625 12.8671 15.0646
0.165 12.0751 14.3134
0.1675 11.343 13.6077
0.17 10.6656 12.9433
0.1725 10.0379 12.3165
0.175 9.45569 11.724
0.1775 8.91506 11.1628
0.18 8.41249 10.6302
0.1825 7.94482 10.1238
0.185 7.50918 9.64142
0.1875 7.10295 9.18113
0.19 6.72375 8.74114
0.1925 6.3694 8.31987
0.195 6.03788 7.91586
0.1975 5.72732 7.52777
0.2 5.43596 7.15439
0.2025 5.16212 6.79457
0.205 4.90418 6.44726
0.2075 4.6605 6.1114
0.21 4.42943 5.78598
0.2125 4.20923 5.46994
0.215 3.99799 5.16216
0.2175 3.79354 4.86139
0.22 3.59339 4.56618
0.2225 3.39455 4.27478
0.225 3.19345 3.98505
0.2275 2.98578 3.69426
0.23 2.76637 3.39893
0.2325 2.5292 3.0946
0.235 2.26759 2.77551
0.2375 1.97472 2.43434
0.24 1.64477 2.06188
0.2425 1.27487 1.64674
0.245 0.867906 1.17532
0.2475 0.435643 0.632041
