TITLE="Graphics"
VARIABLES= "rj, cm", "F", "dT/dt" 
0 9.26381e-07 1.79014e-09
0.0025 1.03629e-06 6.71377e-09
0.005 1.73472e-06 1.88903e-08
0.0075 2.64317e-06 4.39713e-08
0.01 2.83525e-06 7.9512e-08
0.0125 1.45438e-06 1.0622e-07
0.015 8.35663e-07 9.82389e-08
0.0175 9.07431e-07 6.29999e-08
0.02 8.87104e-07 5.49113e-08
0.0225 1.15117e-06 6.38361e-08
0.025 2.8391e-06 5.5338e-09
0.0275 5.03781e-07 7.36856e-09
0.03 1.27887e-07 6.51579e-10
0.0325 3.51143e-08 4.14698e-10
0.035 8.93742e-08 1.43072e-09
0.0375 2.86656e-06 3.48224e-09
0.04 2.94858e-07 4.86158e-09
0.0425 9.62135e-07 3.45203e-08
0.045 1.12712e-05 1.55144e-07
0.0475 2.93789e-05 5.13003e-07
0.0475003 5.55112e-17 1.7186e-11
0.05 0.193627 0.186296
0.0525 0.909391 0.257562
0.055 1.28711 0.312358
0.0575 1.65151 0.357124
0.06 1.99888 0.394935
0.0625 2.32712 0.427519
0.065 2.63516 0.455957
0.0675 2.9226 0.480978
0.07 3.18944 0.503105
0.0725 3.43594 0.522727
0.075 3.66253 0.540143
0.0775 3.86975 0.555589
0.08 4.05821 0.569257
0.0825 4.22855 0.581303
0.085 4.38145 0.59186
0.0875 4.51758 0.601038
0.09 4.63764 0.608931
0.0925 4.74233 0.615622
0.095 4.83231 0.621181
0.0975 4.90827 0.625673
0.1 4.97086 0.629152
0.1025 5.02074 0.631669
0.105 5.05853 0.633269
0.1075 5.08485 0.633993
0.11 5.1003 0.633878
0.1125 5.10547 0.632958
0.115 5.10092 0.631267
0.1175 5.08719 0.628833
0.12 5.06481 0.625685
0.1225 5.0343 0.621851
0.125 4.99615 0.617354
0.1275 4.95082 0.612219
0.13 4.89878 0.606471
0.1325 4.84047 0.600131
0.135 4.77631 0.593222
0.1375 4.7067 0.585765
0.14 4.63203 0.577781
0.1425 4.55268 0.569291
0.145 4.46901 0.560315
0.1475 4.38135 0.550873
0.15 4.29004 0.540986
0.1525 4.19538 0.530673
0.155 4.09768 0.519955
0.1575 3.99722 0.508849
0.16 3.89427 0.497377
0.1625 3.7891 0.485557
0.165 3.68196 0.47341
0.1675 3.57306 0.460954
0.17 3.46265 0.448209
0.1725 3.35094 0.435194
0.175 3.23812 0.421929
0.1775 3.12439 0.408434
0.18 3.00994 0.394726
0.1825 2.89492 0.380826
0.185 2.77952 0.366753
0.1875 2.66388 0.352526
0.19 2.54815 0.338164
0.1925 2.43246 0.323687
0.195 2.31695 0.309113
0.1975 2.20173 0.29446
0.2 2.08693 0.279748
0.2025 1.97265 0.264996
0.205 1.85898 0.250221
0.2075 1.74604 0.235442
0.21 1.63389 0.220677
0.2125 1.52263 0.205944
0.215 1.41233 0.191259
0.2175 1.30306 0.176642
0.22 1.19489 0.162108
0.2225 1.08788 0.147675
0.225 0.982074 0.133359
0.2275 0.877534 0.119176
0.23 0.774304 0.105141
0.2325 0.672426 0.0912716
0.235 1.1167e+06 0.0775812
0.2375 2.21176e+06 204.264
0.24 1.09664e+06 0.0507971
0.2425 0.279164 0.0377315
0.245 0.184566 0.0249016
0.2475 0.0915067 0.0123203
