TITLE="Graphics"
VARIABLES= "rj, cm", "F", "dT/dt" 
0 0.000152409 27.0428
0.0025 0.000151937 26.9188
0.005 0.000150616 26.5753
0.0075 0.000148284 25.9811
0.01 0.000144907 25.1462
0.0125 0.000140436 24.0823
0.015 0.000134821 22.8038
0.0175 0.000128021 21.3281
0.02 0.000120023 19.6757
0.0225 0.000110849 17.8709
0.025 0.000100569 15.9412
0.0275 8.928e-05 13.917
0.03 7.70695e-05 11.8316
0.0325 6.39748e-05 9.72073
0.035 5.03884e-05 7.62222
0.0375 4.04868e-05 5.57465
0.04 0.00146139 3.59994
0.0425 27.5859 2.08126
0.045 65048 95.6511
0.0475 773806 55.0769
0.04775 1.38778e-17 1.64998e-08
0.05 0.420493 16.6229
0.0525 0.412344 13.8824
0.055 0.368938 11.4436
0.0575 0.320117 9.49552
0.06 0.275615 7.95222
0.0625 0.23746 6.71626
0.065 0.205339 5.71294
0.0675 0.17837 4.88847
0.07 0.155652 4.20403
0.0725 0.136415 3.63107
0.075 0.120036 3.14809
0.0775 0.106016 2.73859
0.08 0.0939559 2.38963
0.0825 0.0835365 2.09094
0.085 0.0744989 1.83426
0.0875 0.0666298 1.61287
0.09 0.0597559 1.42129
0.0925 0.0537309 1.25498
0.095 0.0484352 1.1102
0.0975 0.0437661 0.983802
0.1 0.0396388 0.873177
0.1025 0.0359805 0.776122
0.105 0.0327294 0.690778
0.1075 0.0298344 0.615572
0.11 0.0272481 0.549167
0.1125 0.0249348 0.490424
0.115 0.0228594 0.438368
0.1175 0.0209937 0.392164
0.12 0.0193144 0.351093
0.1225 0.0177977 0.314535
0.125 0.0164272 0.281954
0.1275 0.0151846 0.252886
0.13 0.014058 0.226928
0.1325 0.0130323 0.203727
0.135 0.0120996 0.182976
0.1375 0.0112481 0.164407
0.14 0.0104714 0.147785
0.1425 0.00977783 0.132904
0.145 0.00908433 0.119623
0.1475 0.00850413 0.107692
0.15 0.00795519 0.0970121
0.1525 0.00744795 0.0874583
0.155 0.00698133 0.0789191
0.1575 0.0065498 0.071294
0.16 0.00615087 0.0644933
0.1625 0.00578168 0.0584363
0.165 0.0054393 0.0530505
0.1675 0.00512155 0.0482702
0.17 0.00482496 0.0440353
0.1725 0.00454849 0.0402897
0.175 0.00406917 0.03698
0.1775 0.00470001 0.0340048
0.18 0.00422773 0.0314925
0.1825 0.0039991 0.0293425
0.185 0.00378832 0.0275153
0.1875 0.00359112 0.0259782
0.19 0.00340852 0.0247038
0.1925 0.0032376 0.0236692
0.195 0.00307913 0.022855
0.1975 0.0030732 0.0222462
0.2 0.00236944 0.021862
0.2025 0.00239568 0.0215827
0.205 0.00228251 0.0214335
0.2075 0.00217391 0.021405
0.21 0.00207006 0.0214852
0.2125 0.00197002 0.0216596
0.215 0.00187284 0.0219107
0.2175 1.08346e+06 0.0222165
0.22 4.16006e+06 2.01555e+06
0.2225 1.06279e+06 0.0228655
0.225 0.00148367 0.023137
0.2275 0.00137696 0.0232965
0.23 0.00126161 0.0232677
0.2325 0.00113776 0.0229551
0.235 0.0010019 0.0222407
0.2375 0.00085421 0.0209822
0.24 0.00069539 0.019013
0.2425 0.000526145 0.0161434
0.245 0.000351296 0.012165
0.2475 0.000173572 0.00685793
