TITLE="Graphics"
VARIABLES= "rj, cm", "F", "dT/dt" 
0 0.000725226 19.3162
0.0025 0.000722061 19.2218
0.005 0.000713299 18.9605
0.0075 0.000698147 18.5096
0.01 0.000676914 17.8787
0.0125 0.000650086 17.0792
0.015 145.167 16.1242
0.0175 96843.4 96609.8
0.02 108.704 13.8085
0.0225 0.000531342 12.4774
0.025 0.000560733 11.0394
0.0275 0.000716861 9.46531
0.03 0.00102162 7.64107
0.0325 0.000823754 5.36209
0.035 0.00213048 2.81212
0.0375 0.00798025 2.15283
0.04 0.00636166 7.41074
0.0425 25.4065 13.7097
0.045 54983 99.8266
0.0475 773674 57.5749
0.04775 6.245e-17 1.72798e-08
0.05 3.36022 10.3629
0.0525 3.15655 7.08362
0.055 2.72503 4.84425
0.0575 2.30324 3.33716
0.06 1.94896 2.29286
0.0625 1.66 1.54748
0.065 1.42139 1.00353
0.0675 1.23225 0.59931
0.07 1.06796 0.298168
0.0725 0.931764 0.0724225
0.075 0.816624 0.0965661
0.0775 0.718682 0.222266
0.08 0.634923 0.314627
0.0825 0.56295 0.381128
0.085 0.500832 0.427463
0.0875 0.446997 0.458014
0.09 0.40016 0.476185
0.0925 0.359257 0.484642
0.095 0.323412 0.485485
0.0975 0.291891 0.480381
0.1 0.264084 0.47066
0.1025 0.239479 0.457386
0.105 0.217641 0.441418
0.1075 0.198206 0.423448
0.11 0.180864 0.404039
0.1125 0.16535 0.383647
0.115 0.151437 0.362643
0.1175 0.138932 0.341328
0.12 0.127668 0.31995
0.1225 0.1175 0.298707
0.125 0.108304 0.27776
0.1275 0.0999705 0.257242
0.13 0.0924049 0.237254
0.1325 0.0855254 0.217882
0.135 0.0792587 0.199188
0.1375 0.0735424 0.181223
0.14 0.068319 0.164024
0.1425 0.0635403 0.147616
0.145 0.0591626 0.132017
0.1475 0.0551461 0.117237
0.15 0.0514575 0.103279
0.1525 0.0480663 0.0901392
0.155 0.0449441 0.077812
0.1575 0.0420671 0.0662862
0.16 0.0394147 0.0555474
0.1625 0.036964 0.0455784
0.165 0.0347019 0.0363599
0.1675 0.0326086 0.02787
0.17 0.0306722 0.0200855
0.1725 0.0288792 0.0129815
0.175 0.0272176 0.00653176
0.1775 0.0256803 0.000708983
0.18 0.0242549 0.0045157
0.1825 0.0230128 0.00917247
0.185 0.0215261 0.0133093
0.1875 0.0204969 0.0169064
0.19 0.0194271 0.0200222
0.1925 0.0184432 0.0226844
0.195 0.0175283 0.0249246
0.1975 0.0166758 0.0267744
0.2 0.0158843 0.0282646
0.2025 0.015145 0.0294267
0.205 0.0144573 0.0302912
0.2075 0.013814 0.0308883
0.21 0.0132065 0.0312474
0.2125 0.0126289 0.0313949
0.215 0.0120621 0.0313537
0.2175 0.0114904 0.0311387
0.22 0.0108874 0.0307523
0.2225 0.010739 0.0301785
0.225 0.0101062 0.0295279
0.2275 0.00948173 0.0287562
0.23 0.00882292 0.0278156
0.2325 0.00809545 0.0266425
0.235 0.0072661 0.0251484
0.2375 0.00631295 0.0232112
0.24 0.0052276 0.0206708
0.2425 0.00401802 0.0173271
0.245 0.00271106 0.0129446
0.2475 0.00135 0.00726085
