TITLE="Graphics"
VARIABLES= "rj, cm", "F", "dT/dt" 
0 0.00507711 28.811
0.0025 0.00506357 28.6819
0.005 0.00502561 28.3242
0.0075 0.00495807 27.7046
0.01 0.00485915 26.8328
0.0125 0.00472629 25.7198
0.015 0.00455653 24.3791
0.0175 0.00434694 22.8272
0.02 0.00409516 21.0845
0.0225 0.00379995 19.1749
0.025 0.00346206 17.1267
0.0275 0.00308538 14.9719
0.03 0.00267831 12.7459
0.0325 0.00225454 10.4862
0.035 0.00183057 8.2309
0.0375 0.00138039 6.0165
0.04 0.000812963 3.88219
0.0425 28.9789 1.84453
0.045 73690.7 92.7295
0.0475 773303 53.3314
0.04775 1.80411e-16 1.61343e-08
0.05 13.7942 14.7581
0.0525 13.4785 11.9592
0.055 12.0186 9.61376
0.0575 10.4047 7.8098
0.06 8.94338 6.4248
0.0625 7.69318 5.34631
0.065 6.64126 4.49293
0.0675 5.75829 3.80783
0.07 5.01496 3.25093
0.0725 4.38623 2.79344
0.075 3.85173 2.41415
0.0775 3.39513 2.09715
0.08 3.0033 1.83027
0.0825 2.66566 1.60409
0.085 2.37359 1.41122
0.0875 2.12001 1.24579
0.09 1.89909 1.10311
0.0925 1.70596 0.979423
0.095 1.53656 0.871668
0.0975 1.38746 0.777348
0.1 1.25574 0.694407
0.1025 1.13893 0.621136
0.105 1.03485 0.556094
0.1075 0.92924 0.498051
0.11 0.89303 0.445265
0.1125 0.804264 0.399288
0.115 0.736848 0.358488
0.1175 0.676652 0.32214
0.12 0.622684 0.28966
0.1225 0.574133 0.260563
0.125 0.530321 0.234447
0.1275 0.490677 0.210971
0.13 0.454715 0.189845
0.1325 0.422017 0.170817
0.135 0.392225 0.15367
0.1375 0.365025 0.138213
0.14 0.340149 0.124278
0.1425 0.317356 0.111717
0.145 0.296437 0.100398
0.1475 0.277211 0.0902033
0.15 0.259514 0.0810273
0.1525 0.243199 0.0727757
0.155 0.228144 0.0653632
0.1575 0.214229 0.0587136
0.16 0.201356 0.0527574
0.1625 0.189431 0.0474325
0.165 0.178374 0.0426824
0.1675 0.168109 0.0384559
0.17 0.158571 0.0347071
0.1725 0.149702 0.031394
0.175 0.141443 0.0284789
0.1775 0.133748 0.0259277
0.18 0.126573 0.0237094
0.1825 0.119876 0.0217961
0.185 1.00721e+06 0.0201627
0.1875 2.0526e+06 61506.3
0.19 985537 0.0176465
0.1925 0.0971771 0.0167249
0.195 0.0923753 0.016005
0.1975 0.0878697 0.0154717
0.2 0.0836375 0.0151113
0.2025 0.0796524 0.0149113
0.205 0.0758925 0.0148599
0.2075 0.0723295 0.0149455
0.21 0.0689361 0.0151562
0.2125 0.0656814 0.0154789
0.215 0.0625272 0.0158984
0.2175 0.0594319 0.0163958
0.22 0.0563423 0.0169472
0.2225 0.0532041 0.0175212
0.225 0.0499492 0.0180764
0.2275 0.0465089 0.0185588
0.23 0.0428111 0.0188981
0.2325 0.0394515 0.0190053
0.235 0.0323586 0.0187944
0.2375 0.0283739 0.0180285
0.24 0.0232107 0.0165793
0.2425 0.0176555 0.0142637
0.245 0.0118246 0.0108763
0.2475 0.00587752 0.00619693
