TITLE="Graphics"
VARIABLES= "rj, cm", "F", "dT/dt" 
0 7.48265e-05 26.3355
0.0025 7.45824e-05 26.2137
0.005 7.39011e-05 25.8766
0.0075 7.27016e-05 25.2934
0.01 7.09717e-05 24.4745
0.0125 6.86936e-05 23.4318
0.015 6.58496e-05 22.1798
0.0175 6.24282e-05 20.736
0.02 5.84291e-05 19.1211
0.0225 5.38674e-05 17.3591
0.025 4.87734e-05 15.4773
0.0275 4.31949e-05 13.5057
0.03 3.72102e-05 11.4771
0.0325 3.09701e-05 9.42609
0.035 2.46341e-05 7.3881
0.0375 1.7323e-05 5.39805
0.04 0.000381664 3.49971
0.0425 0.288184 2.61747
0.045 0.296271 96.0986
0.0475 0.0320113 56.0208
0.04775 1.11022e-16 1.67409e-08
0.05 0.230394 14.6819
0.0525 0.224225 11.8304
0.055 0.197811 9.53054
0.0575 0.169694 7.79509
0.06 0.14487 6.47154
0.0625 0.124059 5.43846
0.065 0.106822 4.61415
0.0675 0.0925217 3.94449
0.07 0.0805803 3.39277
0.0725 0.0705336 2.93325
0.075 0.0620188 2.54722
0.0775 0.0547547 2.22069
0.08 0.0485209 1.9429
0.0825 0.0431435 1.70542
0.085 496953 1.50152
0.0875 4.12737e+06 3.14654e+06
0.09 484465 1.17376
0.0925 0.0277851 1.04182
0.095 0.0250569 0.926948
0.0975 0.0226515 0.826633
0.1 0.0205245 0.738777
0.1025 0.0186386 0.661617
0.105 0.0169623 0.593671
0.1075 0.0154692 0.533683
0.11 0.014135 0.480592
0.1125 0.012941 0.433491
0.115 0.0118697 0.391612
0.1175 0.0109068 0.354295
0.12 0.0100392 0.320974
0.1225 0.00925591 0.291165
0.125 0.00854712 0.264449
0.1275 0.00790551 0.240464
0.13 0.0073228 0.218898
0.1325 0.00679227 0.199478
0.135 0.00630971 0.181968
0.1375 0.00586875 0.16616
0.14 0.00546628 0.151875
0.1425 0.00509702 0.138953
0.145 0.0047592 0.127254
0.1475 0.00444861 0.116656
0.15 0.00416305 0.107051
0.1525 0.00390013 0.0983405
0.155 0.00365734 0.0904404
0.1575 0.00343415 0.0832741
0.16 0.00322653 0.0767742
0.1625 0.0030352 0.0708794
0.165 0.00285766 0.0655357
0.1675 0.00269303 0.0606941
0.17 0.00253965 0.056311
0.1725 0.00239764 0.0523461
0.175 0.00226516 0.0487642
0.1775 0.00214159 0.045533
0.18 0.00202645 0.0426231
0.1825 0.00191913 0.0400077
0.185 0.00181882 0.0376631
0.1875 0.00172463 0.0355677
0.19 0.00163666 0.0337014
0.1925 0.00155509 0.0320464
0.195 0.00147729 0.0305869
0.1975 0.00140541 0.0293084
0.2 0.0013376 0.0281978
0.2025 0.00127368 0.0272435
0.205 0.00121366 0.0264351
0.2075 0.00115694 0.0257622
0.21 0.00110318 0.025215
0.2125 0.00105209 0.0247834
0.215 0.00100245 0.024455
0.2175 0.000953843 0.0242149
0.22 0.000905891 0.0240429
0.2225 0.000856738 0.0239118
0.225 0.000806099 0.0237835
0.2275 0.000751399 0.0236068
0.23 0.000693002 0.0233118
0.2325 0.000627368 0.022807
0.235 0.000555527 0.021975
0.2375 0.000475383 0.0206692
0.24 0.000387296 0.0187134
0.2425 0.000293469 0.0159025
0.245 0.000194307 0.0120087
0.2475 9.52436e-05 0.00678894
