TITLE="Graphics"
VARIABLES= "rj, cm", "F", "dT/dt" 
0 9.15266e-11 1.96071e-12
0.0025 1.35796e-10 2.28479e-12
0.005 2.41005e-10 5.3014e-12
0.0075 3.7422e-10 9.33697e-12
0.01 1.39897e-09 1.56598e-11
0.0125 1.51796e-08 9.67038e-11
0.015 1.16071e-07 8.23101e-10
0.0175 6.98141e-07 5.78666e-09
0.02 3.18554e-06 3.21696e-08
0.0225 9.83477e-06 1.32984e-07
0.025 1.55924e-05 3.65648e-07
0.0275 1.84227e-06 5.4766e-07
0.03 1.03093e-06 3.97922e-07
0.0325 1.66006e-05 6.28017e-07
0.035 4.55152e-05 3.03105e-07
0.0375 2.18975e-05 5.18809e-07
0.04 7.01577e-05 1.48681e-06
0.0425 0.000330043 7.27074e-07
0.045 8.84701e-05 9.54178e-07
0.0475 0.000649805 6.32941e-06
0.0475003 5.20417e-16 1.5002e-10
0.05 0.524518 1.62544
0.0525 2.12571 2.25122
0.055 3.43299 2.73321
0.0575 4.78193 3.12754
0.06 6.13367 3.46097
0.0625 7.46563 3.74847
0.065 8.76419 3.99941
0.0675 10.0209 4.22012
0.07 11.2303 4.41512
0.0725 12.3892 4.58777
0.075 13.4953 4.74068
0.0775 14.5474 4.8759
0.08 15.5448 4.99511
0.0825 16.4873 5.09968
0.085 17.3748 5.19077
0.0875 18.2077 5.26937
0.09 18.9863 5.33632
0.0925 19.7111 5.39236
0.095 20.3829 5.43815
0.0975 21.0022 5.47425
0.1 21.5698 5.5012
0.1025 22.0865 5.51944
0.105 22.5533 5.52942
0.1075 22.9709 5.53152
0.11 23.3402 5.52609
0.1125 23.6623 5.51349
0.115 23.9381 5.49401
0.1175 24.1685 5.46796
0.12 24.3546 5.43562
0.1225 24.4974 5.39724
0.125 24.5979 5.35309
0.1275 24.6571 5.3034
0.13 24.6761 5.24842
0.1325 24.656 5.18836
0.135 24.5979 5.12345
0.1375 24.5028 5.05389
0.14 24.3719 4.97991
0.1425 24.2062 4.90169
0.145 24.0068 4.81945
0.1475 23.775 4.73337
0.15 23.5117 4.64366
0.1525 23.2182 4.55048
0.155 22.8955 4.45405
0.1575 22.5448 4.35453
0.16 22.1673 4.25211
0.1625 21.7641 4.14697
0.165 21.3362 4.03928
0.1675 20.885 3.92923
0.17 20.4114 3.81698
0.1725 19.9167 3.70271
0.175 19.402 3.58658
0.1775 18.8683 3.46877
0.18 18.3169 3.34943
0.1825 17.7489 3.22874
0.185 17.1654 3.10686
0.1875 16.5675 2.98394
0.19 15.9563 2.86015
0.1925 15.333 2.73565
0.195 14.6985 2.61057
0.1975 14.0541 2.48509
0.2 13.4007 2.35935
0.2025 12.7395 2.2335
0.205 12.0714 2.10768
0.2075 11.3976 1.98204
0.21 10.7191 1.85671
0.2125 10.0368 1.73185
0.215 1.07856e+06 1.60758
0.2175 2.13545e+06 809.069
0.22 1.0578e+06 1.36136
0.2225 7.29047 1.23967
0.225 6.60436 1.11909
0.2275 5.92032 0.999746
0.23 5.23925 0.881759
0.2325 4.56204 0.765245
0.235 3.88957 0.650316
0.2375 3.22268 0.537084
0.24 2.5622 0.425655
0.2425 1.90895 0.316134
0.245 1.26371 0.20862
0.2475 0.62725 0.103211
