TITLE="Graphics"
VARIABLES= "rj, cm", "F", "dT/dt" 
0 8.70177e-06 23.9125
0.0025 8.66923e-06 23.7993
0.005 8.57869e-06 23.4858
0.0075 8.42052e-06 22.9442
0.01 8.1949e-06 22.1849
0.0125 7.9017e-06 21.22
0.015 7.54143e-06 20.0644
0.0175 7.11504e-06 18.7355
0.02 6.62492e-06 17.2538
0.0225 6.07498e-06 15.6424
0.025 5.47025e-06 13.9273
0.0275 4.81644e-06 12.1364
0.03 4.1204e-06 10.3
0.0325 3.39436e-06 8.44975
0.035 2.66477e-06 6.61832
0.0375 2.05726e-06 4.83738
0.04 1.3365e-05 3.12887
0.0425 24.8616 2.50672
0.045 51724.9 101.042
0.0475 773806 59.9894
0.04775 0 1.76693e-08
0.05 0.0312595 14.8343
0.0525 0.0301445 11.882
0.055 0.0262554 9.57112
0.0575 0.022396 7.83915
0.06 0.0190813 6.51701
0.0625 0.0163344 5.48172
0.065 0.0140682 4.65303
0.0675 0.0121882 3.97813
0.07 0.0106166 3.42107
0.0725 0.00929269 2.95642
0.075 0.00816954 2.56555
0.0775 0.0072109 2.23442
0.08 0.00638842 1.95221
0.0825 0.00567865 1.71043
0.085 0.00506374 1.50229
0.0875 0.0045273 1.32233
0.09 0.00405297 1.166
0.0925 0.00362782 1.0293
0.095 0.00365862 0.908487
0.0975 0.00262267 0.818851
0.1 0.00274179 0.724876
0.1025 0.00247495 0.64364
0.105 0.00224517 0.572687
0.1075 0.00204628 0.510302
0.11 0.00186941 0.455271
0.1125 0.00171173 0.406615
0.115 0.00157051 0.363513
0.1175 0.00144318 0.325271
0.12 0.00132875 0.291294
0.1225 0.00122534 0.261069
0.125 0.0011319 0.234154
0.1275 0.00104673 0.210163
0.13 0.000970007 0.188763
0.1325 0.000899483 0.16966
0.135 0.000835844 0.152596
0.1375 0.000777244 0.137349
0.14 0.000723924 0.123719
0.1425 0.000674921 0.111533
0.145 0.000630146 0.100635
0.1475 0.000588831 0.090891
0.15 0.000551056 0.0821795
0.1525 0.00051627 0.0743936
0.155 0.000483661 0.0674386
0.1575 0.000454016 0.0612303
0.16 0.000426992 0.055693
0.1625 0.000401023 0.0507604
0.165 0.000377759 0.0463722
0.1675 0.000355595 0.042475
0.17 0.000335565 0.0390205
0.1725 0.0003166 0.0359666
0.175 0.00029894 0.0332744
0.1775 0.00028273 0.030909
0.18 0.000267251 0.0288403
0.1825 0.000253132 0.0270399
0.185 0.000239803 0.025483
0.1875 0.000227511 0.0241469
0.19 0.000215668 0.0230125
0.1925 0.000204748 0.0220606
0.195 0.000194971 0.0212764
0.1975 0.000184939 0.0206448
0.2 1.04515e+06 0.0201533
0.2025 3.39398e+07 3.18724e+07
0.205 1.0239e+06 0.0195459
0.2075 0.000152274 0.01941
0.21 0.000145249 0.0193733
0.2125 0.000138228 0.019426
0.215 0.000132039 0.0195575
0.2175 0.000125708 0.0197543
0.22 0.000119189 0.0199988
0.2225 0.000113182 0.0202667
0.225 0.00010668 0.0205257
0.2275 9.96723e-05 0.020729
0.23 9.28835e-05 0.0208148
0.2325 8.36404e-05 0.0207007
0.235 6.0353e-05 0.0202573
0.2375 7.99421e-05 0.0189186
0.24 5.30692e-05 0.0174023
0.2425 3.93438e-05 0.015014
0.245 2.62491e-05 0.0114915
0.2475 1.30177e-05 0.00657701
