TITLE="Graphics"
VARIABLES= "rj, cm", "F", "dT/dt" 
0 2.05905e-06 4.66865e-08
0.0025 1.16163e-06 3.03567e-08
0.005 1.96914e-06 1.67233e-08
0.0075 4.21452e-07 4.36244e-08
0.01 7.18792e-07 1.32063e-09
0.0125 2.03086e-10 7.32429e-10
0.015 7.28401e-11 2.13545e-09
0.0175 2.44828e-10 3.12708e-09
0.02 140.211 3.81888e-09
0.0225 279.571 30.3676
0.025 112.091 4.33666e-09
0.0275 1.6105e-09 4.13993e-09
0.03 1.63513e-09 3.61514e-09
0.0325 1.52727e-09 2.80131e-09
0.035 1.09721e-09 1.75744e-09
0.0375 4.97162e-10 6.08107e-10
0.04 1.2191e-08 5.19699e-10
0.0425 4.90969e-07 4.33269e-09
0.045 2.71244e-06 1.93899e-08
0.0475 1.02263e-06 1.51159e-07
0.0475003 2.70617e-16 1.12341e-11
0.05 1.47349 0.121868
0.0525 2.83885 0.169584
0.055 3.65442 0.206936
0.0575 4.37311 0.238076
0.06 5.00998 0.264971
0.0625 5.57363 0.28871
0.065 6.07003 0.309971
0.0675 6.50389 0.329203
0.07 6.87925 0.346722
0.0725 7.19976 0.36276
0.075 7.46877 0.37749
0.0775 7.68946 0.391048
0.08 7.86486 0.403538
0.0825 7.99785 0.415044
0.085 8.09124 0.425634
0.0875 8.14771 0.435362
0.09 8.16986 0.444273
0.0925 8.16022 0.452404
0.095 8.1212 0.459785
0.0975 8.05516 0.466441
0.1 7.96436 0.472394
0.1025 7.85099 0.477661
0.105 7.71714 0.482257
0.1075 7.56483 0.486196
0.11 7.396 0.489489
0.1125 7.21252 0.492145
0.115 7.01614 0.494175
0.1175 6.80858 0.495585
0.12 6.59143 0.496384
0.1225 6.36625 0.49658
0.125 6.13449 0.496179
0.1275 5.89752 0.495189
0.13 5.65665 0.493617
0.1325 5.41311 0.491472
0.135 5.16805 0.48876
0.1375 4.92255 0.48549
0.14 4.67763 0.481672
0.1425 4.43421 0.477313
0.145 4.19318 0.472425
0.1475 3.95534 0.467018
0.15 3.72143 0.461102
0.1525 3.49212 0.454689
0.155 3.26804 0.447792
0.1575 3.04972 0.440423
0.16 2.83768 0.432596
0.1625 2.63236 0.424325
0.165 2.43413 0.415626
0.1675 2.24335 0.406513
0.17 2.06028 0.397003
0.1725 1.88517 0.387112
0.175 1.7182 0.376858
0.1775 1.55951 0.366258
0.18 1.40921 0.355331
0.1825 1.26736 0.344096
0.185 1.13397 0.332571
0.1875 1.00901 0.320777
0.19 0.892447 0.308734
0.1925 0.784176 0.296462
0.195 0.684075 0.283981
0.1975 0.591992 0.271314
0.2 0.507743 0.258481
0.2025 0.431116 0.245503
0.205 0.361875 0.232403
0.2075 0.29976 0.219202
0.21 0.244484 0.205922
0.2125 0.195748 0.192584
0.215 0.153225 0.17921
0.2175 0.116579 0.165823
0.22 0.0854511 0.152443
0.2225 0.0594752 0.139092
0.225 0.0382695 0.125792
0.2275 0.0214423 0.112563
0.23 0.00859625 0.0994257
0.2325 0.000676668 0.0864011
0.235 0.00678211 0.073509
0.2375 0.0101364 0.0607688
0.24 0.01115 0.0481998
0.2425 0.010235 0.0358205
0.245 0.00779859 0.0236492
0.2475 0.00424336 0.0117034
