TITLE="Graphics"
VARIABLES= "rj, cm", "F", "dT/dt" 
0 0.000310644 27.8334
0.0025 0.000309739 27.707
0.005 0.000307207 27.3569
0.0075 0.000302723 26.7509
0.01 0.000296197 25.8989
0.0125 149.284 24.8124
0.015 301050 300825
0.0175 106.368 21.9948
0.02 0.000247131 20.3014
0.0225 0.000228687 18.4494
0.025 0.000207876 16.4665
0.0275 0.000184969 14.3839
0.03 0.000160321 12.2356
0.0325 0.000134279 10.0576
0.035 0.000106587 7.88725
0.0375 6.95219e-05 5.76423
0.04 0.000261622 3.74812
0.0425 0.0534913 1.49191
0.045 6.8993 98.0408
0.0475 55659.2 25205.2
0.04775 5.55112e-17 2.16292e-08
0.05 5.27823 52.9193
0.0525 0.178011 33.0814
0.055 0.924275 25.7673
0.0575 0.888399 21.1875
0.06 0.748907 17.7532
0.0625 0.626789 15.0529
0.065 0.529232 12.8833
0.0675 0.45117 11.1138
0.07 0.38787 9.65284
0.0725 0.335875 8.43432
0.075 0.292692 7.40903
0.0775 0.256497 6.53973
0.08 0.225917 5.79771
0.0825 0.199901 5.16054
0.085 0.177632 4.61047
0.0875 0.158463 4.13327
0.09 0.141876 3.71744
0.0925 0.127457 3.3536
0.095 0.114864 3.03402
0.0975 0.103823 2.75232
0.1 0.0941033 2.50318
0.1025 0.0855169 2.28213
0.105 0.077906 2.08543
0.1075 0.0711371 1.9099
0.11 0.0651009 1.75282
0.1125 0.0597001 1.61191
0.115 0.0548563 1.48518
0.1175 0.0505013 1.37093
0.12 0.0465732 1.26769
0.1225 0.0430247 1.17421
0.125 0.0398094 1.08939
0.1275 0.0368918 1.01225
0.13 0.0342378 0.94198
0.1325 0.0318198 0.87784
0.135 0.0296142 0.819192
0.1375 0.0275977 0.765471
0.14 0.0257526 0.716181
0.1425 0.0240607 0.67088
0.145 0.0225074 0.629177
0.1475 0.0210793 0.590721
0.15 0.0197626 0.555204
0.1525 0.0185488 0.522348
0.155 0.0174264 0.491906
0.1575 0.0163891 0.463657
0.16 0.015427 0.437404
0.1625 0.014535 0.41297
0.165 0.0137064 0.390195
0.1675 0.0129371 0.368939
0.17 0.0122192 0.349071
0.1725 0.0115521 0.330477
0.175 0.0109295 0.313051
0.1775 0.0103471 0.2967
0.18 0.00980425 0.281338
0.1825 0.00929569 0.266889
0.185 0.00881908 0.253281
0.1875 0.00837228 0.240452
0.19 0.00795333 0.228345
0.1925 0.00755818 0.216908
0.195 0.00718754 0.206095
0.1975 0.00683705 0.195864
0.2 0.00650752 0.186178
0.2025 0.00619453 0.177004
0.205 0.00589914 0.168313
0.2075 0.0056193 0.160079
0.21 0.005353 0.152281
0.2125 0.00510037 0.144899
0.215 0.00485818 0.137918
0.2175 0.00462653 0.131327
0.22 0.00440155 0.125116
0.2225 0.0041814 0.119284
0.225 0.00396169 0.113835
0.2275 0.00374045 0.108782
0.23 0.00351879 0.104151
0.2325 0.00331826 0.0999752
0.235 0.00322284 0.0962753
0.2375 0.00351399 0.0929844
0.24 0.0050018 0.0896935
0.2425 0.00958524 0.0849286
0.245 0.0197999 0.0744649
0.2475 0.0300067 0.0491262
