TITLE="Graphics"
VARIABLES= "rj, cm", "F", "dT/dt" 
0 7.87512e-05 28.4623
0.0025 7.85345e-05 28.3342
0.005 7.79264e-05 27.9791
0.0075 7.68465e-05 27.3642
0.01 7.52685e-05 26.4993
0.0125 7.31555e-05 25.3956
0.015 7.04651e-05 24.0666
0.0175 6.71567e-05 22.5293
0.02 6.3199e-05 20.8039
0.0225 5.85811e-05 18.9147
0.025 5.33252e-05 16.8898
0.0275 4.75028e-05 14.7608
0.03 4.12451e-05 12.5626
0.0325 3.47051e-05 10.3319
0.035 2.77228e-05 8.10611
0.0375 1.81933e-05 5.92529
0.04 0.00177586 3.8549
0.0425 0.709798 2.53809
0.045 0.894485 91.9144
0.0475 1.01564 53.1089
0.04775 4.16334e-17 1.57988e-08
0.05 0.191171 16.4111
0.0525 0.195849 13.5041
0.055 0.179073 10.9327
0.0575 0.157335 8.91578
0.06 0.136262 7.35974
0.0625 0.117554 6.15041
0.065 0.101497 5.19752
0.0675 0.0878896 4.43545
0.07 0.0763988 3.81726
0.0725 0.0666869 3.30927
0.075 0.0584542 2.88695
0.0775 0.0514482 2.53224
0.08 0.0454601 2.23158
0.0825 0.0403197 1.97468
0.085 0.0358876 1.75359
0.0875 0.0320501 1.5621
0.09 0.0287146 1.39531
0.0925 0.0258044 1.24931
0.095 0.0232588 1.12092
0.0975 0.0210311 1.00759
0.1 0.0190867 0.907273
0.1025 0.0174091 0.818376
0.105 0.0159863 0.73979
0.1075 0.0141245 0.670943
0.11 0.013039 0.608126
0.1125 0.0120075 0.551339
0.115 0.0110468 0.500215
0.1175 0.0101663 0.454246
0.12 0.0093648 0.412903
0.1225 0.00863882 0.375688
0.125 0.00798036 0.342154
0.1275 0.00738274 0.311903
0.13 0.0068399 0.284587
0.1325 0.00634605 0.259898
0.135 0.00589556 0.237566
0.1375 0.00548461 0.217351
0.14 0.00510765 0.199041
0.1425 0.00476334 0.182447
0.145 0.00444692 0.167402
0.1475 0.00415611 0.153755
0.15 0.00388834 0.141371
0.1525 0.00364226 0.13013
0.155 0.00341434 0.119924
0.1575 0.00320466 0.110656
0.16 0.00300989 0.102238
0.1625 0.00283031 0.0945912
0.165 0.00266363 0.0876455
0.1675 0.00250888 0.0813366
0.17 0.0023651 0.0756067
0.1725 0.00223171 0.0704042
0.175 0.0021077 0.0656824
0.1775 986139 0.0613991
0.18 5.85825e+06 3.90945e+06
0.1825 964293 0.0540019
0.185 0.00169029 0.050824
0.1875 0.00160286 0.0479564
0.19 0.00152103 0.0453753
0.1925 0.00144505 0.0430597
0.195 0.00137317 0.0409908
0.1975 0.00130694 0.0391522
0.2 0.00124337 0.0375292
0.2025 0.00118446 0.0361083
0.205 0.00112897 0.0348765
0.2075 0.00107544 0.0338215
0.21 0.00102461 0.0329292
0.2125 0.000975625 0.0321839
0.215 0.000927349 0.0315663
0.2175 0.000879344 0.0310519
0.22 0.000830802 0.0306088
0.2225 0.000780222 0.0301951
0.225 0.000727307 0.0297558
0.2275 0.000669973 0.02922
0.23 0.000607928 0.0284965
0.2325 0.00054047 0.0274712
0.235 0.00049404 0.0260071
0.2375 0.000414459 0.0240475
0.24 0.000332694 0.021405
0.2425 0.000248018 0.0178822
0.245 0.000163369 0.0132758
0.2475 8.03873e-05 0.00738129
