TITLE="Graphics"
VARIABLES= "rj, cm", "F", "dT/dt" 
0 2.23814e-09 2.66e-08
0.0025 2.2731e-09 2.64148e-08
0.005 2.22267e-09 2.59054e-08
0.0075 2.1427e-09 2.50289e-08
0.01 2.0805e-09 2.38072e-08
0.0125 1.92448e-09 2.22723e-08
0.015 1.84531e-09 2.04608e-08
0.0175 1.63256e-09 1.84088e-08
0.02 1.51299e-09 1.61628e-08
0.0225 1.23503e-09 1.37749e-08
0.025 1.06798e-09 1.13068e-08
0.0275 8.84067e-10 8.81752e-09
0.03 6.13007e-10 6.35351e-09
0.0325 4.05338e-10 3.99433e-09
0.035 2.00299e-10 1.78234e-09
0.0375 5.13186e-08 2.22948e-10
0.04 1.04239e-06 5.68261e-09
0.0425 4.27866e-06 4.50998e-08
0.045 1.91301e-05 1.35352e-07
0.0475 2.13707e-09 1.26959e-07
0.0475003 4.57967e-16 2.13129e-11
0.05 0.238801 0.231028
0.0525 1.12005 0.319406
0.055 1.58509 0.387357
0.0575 2.03366 0.442869
0.06 2.46123 0.489755
0.0625 2.8652 0.530159
0.065 3.24427 0.56542
0.0675 3.59795 0.596444
0.07 3.92624 0.623878
0.0725 4.22947 0.648204
0.075 4.50817 0.669794
0.0775 4.76302 0.688942
0.08 4.99476 0.705883
0.0825 5.20418 0.720814
0.085 5.39213 0.733896
0.0875 5.55944 0.745268
0.09 5.70697 0.755047
0.0925 5.83557 0.763334
0.095 5.94609 0.770219
0.0975 6.03934 0.775778
0.1 6.11616 0.780083
0.1025 6.17733 0.783193
0.105 6.22364 0.785167
0.1075 6.25586 0.786053
0.11 6.2747 0.7859
0.1125 6.28091 0.784749
0.115 6.27517 0.782641
0.1175 6.25815 0.779613
0.12 6.2305 0.7757
0.1225 6.19286 0.770934
0.125 6.14583 0.765348
0.1275 6.08999 0.758972
0.13 6.02591 0.751835
0.1325 5.95412 0.743964
0.135 5.87515 0.735388
0.1375 5.78949 0.726133
0.14 5.69762 0.716225
0.1425 5.6 0.705691
0.145 5.49707 0.694554
0.1475 5.38925 0.68284
0.15 5.27694 0.670575
0.1525 5.16052 0.657782
0.155 5.04037 0.644487
0.1575 4.91683 0.630713
0.16 4.79024 0.616484
0.1625 4.66092 0.601826
0.165 4.52916 0.586762
0.1675 4.39526 0.571316
0.17 4.2595 0.555512
0.1725 4.12213 0.539374
0.175 3.98341 0.522927
0.1775 3.84356 0.506194
0.18 3.70281 0.4892
0.1825 3.56139 0.471967
0.185 3.41947 0.454521
0.1875 3.27726 0.436884
0.19 3.13493 0.419081
0.1925 2.99265 0.401135
0.195 2.85059 0.38307
0.1975 2.70889 0.364908
0.2 2.56769 0.346673
0.2025 1.05136e+06 0.328388
0.205 2.08001e+06 200.53
0.2075 1.03017e+06 0.29176
0.21 2.01042 0.27346
0.2125 1.87355 0.255201
0.215 1.73786 0.237003
0.2175 1.60343 0.218888
0.22 1.47034 0.200877
0.2225 1.33867 0.182991
0.225 1.20849 0.16525
0.2275 1.07986 0.147675
0.23 0.95284 0.130284
0.2325 0.827478 0.113097
0.235 0.703825 0.0961324
0.2375 0.581926 0.0794087
0.24 0.46182 0.0629434
0.2425 0.343544 0.0467536
0.245 0.227131 0.0308558
0.2475 0.112612 0.0152662
