TITLE="Graphics"
VARIABLES= "rj, cm", "F", "dT/dt" 
0 8.43897e-06 23.0141
0.0025 8.40619e-06 22.9043
0.005 8.31495e-06 22.6003
0.0075 8.15589e-06 22.0754
0.01 7.92956e-06 21.3397
0.0125 7.63677e-06 20.4056
0.015 7.27836e-06 19.2877
0.0175 6.85605e-06 18.0033
0.02 6.37268e-06 16.5726
0.0225 5.83214e-06 15.0184
0.025 5.24e-06 13.366
0.0275 4.60369e-06 11.6428
0.03 3.93261e-06 9.87793
0.0325 3.23944e-06 8.10176
0.035 2.55578e-06 6.345
0.0375 41.1 4.63668
0.04 1.01584e+07 9.67935e+06
0.0425 59.4144 2.33558
0.045 47992.3 102.958
0.0475 773805 59.5234
0.04775 2.77556e-17 1.80198e-08
0.05 0.0319467 15.0671
0.0525 0.0307628 12.0585
0.055 0.0268232 9.70573
0.0575 0.0228446 7.94776
0.06 0.0194348 6.60606
0.0625 0.0166276 5.55312
0.065 0.014322 4.7077
0.0675 0.0124048 4.01718
0.07 0.0108148 3.44534
0.0725 0.00947711 2.96737
0.075 0.00834015 2.56512
0.0775 0.0073677 2.2247
0.08 0.00653113 1.93521
0.0825 0.00580888 1.68799
0.085 0.0051824 1.47604
0.0875 0.00463712 1.2937
0.09 0.00416067 1.13633
0.0925 0.00374314 1.00009
0.095 0.00337636 0.881832
0.0975 0.00305224 0.778902
0.1 0.00276648 0.6891
0.1025 0.00251283 0.61057
0.105 0.00228665 0.541753
0.1075 0.00208618 0.481324
0.11 0.00190609 0.428161
0.1125 0.00174564 0.381306
0.115 0.00160115 0.339943
0.1175 0.00147157 0.303374
0.12 0.00135424 0.271
0.1225 0.00124921 0.242309
0.125 0.00115243 0.216854
0.1275 0.0010661 0.194221
0.13 0.000987418 0.174078
0.1325 0.000916128 0.156139
0.135 0.000850643 0.140154
0.1375 0.000791259 0.125901
0.14 0.000736921 0.113188
0.1425 0.000686672 0.101842
0.145 0.000641373 0.0917143
0.1475 0.000599217 0.0826737
0.15 0.000560633 0.0746037
0.1525 0.000525188 0.0674027
0.155 0.0004925 0.0609813
0.1575 0.000461893 0.0552616
0.16 0.000434287 0.0501665
0.1625 0.000408479 0.045636
0.165 0.000384199 0.0416146
0.1675 0.000362081 0.0380527
0.17 0.000341514 0.034906
0.1725 0.00032241 0.0321347
0.175 0.000304442 0.0297036
0.1775 0.000287811 0.0275802
0.18 0.000272117 0.0257365
0.1825 0.000258067 0.024146
0.185 0.000244188 0.0227864
0.1875 0.000231695 0.0216363
0.19 0.000219966 0.0206772
0.1925 0.000208347 0.019892
0.195 0.000198681 0.0192652
0.1975 0.000188558 0.0187834
0.2 0.00017927 0.0184345
0.2025 0.000170902 0.0182064
0.205 0.000162726 0.0180897
0.2075 0.000155176 0.0180745
0.21 0.000147716 0.0181524
0.2125 0.000141166 0.018313
0.215 0.000134381 0.0185484
0.2175 0.000128114 0.0188453
0.22 0.000121914 0.0191871
0.2225 0.000115065 0.0195506
0.225 0.000108876 0.0199012
0.2275 0.000101675 0.0201942
0.23 9.4398e-05 0.0203642
0.2325 8.5709e-05 0.0203222
0.235 7.61069e-05 0.0199494
0.2375 6.56554e-05 0.0190941
0.24 5.35768e-05 0.0175693
0.2425 4.09312e-05 0.0151546
0.245 2.76033e-05 0.0116016
0.2475 1.34329e-05 0.0066421
