TITLE="Graphics"
VARIABLES= "rj, cm", "F", "dT/dt" 
0 0.000269781 22.9861
0.0025 0.00026873 22.8764
0.005 0.000265811 22.5728
0.0075 0.00026072 22.0484
0.01 0.000253479 21.3135
0.0125 0.00024411 20.3803
0.015 0.000232643 19.2636
0.0175 0.000219135 17.9806
0.02 0.000203674 16.5515
0.0225 0.000186387 14.9991
0.025 0.000167453 13.3486
0.0275 0.000147109 11.6275
0.03 0.00012566 9.86491
0.0325 0.000103533 8.09104
0.035 8.17909e-05 6.33653
0.0375 6.26543e-05 4.63015
0.04 0.000104826 2.9942
0.0425 23.4074 1.95043
0.045 47893.2 103.466
0.0475 773793 59.6122
0.04775 4.16334e-17 1.82887e-08
0.05 1.10701 13.3998
0.0525 1.04235 10.4226
0.055 0.893442 8.28068
0.0575 0.752173 6.75687
0.06 0.634343 5.62808
0.0625 0.539209 4.75539
0.065 0.462363 4.0577
0.0675 0.399605 3.48656
0.07 0.347685 3.01143
0.0725 0.30422 2.61173
0.075 0.267475 2.27281
0.0775 0.236159 1.98369
0.08 0.209297 1.73587
0.0825 0.18613 1.52256
0.085 0.166057 1.3383
0.0875 0.148595 1.17861
0.09 0.133349 1.03977
0.0925 0.119991 0.918739
0.095 0.108251 0.812941
0.0975 0.0979012 0.720234
0.1 0.0887511 0.638814
0.1025 0.0806381 0.567158
0.105 0.0734264 0.503972
0.1075 0.0669985 0.448159
0.11 0.0612551 0.39878
0.1125 0.0561108 0.355031
0.115 0.0514928 0.316221
0.1175 0.0473377 0.281753
0.12 0.043592 0.251111
0.1225 0.0402104 0.223847
0.125 0.037154 0.199576
0.1275 0.0343932 0.177966
0.13 0.0318101 0.158741
0.1325 0.0295311 0.14157
0.135 0.0274432 0.12625
0.1375 0.0255313 0.112587
0.14 0.0237809 0.100406
0.1425 0.0221756 0.0895506
0.145 0.0207038 0.079879
0.1475 0.0193509 0.0712674
0.15 0.0181067 0.0636053
0.1525 0.0169599 0.0567944
0.155 0.0159031 0.0507471
0.1575 0.0149368 0.0453857
0.16 0.0140134 0.0406517
0.1625 0.0131882 0.0364614
0.165 0.0124135 0.0327707
0.1675 0.0116946 0.0295298
0.17 0.0110267 0.0266939
0.1725 0.0104054 0.0242227
0.175 0.00982786 0.0220801
0.1775 0.00928873 0.0202335
0.18 0.00878668 0.0186536
0.1825 0.00831789 0.0173141
0.185 0.00787944 0.0161911
0.1875 0.00747013 0.015263
0.19 0.00708654 0.0145107
0.1925 0.00672809 0.0139168
0.195 0.00639131 0.013466
0.1975 0.00607712 0.0131442
0.2 0.0057817 0.01294
0.2025 0.00550479 0.0128429
0.205 0.00524536 0.0128442
0.2075 0.00500211 0.0129369
0.21 1.06774e+06 0.0131151
0.2125 3.11582e+06 1.00298e+06
0.215 1.04682e+06 0.0137038
0.2175 0.00415135 0.0141062
0.22 0.00395672 0.0145678
0.2225 0.00376102 0.0150731
0.225 0.00355847 0.0155973
0.2275 0.00334159 0.0161014
0.23 0.00311212 0.0165261
0.2325 0.002845 0.0167956
0.235 0.00254181 0.0167936
0.2375 0.00219836 0.0163689
0.24 0.00181265 0.0153306
0.2425 0.00138888 0.0134491
0.245 0.000936587 0.0104607
0.2475 0.000466591 0.00607805
