TITLE="Graphics"
VARIABLES= "rj, cm", "F", "dT/dt" 
0 1.47884e-08 239.541
0.0025 1.46908e-08 241.079
0.005 1.43661e-08 245.309
0.0075 1.38816e-08 252.514
0.01 1.31297e-08 262.39
0.0125 1.21408e-08 274.536
0.015 1.09322e-08 288.458
0.0175 9.51491e-09 303.584
0.02 7.94631e-09 319.292
0.0225 6.24743e-09 334.953
0.025 4.51888e-09 349.973
0.0275 2.90402e-09 363.831
0.03 1.36555e-09 376.104
0.0325 8.01492e-12 386.484
0.035 1.13931e-09 394.78
0.0375 1.98622e-09 400.926
0.04 2.64293e-09 404.971
0.0425 2.97797e-09 407.071
0.045 1.20068e-08 407.459
0.0475 1.86344e-05 414.971
0.0477463 4.38723e-11 0.00758521
0.05 92.2526 2.81514e+07
0.0525 244.79 1.14864e+08
0.055 336.311 1.48255e+08
0.0575 430.621 1.80193e+08
0.06 527.337 2.10742e+08
0.0625 626.625 2.40052e+08
0.065 728.825 2.68279e+08
0.0675 834.351 2.95568e+08
0.07 943.64 3.22052e+08
0.0725 1057.14 3.47846e+08
0.075 1175.29 3.73054e+08
0.0775 1298.54 3.97767e+08
0.08 1427.34 4.22063e+08
0.0825 1562.15 4.46014e+08
0.085 1703.44 4.69685e+08
0.0875 1851.71 4.93131e+08
0.09 2007.46 5.16404e+08
0.0925 2171.24 5.39554e+08
0.095 2343.61 5.62623e+08
0.0975 2525.18 5.85653e+08
0.1 2716.6 6.08682e+08
0.1025 2918.56 6.31748e+08
0.105 3131.81 6.54886e+08
0.1075 3357.16 6.78131e+08
0.11 3595.48 7.01515e+08
0.1125 3847.72 7.25073e+08
0.115 4114.91 7.48836e+08
0.1175 4398.18 7.72839e+08
0.12 4698.75 7.97114e+08
0.1225 5017.97 8.21696e+08
0.125 5357.33 8.4662e+08
0.1275 5718.45 8.71922e+08
0.13 6103.11 8.9764e+08
0.1325 6513.32 9.23812e+08
0.135 6951.26 9.5048e+08
0.1375 7419.37 9.77688e+08
0.14 7920.38 1.00548e+09
0.1425 8457.32 1.03391e+09
0.145 9033.59 1.06303e+09
0.1475 9653.01 1.09289e+09
0.15 10319.9 1.12356e+09
0.1525 11039 1.15511e+09
0.155 11816 1.1876e+09
0.1575 12657.1 1.22112e+09
0.16 13569.4 1.25576e+09
0.1625 14561.1 1.29161e+09
0.165 15641.8 1.32878e+09
0.1675 16822.4 1.36739e+09
0.17 18115.6 1.40758e+09
0.1725 19536.2 1.44949e+09
0.175 21101.9 1.4933e+09
0.1775 22833.2 1.5392e+09
0.18 24754.7 1.5874e+09
0.1825 26896.2 1.63817e+09
0.185 29293 1.6918e+09
0.1875 31988.8 1.74863e+09
0.19 35037 1.80905e+09
0.1925 38503.7 1.87355e+09
0.195 42472.3 1.94267e+09
0.1975 47048.6 2.01711e+09
0.2 52369 2.09768e+09
0.2025 58612.1 2.18541e+09
0.205 66015.5 2.28157e+09
0.2075 1.37684e+06 2.38777e+09
0.21 5.5784e+11 5.60364e+11
0.2125 94840.6 2.63936e+09
0.215 116037 2.79125e+09
0.2175 137932 2.96705e+09
0.22 167136 3.17434e+09
0.2225 207628 3.42468e+09
0.225 266727 3.73673e+09
0.2275 359361 4.1431e+09
0.23 520832 4.70783e+09
0.2325 856372 5.58064e+09
0.235 1.84478e+06 7.23445e+09
0.2375 8.7347e+06 1.25416e+10
0.24 5.03513e+09 3.57235e+10
0.2425 2.04253e+06 7.42845e+09
0.245 66184.5 2.24331e+09
0.2475 3327.72 6.82371e+08
