TITLE="Graphics"
VARIABLES= "rj, cm", "F", "dT/dt" 
0 0.00244893 27.2144
0.0025 0.00244143 27.0899
0.005 0.00242047 26.7449
0.0075 0.00238345 26.1481
0.01 0.00232978 25.3094
0.0125 0.00225865 24.2405
0.015 0.00216915 22.9557
0.0175 0.00206059 21.4723
0.02 0.00193265 19.811
0.0225 0.00178568 17.9959
0.025 0.00162081 16.0545
0.0275 0.00143976 14.0177
0.03 0.00124424 11.9186
0.0325 0.0010345 9.79297
0.035 0.000807142 7.67875
0.0375 0.000540331 5.61731
0.04 0.00238243 3.65972
0.0425 27.6081 2.03259
0.045 66252.7 95.3193
0.0475 773476 54.8859
0.04775 1.11022e-16 1.6606e-08
0.05 7.13588 14.9138
0.0525 7.03298 11.9721
0.055 6.2747 9.56929
0.0575 5.42064 7.75978
0.06 4.64257 6.39463
0.0625 3.97767 5.34499
0.065 3.42105 4.52053
0.0675 2.95704 3.86018
0.07 2.56928 3.32233
0.0725 2.2436 2.87809
0.075 1.96845 2.50686
0.0775 1.7346 2.19361
0.08 1.53474 1.92711
0.0825 1.36301 1.69881
0.085 1.21474 1.50204
0.0875 1.08614 1.33158
0.09 0.974133 1.18322
0.0925 0.876201 1.05358
0.095 0.790264 0.939879
0.0975 0.714596 0.839842
0.1 0.647757 0.751565
0.1025 0.588538 0.673462
0.105 0.53592 0.604194
0.1075 0.489039 0.542629
0.11 0.447162 0.487802
0.1125 0.409661 0.43889
0.115 0.375999 0.395184
0.1175 0.345717 0.356074
0.12 0.318411 0.321032
0.1225 0.293742 0.289597
0.125 0.271407 0.261371
0.1275 0.251148 0.236003
0.13 0.232737 0.213187
0.1325 0.215979 0.192652
0.135 0.200702 0.17416
0.1375 0.186763 0.157504
0.14 0.1743 0.142498
0.1425 0.161928 0.129021
0.145 0.151509 0.116833
0.1475 0.141658 0.105847
0.15 0.132581 0.0959497
0.1525 0.124209 0.0870371
0.155 0.116485 0.0790149
0.1575 0.109346 0.0717988
0.16 0.102744 0.0653124
0.1625 0.096629 0.0594874
0.165 0.0909566 0.0542619
0.1675 0.0856909 0.0495799
0.17 0.0807919 0.0453903
0.1725 0.0762282 0.0416467
0.175 0.071968 0.0383057
0.1775 0.0679754 0.0353269
0.18 0.0636889 0.0326708
0.1825 0.0621725 0.0302545
0.185 0.0583137 0.0282006
0.1875 0.0552543 0.0264258
0.19 0.0524196 0.0249015
0.1925 0.0497865 0.0236051
0.195 0.0473402 0.0225188
0.1975 0.0450695 0.021629
0.2 0.0433307 0.0209264
0.2025 0.0399903 0.0204347
0.205 0.0385316 0.0200445
0.2075 0.0367784 0.0197852
0.21 0.0350986 0.0196524
0.2125 0.0334783 0.0196387
0.215 0.0319019 0.019733
0.2175 0.0303441 0.0199193
0.22 0.0287825 0.0201752
0.2225 0.0271777 0.0204694
0.225 0.0254491 0.0207586
0.2275 0.0237977 0.0209786
0.23 0.0218073 0.0210689
0.2325 0.0196899 0.0209251
0.235 0.0173678 0.0204252
0.2375 0.0148278 0.019421
0.24 0.0120782 0.0177382
0.2425 1.12947e+06 0.0151783
0.245 2.36507e+06 127696
0.2475 1.1097e+06 0.00654123
