TITLE="Graphics"
VARIABLES= "rj, cm", "F", "dT/dt" 
0 7.54054e-05 26.6281
0.0025 7.51642e-05 26.5054
0.005 7.44911e-05 26.1656
0.0075 7.33046e-05 25.5778
0.01 7.15906e-05 24.7522
0.0125 6.93288e-05 23.7006
0.015 6.64983e-05 22.4376
0.0175 6.30842e-05 20.9804
0.02 5.90841e-05 19.35
0.0225 5.45117e-05 17.5702
0.025 4.93982e-05 15.6685
0.0275 4.37869e-05 13.6751
0.03 3.77369e-05 11.623
0.0325 3.13577e-05 9.54746
0.035 2.49193e-05 7.48492
0.0375 1.93234e-05 5.471
0.04 38.3139 3.53258
0.0425 1.69279e+06 1.21033e+06
0.045 80.4997 105.231
0.0475 45283.5 82077.2
0.04775 5.49827e-05 2.25981e-08
0.05 1.35651 51.3963
0.0525 0.0767806 29.5235
0.055 0.275674 23.4456
0.0575 0.23505 19.2372
0.06 0.194051 16.0395
0.0625 0.162271 13.541
0.065 0.137332 11.5501
0.0675 0.117369 9.93865
0.07 0.101127 8.61744
0.0725 0.087742 7.52229
0.075 0.0766017 6.606
0.0775 0.0672621 5.83307
0.08 0.0593967 5.17617
0.0825 0.0527416 4.61382
0.085 0.0469617 4.12883
0.0875 0.0415811 3.70805
0.09 0.037289 3.34333
0.0925 0.0336185 3.02567
0.095 0.0303747 2.74734
0.0975 0.0274981 2.50219
0.1 0.0249462 2.28533
0.1025 0.0226838 2.09276
0.105 0.0206736 1.92115
0.1075 0.018883 1.76772
0.11 0.0172848 1.63013
0.1125 0.015853 1.50637
0.115 0.0145685 1.39473
0.1175 0.013412 1.29376
0.12 0.0123689 1.2022
0.1225 0.0114258 1.11896
0.125 0.0105718 1.04311
0.1275 0.00979601 0.973829
0.13 0.00909002 0.910409
0.1325 0.00844769 0.85223
0.135 0.0078603 0.79875
0.1375 0.00732391 0.749493
0.14 0.00683184 0.704037
0.1425 0.00638146 0.662013
0.145 0.00596651 0.623093
0.1475 0.00558565 0.586987
0.15 0.00523422 0.553435
0.1525 0.00491022 0.522208
0.155 0.00461082 0.493099
0.1575 0.00433381 0.465926
0.16 0.00407739 0.440523
0.1625 0.00383952 0.416742
0.165 0.00361915 0.39445
0.1675 0.0034139 0.373526
0.17 0.00322332 0.353863
0.1725 0.00304486 0.335361
0.175 0.00288011 0.317934
0.1775 0.00272522 0.301499
0.18 0.00258032 0.285984
0.1825 0.00244604 0.271323
0.185 0.00231902 0.257454
0.1875 0.00220062 0.244324
0.19 0.00208928 0.231884
0.1925 0.00198469 0.220088
0.195 0.00188656 0.208896
0.1975 0.00179348 0.198271
0.2 0.0017065 0.188182
0.2025 0.00162342 0.178598
0.205 0.00154554 0.169496
0.2075 0.00147149 0.160853
0.21 0.00140134 0.152649
0.2125 0.00133468 0.144869
0.215 0.00127099 0.137498
0.2175 0.00121058 0.130526
0.22 0.00115274 0.123944
0.2225 0.00109614 0.117748
0.225 0.0010409 0.111937
0.2275 0.000984896 0.10652
0.23 0.000927185 0.101517
0.2325 0.000864857 0.0969617
0.235 0.000795589 0.0929144
0.2375 0.000722022 0.0894653
0.24 0.000671301 0.086728
0.2425 0.000909284 0.0847339
0.245 0.00334464 0.0824797
0.2475 0.0174144 0.0710718
