TITLE="Graphics"
VARIABLES= "rj, cm", "F", "dT/dt" 
0 5.28899e-05 4.30196e-07
0.0025 1.32108e-05 4.67735e-07
0.005 3.25824e-06 4.29272e-07
0.0075 1.27885e-06 3.29897e-07
0.01 1.24907e-06 2.35799e-07
0.0125 5.11752e-06 1.64229e-07
0.015 4.3959e-06 2.41085e-08
0.0175 2.06184e-06 1.32005e-08
0.02 1.33258e-06 5.83925e-09
0.0225 5.89699e-08 9.69728e-10
0.025 2.03228e-09 4.65373e-10
0.0275 2.04357e-09 3.60738e-10
0.03 1.40897e-07 5.73522e-10
0.0325 6.57876e-07 1.28462e-09
0.035 1.60425e-07 8.09365e-09
0.0375 7.39401e-07 2.10197e-08
0.04 1.0201e-05 8.41237e-08
0.0425 7.53377e-06 3.99918e-07
0.045 9.34868e-05 5.19008e-08
0.0475 1.97394e-06 3.51112e-08
0.0475003 1.06859e-15 7.35711e-11
0.05 0.13035 0.797182
0.0525 4.93406 1.10181
0.055 7.39563 1.33547
0.0575 9.86246 1.52577
0.06 12.286 1.6859
0.0625 14.638 1.82327
0.065 16.9019 1.94254
0.0675 19.0679 2.04684
0.07 21.1307 2.13843
0.0725 23.0871 2.219
0.075 24.9359 2.28984
0.0775 26.677 2.352
0.08 28.3109 2.40631
0.0825 29.8386 2.45347
0.085 31.2617 2.49406
0.0875 32.5818 2.52859
0.09 33.8008 2.55749
0.0925 34.9207 2.58112
0.095 35.9436 2.59983
0.0975 36.8717 2.61391
0.1 625046 2.62362
0.1025 1.23192e+06 172.127
0.105 607581 2.63087
0.1075 39.6806 2.62882
0.11 40.1684 2.62325
0.1125 40.5752 2.61432
0.115 40.9032 2.6022
0.1175 41.1547 2.58703
0.12 41.3321 2.56895
0.1225 41.4378 2.54811
0.125 41.4739 2.52462
0.1275 41.4429 2.49861
0.13 41.347 2.4702
0.1325 41.1885 2.43949
0.135 40.9698 2.40661
0.1375 40.6929 2.37165
0.14 40.3602 2.33471
0.1425 39.974 2.2959
0.145 39.5363 2.25532
0.1475 39.0494 2.21305
0.15 38.5155 2.16919
0.1525 37.9366 2.12384
0.155 37.315 2.07707
0.1575 36.6526 2.02898
0.16 35.9516 1.97966
0.1625 35.214 1.92918
0.165 34.4418 1.87763
0.1675 33.6371 1.8251
0.17 32.8017 1.77165
0.1725 31.9376 1.71738
0.175 31.0467 1.66236
0.1775 30.1309 1.60666
0.18 29.192 1.55036
0.1825 28.2318 1.49354
0.185 27.2521 1.43627
0.1875 26.2547 1.37862
0.19 25.2413 1.32066
0.1925 24.2136 1.26246
0.195 23.1732 1.20409
0.1975 22.1217 1.14562
0.2 21.0608 1.08711
0.2025 19.9919 1.02863
0.205 18.9166 0.970246
0.2075 17.8365 0.912014
0.21 16.7528 0.853997
0.2125 15.6672 0.796256
0.215 14.5808 0.73885
0.2175 13.4952 0.681837
0.22 12.4116 0.625271
0.2225 11.3313 0.569209
0.225 10.2556 0.513703
0.2275 9.18561 0.458806
0.23 8.12261 0.404568
0.2325 7.06771 0.351038
0.235 6.02205 0.298265
0.2375 4.98671 0.246294
0.24 3.96275 0.195171
0.2425 2.95119 0.144939
0.245 1.95303 0.0956399
0.2475 0.969217 0.0473139
