TITLE="Graphics"
VARIABLES= "rj, cm", "F", "dT/dt" 
0 0.000344967 18.258
0.0025 0.000343495 18.1681
0.005 0.000339454 17.9195
0.0075 0.000332629 17.4905
0.01 0.000323514 16.8896
0.0125 0.000313028 16.1267
0.015 0.000302709 15.2118
0.0175 0.000294497 14.1537
0.02 0.000288913 12.9583
0.0225 0.000279905 11.6279
0.025 0.000247218 10.1706
0.0275 0.000159193 8.62755
0.03 2.23556e-05 7.11391
0.0325 1.79684e-05 5.80078
0.035 0.000493638 4.64912
0.0375 0.000364899 2.93235
0.04 0.0122277 1.82955
0.0425 0.0719324 14.2909
0.045 4.36004 105.461
0.0475 32031.1 9257.89
0.04775 6.93889e-17 2.02732e-08
0.05 5.24898 20.4379
0.0525 1.29754 11.0153
0.055 1.48133 6.80098
0.0575 1.34532 3.98732
0.06 1.13702 1.74106
0.0625 0.95311 0.13224
0.065 0.801486 1.71381
0.0675 0.680448 3.05552
0.07 0.58135 4.19829
0.0725 0.499688 5.1742
0.075 0.431718 6.00899
0.0775 0.374644 6.72346
0.08 0.326358 7.33454
0.0825 0.285238 7.85608
0.085 0.25002 8.29956
0.0875 0.219705 8.67454
0.09 0.193494 8.98905
0.0925 0.170739 9.24992
0.095 0.150916 9.46295
0.0975 0.13359 9.63314
0.1 0.118405 9.76485
0.1025 0.105063 9.86184
0.105 0.0933116 9.92744
0.1075 0.0829418 9.96459
0.11 0.0737754 9.97588
0.1125 0.0656592 9.96366
0.115 0.0584629 9.93
0.1175 0.0520763 9.8768
0.12 0.0464005 9.80576
0.1225 0.041355 9.71844
0.125 0.0368643 9.61625
0.1275 0.032868 9.5005
0.13 0.0293082 9.37238
0.1325 0.0261387 9.233
0.135 0.0233158 9.08336
0.1375 0.0208017 8.92441
0.14 0.0185637 8.75703
0.1425 0.0165738 8.58203
0.145 0.0148034 8.40016
0.1475 0.013231 8.21214
0.15 0.0118364 8.01861
0.1525 0.0105993 7.8202
0.155 0.00950573 7.61749
0.1575 0.00853939 7.41101
0.16 0.00768815 7.20126
0.1625 0.00693856 6.98873
0.165 0.0062829 6.77385
0.1675 0.00570891 6.55705
0.17 0.00520934 6.33872
0.1725 0.00477682 6.11921
0.175 978780 5.89888
0.1775 2.55877e+06 624732
0.18 956885 5.45701
0.1825 0.00358541 5.23606
0.185 0.00339604 5.01546
0.1875 0.00324064 4.79546
0.19 0.00311706 4.5763
0.1925 0.00302019 4.35819
0.195 0.00294911 4.14134
0.1975 0.00289953 3.92594
0.2 0.00286976 3.71216
0.2025 0.00285766 3.50019
0.205 0.00286149 3.29018
0.2075 0.00287826 3.08227
0.21 0.00290552 2.8766
0.2125 0.00294238 2.67329
0.215 0.00298457 2.47248
0.2175 0.00302714 2.27426
0.22 0.00306856 2.07872
0.2225 0.00309908 1.88596
0.225 0.00311797 1.69603
0.2275 0.00311877 1.50899
0.23 0.00311649 1.32488
0.2325 0.00315081 1.1437
0.235 0.00334983 0.965508
0.2375 0.0040154 0.790426
0.24 0.00575827 0.618848
0.2425 0.00942664 0.451775
0.245 0.0148558 0.291298
0.2475 0.0164227 0.14046
