TITLE="Graphics"
VARIABLES= "rj, cm", "F", "dT/dt" 
0 3.6513e-05 25.4599
0.0025 3.63871e-05 25.3411
0.005 3.60362e-05 25.0121
0.0075 3.54203e-05 24.4434
0.01 3.45362e-05 23.6452
0.0125 3.33784e-05 22.6297
0.015 3.19423e-05 21.4116
0.0175 3.0226e-05 20.0083
0.02 2.82327e-05 18.4408
0.0225 2.59726e-05 16.7326
0.025 2.3465e-05 14.9107
0.0275 2.07423e-05 13.0044
0.03 1.78563e-05 11.0455
0.0325 1.48921e-05 9.06688
0.035 1.19673e-05 7.10167
0.0375 8.96931e-06 5.18105
0.04 3.1819e-07 3.33692
0.0425 0.00573326 2.10018
0.045 1.33003 103.322
0.0475 12859.5 47145.5
0.04775 5.55112e-17 2.00547e-08
0.05 0.39063 16.9478
0.0525 0.036322 7.88771
0.055 0.123152 6.41929
0.0575 0.104334 5.40978
0.06 0.0874395 4.61519
0.0625 0.0738694 3.97188
0.065 0.0629462 3.44405
0.0675 0.0540631 3.00676
0.07 0.0467581 2.64134
0.0725 0.040689 2.3335
0.075 0.0356006 2.0722
0.0775 0.0313003 1.84885
0.08 0.0276417 1.65671
0.0825 0.0245094 1.49044
0.085 0.0218132 1.34579
0.0875 0.0194814 1.21933
0.09 0.0174551 1.10829
0.0925 0.0156877 1.0104
0.095 0.0141397 0.923771
0.0975 0.0127791 0.846851
0.1 0.0115794 0.778329
0.1025 0.0105182 0.717106
0.105 0.0095764 0.662247
0.1075 0.00873859 0.612956
0.11 0.00799064 0.568552
0.1125 0.00732189 0.528448
0.115 0.00672209 0.492137
0.1175 0.00618282 0.45918
0.12 0.00569719 0.429196
0.1225 0.00525787 0.401851
0.125 0.00486114 0.376855
0.1275 0.0045012 0.353952
0.13 0.00417402 0.332919
0.1325 0.00387621 0.313558
0.135 0.0036045 0.295696
0.1375 0.00335675 0.27918
0.14 0.00312968 0.263874
0.1425 0.00292137 0.249658
0.145 0.00273093 0.236426
0.1475 0.00255466 0.224083
0.15 0.0023936 0.212546
0.1525 0.00224437 0.20174
0.155 0.00210647 0.191598
0.1575 0.00197952 0.182061
0.16 0.0018618 0.173077
0.1625 0.00175283 0.164596
0.165 0.00165145 0.156577
0.1675 0.00155718 0.148982
0.17 0.00147015 0.141776
0.1725 0.00138862 0.134927
0.175 0.0013128 0.12841
0.1775 0.00124216 0.122198
0.18 0.00117593 0.116268
0.1825 0.00111447 0.110599
0.185 0.00105688 0.105174
0.1875 0.00100237 0.099974
0.19 0.000952046 0.0949847
0.1925 0.000904824 0.090192
0.195 0.000859899 0.0855822
0.1975 0.000818262 0.0811439
0.2 0.000778753 0.0768672
0.2025 0.00074163 0.0727413
0.205 0.000706923 0.0687593
0.2075 0.000673389 0.0649125
0.21 0.000642173 0.0611964
0.2125 1.07461e+06 0.0576067
0.215 1.01666e+07 8.03695e+06
0.2175 1.05373e+06 0.0508063
0.22 0.000528591 0.047605
0.2225 0.00050101 0.0445535
0.225 0.000472938 0.041675
0.2275 0.000444052 0.0390067
0.23 0.000412878 0.0366021
0.2325 0.000378349 0.0345362
0.235 0.000341 0.0329113
0.2375 0.000299093 0.0318599
0.24 0.000254237 0.031548
0.2425 0.000234691 0.0321623
0.245 0.000602498 0.0337128
0.2475 0.00494214 0.0334175
