TITLE="Graphics"
VARIABLES= "rj, cm", "F", "dT/dt" 
0 0.000260552 22.0379
0.0025 0.0002595 21.932
0.005 0.000256579 21.6388
0.0075 0.000251492 21.1326
0.01 0.000244278 20.4235
0.0125 0.000234971 19.5238
0.015 0.000223623 18.4478
0.0175 0.000210305 17.2128
0.02 0.000195125 15.8385
0.0225 0.000178231 14.3473
0.025 0.000159829 12.7636
0.0275 0.000140198 11.114
0.03 0.000119717 9.42641
0.0325 9.89098e-05 7.72935
0.035 7.83641e-05 6.05113
0.0375 5.66788e-05 4.41864
0.04 0.000394657 2.86085
0.0425 22.6711 2.13582
0.045 44062 105.027
0.0475 773757 59.9322
0.04775 1.38778e-17 1.88192e-08
0.05 1.32245 10.2733
0.0525 1.11475 8.01939
0.055 0.912525 6.51695
0.0575 0.761114 5.41218
0.06 0.645078 4.55278
0.0625 0.55207 3.8666
0.065 0.475499 3.31039
0.0675 0.411654 2.85401
0.07 0.358078 2.47529
0.0725 0.31291 2.15767
0.075 0.274662 1.88873
0.0775 0.242123 1.6591
0.08 0.214305 1.46163
0.0825 0.190406 1.29078
0.085 0.169774 1.14223
0.0875 0.151882 1.01254
0.09 0.136297 0.898914
0.0925 0.122667 0.799074
0.095 0.1107 0.711131
0.0975 0.100157 0.633505
0.1 0.0908372 0.564859
0.1025 0.0825734 0.504058
0.105 0.0752236 0.450128
0.1075 0.0686698 0.402233
0.11 692507 0.359649
0.1125 2.23711e+06 872563
0.115 673196 0.287983
0.1175 0.048593 0.257878
0.12 0.0447604 0.231015
0.1225 0.0412956 0.207027
0.125 0.0381588 0.185594
0.1275 0.0353162 0.166434
0.13 0.0327377 0.149303
0.1325 0.0303879 0.133992
0.135 0.0281978 0.120314
0.1375 0.0262423 0.108052
0.14 0.0244565 0.0970626
0.1425 0.0228133 0.0872245
0.145 0.0213038 0.0784214
0.1475 0.0199142 0.0705479
0.15 0.0186371 0.0635079
0.1525 0.0174591 0.057217
0.155 0.0163727 0.0515987
0.1575 0.015369 0.0465852
0.16 0.0144413 0.0421157
0.1625 0.0135822 0.0381362
0.165 0.012785 0.0345981
0.1675 0.0120471 0.0314576
0.17 0.0113591 0.0286761
0.1725 0.0107218 0.0262178
0.175 0.0101281 0.0240518
0.1775 0.00957842 0.0221509
0.18 0.00905248 0.0204932
0.1825 0.00857425 0.0190463
0.185 0.00812591 0.0177936
0.1875 0.00770412 0.0167184
0.19 0.00731105 0.0158038
0.1925 0.00694224 0.0150352
0.195 0.00659625 0.0144
0.1975 0.00627097 0.013886
0.2 0.00596429 0.0134816
0.2025 0.00568346 0.0131752
0.205 0.0054106 0.0129634
0.2075 0.00515398 0.0128347
0.21 0.00491257 0.0127793
0.2125 0.00468162 0.0127877
0.215 0.0044629 0.012849
0.2175 0.00425308 0.012952
0.22 0.00405245 0.0130837
0.2225 0.00385858 0.0132294
0.225 0.0036694 0.0133724
0.2275 0.00348149 0.0134918
0.23 0.00328785 0.0135601
0.2325 0.00307893 0.0135384
0.235 0.00284556 0.0133672
0.2375 0.00255623 0.01296
0.24 0.00219631 0.0121756
0.2425 0.00175173 0.010807
0.245 0.0012202 0.00857034
0.2475 0.000622962 0.00510616
