TITLE="Graphics"
VARIABLES= "rj, cm", "F", "dT/dt" 
0 1.51641e-09 24.7275
0.0025 6.37218e-10 24.6113
0.005 5.22732e-10 24.2895
0.0075 5.07434e-10 23.7334
0.01 4.85379e-10 22.9532
0.0125 4.56019e-10 21.9613
0.015 4.52069e-10 20.7724
0.0175 4.23295e-10 19.404
0.02 3.84624e-10 17.8767
0.0225 3.80627e-10 16.2141
0.025 3.2372e-10 14.4425
0.0275 2.73641e-10 12.5908
0.03 2.72136e-10 10.6895
0.0325 1.89765e-10 8.77059
0.035 1.73169e-10 6.86808
0.0375 3.7103e-08 5.02028
0.04 0.00668487 3.26171
0.0425 2.06755 3.27684
0.045 4841.59 4594.7
0.0475 1.51714e+06 151809
0.04775 2.08167e-17 8.42981e-07
0.05 0.103211 261.775
0.0525 0.274422 195.756
0.055 0.268344 157.281
0.0575 0.25707 130.271
0.06 0.242651 109.712
0.0625 0.226744 93.4275
0.065 0.210451 80.2277
0.0675 0.194459 69.3652
0.07 0.179169 60.3267
0.0725 0.164795 52.7399
0.075 0.151433 46.3249
0.0775 0.139107 40.8666
0.08 0.127794 36.196
0.0825 0.117447 32.1791
0.085 0.108005 28.7083
0.0875 0.0993999 25.6964
0.09 0.0915632 23.0719
0.0925 0.0844282 20.7765
0.095 0.0779309 18.7615
0.0975 0.0720118 16.9866
0.1 0.0666156 15.4181
0.1025 0.0616967 14.0273
0.105 0.0571645 12.7885
0.1075 0.0530636 11.6865
0.11 0.0493094 10.7017
0.1125 0.0458727 9.81924
0.115 0.0427231 9.0265
0.1175 0.0398332 8.31264
0.12 0.0371782 7.66835
0.1225 0.0347364 7.08561
0.125 0.0324882 6.55744
0.1275 0.0304158 6.07779
0.13 0.0285035 5.64136
0.1325 0.0267369 5.24353
0.135 0.0251031 4.88025
0.1375 0.0235906 4.54795
0.14 0.0221893 4.24349
0.1425 0.0208889 3.96409
0.145 0.0196816 3.70729
0.1475 0.0185594 3.47092
0.15 0.0175154 3.25304
0.1525 0.0165428 3.05192
0.155 0.0156366 2.86602
0.1575 0.0147909 2.69398
0.16 0.0140012 2.53454
0.1625 0.0132631 2.38662
0.165 0.012573 2.24922
0.1675 0.0119264 2.12144
0.17 0.0113212 2.00247
0.1725 0.010753 1.89159
0.175 0.0102203 1.78814
0.1775 0.00971979 1.69152
0.18 0.00924944 1.60119
0.1825 0.00880724 1.51667
0.185 0.00839072 1.43749
0.1875 0.00799856 1.36327
0.19 0.00762908 1.29362
0.1925 0.0072805 1.22822
0.195 0.00695151 1.16674
0.1975 0.00664096 1.10891
0.2 0.00634736 1.05448
0.2025 0.00606986 1.0032
0.205 0.00580711 0.954853
0.2075 0.00555872 0.909244
0.21 0.00532264 0.866179
0.2125 0.00509918 0.825478
0.215 0.00488652 0.786961
0.2175 0.00468409 0.750441
0.22 0.00449069 0.715715
0.2225 0.00430444 0.682538
0.225 0.00412446 0.650596
0.2275 0.00394784 0.619459
0.23 0.00377061 0.588502
0.2325 0.00358784 0.556788
0.235 0.00339149 0.52288
0.2375 0.00316772 0.484534
0.24 0.00289615 0.43822
0.2425 0.00254449 0.37836
0.245 0.00205957 0.296108
0.2475 0.0013603 0.177438
