TITLE="Graphics"
VARIABLES= "rj, cm", "F", "dT/dt" 
0 0.00013268 22.5276
0.0025 0.000132154 22.4197
0.005 0.000130693 22.121
0.0075 0.000128146 21.6054
0.01 0.000124529 20.8829
0.0125 0.000119857 19.9657
0.015 0.000114149 18.8686
0.0175 0.000107437 17.6087
0.02 9.97704e-05 16.206
0.0225 9.12169e-05 14.6831
0.025 8.18716e-05 13.0649
0.0275 7.18625e-05 11.3783
0.03 6.13619e-05 9.6521
0.0325 5.06009e-05 7.91559
0.035 3.98638e-05 6.19838
0.0375 2.87399e-05 4.52901
0.04 0.000466004 2.9369
0.0425 23.1621 2.12327
0.045 45965 104.096
0.0475 773807 59.3459
0.04775 3.46945e-17 1.86571e-08
0.05 0.66943 10.0153
0.0525 0.55459 8.02989
0.055 0.44706 6.72833
0.0575 0.369478 5.73236
0.06 0.312348 4.90844
0.0625 0.267875 4.21022
0.065 0.231781 3.61594
0.0675 0.201756 3.11041
0.07 0.176431 2.68073
0.0725 0.154891 2.31552
0.075 0.136467 2.00483
0.0775 0.12064 1.7401
0.08 0.10699 1.51408
0.0825 0.095176 1.32065
0.085 0.0849179 1.15472
0.0875 0.0759809 1.01199
0.09 0.0681708 0.888924
0.0925 0.061324 0.782527
0.095 0.0553043 0.690312
0.0975 0.0499963 0.610191
0.1 0.0453034 0.540411
0.1025 0.041142 0.479493
0.105 0.0374439 0.426191
0.1075 0.0341483 0.379448
0.11 0.0312045 0.338369
0.1125 0.0285688 0.302192
0.115 0.0262047 0.270266
0.1175 0.024079 0.242037
0.12 752857 0.21703
0.1225 3.27593e+06 1.79208e+06
0.125 732272 0.175138
0.1275 0.017439 0.157623
0.13 0.0161584 0.141979
0.1325 0.0149928 0.127995
0.135 0.0139283 0.11549
0.1375 0.0129551 0.104298
0.14 0.0120653 0.0942714
0.1425 0.0112508 0.0852814
0.145 0.010504 0.0772153
0.1475 0.00981854 0.0699739
0.15 0.00918801 0.063471
0.1525 0.00860796 0.0576306
0.155 0.00807275 0.052386
0.1575 0.00757879 0.0476784
0.16 0.00712234 0.0434555
0.1625 0.00669985 0.0396714
0.165 0.00630804 0.0362849
0.1675 0.00594499 0.0332594
0.17 0.00560768 0.0305624
0.1725 0.00529339 0.0281647
0.175 0.00500224 0.0260396
0.1775 0.00473218 0.0241648
0.18 0.00447306 0.0225228
0.1825 0.00423802 0.0210841
0.185 0.00401663 0.019835
0.1875 0.00380874 0.01876
0.19 0.00361402 0.0178435
0.1925 0.00343016 0.0170708
0.195 0.00325746 0.0164268
0.1975 0.00309865 0.0158954
0.2 0.00294457 0.01547
0.2025 0.00280021 0.0151346
0.205 0.00266441 0.0148757
0.2075 0.00253589 0.0146804
0.21 0.00241404 0.014536
0.2125 0.00229944 0.0144304
0.215 0.0021906 0.0143517
0.2175 0.00208811 0.0142889
0.22 0.0019915 0.0142317
0.2225 0.00189954 0.014171
0.225 0.0018113 0.0140979
0.2275 0.00172481 0.014002
0.23 0.00163567 0.0138674
0.2325 0.00153772 0.0136674
0.235 0.00142397 0.0133526
0.2375 0.00128624 0.012839
0.24 0.00110775 0.0119949
0.2425 0.000885523 0.0106138
0.245 0.000617651 0.0084082
0.2475 0.000315384 0.00501157
