TITLE="Graphics"
VARIABLES= "rj, cm", "F", "dT/dt" 
0 6.74908e-11 2.01207e-10
0.0025 3.05266e-12 2.26967e-10
0.005 2.15029e-11 2.19294e-10
0.0075 7.87744e-12 1.9862e-10
0.01 2.3998e-11 1.63531e-10
0.0125 2.42521e-11 1.73827e-10
0.015 9.11139e-12 1.30421e-10
0.0175 1.61017e-11 1.14198e-10
0.02 6.19279e-13 8.64532e-11
0.0225 3.64934e-11 3.98034e-11
0.025 4.57803e-11 6.50743e-11
0.0275 1.80915e-11 1.27558e-11
0.03 3.41884e-09 2.13376e-11
0.0325 9.25215e-08 4.64562e-10
0.035 5.10757e-07 4.98586e-09
0.0375 1.38882e-06 9.87638e-09
0.04 4.02331e-07 2.05187e-09
0.0425 1.06024e-06 1.32099e-08
0.045 6.54895e-06 9.75137e-08
0.0475 1.77383e-05 1.35154e-07
0.0475003 1.8735e-15 3.93207e-10
0.05 9.20474 4.24903
0.0525 6.67391 6.01595
0.055 6.4127 7.42377
0.0575 5.63669 8.61621
0.06 4.55911 9.65968
0.0625 3.30015 10.5903
0.065 1.9334 11.4302
0.0675 0.506742 12.1936
0.07 0.947218 12.8908
0.0725 2.40549 13.5291
0.075 3.85143 14.114
0.0775 5.2727 14.6499
0.08 6.66005 15.1404
0.0825 8.00646 15.5881
0.085 9.30657 15.9956
0.0875 10.5563 16.3648
0.09 11.7524 16.6974
0.0925 12.8927 16.995
0.095 13.9754 17.2588
0.0975 14.9992 17.4902
0.1 15.9634 17.6901
0.1025 16.8674 17.8596
0.105 17.7112 17.9996
0.1075 18.4947 18.111
0.11 19.2183 18.1947
0.1125 711205 18.2514
0.115 1.4049e+06 1430.01
0.1175 691402 18.2869
0.12 21.5236 18.2672
0.1225 21.9566 18.2235
0.125 22.3341 18.1565
0.1275 22.6573 18.0669
0.13 22.9273 17.9554
0.1325 23.1452 17.8226
0.135 23.3125 17.6692
0.1375 23.4303 17.496
0.14 23.5 17.3036
0.1425 23.523 17.0927
0.145 23.5006 16.8639
0.1475 23.4343 16.618
0.15 23.3254 16.3556
0.1525 23.1755 16.0774
0.155 22.9859 15.7841
0.1575 22.7581 15.4763
0.16 22.4937 15.1548
0.1625 22.1939 14.8202
0.165 21.8603 14.4733
0.1675 21.4944 14.1147
0.17 21.0975 13.745
0.1725 20.6712 13.365
0.175 20.2169 12.9754
0.1775 19.7359 12.5768
0.18 19.2297 12.1699
0.1825 18.6997 11.7554
0.185 18.1473 11.3339
0.1875 17.5738 10.9061
0.19 16.9806 10.4727
0.1925 16.3691 10.0344
0.195 15.7404 9.5917
0.1975 15.0961 9.14538
0.2 14.4372 8.69603
0.2025 13.7651 8.24431
0.205 13.081 7.79084
0.2075 12.3862 7.33624
0.21 11.6817 6.88113
0.2125 10.9689 6.42612
0.215 10.2488 5.97181
0.2175 9.52266 5.5188
0.22 8.79147 5.06766
0.2225 8.05636 4.61898
0.225 7.31839 4.17331
0.2275 6.57862 3.73122
0.23 5.83805 3.29325
0.2325 5.09769 2.85994
0.235 4.35852 2.43182
0.2375 3.62148 2.00939
0.24 2.88752 1.59317
0.2425 2.15754 1.18365
0.245 1.43243 0.781297
0.2475 0.713068 0.386596
