TITLE="Graphics"
VARIABLES= "rj, cm", "F", "dT/dt" 
0 1.93762e-09 1.98508e-08
0.0025 2.06791e-09 1.95258e-08
0.005 1.98799e-09 1.85922e-08
0.0075 1.81805e-09 1.7021e-08
0.01 1.63019e-09 1.49198e-08
0.0125 1.34864e-09 1.23796e-08
0.015 1.10037e-09 9.58819e-09
0.0175 8.37156e-10 6.67569e-09
0.02 5.54999e-10 3.77797e-09
0.0225 3.83742e-10 1.0295e-09
0.025 1.78142e-07 1.47683e-09
0.0275 2.57203e-06 1.85852e-08
0.03 1.02861e-06 8.70719e-08
0.0325 2.56121e-06 5.00867e-08
0.035 3.85493e-06 1.14836e-07
0.0375 8.42451e-06 2.96174e-07
0.04 4.19634e-05 5.37746e-08
0.0425 1.00167e-05 1.90598e-07
0.045 9.74362e-05 8.05001e-07
0.0475 0.000116606 3.31142e-06
0.0475003 0.000115748 1.86546e-10
0.05 15363.6 2.02417
0.0525 108798 2.77999
0.055 232420 207.986
0.0575 120771 3.82036
0.06 11.9173 4.20892
0.0625 13.452 4.54009
0.065 14.923 4.8259
0.0675 16.3383 5.07451
0.07 17.7025 5.29177
0.0725 19.0181 5.48205
0.075 20.2863 5.64872
0.0775 21.5076 5.79445
0.08 22.6818 5.9214
0.0825 23.8087 6.03135
0.085 24.8875 6.12578
0.0875 25.9176 6.20595
0.09 26.8981 6.27292
0.0925 27.8284 6.32762
0.095 28.7076 6.37086
0.0975 29.535 6.40334
0.1 30.3099 6.4257
0.1025 31.0317 6.43849
0.105 31.6999 6.44223
0.1075 32.314 6.43736
0.11 32.8736 6.4243
0.1125 33.3785 6.40344
0.115 33.8284 6.37513
0.1175 34.2233 6.3397
0.12 34.5631 6.29746
0.1225 34.848 6.2487
0.125 35.0781 6.19369
0.1275 35.2537 6.13269
0.13 35.3751 6.06596
0.1325 35.4428 5.99373
0.135 35.4572 5.91624
0.1375 35.419 5.8337
0.14 35.3289 5.74635
0.1425 35.1876 5.65438
0.145 34.996 5.55802
0.1475 34.755 5.45746
0.15 34.4654 5.3529
0.1525 34.1285 5.24456
0.155 33.7453 5.13261
0.1575 33.3169 5.01726
0.16 32.8446 4.8987
0.1625 32.3297 4.77712
0.165 31.7735 4.65271
0.1675 31.1774 4.52565
0.17 30.5429 4.39614
0.1725 29.8713 4.26436
0.175 29.1644 4.1305
0.1775 28.4235 3.99473
0.18 27.6503 3.85725
0.1825 26.8464 3.71823
0.185 26.0136 3.57785
0.1875 25.1534 3.4363
0.19 24.2677 3.29374
0.1925 23.3581 3.15037
0.195 22.4264 3.00634
0.1975 21.4745 2.86184
0.2 20.504 2.71704
0.2025 19.5168 2.5721
0.205 18.5147 2.4272
0.2075 17.4996 2.2825
0.21 16.4732 2.13816
0.2125 15.4374 1.99434
0.215 14.3941 1.85121
0.2175 13.345 1.70891
0.22 12.292 1.56761
0.2225 11.2369 1.42744
0.225 10.1816 1.28856
0.2275 9.12773 1.15111
0.23 8.07718 1.01522
0.2325 7.03169 0.881043
0.235 5.99303 0.748696
0.2375 4.96292 0.618313
0.24 3.94308 0.490015
0.2425 2.93519 0.363923
0.245 1.94091 0.24015
0.2475 0.961892 0.118807
