TITLE="Graphics"
VARIABLES= "rj, cm", "F", "dT/dt" 
0 3.89591e-11 21.1421
0.0025 2.74518e-11 21.0398
0.005 9.8126e-12 20.7568
0.0075 7.38964e-13 20.2684
0.01 2.11742e-12 19.5845
0.0125 3.37153e-12 18.7171
0.015 1.2907e-11 17.6806
0.0175 1.90106e-11 16.4918
0.02 8.81073e-12 15.17
0.0225 9.2637e-12 13.7371
0.025 1.02052e-11 12.2168
0.0275 1.23812e-12 10.6343
0.03 1.0381e-11 9.01544
0.0325 8.03091e-12 7.38004
0.035 1.7053e-12 5.71844
0.0375 2.91167e-09 3.97484
0.04 0.000746832 2.47372
0.0425 18.572 16.9666
0.045 33600.1 33472.3
0.0475 880244 685899
0.04775 1.38778e-17 6.27775e-06
0.05 0.0010373 65.9447
0.0525 0.00181265 39.8583
0.055 0.0019529 32.426
0.0575 0.00187293 27.0346
0.06 0.00176389 22.8381
0.0625 0.00164407 19.4856
0.065 0.00152227 16.7588
0.0675 0.00140365 14.5113
0.07 0.00129091 12.6395
0.0725 0.00118548 11.0676
0.075 0.00108805 9.73819
0.0775 0.000998306 8.60685
0.08 0.000916426 7.63871
0.0825 0.000841649 6.80599
0.085 0.000773508 6.08633
0.0875 0.000711617 5.46163
0.09 0.000655225 4.91707
0.0925 0.000604034 4.44051
0.095 0.000557493 4.02187
0.0975 0.00051505 3.65281
0.1 0.000476578 3.32634
0.1025 0.00044117 3.03661
0.105 0.00040918 2.77863
0.1075 0.000379691 2.54814
0.11 0.000353043 2.34186
0.1125 0.000328496 2.15664
0.115 0.000305774 1.98987
0.1175 0.00028521 1.83933
0.12 0.000266355 1.70309
0.1225 0.000248744 1.57952
0.125 0.000232686 1.46719
0.1275 0.000217853 1.36485
0.13 0.00020433 1.27142
0.1325 0.000191671 1.18596
0.135 0.000179779 1.10759
0.1375 0.000169211 1.03567
0.14 0.000159068 0.969502
0.1425 0.000149706 0.908535
0.145 0.000141224 0.852267
0.1475 0.000133171 0.80024
0.15 0.000125479 0.752084
0.1525 0.000118831 0.707437
0.155 0.000219557 0.666034
0.1575 0.000216765 0.627152
0.16 0.000100622 0.591338
0.1625 9.52501e-05 0.557907
0.165 9.02933e-05 0.526704
0.1675 8.56619e-05 0.49755
0.17 8.15534e-05 0.470279
0.1725 7.70776e-05 0.444743
0.175 7.37078e-05 0.420805
0.1775 6.97264e-05 0.398343
0.18 6.65684e-05 0.377243
0.1825 6.32227e-05 0.357404
0.185 6.03899e-05 0.338731
0.1875 5.76695e-05 0.321139
0.19 5.46712e-05 0.304551
0.1925 5.25198e-05 0.288893
0.195 5.00321e-05 0.274099
0.1975 4.77254e-05 0.26011
0.2 4.56152e-05 0.246869
0.2025 4.3746e-05 0.234324
0.205 8.14777e-05 0.222414
0.2075 8.06337e-05 0.211255
0.21 3.81402e-05 0.200524
0.2125 3.67828e-05 0.19035
0.215 3.52124e-05 0.180692
0.2175 3.35225e-05 0.17152
0.22 3.24699e-05 0.162817
0.2225 3.09695e-05 0.154572
0.225 2.99125e-05 0.146764
0.2275 2.86401e-05 0.139391
0.23 2.75399e-05 0.132456
0.2325 2.63558e-05 0.125972
0.235 2.55259e-05 0.119969
0.2375 2.44207e-05 0.114516
0.24 2.35539e-05 0.109701
0.2425 2.27983e-05 0.105614
0.245 2.24928e-05 0.101646
0.2475 2.68365e-05 0.0902266
