TITLE="Graphics"
VARIABLES= "rj, cm", "F", "dT/dt" 
0 1.92922e-05 27.5603
0.0025 1.92347e-05 27.4347
0.005 1.90739e-05 27.0868
0.0075 1.87896e-05 26.4849
0.01 1.83764e-05 25.6386
0.0125 1.78274e-05 24.5598
0.015 1.71344e-05 23.2625
0.0175 1.62907e-05 21.7639
0.02 1.52925e-05 20.0846
0.0225 1.41415e-05 18.2487
0.025 1.28466e-05 16.2842
0.0275 1.14234e-05 14.2218
0.03 9.89057e-06 12.0951
0.0325 8.26193e-06 9.9401
0.035 6.53562e-06 7.79419
0.0375 35.0769 5.69692
0.04 5.31635e+06 4.83884e+06
0.0425 114.203 25.4815
0.045 64334.2 64221.7
0.0475 912346 749750
0.04775 6.245e-17 1.20518e-05
0.05 73.2386 20.0931
0.0525 45.5279 9.06772
0.055 37.1271 7.37834
0.0575 30.8722 6.2491
0.06 25.9932 5.37982
0.0625 22.0959 4.67412
0.065 18.9313 4.08689
0.0675 16.3297 3.59161
0.07 14.1696 3.1702
0.0725 12.3608 2.80922
0.075 10.8353 2.49829
0.0775 9.54039 2.22921
0.08 8.43479 1.99536
0.0825 7.48584 1.79137
0.085 6.66738 1.61284
0.0875 5.95827 1.45612
0.09 5.34131 1.31817
0.0925 4.80243 1.19642
0.095 4.33 1.08873
0.0975 3.9144 0.993241
0.1 3.54757 0.908392
0.1025 3.22279 0.832833
0.105 2.9344 0.765399
0.1075 2.67759 0.705089
0.11 2.4483 0.651032
0.1125 2.24306 0.602473
0.115 2.0589 0.558756
0.1175 1.89327 0.51931
0.12 1.74398 0.483637
0.1225 1.60912 0.451303
0.125 1.48705 0.421931
0.1275 1.37635 0.395192
0.13 1.27577 0.370802
0.1325 1.18421 0.348518
0.135 1.10072 0.328143
0.1375 1.02448 0.309564
0.14 0.954432 0.292846
0.1425 0.891027 0.272898
0.145 0.832077 0.258839
0.1475 0.77818 0.245373
0.15 0.728571 0.232679
0.1525 0.68285 0.220766
0.155 0.640659 0.209584
0.1575 0.601678 0.199079
0.16 0.565617 0.189197
0.1625 0.532217 0.179886
0.165 0.501246 0.171099
0.1675 0.472496 0.162793
0.17 0.445778 0.154927
0.1725 0.420922 0.147466
0.175 0.397775 0.140378
0.1775 0.376197 0.133631
0.18 0.356062 0.127198
0.1825 0.337257 0.121056
0.185 0.319677 0.115181
0.1875 0.303227 0.109552
0.19 0.287822 0.104151
0.1925 0.273384 0.0989605
0.195 0.259838 0.0939642
0.1975 0.247122 0.0891471
0.2 0.235174 0.0844979
0.2025 0.22394 0.0800028
0.205 0.213368 0.0756543
0.2075 0.203414 0.0714427
0.21 0.194033 0.0673635
0.2125 0.185187 0.0634139
0.215 0.176839 0.0595948
0.2175 0.168957 0.055911
0.22 0.161509 0.0523663
0.2225 0.154525 0.0489637
0.225 0.14776 0.0465603
0.2275 0.141515 0.0436279
0.23 0.135546 0.0410946
0.2325 0.12989 0.0390202
0.235 0.12453 0.0374992
0.2375 0.119447 0.0366594
0.24 0.114623 0.036656
0.2425 0.110041 0.037666
0.245 0.105591 0.0398402
0.2475 0.098381 0.041951
