TITLE="Graphics"
VARIABLES= "rj, cm", "F", "dT/dt" 
0 2.13627e-05 18.0627
0.0025 2.12736e-05 17.9737
0.005 2.10295e-05 17.7273
0.0075 2.0621e-05 17.3021
0.01 2.00841e-05 16.7063
0.0125 1.94795e-05 15.9491
0.015 1.88916e-05 15.0397
0.0175 1.83842e-05 13.9863
0.02 1.78571e-05 12.7948
0.0225 1.67855e-05 11.4719
0.025 1.41042e-05 10.0365
0.0275 9.0954e-06 8.54188
0.03 4.07801e-06 7.08815
0.0325 4.43094e-06 5.76397
0.035 47.2562 4.5262
0.0375 3.57824e+06 3.10038e+06
0.04 78.3735 4.53462
0.0425 22.0632 8.53214
0.045 41637.3 106.217
0.0475 773804 56.845
0.04775 6.245e-17 1.88633e-08
0.05 0.140118 8.35646
0.0525 0.112146 6.6379
0.055 0.0904401 5.62915
0.0575 0.0753879 4.92466
0.06 0.0637846 4.4033
0.0625 0.0544928 4.00783
0.065 0.0468649 3.70458
0.0675 0.0405207 3.47041
0.07 0.0352122 3.28839
0.0725 0.0307429 3.14618
0.075 0.0269578 3.0346
0.0775 0.023732 2.94678
0.08 0.0209662 2.87744
0.0825 0.0185822 2.82246
0.085 0.0165179 2.77853
0.0875 0.0147234 2.74303
0.09 0.013159 2.71381
0.0925 0.0117895 2.68918
0.095 0.0105883 2.66777
0.0975 0.00952986 2.64848
0.1 0.00859597 2.63043
0.1025 0.00776904 2.61293
0.105 0.00703478 2.59543
0.1075 0.00638132 2.57748
0.11 0.00579826 2.55873
0.1125 0.00527719 2.53891
0.115 0.00481014 2.51782
0.1175 0.00439112 2.49531
0.12 0.00401373 2.47125
0.1225 0.00367401 2.44557
0.125 0.00336738 2.41822
0.1275 0.00308997 2.38918
0.13 0.00283893 2.35843
0.1325 0.00261142 2.32599
0.135 0.00240475 2.29189
0.1375 0.00221688 2.25615
0.14 0.00204599 2.21882
0.1425 0.00189015 2.17996
0.145 0.00174824 2.13961
0.1475 0.00161862 2.09785
0.15 0.00150017 2.05474
0.1525 0.00139176 2.01034
0.155 0.00129278 1.96474
0.1575 0.00120183 1.91799
0.16 0.0011191 1.87018
0.1625 0.00104262 1.82137
0.165 0.000972585 1.77166
0.1675 0.000909002 1.7211
0.17 0.000849528 1.66977
0.1725 0.000796142 1.61776
0.175 0.000746026 1.56512
0.1775 0.000700992 1.51195
0.18 0.000658423 1.4583
0.1825 0.000620723 1.40424
0.185 0.000585011 1.34986
0.1875 0.000553063 1.29521
0.19 0.000522863 1.24037
0.1925 0.000495783 1.18539
0.195 0.00047058 1.13036
0.1975 0.000447693 1.07532
0.2 0.000426844 1.02033
0.2025 0.000407111 0.965472
0.205 0.000389652 0.910787
0.2075 0.000373132 0.856337
0.21 0.000358458 0.802176
0.2125 0.000344011 0.748355
0.215 0.000332045 0.694924
0.2175 0.000319238 0.641931
0.22 0.000308768 0.589416
0.2225 0.000297634 0.537421
0.225 0.000288162 0.48598
0.2275 0.000278259 0.435125
0.23 0.00026869 0.384882
0.2325 0.000258456 0.335268
0.235 0.000245604 0.28629
0.2375 0.000229409 0.237924
0.24 0.000204844 0.190105
0.2425 0.000171326 0.142695
0.245 0.000123285 0.0954599
0.2475 6.46956e-05 0.0480461
