TITLE="Graphics"
VARIABLES= "rj, cm", "F", "dT/dt" 
0 0.000633406 28.717
0.0025 0.000631702 28.5882
0.005 0.000626924 28.2311
0.0075 0.000618428 27.6128
0.01 0.000605991 26.7429
0.0125 0.000589302 25.6323
0.015 0.000567997 24.2948
0.0175 0.000541723 22.7468
0.02 0.000510195 21.0087
0.0225 0.000473276 19.1046
0.025 0.000431085 17.0627
0.0275 0.000384133 14.9149
0.03 0.000333485 12.6964
0.0325 0.000280803 10.4445
0.035 0.000227838 8.19704
0.0375 0.000171894 5.99057
0.04 0.00266607 3.86465
0.0425 29.2882 2.05862
0.045 72599.2 92.441
0.0475 773750 53.2323
0.04775 5.55112e-17 1.58157e-08
0.05 1.49883 17.4874
0.0525 1.5304 14.7803
0.055 1.40003 12.2511
0.0575 1.2326 10.197
0.06 1.07036 8.56414
0.0625 0.926183 7.2595
0.065 0.802257 6.20467
0.0675 0.697051 5.3408
0.07 0.608018 4.6248
0.0725 0.532574 4.02509
0.075 0.468429 3.51824
0.0775 0.413654 3.08656
0.08 0.366665 2.71649
0.0825 0.326165 2.39747
0.085 0.291102 2.12113
0.0875 0.260615 1.88076
0.09 0.234001 1.67092
0.0925 0.210679 1.48714
0.095 0.190172 1.32573
0.0975 0.172085 1.18359
0.1 0.156095 1.05815
0.1025 0.14194 0.947205
0.105 0.12942 0.848943
0.1075 0.118396 0.761844
0.11 0.110765 0.684699
0.1125 0.0958484 0.617858
0.115 0.0903164 0.556552
0.1175 0.0832602 0.501625
0.12 0.0767685 0.452486
0.1225 0.0708379 0.408535
0.125 0.0654382 0.36921
0.1275 0.0605254 0.334002
0.13 0.056056 0.302453
0.1325 0.0519849 0.274161
0.135 0.0482733 0.248771
0.1375 0.044884 0.225967
0.14 0.0417853 0.205475
0.1425 0.0389471 0.187049
0.145 0.036344 0.170474
0.1475 0.0339542 0.155558
0.15 0.0317556 0.14213
0.1525 0.0297316 0.130041
0.155 0.0278645 0.119156
0.1575 0.0261418 0.109353
0.16 0.0245486 0.100528
0.1625 0.0230747 0.0925826
0.165 0.0217092 0.0854323
0.1675 0.0204426 0.079
0.17 963445 0.0732167
0.1725 2.38831e+06 485004
0.175 941469 0.0633557
0.1775 0.0162118 0.0591726
0.18 0.0153296 0.0554262
0.1825 0.0145082 0.0520765
0.185 0.0137406 0.0490873
0.1875 0.0130242 0.0464264
0.19 0.0123549 0.044065
0.1925 0.0117283 0.0419774
0.195 0.0111416 0.0401405
0.1975 0.0105919 0.0385335
0.2 0.0100748 0.0371378
0.2025 0.00958792 0.0359362
0.205 0.00912798 0.0349122
0.2075 0.00868969 0.0340497
0.21 0.00827048 0.0333318
0.2125 0.00786515 0.0327398
0.215 0.00746911 0.0322517
0.2175 0.00707452 0.0318406
0.22 0.00667666 0.0314729
0.2225 0.00626776 0.0311055
0.225 0.0058395 0.0306837
0.2275 0.00538268 0.0301383
0.23 0.00488851 0.0293816
0.2325 0.00423637 0.0283054
0.235 0.00406373 0.0267256
0.2375 0.00331225 0.0246752
0.24 0.00266575 0.0219185
0.2425 0.00200192 0.0182688
0.245 0.00132695 0.0135315
0.2475 0.00065454 0.00750757
