TITLE="Graphics"
VARIABLES= "rj, cm", "F", "dT/dt" 
0 8.87827e-05 18.8696
0.0025 8.83945e-05 18.7771
0.005 8.73211e-05 18.5212
0.0075 8.54737e-05 18.0797
0.01 8.29102e-05 17.4618
0.0125 7.97389e-05 16.6785
0.015 7.61941e-05 15.7423
0.0175 7.28126e-05 14.6663
0.02 7.07638e-05 13.4617
0.0225 7.2021e-05 12.1323
0.025 7.75912e-05 10.6644
0.0275 7.94413e-05 9.02314
0.03 134.549 7.20108
0.0325 774757 774514
0.035 115.29 4.28253
0.0375 0.000179449 4.72813
0.04 0.00049327 6.16799
0.0425 22.2897 5.87822
0.045 42549.2 105.773
0.0475 773798 56.983
0.04775 6.245e-17 1.89243e-08
0.05 0.54979 8.34225
0.0525 0.440251 6.28955
0.055 0.356322 4.9361
0.0575 0.29789 3.91149
0.06 0.253326 3.10082
0.0625 0.217301 2.45097
0.065 0.187487 1.92635
0.0675 0.162588 1.50008
0.07 0.141752 1.15168
0.0725 0.123903 0.865879
0.075 0.108981 0.629638
0.0775 0.0962138 0.434055
0.08 0.0851604 0.271957
0.0825 0.0757293 0.13718
0.085 0.0675488 0.0252343
0.0875 0.0604263 0.067723
0.09 0.0542123 0.144765
0.0925 0.0487747 0.208439
0.095 0.0439976 0.26084
0.0975 0.0397889 0.303711
0.1 0.0360686 0.338502
0.1025 0.0327708 0.366428
0.105 0.0298399 0.388512
0.1075 0.0272281 0.405614
0.11 0.0248941 0.418464
0.1125 0.0228047 0.427681
0.115 0.0209288 0.433789
0.1175 0.0192413 0.43724
0.12 0.0177201 0.438414
0.1225 0.0163459 0.437642
0.125 0.0151017 0.435205
0.1275 0.0139739 0.431347
0.13 0.0129489 0.426275
0.1325 0.012016 0.420171
0.135 0.0111658 0.413189
0.1375 0.0103891 0.405466
0.14 0.00967857 0.397118
0.1425 0.00902816 0.388246
0.145 0.00843112 0.378938
0.1475 0.00788236 0.36927
0.15 0.00737807 0.35931
0.1525 0.00691292 0.349113
0.155 0.00648432 0.338732
0.1575 0.00608755 0.328209
0.16 0.00572187 0.317583
0.1625 0.00538217 0.306887
0.165 0.00506809 0.296148
0.1675 0.00477574 0.285394
0.17 0.00450494 0.274645
0.1725 0.00425247 0.263919
0.175 0.00401827 0.253235
0.1775 0.00379834 0.242604
0.18 0.00359521 0.232041
0.1825 0.00340375 0.221555
0.185 0.00322599 0.211156
0.1875 0.00305877 0.200851
0.19 0.0029032 0.190647
0.1925 0.00275619 0.18055
0.195 0.00261905 0.170565
0.1975 0.00248993 0.160695
0.2 0.00236855 0.150946
0.2025 0.0022538 0.141321
0.205 0.00214624 0.131823
0.2075 0.00204375 0.122455
0.21 0.00194718 0.113223
0.2125 0.0018546 0.104131
0.215 0.00176682 0.0951859
0.2175 0.00168262 0.0863952
0.22 0.00160183 0.0777689
0.2225 0.001524 0.0693184
0.225 0.00144874 0.0610574
0.2275 0.00137594 0.0530017
0.23 0.00130429 0.0451697
0.2325 0.00122947 0.0375849
0.235 0.00114904 0.0302827
0.2375 0.00105079 0.0233201
0.24 0.000925434 0.0167981
0.2425 0.000758802 0.0108856
0.245 0.000542819 0.00584728
0.2475 0.00028183 0.00206037
