TITLE="Graphics"
VARIABLES= "rj, cm", "F", "dT/dt" 
0 8.87572e-05 18.8635
0.0025 8.8369e-05 18.771
0.005 8.72961e-05 18.5152
0.0075 8.54495e-05 18.0738
0.01 8.28877e-05 17.4561
0.0125 7.97201e-05 16.6731
0.015 7.61833e-05 15.7371
0.0175 7.2819e-05 14.6613
0.02 7.07992e-05 13.4569
0.0225 7.20762e-05 12.1274
0.025 7.75562e-05 10.659
0.0275 7.90111e-05 9.0177
0.03 4.42541e-05 7.19801
0.0325 7.49632e-05 5.4033
0.035 0.000240122 4.29908
0.0375 0.000173789 4.74029
0.04 0.00212293 6.14492
0.0425 22.1805 5.74192
0.045 42427.9 105.93
0.0475 773803 61.3967
0.04775 1.17961e-16 1.89684e-08
0.05 0.528335 8.71408
0.0525 0.457899 6.04902
0.055 0.373192 4.49365
0.0575 0.307287 3.47979
0.06 0.256902 2.74935
0.0625 0.217972 2.18484
0.065 0.187029 1.73095
0.0675 0.161833 1.35838
0.07 0.140943 1.0493
0.0725 0.123347 0.791482
0.075 0.108829 0.575516
0.0775 0.095594 0.395949
0.08 0.0850526 0.244324
0.0825 0.0755802 0.117641
0.085 0.0674651 0.0116653
0.0875 0.060367 0.0768242
0.09 0.054182 0.150553
0.0925 0.048763 0.211771
0.095 585035 0.262361
0.0975 3.27464e+06 2.11984e+06
0.1 568962 0.337748
0.1025 0.0327953 0.365003
0.105 0.0298679 0.386628
0.1075 0.0272582 0.403432
0.11 0.0249259 0.416105
0.1125 0.0228371 0.425233
0.115 0.0209611 0.431319
0.1175 0.0192736 0.434793
0.12 0.0177515 0.436026
0.1225 0.0163764 0.435334
0.125 0.0151312 0.432992
0.1275 0.0140023 0.429237
0.13 0.012976 0.424272
0.1325 0.012042 0.418277
0.135 0.0111902 0.411402
0.1375 0.0104124 0.403783
0.14 0.00970069 0.395535
0.1425 0.00904889 0.386758
0.145 0.00845046 0.37754
0.1475 0.00790119 0.367957
0.15 0.00739491 0.358076
0.1525 0.00692952 0.347955
0.155 0.00649928 0.337644
0.1575 0.00610208 0.327187
0.16 0.00573502 0.316623
0.1625 0.00539497 0.305986
0.165 0.00507944 0.295303
0.1675 0.00478693 0.284602
0.17 0.00451473 0.273905
0.1725 0.0042617 0.26323
0.175 0.00402632 0.252594
0.1775 0.0038067 0.242014
0.18 0.00360182 0.231501
0.1825 0.00340981 0.221067
0.185 0.00323101 0.210723
0.1875 0.00306379 0.200476
0.19 0.00290618 0.190334
0.1925 0.00275925 0.180306
0.195 0.00262099 0.170395
0.1975 0.00249175 0.160608
0.2 0.00236952 0.150949
0.2025 0.0022555 0.141421
0.205 0.00214794 0.132027
0.2075 0.00204725 0.122767
0.21 0.00195284 0.113643
0.2125 0.00186436 0.104653
0.215 0.00178048 0.0957945
0.2175 0.00170334 0.0870645
0.22 0.00162764 0.0784582
0.2225 0.00155661 0.0699739
0.225 0.00148577 0.0616112
0.2275 0.00141273 0.0533771
0.23 0.00133409 0.0452922
0.2325 0.00124539 0.0373972
0.235 0.00113968 0.0297629
0.2375 0.00101232 0.0225039
0.24 0.000857554 0.0157888
0.2425 0.000673059 0.00985141
0.245 0.00046105 0.00499323
0.2475 0.000231336 0.00157598
