TITLE="Graphics"
VARIABLES= "rj, cm", "F", "dT/dt" 
0 8.26442e-07 5.6247e-09
0.0025 3.07638e-07 7.03338e-09
0.005 1.57108e-07 7.62384e-09
0.0075 1.01703e-08 6.74105e-09
0.01 1.322e-07 3.94805e-09
0.0125 9.20354e-08 8.52449e-10
0.015 7.26858e-09 5.67294e-10
0.0175 2.78113e-08 6.12119e-10
0.02 1.63846e-07 1.5234e-09
0.0225 6.09201e-07 6.87084e-09
0.025 1.35559e-06 2.24902e-08
0.0275 1.32318e-06 4.97833e-08
0.03 1.03822e-06 5.49315e-08
0.0325 1.63254e-07 2.19255e-08
0.035 1.4891e-06 6.60686e-08
0.0375 4.38196e-06 1.29965e-09
0.04 2.32186e-06 7.57753e-08
0.0425 1.47517e-05 2.09004e-07
0.045 6.39593e-05 4.58413e-07
0.0475 3.7529e-08 4.52416e-07
0.0475003 1.46411e-15 4.09064e-10
0.05 10.4591 4.42832
0.0525 6.36132 6.2005
0.055 5.33078 7.59254
0.0575 3.68728 8.75529
0.06 1.68697 9.75953
0.0625 0.524191 10.6444
0.065 2.856 11.4339
0.0675 5.24931 12.1441
0.07 7.66353 12.7863
0.0725 10.0698 13.3688
0.075 12.447 13.898
0.0775 14.7793 14.3787
0.08 17.0547 14.8151
0.0825 19.2638 15.2103
0.085 21.3994 15.567
0.0875 23.4558 15.8874
0.09 25.4286 16.1736
0.0925 27.3141 16.4272
0.095 29.1096 16.6496
0.0975 30.813 16.8421
0.1 32.4227 17.006
0.1025 33.9375 17.1423
0.105 35.3567 17.2518
0.1075 36.6797 17.3356
0.11 37.9065 17.3944
0.1125 39.037 17.4289
0.115 40.0716 17.44
0.1175 41.0107 17.4283
0.12 41.855 17.3945
0.1225 42.6052 17.3391
0.125 782740 17.263
0.1275 1.54608e+06 744.92
0.13 761608 17.0506
0.1325 44.687 16.9155
0.135 44.984 16.762
0.1375 45.1944 16.5907
0.14 45.3199 16.4021
0.1425 45.3622 16.1967
0.145 45.323 15.9753
0.1475 45.2043 15.7384
0.15 45.0078 15.4865
0.1525 44.7356 15.2202
0.155 44.3898 14.9402
0.1575 43.9724 14.647
0.16 43.4855 14.3412
0.1625 42.9314 14.0235
0.165 42.3123 13.6943
0.1675 41.6305 13.3544
0.17 40.8884 13.0042
0.1725 40.0882 12.6445
0.175 39.2323 12.2758
0.1775 38.3232 11.8988
0.18 37.3634 11.514
0.1825 36.3552 11.1221
0.185 35.3012 10.7236
0.1875 34.2038 10.3192
0.19 33.0656 9.90947
0.1925 31.8892 9.49504
0.195 30.677 9.07651
0.1975 29.4315 8.65449
0.2 28.1554 8.22957
0.2025 26.8511 7.80235
0.205 25.5213 7.37342
0.2075 24.1683 6.94338
0.21 22.7948 6.51281
0.2125 21.4032 6.08229
0.215 19.996 5.65239
0.2175 18.5757 5.22367
0.22 17.1448 4.79669
0.2225 15.7057 4.37202
0.225 14.2608 3.95017
0.2275 12.8125 3.5317
0.23 11.3631 3.11713
0.2325 9.91492 2.70696
0.235 8.4703 2.3017
0.2375 7.03145 1.90184
0.24 5.6006 1.50787
0.2425 4.1799 1.12025
0.245 2.77149 0.739439
0.2475 1.37744 0.365879
