TITLE="Graphics"
VARIABLES= "rj, cm", "F", "dT/dt" 
0 1.503e-10 3.37467e-09
0.0025 1.35505e-10 3.35988e-09
0.005 2.54763e-10 3.28694e-09
0.0075 1.17635e-10 3.13095e-09
0.01 1.39179e-10 2.93625e-09
0.0125 1.72614e-10 2.71106e-09
0.015 1.42761e-10 2.4354e-09
0.0175 1.41459e-10 2.11366e-09
0.02 4.62246e-11 1.76564e-09
0.0225 1.45312e-10 1.43222e-09
0.025 3.91843e-11 1.04785e-09
0.0275 6.64043e-11 7.06134e-10
0.03 2.57497e-11 3.53225e-10
0.0325 8.21831e-11 1.90498e-11
0.035 68.9953 3.06796e-10
0.0375 486037 121.47
0.04 60.3619 3.1825e-08
0.0425 8.03868e-08 1.47182e-09
0.045 7.38852e-07 2.40776e-08
0.0475 6.49161e-06 2.34806e-07
0.0475003 5.48173e-16 2.6645e-10
0.05 5.89073 2.8851
0.0525 0.0627155 4.01029
0.055 2.33372 4.88139
0.0575 5.08151 5.59765
0.06 7.99623 6.20614
0.0625 10.9713 6.73309
0.065 13.9407 7.19485
0.0675 16.8616 7.60239
0.07 19.705 7.96354
0.0725 22.4509 8.28411
0.075 25.0851 8.56861
0.0775 27.5977 8.82059
0.08 29.9816 9.04294
0.0825 32.2318 9.23804
0.085 34.3453 9.40793
0.0875 36.3201 9.55432
0.09 38.1553 9.67871
0.0925 39.8509 9.78241
0.095 41.4076 9.8666
0.0975 42.8266 9.93233
0.1 44.1099 9.98055
0.1025 45.2595 10.0121
0.105 46.2782 10.0279
0.1075 47.1689 10.0286
0.11 47.9349 10.0149
0.1125 48.5796 9.98744
0.115 49.1067 9.94694
0.1175 49.5201 9.89395
0.12 49.8238 9.82905
0.1225 50.0219 9.75277
0.125 50.1186 9.66566
0.1275 50.118 9.56821
0.13 50.0244 9.46094
0.1325 49.8418 9.34431
0.135 49.5746 9.21879
0.1375 49.2266 9.08484
0.14 48.8021 8.94291
0.1425 48.3051 8.79341
0.145 47.7394 8.63678
0.1475 47.1089 8.47342
0.15 46.4174 8.30375
0.1525 45.6685 8.12814
0.155 44.8659 7.947
0.1575 44.013 7.76069
0.16 43.1132 7.56958
0.1625 42.1698 7.37404
0.165 41.186 7.17442
0.1675 40.1648 6.97105
0.17 39.1092 6.76429
0.1725 38.0221 6.55446
0.175 36.9062 6.34187
0.1775 35.7643 6.12686
0.18 34.5988 5.90972
0.1825 33.4123 5.69075
0.185 32.207 5.47024
0.1875 30.9853 5.24849
0.19 29.7492 5.02578
0.1925 28.501 4.80236
0.195 27.2425 4.57852
0.1975 25.9756 4.3545
0.2 24.7022 4.13056
0.2025 23.424 3.90695
0.205 22.1425 3.68389
0.2075 20.8594 3.46163
0.21 19.5762 3.24039
0.2125 18.2942 3.02039
0.215 17.0149 2.80184
0.2175 15.7394 2.58495
0.22 14.4691 2.36992
0.2225 13.205 2.15694
0.225 11.9484 1.94621
0.2275 10.7002 1.73791
0.23 9.4614 1.53221
0.2325 8.23306 1.32929
0.235 7.01607 1.12931
0.2375 5.8113 0.93244
0.24 4.61961 0.738834
0.2425 3.4418 0.548644
0.245 2.27866 0.362014
0.2475 1.13096 0.179087
