TITLE="Graphics"
VARIABLES= "rj, cm", "F", "dT/dt" 
0 1.67059e-05 22.7273
0.0025 1.66403e-05 22.6186
0.005 1.64576e-05 22.3178
0.0075 1.61393e-05 21.7983
0.01 1.56869e-05 21.0704
0.0125 1.51021e-05 20.1462
0.015 1.43872e-05 19.0405
0.0175 1.35458e-05 17.7705
0.02 1.25839e-05 16.3563
0.0225 1.15096e-05 14.8205
0.025 1.03347e-05 13.1883
0.0275 9.07434e-06 11.4867
0.03 7.74966e-06 9.74461
0.0325 6.38805e-06 7.99186
0.035 5.01291e-06 6.25845
0.0375 3.77957e-06 4.57396
0.04 3.16191e-05 2.96199
0.0425 23.4924 2.26863
0.045 46796.3 103.571
0.0475 773803 59.7429
0.04775 4.16334e-17 1.81872e-08
0.05 0.0658209 14.551
0.0525 0.0629021 11.5133
0.055 0.0545891 9.19316
0.0575 0.0463652 7.48226
0.06 0.0393887 6.188
0.0625 0.0336757 5.17927
0.065 0.028993 4.37429
0.0675 0.0250957 3.72066
0.07 0.0218683 3.18219
0.0725 0.0191534 2.73438
0.075 0.0168454 2.35933
0.0775 0.0148711 2.04336
0.08 0.0131738 1.77576
0.0825 0.011709 1.54802
0.085 0.0104394 1.35336
0.0875 0.00933568 1.18629
0.09 0.00837233 1.04236
0.0925 0.00752881 0.917912
0.095 0.00678826 0.809957
0.0975 0.00613556 0.716019
0.1 622982 0.634042
0.1025 1.47304e+07 1.35028e+07
0.105 605624 0.49939
0.1075 0.00419068 0.444072
0.11 0.00383033 0.395336
0.1125 0.00350696 0.352318
0.115 0.00321761 0.31428
0.1175 0.00295713 0.280593
0.12 0.00272252 0.250718
0.1225 0.00251088 0.224193
0.125 0.00231939 0.200623
0.1275 0.00214583 0.179667
0.13 0.00198626 0.161021
0.1325 0.00184284 0.1444
0.135 0.00171229 0.129575
0.1375 0.00159307 0.116353
0.14 0.00148343 0.104562
0.1425 0.00138376 0.0940479
0.145 0.00129138 0.0846735
0.1475 0.00120724 0.0763167
0.15 0.0011296 0.0688707
0.1525 0.00105805 0.0622394
0.155 0.000992016 0.0563379
0.1575 0.000931229 0.051092
0.16 0.000874877 0.0464337
0.1625 0.000822679 0.0423035
0.165 0.000774343 0.038649
0.1675 0.000729702 0.0354229
0.17 0.000687954 0.032584
0.1725 0.00064912 0.0300902
0.175 0.000613281 0.0279082
0.1775 0.000579567 0.0260087
0.18 0.000548625 0.0243646
0.1825 0.000519152 0.0229522
0.185 0.000492024 0.0217485
0.1875 0.000466497 0.0207346
0.19 0.000442465 0.0198927
0.1925 0.00042045 0.019207
0.195 0.000399287 0.0186635
0.1975 0.00037953 0.0182487
0.2 0.000361752 0.0179515
0.2025 0.000343832 0.0177637
0.205 0.000327694 0.017676
0.2075 0.000312566 0.0176802
0.21 0.000297876 0.0177676
0.2125 0.000284199 0.0179315
0.215 0.000270743 0.0181624
0.2175 0.000258187 0.01845
0.22 0.000245761 0.0187791
0.2225 0.00023282 0.0191286
0.225 0.000220082 0.0194694
0.2275 0.000206355 0.0197582
0.23 0.000190831 0.0199342
0.2325 0.000174197 0.0199091
0.235 0.000155096 0.0195659
0.2375 0.000133484 0.0187537
0.24 0.000110069 0.0172855
0.2425 8.38992e-05 0.0149393
0.245 5.65696e-05 0.0114611
0.2475 2.76246e-05 0.00657679
