TITLE="Graphics"
VARIABLES= "rj, cm", "F", "dT/dt" 
0 9.66056e-06 27.624
0.0025 9.63193e-06 27.4983
0.005 9.55185e-06 27.1499
0.0075 9.4101e-06 26.547
0.01 9.20418e-06 25.6994
0.0125 8.93031e-06 24.6188
0.015 8.58445e-06 23.3191
0.0175 8.16301e-06 21.8177
0.02 7.66411e-06 20.1351
0.0225 7.08841e-06 18.2955
0.025 6.44026e-06 16.3266
0.0275 5.72775e-06 14.2595
0.03 4.96051e-06 12.1278
0.0325 4.14566e-06 9.96743
0.035 3.28746e-06 7.81584
0.0375 2.47682e-06 5.71223
0.04 1.13668e-05 3.69095
0.0425 0.00727929 3.16475
0.045 0.00494481 92.8961
0.0475 0.14835 55.6458
0.04775 6.93889e-18 1.59023e-08
0.05 1.27573e+07 1.27184e+07
0.0525 54457.4 14.1363
0.055 0.0222935 11.653
0.0575 0.0195024 9.65503
0.06 0.0168938 8.06938
0.0625 0.0146188 6.80175
0.065 0.0126794 5.77664
0.0675 0.0110365 4.93828
0.07 0.00964367 4.24577
0.0725 0.00845907 3.66878
0.075 0.00744762 3.18442
0.0775 0.00658021 2.77517
0.08 0.00583339 2.42736
0.0825 0.0051879 2.13022
0.085 0.00462766 1.87518
0.0875 0.00414004 1.65531
0.09 0.00371425 1.46501
0.0925 0.00334084 1.29969
0.095 0.00301284 1.15557
0.0975 0.00272365 1.02954
0.1 0.00246807 0.918993
0.1025 0.00224137 0.821758
0.105 0.00204019 0.736008
0.1075 0.00186018 0.660203
0.11 0.00170052 0.593035
0.1125 0.00155665 0.533394
0.115 0.0014279 0.480327
0.1175 0.00131181 0.433017
0.12 0.00120727 0.390758
0.1225 0.00111235 0.352938
0.125 0.0010263 0.319015
0.1275 0.000946911 0.2885
0.13 0.00088192 0.260931
0.1325 0.000924562 0.236163
0.135 0.000649922 0.217718
0.1375 0.000706789 0.197413
0.14 0.000662556 0.179106
0.1425 0.000615921 0.162754
0.145 0.000574035 0.148087
0.1475 0.000535969 0.134898
0.15 0.000501219 0.123024
0.1525 0.000469332 0.112325
0.155 0.000439786 0.102681
0.1575 0.00041296 0.0939863
0.16 0.000387678 0.0861492
0.1625 0.000364886 0.0790872
0.165 0.000343083 0.0727285
0.1675 0.000323426 0.0670082
0.17 0.000305026 0.0618682
0.1725 0.000287896 0.0572563
0.175 0.000271682 0.0531264
0.1775 0.000257146 0.0494357
0.18 0.000243229 0.0461472
0.1825 0.000230072 0.0432256
0.185 0.000218335 0.0406408
0.1875 0.000206803 0.0383647
0.19 0.000196295 0.0363719
0.1925 0.000186366 0.0346392
0.195 0.000177387 0.0331462
0.1975 0.000168261 0.0318733
0.2 0.00016017 0.0308029
0.2025 0.00015257 0.029919
0.205 0.000145357 0.0292044
0.2075 0.000138007 0.0286452
0.21 0.000131748 0.0282232
0.2125 0.000125295 0.0279228
0.215 0.00011893 0.0277232
0.2175 0.000113243 0.0276015
0.22 0.000106997 0.0275311
0.2225 9.89781e-05 0.0274761
0.225 7.80488e-05 0.0273418
0.2275 0.000102861 0.0266304
0.23 8.06555e-05 0.0262265
0.2325 7.0352e-05 0.0255636
0.235 6.21776e-05 0.0244796
0.2375 5.28652e-05 0.0228377
0.24 4.2798e-05 0.0204803
0.2425 3.17074e-05 0.0172233
0.245 2.09069e-05 0.0128646
0.2475 9.58821e-06 0.00719246
