TITLE="Graphics"
VARIABLES= "rj, cm", "F", "dT/dt" 
0 5.27047e-05 2.3351e-07
0.0025 3.38311e-05 4.28339e-07
0.005 3.72471e-05 7.04564e-07
0.0075 3.67471e-05 1.06143e-06
0.01 2.06327e-05 1.30039e-06
0.0125 1.42738e-06 1.20838e-06
0.015 4.52421e-06 9.27545e-07
0.0175 8.61771e-07 7.88498e-07
0.02 1.74739e-05 5.7082e-07
0.0225 1.27222e-05 1.64936e-07
0.025 1.75241e-05 4.42155e-09
0.0275 1.01926e-07 1.6577e-08
0.03 2.1868e-08 6.02447e-09
0.0325 2.77923e-08 1.37211e-09
0.035 2.02566e-08 2.53826e-09
0.0375 6.9669e-07 8.77815e-09
0.04 2.61467e-05 1.58398e-07
0.0425 0.000155124 1.19476e-06
0.045 0.000280322 0.000273248
0.0475 0.000441994 1.70731e-07
0.0475003 1.70003e-15 2.70033e-10
0.05 2.39267 2.94714
0.0525 3.42948 4.05072
0.055 4.46194 4.89356
0.0575 5.42675 5.57733
0.06 6.35499 6.15085
0.0625 7.25973 6.64167
0.065 8.14627 7.06707
0.0675 9.01622 7.43875
0.07 9.86936 7.76508
0.0725 10.7046 8.05229
0.075 11.5202 8.3052
0.0775 12.3146 8.52759
0.08 13.0858 8.72252
0.0825 13.8322 8.8925
0.085 14.5518 9.03964
0.0875 15.2433 9.16569
0.09 15.905 9.27218
0.0925 16.5358 9.36041
0.095 17.1343 9.43152
0.0975 17.6996 9.48651
0.1 18.2308 9.52628
0.1025 18.727 9.55162
0.105 19.1876 9.56325
0.1075 19.612 9.56183
0.11 20 9.54795
0.1125 20.351 9.52217
0.115 20.6651 9.48501
0.1175 741283 9.43694
0.12 1.46376e+06 724.602
0.1225 720855 9.30989
0.125 21.5503 9.23173
0.1275 21.6795 9.14436
0.13 21.7724 9.04813
0.1325 21.8294 8.94342
0.135 21.851 8.83058
0.1375 21.8377 8.70995
0.14 21.7901 8.58186
0.1425 21.7088 8.44664
0.145 21.5946 8.30463
0.1475 21.4481 8.15612
0.15 21.2702 8.00143
0.1525 21.0616 7.84088
0.155 20.8233 7.67477
0.1575 20.5561 7.5034
0.16 20.2609 7.32707
0.1625 19.9388 7.14607
0.165 19.5906 6.96071
0.1675 19.2175 6.77128
0.17 18.8203 6.57805
0.1725 18.4002 6.38134
0.175 17.9582 6.18141
0.1775 17.4954 5.97856
0.18 17.0128 5.77307
0.1825 16.5115 5.56521
0.185 15.9928 5.35527
0.1875 15.4576 5.14353
0.19 14.9071 4.93024
0.1925 14.3423 4.71569
0.195 13.7645 4.50015
0.1975 13.1748 4.28387
0.2 12.5742 4.06712
0.2025 11.964 3.85016
0.205 11.3451 3.63324
0.2075 10.7189 3.41662
0.21 10.0863 3.20053
0.2125 9.44845 2.98523
0.215 8.80654 2.77095
0.2175 8.16165 2.55792
0.22 7.51486 2.34638
0.2225 6.8673 2.13655
0.225 6.22003 1.92866
0.2275 5.57416 1.7229
0.23 4.93076 1.5195
0.2325 4.29091 1.31865
0.235 3.65566 1.12056
0.2375 3.02609 0.925408
0.24 2.40324 0.733384
0.2425 1.78816 0.544664
0.245 1.18189 0.359419
0.2475 0.585466 0.177812
