TITLE="Graphics"
VARIABLES= "rj, cm", "F", "dT/dt" 
0 2.8185e-09 1.14168e-08
0.0025 2.59182e-09 1.13021e-08
0.005 2.49961e-09 1.10084e-08
0.0075 2.45511e-09 1.05069e-08
0.01 2.30057e-09 9.81384e-09
0.0125 2.08935e-09 8.95039e-09
0.015 1.93697e-09 7.94938e-09
0.0175 1.63384e-09 6.82873e-09
0.02 1.36904e-09 5.64336e-09
0.0225 1.14132e-09 4.41803e-09
0.025 7.73448e-10 3.19008e-09
0.0275 5.81117e-10 2.0117e-09
0.03 2.29716e-10 9.02574e-10
0.0325 1.7617e-08 9.11365e-11
0.035 5.40849e-07 2.61513e-09
0.0375 2.34644e-06 2.2459e-08
0.04 1.39821e-05 6.64077e-08
0.0425 5.09491e-07 4.9514e-08
0.045 2.54567e-06 9.44573e-08
0.0475 1.82608e-05 8.31621e-07
0.0475003 3.19189e-16 1.02775e-11
0.05 1.34803 0.111495
0.0525 2.59707 0.155149
0.055 3.34318 0.189321
0.0575 178579 0.21781
0.06 365507 58.7162
0.0625 185507 0.264133
0.065 5.55304 0.283584
0.0675 5.94995 0.301178
0.07 6.29334 0.317206
0.0725 6.58655 0.331878
0.075 6.83265 0.345355
0.0775 7.03454 0.357758
0.08 7.195 0.369184
0.0825 7.31667 0.379711
0.085 7.4021 0.389399
0.0875 7.45376 0.398299
0.09 7.47402 0.406451
0.0925 7.4652 0.413889
0.095 7.42951 0.420642
0.0975 7.36909 0.426731
0.1 7.28602 0.432177
0.1025 7.18231 0.436995
0.105 7.05985 0.4412
0.1075 6.92052 0.444804
0.11 6.76607 0.447816
0.1125 6.59821 0.450246
0.115 6.41856 0.452103
0.1175 6.22867 0.453393
0.12 6.03002 0.454124
0.1225 5.82402 0.454303
0.125 5.61199 0.453936
0.1275 5.3952 0.45303
0.13 5.17484 0.451592
0.1325 4.95204 0.449629
0.135 4.72785 0.447148
0.1375 4.50326 0.444157
0.14 4.27919 0.440663
0.1425 4.05651 0.436676
0.145 3.83601 0.432204
0.1475 3.61842 0.427257
0.15 3.40443 0.421845
0.1525 3.19465 0.415978
0.155 2.98964 0.409668
0.1575 2.78992 0.402926
0.16 2.59594 0.395766
0.1625 2.4081 0.388199
0.165 2.22675 0.38024
0.1675 2.05221 0.371903
0.17 1.88474 0.363203
0.1725 1.72454 0.354154
0.175 1.57178 0.344773
0.1775 1.42661 0.335075
0.18 1.28912 0.325079
0.1825 1.15934 0.3148
0.185 1.03731 0.304256
0.1875 0.922999 0.293467
0.19 0.81636 0.282449
0.1925 0.71731 0.271221
0.195 0.625736 0.259804
0.1975 0.541496 0.248215
0.2 0.464424 0.236474
0.2025 0.394323 0.224602
0.205 0.330983 0.212617
0.2075 0.274157 0.20054
0.21 0.223593 0.18839
0.2125 0.179009 0.176187
0.215 0.140111 0.163952
0.2175 0.106589 0.151705
0.22 0.0781155 0.139464
0.2225 0.0543549 0.12725
0.225 0.0349588 0.115082
0.2275 0.0195687 0.102979
0.23 0.00781976 0.0909608
0.2325 0.000657264 0.0790451
0.235 0.00623953 0.0672505
0.2375 0.00930395 0.055595
0.24 0.0102248 0.0440961
0.2425 0.00938451 0.0327708
0.245 0.00715087 0.0216358
0.2475 0.00389114 0.010707
