TITLE="Graphics"
VARIABLES= "rj, cm", "F", "dT/dt" 
0 0.00034301 18.1376
0.0025 0.000341564 18.0482
0.005 0.000337603 17.801
0.0075 0.00033095 17.3743
0.01 0.000322153 16.7766
0.0125 0.000312175 16.0173
0.015 0.000302466 15.1059
0.0175 0.000294428 14.0507
0.02 0.000287229 12.8575
0.0225 0.000273089 11.5311
0.025 136.611 10.0866
0.0275 193748 193508
0.03 113.789 7.10099
0.0325 7.83659e-05 5.78075
0.035 0.000143028 4.53554
0.0375 0.00168547 3.24799
0.04 0.00458939 3.96746
0.0425 0.0839437 9.65001
0.045 4.33705 107.87
0.0475 31917.3 9223.39
0.04775 1.249e-16 2.11824e-08
0.05 5.29697 22.0378
0.0525 1.51466 13.9359
0.055 1.54477 10.2193
0.0575 1.36688 7.80468
0.06 1.15555 5.95841
0.0625 0.976025 4.47337
0.065 0.830073 3.2513
0.0675 0.710945 2.23074
0.07 0.612755 1.36922
0.0725 0.531094 0.636015
0.075 0.462994 0.00809221
0.0775 0.404275 0.532496
0.08 0.355602 0.999109
0.0825 0.313725 1.40312
0.085 0.277759 1.75352
0.0875 0.246718 2.05764
0.09 0.219801 2.32156
0.0925 0.196359 2.55033
0.095 0.175861 2.7482
0.0975 0.157871 2.91874
0.1 0.142027 3.065
0.1025 0.128027 3.18959
0.105 0.115623 3.29475
0.1075 0.104599 3.38243
0.11 0.094778 3.45429
0.1125 0.0860084 3.51183
0.115 0.0781583 3.55634
0.1175 0.0711192 3.58897
0.12 0.0647934 3.61073
0.1225 0.0590993 3.62253
0.125 0.0539656 3.6252
0.1275 0.0493295 3.61945
0.13 0.045138 3.60595
0.1325 0.0413425 3.58532
0.135 0.0379016 3.55809
0.1375 0.0347801 3.52477
0.14 0.0319447 3.48582
0.1425 0.029367 3.44167
0.145 0.0270222 3.39271
0.1475 0.0248874 3.33932
0.15 0.0229427 3.28182
0.1525 0.0211716 3.22055
0.155 0.0195557 3.1558
0.1575 0.0180839 3.08785
0.16 0.0167404 3.01698
0.1625 0.0155156 2.94341
0.165 0.0143984 2.8674
0.1675 0.01338 2.78917
0.17 0.012451 2.70894
0.1725 0.0116051 2.62689
0.175 0.0108338 2.54323
0.1775 0.0101321 2.45814
0.18 0.00949433 2.37179
0.1825 0.00891303 2.28436
0.185 0.00838719 2.196
0.1875 0.00790771 2.10687
0.19 0.00747579 2.01711
0.1925 0.00708331 1.92686
0.195 0.00672843 1.83627
0.1975 0.00640897 1.74546
0.2 0.00611979 1.65455
0.2025 0.00586108 1.56366
0.205 0.00562668 1.47291
0.2075 0.00541746 1.3824
0.21 0.00522989 1.29224
0.2125 0.00506117 1.20253
0.215 0.00491309 1.11336
0.2175 0.00478037 1.02481
0.22 0.00466335 0.936983
0.2225 0.00456078 0.849952
0.225 0.00446898 0.763795
0.2275 0.0043893 0.678586
0.23 0.00432834 0.594394
0.2325 0.00431546 0.51129
0.235 0.00444822 0.429363
0.2375 0.00497374 0.34878
0.24 0.00640739 0.269923
0.2425 0.00948712 0.193687
0.245 0.0140509 0.12189
0.2475 0.0150846 0.0571561
