TITLE="Graphics"
VARIABLES= "rj, cm", "F", "dT/dt" 
0 0.00148669 19.8592
0.0025 0.00148017 19.7624
0.005 0.00146238 19.4945
0.0075 0.00143153 19.0324
0.01 0.00138806 18.3856
0.0125 0.00133261 17.5658
0.015 0.00126618 16.5868
0.0175 0.00119063 15.4645
0.02 0.00110949 14.2164
0.0225 0.00102953 12.861
0.025 0.000962888 11.4152
0.0275 0.000929921 9.89079
0.03 0.000986545 8.28797
0.0325 0.00179215 6.57658
0.035 0.0114612 4.46077
0.0375 0.0605371 1.54407
0.04 0.370836 28.9314
0.0425 2.86456 83.2293
0.045 1.00248 69.794
0.0475 1.07375 40.1433
0.04775 1.38778e-17 6.53446e-09
0.05 2.67969 24.1202
0.0525 2.63246 29.7701
0.055 2.26952 33.9696
0.0575 1.84017 37.409
0.06 1.43458 40.307
0.0625 1.07972 42.7578
0.065 0.780135 44.816
0.0675 0.532077 46.5221
0.07 0.329186 47.9102
0.0725 0.164762 49.0107
0.075 0.0326334 49.8512
0.0775 0.0725825 50.4572
0.08 0.155459 50.8522
0.0825 0.219834 51.0576
0.085 0.268908 51.0931
0.0875 0.305352 50.9768
0.09 0.331386 50.7251
0.0925 0.348865 50.353
0.095 0.359338 49.8743
0.0975 0.364098 49.3015
0.1 0.364233 48.646
0.1025 0.360649 47.9181
0.105 0.35411 47.1272
0.1075 676101 46.282
0.11 1.47091e+06 138763
0.1125 657206 44.4587
0.115 0.309709 43.4941
0.1175 0.296123 42.502
0.12 0.282141 41.4878
0.1225 0.267974 40.4561
0.125 0.253797 39.411
0.1275 0.239747 38.3565
0.13 0.225938 37.2959
0.1325 0.212458 36.2323
0.135 0.199376 35.1684
0.1375 0.186743 34.1066
0.14 0.174598 33.049
0.1425 0.162967 31.9976
0.145 0.151864 30.954
0.1475 0.141299 29.9197
0.15 0.131272 28.8959
0.1525 0.121779 27.8837
0.155 0.112811 26.8842
0.1575 0.104356 25.898
0.16 0.096398 24.926
0.1625 0.088919 23.9686
0.165 0.0819024 23.0263
0.1675 0.0753254 22.0995
0.17 0.0691691 21.1885
0.1725 0.063412 20.2935
0.175 0.0580315 19.4147
0.1775 0.0530081 18.5521
0.18 0.0483198 17.7059
0.1825 0.0439468 16.8759
0.185 0.0398688 16.0622
0.1875 0.0360676 15.2647
0.19 0.0325237 14.4832
0.1925 0.0292225 13.7177
0.195 0.0261443 12.968
0.1975 0.0232778 12.2339
0.2 0.0206077 11.5152
0.2025 0.0181221 10.8117
0.205 0.0158106 10.1232
0.2075 0.0136648 9.44952
0.21 0.0116777 8.79035
0.2125 0.00984399 8.14548
0.215 0.00816003 7.51465
0.2175 0.0066258 6.8976
0.22 0.00524069 6.29408
0.2225 0.00400673 5.7038
0.225 0.00292777 5.1265
0.2275 0.00200588 4.56189
0.23 0.00124497 4.00966
0.2325 0.000644454 3.46953
0.235 0.000203541 2.94118
0.2375 8.66021e-05 2.42428
0.24 0.000238046 1.91851
0.2425 0.000273076 1.42354
0.245 0.000219754 0.939015
0.2475 0.000114679 0.464613
