TITLE="Graphics"
VARIABLES= "rj, cm", "F", "dT/dt" 
0 6.79378e-06 3.3632e-05
0.0025 6.55821e-06 3.30821e-05
0.005 6.02976e-06 3.15997e-05
0.0075 5.23151e-06 2.91836e-05
0.01 4.30575e-06 2.60758e-05
0.0125 3.38092e-06 2.25361e-05
0.015 2.54606e-06 1.88034e-05
0.0175 1.84568e-06 1.50726e-05
0.02 1.28659e-06 1.1486e-05
0.0225 8.51162e-07 8.13779e-06
0.025 5.10197e-07 5.08469e-06
0.0275 2.34717e-07 2.35968e-06
0.03 5.84029e-06 1.65194e-08
0.0325 0.000218105 2.78433e-06
0.035 0.000681305 4.47821e-06
0.0375 6.21755e-05 8.76001e-07
0.04 5.64438e-05 1.17844e-05
0.0425 0.00246265 2.69641e-05
0.045 0.0111251 0.000100893
0.0475 1.17642e-06 9.80481e-05
0.0475003 3.46945e-17 2.08776e-11
0.05 0.237606 0.231949
0.0525 1.11449 0.320158
0.055 1.57724 0.387883
0.0575 2.0236 0.443154
0.06 2.44906 0.489801
0.0625 2.85105 0.529973
0.065 3.22826 0.565012
0.0675 3.5802 0.595827
0.07 3.90687 0.623065
0.0725 4.20861 0.647208
0.075 4.48595 0.668626
0.0775 4.73955 0.687613
0.08 4.97015 0.704406
0.0825 5.17855 0.719199
0.085 5.36557 0.732154
0.0875 5.53207 0.743409
0.09 5.67887 0.753079
0.0925 5.80685 0.761268
0.095 5.91682 0.768062
0.0975 6.00962 0.773539
0.1 6.08606 0.777769
0.1025 6.14693 0.780813
0.105 6.19302 0.782727
0.1075 6.22507 0.783561
0.11 6.24383 0.783361
0.1125 6.25 0.782171
0.115 6.24429 0.780029
0.1175 6.22736 0.776974
0.12 6.19985 0.773038
0.1225 6.16239 0.768256
0.125 6.11559 0.762659
0.1275 6.06003 0.756277
0.13 5.99626 0.749138
0.1325 5.92483 0.741271
0.135 5.84624 0.732703
0.1375 5.761 0.72346
0.14 5.66959 0.713569
0.1425 5.57245 0.703054
0.145 5.47002 0.691941
0.1475 5.36273 0.680256
0.15 5.25098 0.668022
0.1525 5.13513 0.655264
0.155 5.01557 0.642006
0.1575 4.89264 0.628273
0.16 931226 0.614088
0.1625 1.83896e+06 193.083
0.165 909124 0.584461
0.1675 4.37364 0.569067
0.17 4.23854 0.553317
0.1725 4.10185 0.537236
0.175 3.96381 0.520847
0.1775 3.82465 0.504175
0.18 3.6846 0.487242
0.1825 3.54386 0.470074
0.185 3.40264 0.452693
0.1875 3.26113 0.435123
0.19 3.1195 0.417388
0.1925 2.97793 0.39951
0.195 2.83656 0.381515
0.1975 2.69556 0.363424
0.2 2.55505 0.345261
0.2025 2.41517 0.327049
0.205 2.27605 0.308809
0.2075 2.1378 0.290566
0.21 2.00053 0.27234
0.2125 1.86433 0.254154
0.215 1.7293 0.23603
0.2175 1.59553 0.217988
0.22 1.4631 0.200051
0.2225 1.33208 0.182238
0.225 1.20254 0.16457
0.2275 1.07455 0.147066
0.23 0.948149 0.129747
0.2325 0.823405 0.11263
0.235 0.700361 0.0957357
0.2375 0.579062 0.079081
0.24 0.459547 0.0626836
0.2425 0.341852 0.0465606
0.245 0.226014 0.0307285
0.2475 0.112057 0.0152032
