TITLE="Graphics"
VARIABLES= "rj, cm", "F", "dT/dt" 
0 0.00209083 22.119
0.0025 0.00208241 22.0127
0.005 0.00205904 21.7186
0.0075 0.00201834 21.2108
0.01 0.00196059 20.4995
0.0125 0.00188608 19.5969
0.015 0.00179519 18.5174
0.0175 0.0016885 17.2783
0.02 0.00156685 15.8993
0.0225 0.0014314 14.4027
0.025 0.00128378 12.8134
0.0275 0.00112619 11.1577
0.03 0.0009616 9.46367
0.0325 0.000794245 7.76013
0.035 0.000629236 6.07552
0.0375 0.000471658 4.43683
0.04 0.00152045 2.8685
0.0425 0.61973 1.22691
0.045 70.1661 107.033
0.0475 708589 38007.7
0.04775 1.38778e-16 2.08375e-08
0.05 19.3555 9.30662
0.0525 11.6321 8.36627
0.055 8.45668 6.89393
0.0575 6.86205 5.75818
0.06 5.76666 4.90051
0.0625 4.90153 4.22634
0.065 4.19271 3.67868
0.0675 3.60703 3.22457
0.07 3.12098 2.84319
0.0725 2.71548 2.52004
0.075 2.37501 2.24431
0.0775 2.08732 2.00759
0.08 1.84285 1.80326
0.0825 1.63389 1.62594
0.085 1.45423 1.47128
0.0875 1.29891 1.33571
0.09 1.16398 1.21632
0.0925 1.04626 1.11072
0.095 0.943135 1.01695
0.0975 0.852473 0.933361
0.1 0.772498 0.8586
0.1025 0.701723 0.791516
0.105 0.638902 0.731141
0.1075 0.582982 0.676649
0.11 0.53307 0.627338
0.1125 0.488404 0.582602
0.115 0.448336 0.54192
0.1175 0.412305 0.504841
0.12 0.379836 0.470973
0.1225 0.350508 0.439975
0.125 0.323967 0.411545
0.1275 0.299898 0.385423
0.13 0.278031 0.361376
0.1325 0.258126 0.339201
0.135 0.239978 0.318716
0.1375 0.223401 0.299761
0.14 0.208236 0.282194
0.1425 0.194341 0.265886
0.145 0.18159 0.250724
0.1475 0.169872 0.236605
0.15 0.159088 0.223439
0.1525 0.149149 0.211142
0.155 0.139974 0.199641
0.1575 0.131493 0.188868
0.16 0.123647 0.178765
0.1625 0.116378 0.169276
0.165 0.10964 0.160354
0.1675 0.103386 0.151952
0.17 0.0975728 0.144031
0.1725 0.092164 0.136553
0.175 0.0871243 0.129484
0.1775 0.0824248 0.122794
0.18 0.0780376 0.116454
0.1825 0.0739399 0.11044
0.185 0.0701062 0.104727
0.1875 0.0665196 0.0992957
0.19 0.0631594 0.0941251
0.1925 0.0600094 0.089198
0.195 0.0570535 0.0844977
0.1975 0.0542789 0.0800092
0.2 0.0516709 0.0757185
0.2025 0.0492192 0.0716126
0.205 0.0469126 0.0676795
0.2075 0.0447398 0.063908
0.21 0.0426969 0.0602876
0.2125 0.0407696 0.0568083
0.215 0.0389652 0.0534605
0.2175 0.0372819 0.0502339
0.22 0.0357431 0.0471164
0.2225 0.0343769 0.0440909
0.225 0.0332348 0.0411314
0.2275 0.0323831 0.0381966
0.23 0.0318943 0.0352224
0.2325 0.0318123 0.0321135
0.235 0.0320815 0.0287394
0.2375 0.0324151 0.0249403
0.24 0.03213 0.020561
0.2425 0.0299924 0.0155268
0.245 0.024372 0.00997932
0.2475 0.0140536 0.00445329
