TITLE="Graphics"
VARIABLES= "rj, cm", "F", "dT/dt" 
0 6.82591e-05 23.3294
0.0025 6.79971e-05 23.2183
0.005 6.72688e-05 22.911
0.0075 6.59976e-05 22.3802
0.01 6.41878e-05 21.6361
0.0125 6.18429e-05 20.6911
0.015 5.89688e-05 19.5598
0.0175 5.55778e-05 18.2597
0.02 5.16908e-05 16.811
0.0225 4.73385e-05 15.2367
0.025 4.25624e-05 13.5622
0.0275 3.74199e-05 11.8152
0.03 3.19934e-05 10.0253
0.0325 2.63699e-05 8.22311
0.035 2.05312e-05 6.43996
0.0375 1.44889e-05 4.70801
0.04 0.00028823 3.06103
0.0425 23.8817 2.06635
0.045 49269.9 102.638
0.0475 773802 59.6499
0.04775 3.46945e-17 1.80571e-08
0.05 0.260516 14.2115
0.0525 0.250779 11.0717
0.055 0.218832 8.70234
0.0575 0.18644 6.98607
0.06 0.158473 5.71711
0.0625 0.135294 4.75171
0.065 0.116202 3.99827
0.0675 0.100403 3.39791
0.07 0.0872303 2.91148
0.0725 0.0761636 2.51197
0.075 0.0668035 2.1801
0.0775 0.0588401 1.90171
0.08 0.0520299 1.66618
0.0825 0.046178 1.4654
0.085 0.041128 1.2931
0.0875 0.0367519 1.14434
0.09 0.0329446 1.01524
0.0925 0.0296203 0.902664
0.095 0.0267066 0.804095
0.0975 0.024144 0.717475
0.1 0.0218826 0.641114
0.1025 0.0198813 0.57361
0.105 0.0181033 0.51379
0.1075 0.0165217 0.460668
0.11 0.0151099 0.413413
0.1125 0.0138506 0.371318
0.115 0.0126965 0.333803
0.1175 0.0116809 0.300246
0.12 0.0107613 0.270223
0.1225 0.00992863 0.243347
0.125 0.00917431 0.219271
0.1275 0.00848981 0.197688
0.13 0.00786724 0.178328
0.1325 0.0073005 0.160951
0.135 0.00678281 0.145346
0.1375 0.00630989 0.131324
0.14 0.005876 0.118716
0.1425 0.00547737 0.107368
0.145 0.00510865 0.0971382
0.1475 0.00495793 0.087888
0.15 0.00430531 0.0802967
0.1525 0.0042098 0.0727796
0.155 0.00394229 0.0660759
0.1575 0.0036974 0.0600821
0.16 0.00347327 0.054717
0.1625 0.00326526 0.0499139
0.165 0.0030737 0.0456153
0.1675 0.00289569 0.0417715
0.17 0.00273086 0.0383382
0.1725 971205 0.0352772
0.175 5.809e+06 3.89014e+06
0.1775 949266 0.0301362
0.18 0.00217764 0.0279987
0.1825 0.00206244 0.0261157
0.185 0.0019546 0.024466
0.1875 0.00185368 0.0230302
0.19 0.00175945 0.0217912
0.1925 0.00167156 0.0207339
0.195 0.00158893 0.0198452
0.1975 0.0015117 0.0191136
0.2 0.00143889 0.0185293
0.2025 0.00137145 0.0180832
0.205 0.00130755 0.0177685
0.2075 0.00124694 0.0175784
0.21 0.0011904 0.0175066
0.2125 0.0011365 0.0175473
0.215 0.00108503 0.0176939
0.2175 0.000985791 0.0179367
0.22 0.00102816 0.0180803
0.2225 0.000928396 0.0184484
0.225 0.000875769 0.0188216
0.2275 0.000820288 0.0191545
0.23 0.000759076 0.0193816
0.2325 0.000692402 0.0194127
0.235 0.000615769 0.0191333
0.2375 0.000530268 0.0183893
0.24 0.000434595 0.0169916
0.2425 0.000331352 0.0147163
0.245 0.000221565 0.0113101
0.2475 0.000109294 0.00649827
