TITLE="Graphics"
VARIABLES= "rj, cm", "F", "dT/dt" 
0 0.000177461 18.8572
0.0025 0.000176685 18.7647
0.005 0.00017454 18.509
0.0075 0.000170849 18.0677
0.01 0.000165729 17.4502
0.0125 0.000159401 16.6674
0.015 0.000152344 15.7316
0.0175 0.000145652 14.6561
0.02 0.000141672 13.4518
0.0225 0.000144264 12.1222
0.025 0.000155031 10.6535
0.0275 0.000157118 9.01207
0.03 8.62899e-05 7.19489
0.0325 0.00015144 5.40869
0.035 0.000475112 4.31615
0.0375 0.000336002 4.75254
0.04 0.000957949 6.11721
0.0425 0.0434623 4.99879
0.045 5.15251 110.002
0.0475 43411.1 25181.1
0.04775 6.93889e-18 2.18462e-08
0.05 2.75422 23.671
0.0525 0.576463 14.8528
0.055 0.807271 11.9818
0.0575 0.709305 10.1443
0.06 0.596435 8.73105
0.0625 0.5036 7.59662
0.065 0.428563 6.6676
0.0675 0.367441 5.89659
0.07 0.317223 5.25024
0.0725 0.275427 4.7038
0.075 0.240678 4.2388
0.0775 0.21143 3.84033
0.08 0.186569 3.49662
0.0825 0.165414 3.19839
0.085 0.147219 2.93804
0.0875 0.131549 2.70949
0.09 0.117925 2.50771
0.0925 0.10606 2.32863
0.095 0.0956715 2.16888
0.0975 0.0865405 2.02567
0.1 0.0784842 1.8967
0.1025 0.0713528 1.78002
0.105 0.0650191 1.67402
0.1075 0.0593774 1.57734
0.11 0.0543377 1.48882
0.1125 0.0498237 1.40747
0.115 0.0457703 1.33246
0.1175 0.0421222 1.26308
0.12 0.0388316 1.1987
0.1225 0.0358563 1.1388
0.125 0.0331615 1.0829
0.1275 0.030715 1.03061
0.13 0.0284903 0.981569
0.1325 0.0264641 0.935477
0.135 0.0246144 0.892059
0.1375 0.0229236 0.851077
0.14 0.0213758 0.812319
0.1425 0.0199567 0.775597
0.145 0.0186529 0.740742
0.1475 0.0174535 0.707606
0.15 0.0163504 0.676056
0.1525 0.0153321 0.64597
0.155 0.014391 0.617241
0.1575 0.0135226 0.589772
0.16 0.0127174 0.563474
0.1625 0.0119717 0.538267
0.165 0.0112797 0.514079
0.1675 0.0106369 0.490844
0.17 0.010039 0.468502
0.1725 972588 0.446997
0.175 3.17066e+06 1.24631e+06
0.1775 950615 0.406306
0.18 0.00802865 0.38703
0.1825 0.00760735 0.368414
0.185 0.00721281 0.350423
0.1875 0.00684281 0.333022
0.19 0.00649746 0.316182
0.1925 0.00617272 0.299873
0.195 0.00586791 0.284068
0.1975 0.00558237 0.268744
0.2 0.00531293 0.253876
0.2025 0.00505999 0.239445
0.205 0.00482047 0.225429
0.2075 0.00459411 0.211813
0.21 0.0043807 0.198579
0.2125 0.00417665 0.185716
0.215 0.00398287 0.173213
0.2175 0.00379684 0.16106
0.22 0.00361887 0.149255
0.2225 0.00344793 0.137794
0.225 0.00328083 0.126679
0.2275 0.0031182 0.115917
0.23 0.00295688 0.105518
0.2325 0.00279452 0.0955018
0.235 0.00264348 0.0858946
0.2375 0.00257118 0.0767181
0.24 0.00284258 0.067909
0.2425 0.00426972 0.0590135
0.245 0.00844012 0.0482588
0.2475 0.0141436 0.0307585
