TITLE="Graphics"
VARIABLES= "rj, cm", "F", "dT/dt" 
0 0.0118024 3.47773e-05
0.0025 0.0121677 0.000105199
0.005 0.0181137 0.000255433
0.0075 0.0122953 0.000455192
0.01 0.0129946 0.000326249
0.0125 0.000610097 0.000150774
0.015 0.00023147 5.24137e-05
0.0175 0.00213643 3.85592e-06
0.02 2.76638e-05 3.31206e-06
0.0225 4.82858e-06 3.16853e-07
0.025 6.44969e-07 8.86984e-07
0.0275 9.79366e-07 1.58652e-06
0.03 1.02335e-06 1.73164e-06
0.0325 8.32838e-07 1.39336e-06
0.035 4.65961e-07 7.25801e-07
0.0375 8.08872e-06 6.5017e-08
0.04 0.000458392 2.77119e-06
0.0425 0.00624258 3.33287e-05
0.045 0.0733788 0.000763602
0.0475 0.105248 0.0173138
0.0475003 8.18789e-16 4.69327e-11
0.05 2.62917 0.463252
0.0525 5.45151 0.639595
0.055 7.11018 0.77327
0.0575 8.61062 0.880462
0.06 9.97789 0.969016
0.0625 11.2265 1.0434
0.065 12.3664 1.10647
0.0675 13.4059 1.16017
0.07 14.3515 1.20593
0.0725 15.2092 1.2448
0.075 15.9843 1.27765
0.0775 16.6818 1.30515
0.08 17.3059 1.32786
0.0825 17.861 1.34624
0.085 18.3509 1.36071
0.0875 18.7791 1.37161
0.09 19.1491 1.37923
0.0925 19.4641 1.38385
0.095 19.727 1.38571
0.0975 19.9409 1.385
0.1 20.1083 1.38194
0.1025 20.2319 1.37669
0.105 20.314 1.36941
0.1075 20.357 1.36025
0.11 20.3632 1.34935
0.1125 20.3345 1.33682
0.115 20.2729 1.3228
0.1175 20.1804 1.30738
0.12 20.0588 1.29066
0.1225 19.9098 1.27276
0.125 19.735 1.25374
0.1275 19.536 1.23371
0.13 808224 1.21273
0.1325 1.59612e+06 185.005
0.135 786753 1.16825
0.1375 18.5266 1.14489
0.14 18.2276 1.12086
0.1425 17.9123 1.09624
0.145 17.582 1.07107
0.1475 17.2376 1.04542
0.15 16.8803 1.01933
0.1525 16.511 0.992864
0.155 16.1307 0.966057
0.1575 15.7403 0.93896
0.16 15.3407 0.911616
0.1625 14.9327 0.884066
0.165 14.5171 0.856349
0.1675 14.0948 0.828504
0.17 13.6664 0.800565
0.1725 13.2326 0.772567
0.175 12.7942 0.744542
0.1775 12.3519 0.71652
0.18 11.9062 0.688532
0.1825 11.4578 0.660605
0.185 11.0072 0.632765
0.1875 10.5551 0.605038
0.19 10.1019 0.577447
0.1925 9.6483 0.550015
0.195 9.19466 0.522764
0.1975 8.74151 0.495713
0.2 8.28932 0.468881
0.2025 7.83852 0.442288
0.205 7.38954 0.41595
0.2075 6.94279 0.389883
0.21 6.49865 0.364102
0.2125 6.0575 0.338622
0.215 5.61969 0.313457
0.2175 5.18556 0.288618
0.22 4.75542 0.264118
0.2225 4.32957 0.239969
0.225 3.9083 0.21618
0.2275 3.49189 0.192761
0.23 3.08058 0.169722
0.2325 2.67462 0.147071
0.235 2.27424 0.124817
0.2375 1.87963 0.102966
0.24 1.49101 0.081526
0.2425 1.10857 0.0605036
0.245 0.732463 0.0399047
0.2475 0.362874 0.019735
