TITLE="Graphics"
VARIABLES= "rj, cm", "F", "dT/dt" 
0 0.00438305 23.4257
0.0025 0.0043663 23.3143
0.005 0.00431973 23.0059
0.0075 0.00423842 22.4733
0.01 0.00412262 21.7267
0.0125 0.00397251 20.7784
0.015 0.00378846 19.643
0.0175 0.0035712 18.3382
0.02 0.00332207 16.884
0.0225 0.00304299 15.3035
0.025 0.0027366 13.6223
0.0275 0.00240643 11.868
0.03 0.00205787 10.0705
0.0325 0.00169775 8.26037
0.035 0.0013246 6.469
0.0375 0.000945898 4.72842
0.04 0.00335224 3.07061
0.0425 23.1182 1.3454
0.045 50091.5 104.258
0.0475 773682 51.3888
0.04775 1.11022e-16 1.94633e-08
0.05 27.3911 1.76292
0.0525 20.9796 0.0648169
0.055 16.2101 0.406379
0.0575 13.0966 0.547246
0.06 10.9076 0.593856
0.0625 9.245 0.607639
0.065 7.91883 0.605721
0.0675 6.83223 0.594187
0.07 5.92859 0.576274
0.0725 5.17016 0.554259
0.075 4.52938 0.529875
0.0775 3.98501 0.504413
0.08 3.52024 0.478802
0.0825 3.12156 0.453676
0.085 2.77804 0.429443
0.0875 2.48078 0.406347
0.09 2.22249 0.384511
0.0925 1.99718 0.36398
0.095 1.7999 0.344743
0.0975 1.62654 0.326756
0.1 1.47369 0.309954
0.1025 1.33849 0.294261
0.105 1.21852 0.279598
0.1075 1.11175 0.265885
0.11 1.01648 0.253046
0.1125 0.931245 0.241008
0.115 0.85479 0.229703
0.1175 0.786048 0.219069
0.12 0.7241 0.20905
0.1225 0.668154 0.199593
0.125 0.617521 0.19065
0.1275 794236 0.18218
0.13 1.62505e+06 56941.7
0.1325 772983 0.166505
0.135 0.457256 0.159235
0.1375 0.425599 0.152306
0.14 0.396627 0.145693
0.1425 0.370072 0.139377
0.145 0.345705 0.133338
0.1475 0.32332 0.127558
0.15 0.302726 0.122022
0.1525 0.283751 0.116713
0.155 0.266245 0.111617
0.1575 0.250069 0.106721
0.16 0.235103 0.102011
0.1625 0.221239 0.0974761
0.165 0.208383 0.0931063
0.1675 0.196446 0.0888918
0.17 0.185354 0.0848237
0.1725 0.175035 0.0808939
0.175 0.165424 0.0770946
0.1775 0.156467 0.073419
0.18 0.14811 0.06986
0.1825 0.140307 0.0664116
0.185 0.133013 0.0630676
0.1875 0.126189 0.0598223
0.19 0.1198 0.0566704
0.1925 0.113813 0.0536067
0.195 0.108196 0.0506264
0.1975 0.102924 0.0477249
0.2 0.0979739 0.0448978
0.2025 0.0933198 0.042141
0.205 0.0889475 0.0394504
0.2075 0.0848398 0.0368219
0.21 0.0809883 0.0342509
0.2125 0.077385 0.0317323
0.215 0.0740296 0.0292594
0.2175 0.0709232 0.0268235
0.22 0.0680655 0.024413
0.2225 0.065455 0.0220129
0.225 0.0630662 0.019604
0.2275 0.0608446 0.0171641
0.23 0.0586784 0.0146707
0.2325 0.0563563 0.0121066
0.235 0.0535465 0.00947134
0.2375 0.0497616 0.00679895
0.24 0.0443849 0.00418394
0.2425 0.0367874 0.0018138
0.245 0.0265694 1.08732e-06
0.2475 0.0139347 0.000798096
