TITLE="Graphics"
VARIABLES= "rj, cm", "F", "dT/dt" 
0 0.000132159 22.4207
0.0025 0.000131633 22.3132
0.005 0.000130172 22.0158
0.0075 0.000127625 21.5022
0.01 0.00012401 20.7826
0.0125 0.000119341 19.8692
0.015 0.00011364 18.7767
0.0175 0.00010694 17.5222
0.02 9.92885e-05 16.1257
0.0225 9.07573e-05 14.6096
0.025 8.14422e-05 12.999
0.0275 7.14737e-05 11.3205
0.03 6.1026e-05 9.60271
0.0325 5.03211e-05 7.87487
0.035 3.95796e-05 6.16635
0.0375 3.02721e-05 4.50579
0.04 0.000429279 2.91517
0.0425 0.397328 1.79737
0.045 0.548272 104.79
0.0475 0.40518 60.5733
0.04775 1.38778e-17 1.85839e-08
0.05 0.578245 12.9295
0.0525 0.532803 10.018
0.055 0.452623 7.93787
0.0575 0.380287 6.44307
0.06 0.321445 5.32067
0.0625 0.274185 4.44552
0.065 0.235834 3.74491
0.0675 0.204269 3.17402
0.07 0.177975 2.70321
0.0725 0.155902 2.31163
0.075 0.137371 1.98412
0.0775 0.120571 1.7098
0.08 447919 1.47661
0.0825 2.40928e+06 1.52397e+06
0.085 437784 1.10943
0.0875 0.0759574 0.965039
0.09 0.0681217 0.841247
0.0925 0.0612591 0.734805
0.095 0.0552309 0.64303
0.0975 0.0499191 0.563696
0.1 0.0452253 0.494951
0.1025 0.0410652 0.435247
0.105 0.0373692 0.383284
0.1075 0.0340768 0.337968
0.11 0.0311363 0.298372
0.1125 0.0285043 0.263712
0.115 0.0261432 0.233323
0.1175 0.0240204 0.206635
0.12 0.0221079 0.183163
0.1225 0.0203808 0.162491
0.125 0.0188189 0.144261
0.1275 0.0174028 0.128167
0.13 0.0161173 0.113942
0.1325 0.0149473 0.101356
0.135 0.0138822 0.0902087
0.1375 0.0129784 0.0803278
0.14 0.0119598 0.0717144
0.1425 0.011216 0.0639463
0.145 0.01047 0.0570684
0.1475 0.00978468 0.0509798
0.15 0.00915439 0.0455906
0.1525 0.00857437 0.040823
0.155 0.00804058 0.0366089
0.1575 0.00754689 0.0328891
0.16 0.00709109 0.0296115
0.1625 0.00666947 0.0267301
0.165 0.00627882 0.0242046
0.1675 0.00591603 0.021999
0.17 0.00557961 0.0200815
0.1725 0.00526697 0.0184239
0.175 0.00497519 0.0170009
0.1775 0.00470399 0.0157902
0.18 0.00445142 0.0147713
0.1825 0.00421486 0.0139267
0.185 0.00399427 0.01324
0.1875 0.00378814 0.0126967
0.19 0.00359478 0.0122839
0.1925 0.00341388 0.0119898
0.195 0.00324422 0.0118039
0.1975 0.00308506 0.0117167
0.2 0.00293568 0.0117198
0.2025 0.00279553 0.0118054
0.205 0.0026633 0.0119671
0.2075 0.00253899 0.0121989
0.21 0.00242229 0.0124952
0.2125 0.00231077 0.012851
0.215 0.00219059 0.0132601
0.2175 0.00211841 0.0136883
0.22 0.00200463 0.0141808
0.2225 0.00190689 0.0146951
0.225 0.00180702 0.0152101
0.2275 0.0017025 0.0156929
0.23 0.00158771 0.0160944
0.2325 0.00145973 0.0163418
0.235 0.00131221 0.0163318
0.2375 0.00114204 0.0159225
0.24 0.000947331 0.0149286
0.2425 0.000738557 0.0131186
0.245 0.000497945 0.0102373
0.2475 0.00024787 0.00597316
