TITLE="Graphics"
VARIABLES= "rj, cm", "F", "dT/dt" 
0 0.149628 24.409
0.0025 0.14387 24.1459
0.005 0.127855 23.4421
0.0075 0.0999892 22.3255
0.01 0.0611665 20.9808
0.0125 0.013847 19.6576
0.015 0.0370295 18.6508
0.0175 0.083613 18.2625
0.02 0.115706 18.7385
0.0225 0.122676 20.1892
0.025 0.0966288 22.5104
0.0275 0.0361034 25.3335
0.03 0.0511296 28.0337
0.0325 0.147789 29.8212
0.035 0.230386 29.9084
0.0375 0.275797 27.7205
0.04 0.269257 23.0854
0.0425 0.21018 16.33
0.045 2.36131 8.2387
0.0475 14374.5 51.209
0.0475692 5.41413e-10 1.40962e-08
0.05 0.659255 85.9464
0.0525 0.356092 96.2546
0.055 0.243694 100.156
0.0575 0.135001 101
0.06 0.0284448 100.199
0.0625 0.0731543 98.454
0.065 0.1694 96.1545
0.0675 0.260257 93.5307
0.07 0.345931 90.7259
0.0725 0.426728 87.8322
0.075 0.502979 84.91
0.0775 0.575006 81.9996
0.08 0.643106 79.1279
0.0825 0.707538 76.3125
0.085 0.768528 73.565
0.0875 0.826268 70.8927
0.09 0.880918 68.2999
0.0925 0.932611 65.7885
0.095 0.981456 63.3591
0.0975 1.02754 61.0113
0.1 1.07093 58.7437
0.1025 1.11168 56.5546
0.105 1.14984 54.4419
0.1075 1.18543 52.4032
0.11 1.21848 50.436
0.1125 714342 48.5378
0.115 1.41112e+06 3855.08
0.1175 694189 44.9382
0.12 1.32558 43.2317
0.1225 1.34612 41.5842
0.125 1.36419 39.9932
0.1275 1.37979 38.4565
0.13 1.39293 36.9719
0.1325 1.40361 35.5373
0.135 1.41186 34.1505
0.1375 1.41768 32.8097
0.14 1.4211 31.513
0.1425 1.42213 30.2585
0.145 1.42081 29.0447
0.1475 1.41715 27.8698
0.15 1.41119 26.7322
0.1525 1.40297 25.6306
0.155 1.39252 24.5634
0.1575 1.37988 23.5293
0.16 1.36511 22.527
0.1625 1.34824 21.5552
0.165 1.32933 20.6128
0.1675 1.30844 19.6986
0.17 1.28563 18.8115
0.1725 1.26096 17.9504
0.175 1.23448 17.1144
0.1775 1.20628 16.3026
0.18 1.17642 15.5138
0.1825 1.14497 14.7474
0.185 1.11201 14.0024
0.1875 1.07761 13.2779
0.19 1.04186 12.5734
0.1925 1.00483 11.8878
0.195 0.966613 11.2207
0.1975 0.927284 10.5711
0.2 0.88693 9.93852
0.2025 0.84564 9.32225
0.205 0.803498 8.72167
0.2075 0.760595 8.13618
0.21 0.717017 7.56519
0.2125 0.672855 7.00814
0.215 0.628197 6.4645
0.2175 0.583132 5.93374
0.22 0.537749 5.41535
0.2225 0.492138 4.90887
0.225 0.446387 4.41381
0.2275 0.400583 3.92973
0.23 0.354815 3.45619
0.2325 0.309168 2.99277
0.235 0.263727 2.53907
0.2375 0.218579 2.0947
0.24 0.173804 1.65927
0.2425 0.129486 1.23243
0.245 0.0857044 0.813828
0.2475 0.0425379 0.403126
