TITLE="Graphics"
VARIABLES= "rj, cm", "F", "dT/dt" 
0 1.9788e-05 28.7027
0.0025 1.97348e-05 28.5739
0.005 1.95853e-05 28.2169
0.0075 1.93195e-05 27.5989
0.01 1.89306e-05 26.7292
0.0125 1.84086e-05 25.619
0.015 1.77425e-05 24.2819
0.0175 1.6921e-05 22.7346
0.02 1.59355e-05 20.9972
0.0225 1.47818e-05 19.0939
0.025 1.34635e-05 17.0529
0.0275 1.19969e-05 14.9062
0.03 1.04152e-05 12.6888
0.0325 8.7702e-06 10.4381
0.035 7.11457e-06 8.19189
0.0375 5.46548e-06 5.98665
0.04 3.56366e-05 3.8577
0.0425 30.6053 3.36729
0.045 72447.8 90.4186
0.0475 773807 54.1005
0.04775 2.77556e-17 1.52789e-08
0.05 0.0418798 18.4287
0.0525 0.0443567 15.7694
0.055 0.0411434 13.1609
0.0575 0.0365964 10.987
0.06 0.0320458 9.22865
0.0625 0.0279223 7.80776
0.065 0.0243253 6.65139
0.0675 0.0212333 5.70187
0.07 0.0185886 4.91529
0.0725 0.0163264 4.25842
0.075 0.0143873 3.70588
0.0775 0.0127204 3.23806
0.08 0.0112826 2.83967
0.0825 0.0100378 2.49859
0.085 0.00895685 2.20518
0.0875 0.00801535 1.95166
0.09 0.00719183 1.7317
0.0925 0.00647011 1.54013
0.095 0.00583556 1.3727
0.0975 0.00527609 1.22589
0.1 0.00478177 1.09677
0.1025 0.00434383 0.982878
0.105 0.00395663 0.882185
0.1075 0.0036142 0.792992
0.11 0.00331471 0.713921
0.1125 0.00305253 0.643915
0.115 0.0027343 0.582181
0.1175 0.00252832 0.526402
0.12 0.00233795 0.47619
0.1225 0.00215997 0.431094
0.125 0.00199694 0.390617
0.1275 0.00184789 0.354275
0.13 0.00171183 0.321627
0.1325 0.00158774 0.292272
0.135 0.00147496 0.265858
0.1375 0.00137139 0.242071
0.14 0.00127707 0.220636
0.1425 0.00119067 0.201309
0.145 0.00111139 0.183873
0.1475 0.00103816 0.168137
0.15 0.00097152 0.153932
0.1525 0.000909688 0.141107
0.155 0.000852613 0.129525
0.1575 0.000800206 0.119067
0.16 0.000751728 0.109625
0.1625 0.000706622 0.101103
0.165 0.000664756 0.0934126
0.1675 0.00062664 0.086477
0.17 0.000590081 0.0802269
0.1725 0.000557314 0.0745987
0.175 0.000525707 0.0695358
0.1775 0.00049732 0.0649876
0.18 0.000470369 0.0609083
0.1825 0.000444809 0.0572565
0.185 0.000421708 0.0539948
0.1875 0.000399762 0.0510895
0.19 0.000378813 0.048511
0.1925 0.000360268 0.046231
0.195 0.000341958 0.0442249
0.1975 0.000324882 0.04247
0.2 0.000309033 0.0409444
0.2025 0.000294043 0.0396284
0.205 0.000279518 0.0385024
0.2075 0.000266336 0.0375464
0.21 1.06774e+06 0.0367397
0.2125 1.81605e+07 1.60477e+07
0.215 1.04681e+06 0.0354783
0.2175 0.000215178 0.0349653
0.22 0.000202524 0.0344824
0.2225 0.000189918 0.0339796
0.225 0.000175539 0.0333984
0.2275 0.000161347 0.0326613
0.23 0.000145808 0.0316753
0.2325 0.000133865 0.0303311
0.235 0.000116308 0.0285725
0.2375 9.73561e-05 0.0262489
0.24 7.72617e-05 0.023192
0.2425 5.73288e-05 0.0192238
0.245 3.70256e-05 0.014159
0.2475 1.72898e-05 0.00781052
