TITLE="Graphics"
VARIABLES= "rj, cm", "F", "dT/dt" 
0 0.000126154 21.2178
0.0025 0.00012563 21.1152
0.005 0.000124176 20.8314
0.0075 0.000121648 20.3414
0.01 0.000118068 19.6553
0.0125 0.000113462 18.7852
0.015 0.00010786 17.7453
0.0175 0.000101309 16.5526
0.02 9.38705e-05 15.2264
0.0225 8.56326e-05 13.7885
0.025 7.67189e-05 12.2628
0.0275 6.73501e-05 10.6748
0.03 5.84076e-05 9.05076
0.0325 5.52295e-05 7.41402
0.035 7.53439e-05 5.76138
0.0375 4.80928e-05 3.98674
0.04 0.00151945 2.21376
0.0425 22.3085 3.83328
0.045 42687.1 105.718
0.0475 773785 59.7841
0.04775 9.71445e-17 1.89715e-08
0.05 0.704208 8.93103
0.0525 0.57606 6.97871
0.055 0.461318 5.79964
0.0575 0.379607 4.93447
0.06 0.319627 4.22994
0.0625 0.273122 3.63421
0.065 0.235631 3.12485
0.0675 0.204686 2.6882
0.07 0.17877 2.31371
0.0725 0.156855 1.9925
0.075 0.138188 1.71692
0.0775 0.122194 1.48039
0.08 0.108423 1.27722
0.0825 0.096514 1.10258
0.085 0.0861741 0.952324
0.0875 0.0771636 0.82294
0.09 0.0692837 0.711431
0.0925 0.0623714 0.61525
0.095 0.0562871 0.532233
0.0975 0.0509181 0.460531
0.1 0.0461676 0.398572
0.1025 0.0419638 0.345017
0.105 0.0382451 0.298754
0.1075 0.0348033 0.258882
0.11 0.0318464 0.224305
0.1125 0.0291771 0.194396
0.115 0.026769 0.168565
0.1175 0.0246002 0.146272
0.12 0.0226429 0.127049
0.1225 0.0208756 0.110488
0.125 0.0192749 0.0962364
0.1275 0.0178232 0.0839899
0.13 0.0165046 0.073483
0.1325 0.0153036 0.0644857
0.135 0.0142093 0.0567962
0.1375 0.0132107 0.0502395
0.14 0.0123094 0.0446645
0.1425 0.0114487 0.0399659
0.145 0.0106939 0.0359736
0.1475 0.00999034 0.0326158
0.15 0.00934147 0.0298052
0.1525 0.00874493 0.0274636
0.155 0.00819492 0.0255236
0.1575 0.00768721 0.0239266
0.16 0.0072188 0.0226216
0.1625 0.00678494 0.0215649
0.165 0.00638288 0.020718
0.1675 0.00601055 0.0200482
0.17 0.00565778 0.0195256
0.1725 0.00534952 0.0191122
0.175 0.00504372 0.0188121
0.1775 0.00476532 0.0185928
0.18 0.00450587 0.0184371
0.1825 0.00426369 0.0183316
0.185 0.00403773 0.0182637
0.1875 0.00382661 0.0182228
0.19 0.0036283 0.0181998
0.1925 0.00344254 0.018186
0.195 0.00326918 0.0181738
0.1975 0.00310511 0.0181569
0.2 0.00295223 0.0181292
0.2025 0.00280785 0.0180849
0.205 0.00267166 0.0180197
0.2075 0.00254179 0.0179278
0.21 0.0024203 0.0178028
0.2125 0.00231418 0.0176379
0.215 0.0022055 0.0174448
0.2175 0.00210378 0.0172176
0.22 0.00200956 0.0169528
0.2225 0.00191989 0.0166499
0.225 0.00183506 0.016309
0.2275 0.00175152 0.0159286
0.23 0.00166659 0.0155027
0.2325 0.00157329 0.0150142
0.235 0.00146418 0.014425
0.2375 1.12097e+06 0.0136615
0.24 4.2583e+06 2.03809e+06
0.2425 1.10102e+06 0.0110318
0.245 0.000650585 0.00867509
0.2475 0.000333621 0.00514727
