TITLE="Graphics"
VARIABLES= "rj, cm", "F", "dT/dt" 
0 0.000182198 19.423
0.0025 0.000181404 19.328
0.005 0.000179206 19.0654
0.0075 0.000175401 18.6123
0.01 0.000170063 17.9783
0.0125 0.000163301 17.1748
0.015 0.000155308 16.2152
0.0175 0.000146456 15.1146
0.02 0.000137555 13.8893
0.0225 0.000130801 12.5548
0.025 0.000133382 11.1198
0.0275 0.000167082 9.56732
0.03 0.000268176 7.79583
0.0325 0.000350448 5.52473
0.035 0.000282136 2.56299
0.0375 0.00256186 0.81754
0.04 0.00217131 6.78321
0.0425 0.0303793 17.3107
0.045 5.24457 101.36
0.0475 43968.3 25510.2
0.04775 6.93889e-17 2.03785e-08
0.05 3.19143 36.1262
0.0525 0.27992 23.0797
0.055 0.752585 18.9085
0.0575 0.688923 16.165
0.06 0.577687 13.9683
0.0625 0.483791 12.1453
0.065 0.408675 10.6131
0.0675 0.348335 9.31367
0.07 0.299327 8.20315
0.0725 0.259074 7.24721
0.075 0.225461 6.41876
0.0775 0.197452 5.69672
0.08 0.173763 5.06382
0.0825 0.153584 4.50616
0.085 0.136294 4.01249
0.0875 0.121394 3.5736
0.09 0.108477 3.18194
0.0925 0.0972321 2.83122
0.095 0.0874765 2.51622
0.0975 0.0788444 2.23242
0.1 0.0712395 1.97612
0.1025 0.0645278 1.74419
0.105 659972 1.53392
0.1075 2.40307e+06 1.1008e+06
0.11 641503 1.16943
0.1125 0.0442623 1.01151
0.115 0.0403716 0.867801
0.1175 0.0368117 0.737141
0.12 0.0336248 0.618592
0.1225 0.031016 0.511284
0.125 0.0290778 0.41403
0.1275 0.0269167 0.325165
0.13 0.0247118 0.243847
0.1325 0.0226886 0.169683
0.135 0.0208913 0.102336
0.1375 0.0193032 0.0414266
0.14 0.0178315 0.013463
0.1425 0.0165439 0.0627148
0.145 0.0153571 0.10673
0.1475 0.0142736 0.14587
0.15 0.0132811 0.180472
0.1525 0.0123708 0.210847
0.155 0.0115345 0.237282
0.1575 0.0107663 0.260046
0.16 0.0100594 0.279386
0.1625 0.00940852 0.295533
0.165 0.0088095 0.308704
0.1675 0.00825668 0.319099
0.17 0.00774831 0.326909
0.1725 0.0072784 0.332311
0.175 0.00684477 0.335474
0.1775 0.00644466 0.336555
0.18 0.00607571 0.335705
0.1825 0.00573443 0.333066
0.185 0.00541934 0.328771
0.1875 0.00512831 0.322951
0.19 0.00485931 0.315725
0.1925 0.00461152 0.30721
0.195 0.00438188 0.297518
0.1975 0.00416998 0.286754
0.2 0.00397361 0.275019
0.2025 0.00379355 0.262409
0.205 0.00362546 0.249019
0.2075 0.00347037 0.234934
0.21 0.00332667 0.220239
0.2125 0.00319164 0.205015
0.215 0.00306544 0.189333
0.2175 0.00294394 0.173265
0.22 0.00282731 0.156869
0.2225 0.00270959 0.140201
0.225 0.0025893 0.123299
0.2275 0.00246164 0.10619
0.23 0.00232394 0.0888832
0.2325 0.00217869 0.071365
0.235 0.00205332 0.0536073
0.2375 0.00206679 0.0355987
0.24 0.00262142 0.0174823
0.2425 0.00493015 2.15904e-05
0.245 0.0112811 0.0140217
0.2475 0.0199311 0.0172938
