TITLE="Graphics"
VARIABLES= "rj, cm", "F", "dT/dt" 
0 0.000713531 18.9672
0.0025 0.000710411 18.8742
0.005 0.000701778 18.6171
0.0075 0.000686899 18.1736
0.01 0.000666189 17.5529
0.0125 0.000640394 16.7661
0.015 0.000611085 15.8259
0.0175 0.000581934 14.746
0.02 0.000561633 13.539
0.0225 0.000567845 12.2107
0.025 0.000620852 10.7495
0.0275 0.000685378 9.11372
0.03 0.000509981 7.26059
0.0325 0.000455024 5.32534
0.035 0.00223946 3.99591
0.0375 0.00231004 4.47375
0.04 0.00392064 6.58115
0.0425 0.1986 6.48577
0.045 1.36713 105.782
0.0475 6652.04 907.677
0.04775 5.55112e-17 1.96926e-08
0.05 6.37373 2.55597
0.0525 3.53077 1.91256
0.055 2.96079 1.78534
0.0575 2.54235 1.79196
0.06 2.15853 1.78117
0.0625 1.83346 1.74365
0.065 1.56677 1.69161
0.0675 1.34836 1.6342
0.07 1.16832 1.57625
0.0725 1.01838 1.5198
0.075 0.892319 1.46564
0.0775 0.785491 1.41396
0.08 0.694403 1.36478
0.0825 0.616289 1.31798
0.085 0.548949 1.2734
0.0875 0.490632 1.2309
0.09 0.439916 1.19031
0.0925 0.395636 1.15148
0.095 0.35683 1.11427
0.0975 0.322702 1.07854
0.1 0.292587 1.04418
0.1025 0.265926 1.01106
0.105 0.242252 0.97908
0.1075 0.221169 0.948158
0.11 0.202341 0.918207
0.1125 0.185481 0.889158
0.115 0.170348 0.860946
0.1175 0.15673 0.833518
0.12 0.144448 0.806824
0.1225 0.133347 0.780824
0.125 0.123292 0.755479
0.1275 0.114167 0.730759
0.13 0.105869 0.706636
0.1325 0.0983096 0.683083
0.135 0.0914118 0.66008
0.1375 0.085107 0.637607
0.14 0.0793341 0.615646
0.1425 0.0740407 0.594181
0.145 0.0691805 0.573198
0.1475 0.0647096 0.552683
0.15 0.0605945 0.532623
0.1525 0.056798 0.513006
0.155 0.053294 0.493823
0.1575 922818 0.47506
0.16 2.13091e+06 306321
0.1625 900707 0.438761
0.165 0.0417017 0.421203
0.1675 0.039309 0.404029
0.17 0.0370845 0.387228
0.1725 0.0350145 0.370791
0.175 0.0330865 0.35471
0.1775 0.0312888 0.338977
0.18 0.0296118 0.323582
0.1825 0.0280445 0.308518
0.185 0.0265799 0.293776
0.1875 0.0252085 0.279348
0.19 0.0239261 0.265227
0.1925 0.0227228 0.251405
0.195 0.0215954 0.237873
0.1975 0.0205372 0.224625
0.2 0.0195437 0.211653
0.2025 0.0186117 0.198948
0.205 0.0177343 0.186504
0.2075 0.0169079 0.174311
0.21 0.0161312 0.162363
0.2125 0.0153933 0.150653
0.215 0.0146933 0.139173
0.2175 0.0140206 0.127921
0.22 0.0133683 0.116894
0.2225 0.0127272 0.106096
0.225 0.0120915 0.0955376
0.2275 0.0114634 0.0852366
0.23 0.0108599 0.0752164
0.2325 0.010336 0.0655008
0.235 0.00998728 0.0560974
0.2375 0.00996289 0.0469695
0.24 0.0103744 0.0379939
0.2425 0.011046 0.0289309
0.245 0.0109627 0.0194782
0.2475 0.00785045 0.00956533
