TITLE="Graphics"
VARIABLES= "rj, cm", "F", "dT/dt" 
0 0.000545444 23.296
0.0025 0.000543348 23.1851
0.005 0.00053752 22.8781
0.0075 0.000527349 22.3479
0.01 0.00051287 21.6048
0.0125 0.000494112 20.6609
0.015 0.000471124 19.531
0.0175 0.000444006 18.2326
0.02 0.000412927 16.7858
0.0225 0.000378131 15.2136
0.025 0.000339954 13.5414
0.0275 0.00029886 11.7969
0.03 0.000255497 10.0097
0.0325 0.000210519 8.21024
0.035 0.000163889 6.42994
0.0375 0.000120805 4.70087
0.04 0.000453002 3.05017
0.0425 0.127812 1.218
0.045 5.02324 105.836
0.0475 34216.8 7709.37
0.04775 9.02056e-17 2.1628e-08
0.05 7.46424 27.904
0.0525 1.74328 18.2392
0.055 1.87598 14.1424
0.0575 1.75544 11.7653
0.06 1.51209 10.0187
0.0625 1.28135 8.62422
0.065 1.08853 7.47924
0.0675 0.931059 6.52692
0.07 0.802184 5.72784
0.0725 0.695822 5.05236
0.075 0.607217 4.47747
0.0775 0.532759 3.98511
0.08 0.469698 3.56098
0.0825 0.415919 3.19364
0.085 497708 2.87391
0.0875 1.37708e+06 393321
0.09 485190 2.34883
0.0925 0.265392 2.13241
0.095 0.239106 1.94094
0.0975 0.216031 1.77096
0.1 0.195704 1.61958
0.1025 0.177738 1.48438
0.105 0.161808 1.36328
0.1075 0.147629 1.25453
0.11 0.134967 1.15662
0.1125 0.123659 1.06827
0.115 0.113529 0.988389
0.1175 0.104424 0.915992
0.12 0.0962201 0.850243
0.1225 0.0888107 0.790411
0.125 0.0821058 0.735858
0.1275 0.0760253 0.686025
0.13 0.0705013 0.640423
0.1325 0.0654737 0.598619
0.135 0.0608936 0.560233
0.1375 0.0567209 0.524924
0.14 0.052923 0.492385
0.1425 0.0494637 0.462332
0.145 0.0462415 0.434501
0.1475 0.0430972 0.408684
0.15 0.0403808 0.384791
0.1525 0.0379207 0.362646
0.155 0.0356325 0.342065
0.1575 0.033499 0.322895
0.16 0.0315163 0.305008
0.1625 0.0296756 0.288293
0.165 0.0279676 0.272652
0.1675 0.0263809 0.257994
0.17 0.0249074 0.244242
0.1725 0.0235342 0.23132
0.175 0.022257 0.219162
0.1775 0.0210638 0.207709
0.18 0.0199519 0.196905
0.1825 0.0189109 0.1867
0.185 0.0179387 0.177049
0.1875 0.0170272 0.167909
0.19 0.0161749 0.159243
0.1925 0.0153737 0.151015
0.195 0.0146237 0.143195
0.1975 0.0139174 0.135751
0.2 0.0132534 0.128658
0.2025 0.0126264 0.121891
0.205 0.0120323 0.115429
0.2075 0.0114642 0.109255
0.21 0.0109224 0.103354
0.2125 0.0104175 0.0977196
0.215 0.00997047 0.0923395
0.2175 0.00949451 0.0871899
0.22 0.00901298 0.082273
0.2225 0.0085355 0.0776059
0.225 0.00806457 0.0732139
0.2275 0.0076069 0.0691286
0.23 0.00720238 0.0653843
0.2325 0.00695172 0.0619987
0.235 0.00708739 0.0589274
0.2375 0.0080744 0.0559591
0.24 0.0106593 0.0525092
0.2425 0.0154971 0.0472937
0.245 0.0213094 0.0380526
0.2475 0.0205537 0.0221558
