TITLE="Graphics"
VARIABLES= "rj, m", "T, K", "dT/dt", "Lambda, Watt/m*K", "Cp, J/kg*K", "rho, kg/m^3"
0  300  1.50736e-31  0.0061001  4.18e+07  0.00098
0.0025  300  1.90754e-30  0.0061001  4.18e+07  0.00098
0.005  300  5.23457e-29  0.0061001  4.18e+07  0.00098
0.0075  300  1.63382e-27  0.0061001  4.18e+07  0.00098
0.01  300  3.94888e-26  0.0061001  4.18e+07  0.00098
0.0125  300  5.57929e-25  0.0061001  4.18e+07  0.00098
0.015  300  6.7507e-23  0.0061001  4.18e+07  0.00098
0.0175  300  1.37416e-20  0.0061001  4.18e+07  0.00098
0.02  300  1.38222e-18  0.0061001  4.18e+07  0.00098
0.0225  300  2.01027e-16  0.0061001  4.18e+07  0.00098
0.025  300  9.65775e-14  0.0061001  4.18e+07  0.00098
0.0275  300  4.96273e-12  0.0061001  4.18e+07  0.00098
0.03  300  2.41339e-10  0.0061001  4.18e+07  0.00098
0.0325  300  1.06386e-08  0.0061001  4.18e+07  0.00098
0.035  300  4.14286e-07  0.0061001  4.18e+07  0.00098
0.0375  300  1.37553e-05  0.0061001  4.18e+07  0.00098
0.04  300.001  0.000369628  0.0061001  4.18e+07  0.00098
0.0425  300.016  0.00738755  0.0061001  4.18e+07  0.00098
0.045  300.322  0.0932369  0.0061001  4.18e+07  0.00098
0.0475  304.272  0.454369  0.0061001  4.18e+07  0.00098
0.04875  314.753 -0.448906 0.00632834  4.18e+07  0.00098
0.04875  314.753 -0.448906 0.00019613  4.18e+07  0.00098
0.05  697.804  -18.9377 0.00166434  2e+07  4e-07
0.0525  829.392  -19.516 0.00166434  2e+07  4e-07
0.055  926.379  -20.0842 0.00166434  2e+07  4e-07
0.0575  1002.84  -20.5025 0.00166434  2e+07  4e-07
0.06  1065.42  -20.7588 0.00166434  2e+07  4e-07
0.0625  1117.88  -20.8654 0.00166434  2e+07  4e-07
0.065  1162.58  -20.8387 0.00166434  2e+07  4e-07
0.0675  1201.14  -20.695 0.00166434  2e+07  4e-07
0.07  1234.7  -20.4488 0.00166434  2e+07  4e-07
0.0725  1264.11  -20.1133 0.00166434  2e+07  4e-07
0.075  1290.02  -19.7002 0.00166434  2e+07  4e-07
0.0775  1312.95  -19.22 0.00166434  2e+07  4e-07
0.08  1333.31  -18.6823 0.00166434  2e+07  4e-07
0.0825  1351.44  -18.0958 0.00166434  2e+07  4e-07
0.085  1367.6  -17.4684 0.00166434  2e+07  4e-07
0.0875  1382.05  -16.8075 0.00166434  2e+07  4e-07
0.09  1394.97  -16.1201 0.00166434  2e+07  4e-07
0.0925  1406.53  -15.4125 0.00166434  2e+07  4e-07
0.095  1416.89  -14.6904 0.00166434  2e+07  4e-07
0.0975  1426.17  -13.9596 0.00166434  2e+07  4e-07
0.1  1434.48  -13.225 0.00166434  2e+07  4e-07
0.1025  1441.92  -12.4913 0.00166434  2e+07  4e-07
0.105  1448.58  -11.763 0.00166434  2e+07  4e-07
0.1075  1454.53  -11.0439 0.00166434  2e+07  4e-07
0.11  1459.85  -10.3377 0.00166434  2e+07  4e-07
0.1125  1464.61  -9.64754 0.00166434  2e+07  4e-07
0.115  1468.84  -8.97638 0.00166434  2e+07  4e-07
0.1175  1472.62  -8.3267 0.00166434  2e+07  4e-07
0.12  1475.98  -7.70067 0.00166434  2e+07  4e-07
0.1225  1478.96  -7.10008 0.00166434  2e+07  4e-07
0.125  1481.61  -6.52642 0.00166434  2e+07  4e-07
0.1275  1483.95  -5.98082 0.00166434  2e+07  4e-07
0.13  1486.02  -5.46409 0.00166434  2e+07  4e-07
0.1325  1487.84  -4.97675 0.00166434  2e+07  4e-07
0.135  1489.45  -4.51903 0.00166434  2e+07  4e-07
0.1375  1490.86  -4.09089 0.00166434  2e+07  4e-07
0.14  1492.1  -3.69204 0.00166434  2e+07  4e-07
0.1425  1493.19  -3.32197 0.00166434  2e+07  4e-07
0.145  1494.14  -2.97996 0.00166434  2e+07  4e-07
0.1475  1494.96  -2.66514 0.00166434  2e+07  4e-07
0.15  1495.68  -2.37646 0.00166434  2e+07  4e-07
0.1525  1496.3  -2.11278 0.00166434  2e+07  4e-07
0.155  1496.84  -1.87284 0.00166434  2e+07  4e-07
0.1575  1497.31  -1.65533 0.00166434  2e+07  4e-07
0.16  1497.71  -1.45888 0.00166434  2e+07  4e-07
0.1625  1498.06  -1.28209 0.00166434  2e+07  4e-07
0.165  1498.35  -1.12357 0.00166434  2e+07  4e-07
0.1675  1498.61  -0.981927 0.00166434  2e+07  4e-07
0.17  1498.82  -0.855802 0.00166434  2e+07  4e-07
0.1725  1499.01  -0.743877 0.00166434  2e+07  4e-07
0.175  1499.17  -0.644883 0.00166434  2e+07  4e-07
0.1775  1499.3  -0.557612 0.00166434  2e+07  4e-07
0.18  1499.41  -0.480921 0.00166434  2e+07  4e-07
0.1825  1499.51  -0.413739 0.00166434  2e+07  4e-07
0.185  1499.59  -0.355065 0.00166434  2e+07  4e-07
0.1875  1499.66  -0.303975 0.00166434  2e+07  4e-07
0.19  1499.72  -0.259619 0.00166434  2e+07  4e-07
0.1925  1499.76  -0.221219 0.00166434  2e+07  4e-07
0.195  1499.8  -0.188067 0.00166434  2e+07  4e-07
0.1975  1499.84  -0.159522 0.00166434  2e+07  4e-07
0.2  1499.87  -0.135009 0.00166434  2e+07  4e-07
0.2025  1499.89  -0.114011 0.00166434  2e+07  4e-07
0.205  1499.91  -0.0960687 0.00166434  2e+07  4e-07
0.2075  1499.92  -0.0807727 0.00166434  2e+07  4e-07
0.21  1499.94  -0.0677618 0.00166434  2e+07  4e-07
0.2125  1499.95  -0.0567174 0.00166434  2e+07  4e-07
0.215  1499.96  -0.04736 0.00166434  2e+07  4e-07
0.2175  1499.97  -0.0394452 0.00166434  2e+07  4e-07
0.22  1499.97  -0.0327595 0.00166434  2e+07  4e-07
0.2225  1499.98  -0.0271173 0.00166434  2e+07  4e-07
0.225  1499.98  -0.0223574 0.00166434  2e+07  4e-07
0.2275  1499.99  -0.0183401 0.00166434  2e+07  4e-07
0.23  1499.99  -0.0149444 0.00166434  2e+07  4e-07
0.2325  1499.99  -0.0120653 0.00166434  2e+07  4e-07
0.235  1499.99  -0.0096119 0.00166434  2e+07  4e-07
0.2375  1499.99  -0.00750502 0.00166434  2e+07  4e-07
0.24  1500  -0.00567537 0.00166434  2e+07  4e-07
0.2425  1500  -0.00406192 0.00166434  2e+07  4e-07
0.245  1500  -0.0026103 0.00166434  2e+07  4e-07
0.2475  1500  -0.00127137 0.00166434  2e+07  4e-07
0.25  1500  0  0.00166434  2e+07  4e-07
