TITLE="Graphics"
VARIABLES= "rj, m", "T, K", "dT/dt", "Lambda, Watt/m*K", "Cp, J/kg*K", "rho, kg/m^3"
0  300  5.48937e-32  0.0061001  4.18e+07  0.00098
0.0025  300  4.00687e-31  0.0061001  4.18e+07  0.00098
0.005  300  3.47261e-30  0.0061001  4.18e+07  0.00098
0.0075  300  -1.91236e-28  0.0061001  4.18e+07  0.00098
0.01  300  -2.07629e-26  0.0061001  4.18e+07  0.00098
0.0125  300  -1.22775e-24  0.0061001  4.18e+07  0.00098
0.015  300  -5.11674e-23  0.0061001  4.18e+07  0.00098
0.0175  300  -2.12642e-21  0.0061001  4.18e+07  0.00098
0.02  300  -1.46978e-19  0.0061001  4.18e+07  0.00098
0.0225  300  3.77122e-17  0.0061001  4.18e+07  0.00098
0.025  300  2.83447e-14  0.0061001  4.18e+07  0.00098
0.0275  300  1.61138e-12  0.0061001  4.18e+07  0.00098
0.03  300  8.85022e-11  0.0061001  4.18e+07  0.00098
0.0325  300  4.44443e-09  0.0061001  4.18e+07  0.00098
0.035  300  1.99004e-07  0.0061001  4.18e+07  0.00098
0.0375  300  7.67051e-06  0.0061001  4.18e+07  0.00098
0.04  300  0.000241607  0.0061001  4.18e+07  0.00098
0.0425  300.01  0.00571435  0.0061001  4.18e+07  0.00098
0.045  300.245  0.0861633  0.0061001  4.18e+07  0.00098
0.0475  303.86  0.509119  0.0061001  4.18e+07  0.00098
0.04875  315.204 -0.62134 0.00633454  4.18e+07  0.00098
0.04875  315.204 -0.62134 0.000196457  4.18e+07  0.00098
0.05  716.021  -24.1743 0.00166434  2e+07  4e-07
0.0525  848.122  -24.7805 0.00166434  2e+07  4e-07
0.055  945.615  -25.3799 0.00166434  2e+07  4e-07
0.0575  1022.44  -25.7898 0.00166434  2e+07  4e-07
0.06  1085.22  -25.9922 0.00166434  2e+07  4e-07
0.0625  1137.75  -26.0019 0.00166434  2e+07  4e-07
0.065  1182.38  -25.84 0.00166434  2e+07  4e-07
0.0675  1220.76  -25.5274 0.00166434  2e+07  4e-07
0.07  1254.04  -25.0838 0.00166434  2e+07  4e-07
0.0725  1283.09  -24.5268 0.00166434  2e+07  4e-07
0.075  1308.56  -23.8723 0.00166434  2e+07  4e-07
0.0775  1330.99  -23.1349 0.00166434  2e+07  4e-07
0.08  1350.79  -22.3281 0.00166434  2e+07  4e-07
0.0825  1368.31  -21.464 0.00166434  2e+07  4e-07
0.085  1383.83  -20.554 0.00166434  2e+07  4e-07
0.0875  1397.61  -19.6086 0.00166434  2e+07  4e-07
0.09  1409.83  -18.6376 0.00166434  2e+07  4e-07
0.0925  1420.68  -17.6499 0.00166434  2e+07  4e-07
0.095  1430.31  -16.6541 0.00166434  2e+07  4e-07
0.0975  1438.86  -15.6577 0.00166434  2e+07  4e-07
0.1  1446.44  -14.668 0.00166434  2e+07  4e-07
0.1025  1453.15  -13.6913 0.00166434  2e+07  4e-07
0.105  1459.1  -12.7336 0.00166434  2e+07  4e-07
0.1075  1464.35  -11.8001 0.00166434  2e+07  4e-07
0.11  1468.99  -10.8955 0.00166434  2e+07  4e-07
0.1125  1473.07  -10.0237 0.00166434  2e+07  4e-07
0.115  1476.67  -9.1881 0.00166434  2e+07  4e-07
0.1175  1479.82  -8.39146 0.00166434  2e+07  4e-07
0.12  1482.59  -7.63594 0.00166434  2e+07  4e-07
0.1225  1485.01  -6.92309 0.00166434  2e+07  4e-07
0.125  1487.12  -6.25393 0.00166434  2e+07  4e-07
0.1275  1488.96  -5.62892 0.00166434  2e+07  4e-07
0.13  1490.55  -5.04804 0.00166434  2e+07  4e-07
0.1325  1491.94  -4.51082 0.00166434  2e+07  4e-07
0.135  1493.13  -4.01638 0.00166434  2e+07  4e-07
0.1375  1494.17  -3.56348 0.00166434  2e+07  4e-07
0.14  1495.06  -3.15057 0.00166434  2e+07  4e-07
0.1425  1495.82  -2.77586 0.00166434  2e+07  4e-07
0.145  1496.47  -2.43737 0.00166434  2e+07  4e-07
0.1475  1497.03  -2.13295 0.00166434  2e+07  4e-07
0.15  1497.5  -1.86037 0.00166434  2e+07  4e-07
0.1525  1497.91  -1.61735 0.00166434  2e+07  4e-07
0.155  1498.25  -1.40159 0.00166434  2e+07  4e-07
0.1575  1498.54  -1.21081 0.00166434  2e+07  4e-07
0.16  1498.78  -1.04279 0.00166434  2e+07  4e-07
0.1625  1498.99  -0.89539 0.00166434  2e+07  4e-07
0.165  1499.16  -0.766574 0.00166434  2e+07  4e-07
0.1675  1499.31  -0.654411 0.00166434  2e+07  4e-07
0.17  1499.43  -0.557097 0.00166434  2e+07  4e-07
0.1725  1499.53  -0.472961 0.00166434  2e+07  4e-07
0.175  1499.61  -0.400465 0.00166434  2e+07  4e-07
0.1775  1499.68  -0.338201 0.00166434  2e+07  4e-07
0.18  1499.74  -0.284898 0.00166434  2e+07  4e-07
0.1825  1499.79  -0.239405 0.00166434  2e+07  4e-07
0.185  1499.83  -0.200695 0.00166434  2e+07  4e-07
0.1875  1499.86  -0.167852 0.00166434  2e+07  4e-07
0.19  1499.88  -0.140065 0.00166434  2e+07  4e-07
0.1925  1499.91  -0.116619 0.00166434  2e+07  4e-07
0.195  1499.92  -0.0968889 0.00166434  2e+07  4e-07
0.1975  1499.94  -0.0803275 0.00166434  2e+07  4e-07
0.2  1499.95  -0.0664602 0.00166434  2e+07  4e-07
0.2025  1499.96  -0.0548762 0.00166434  2e+07  4e-07
0.205  1499.97  -0.0452216 0.00166434  2e+07  4e-07
0.2075  1499.97  -0.0371927 0.00166434  2e+07  4e-07
0.21  1499.98  -0.0305294 0.00166434  2e+07  4e-07
0.2125  1499.98  -0.0250103 0.00166434  2e+07  4e-07
0.215  1499.99  -0.0204471 0.00166434  2e+07  4e-07
0.2175  1499.99  -0.0166803 0.00166434  2e+07  4e-07
0.22  1499.99  -0.013575 0.00166434  2e+07  4e-07
0.2225  1499.99  -0.0110175 0.00166434  2e+07  4e-07
0.225  1499.99  -0.00891215 0.00166434  2e+07  4e-07
0.2275  1500  -0.00717862 0.00166434  2e+07  4e-07
0.23  1500  -0.00574936 0.00166434  2e+07  4e-07
0.2325  1500  -0.00456767 0.00166434  2e+07  4e-07
0.235  1500  -0.00358583 0.00166434  2e+07  4e-07
0.2375  1500  -0.00276358 0.00166434  2e+07  4e-07
0.24  1500  -0.00206672 0.00166434  2e+07  4e-07
0.2425  1500  -0.00146596 0.00166434  2e+07  4e-07
0.245  1500  -0.000935869 0.00166434  2e+07  4e-07
0.2475  1500  -0.000453989 0.00166434  2e+07  4e-07
0.25  1500  0  0.00166434  2e+07  4e-07
