TITLE="Graphics"
VARIABLES= "rj, m", "T, K", "dT/dt", "Lambda, Watt/m*K", "Cp, J/kg*K", "rho, kg/m^3"
0  300  -1.3622e-25  0.0061001  4.18e+07  0.00098
0.0025  300  -8.1629e-25  0.0061001  4.18e+07  0.00098
0.005  300  -1.12834e-23  0.0061001  4.18e+07  0.00098
0.0075  300  -2.10341e-22  0.0061001  4.18e+07  0.00098
0.01  300  -4.22312e-21  0.0061001  4.18e+07  0.00098
0.0125  300  -8.52303e-20  0.0061001  4.18e+07  0.00098
0.015  300  -1.65786e-18  0.0061001  4.18e+07  0.00098
0.0175  300  -2.57311e-17  0.0061001  4.18e+07  0.00098
0.02  300  3.91044e-16  0.0061001  4.18e+07  0.00098
0.0225  300  6.35773e-14  0.0061001  4.18e+07  0.00098
0.025  300  2.29919e-12  0.0061001  4.18e+07  0.00098
0.0275  300  7.9693e-11  0.0061001  4.18e+07  0.00098
0.03  300  2.57357e-09  0.0061001  4.18e+07  0.00098
0.0325  300  7.59983e-08  0.0061001  4.18e+07  0.00098
0.035  300  2.0017e-06  0.0061001  4.18e+07  0.00098
0.0375  300  4.54074e-05  0.0061001  4.18e+07  0.00098
0.04  300.002  0.000842383  0.0061001  4.18e+07  0.00098
0.0425  300.036  0.0117509  0.0061001  4.18e+07  0.00098
0.045  300.53  0.104716  0.0061001  4.18e+07  0.00098
0.0475  305.125  0.36386  0.0061001  4.18e+07  0.00098
0.04875  314.047 -0.233235 0.00631851  4.18e+07  0.00098
0.04875  314.047 -0.233235 0.000195617  4.18e+07  0.00098
0.05  665.155  -12.4512 0.00166434  2e+07  4e-07
0.0525  795.611  -12.9558 0.00166434  2e+07  4e-07
0.055  891.513  -13.4326 0.00166434  2e+07  4e-07
0.0575  967.159  -13.8012 0.00166434  2e+07  4e-07
0.06  1029.21  -14.059 0.00166434  2e+07  4e-07
0.0625  1081.4  -14.2163 0.00166434  2e+07  4e-07
0.065  1126.07  -14.2855 0.00166434  2e+07  4e-07
0.0675  1164.8  -14.2776 0.00166434  2e+07  4e-07
0.07  1198.7  -14.2024 0.00166434  2e+07  4e-07
0.0725  1228.6  -14.0685 0.00166434  2e+07  4e-07
0.075  1255.14  -13.8834 0.00166434  2e+07  4e-07
0.0775  1278.81  -13.6535 0.00166434  2e+07  4e-07
0.08  1300.01  -13.3848 0.00166434  2e+07  4e-07
0.0825  1319.05  -13.0824 0.00166434  2e+07  4e-07
0.085  1336.22  -12.7511 0.00166434  2e+07  4e-07
0.0875  1351.71  -12.3953 0.00166434  2e+07  4e-07
0.09  1365.73  -12.0188 0.00166434  2e+07  4e-07
0.0925  1378.43  -11.6253 0.00166434  2e+07  4e-07
0.095  1389.96  -11.218 0.00166434  2e+07  4e-07
0.0975  1400.42  -10.8002 0.00166434  2e+07  4e-07
0.1  1409.92  -10.3746 0.00166434  2e+07  4e-07
0.1025  1418.56  -9.94384 0.00166434  2e+07  4e-07
0.105  1426.41  -9.51034 0.00166434  2e+07  4e-07
0.1075  1433.55  -9.07632 0.00166434  2e+07  4e-07
0.11  1440.05  -8.64382 0.00166434  2e+07  4e-07
0.1125  1445.95  -8.21471 0.00166434  2e+07  4e-07
0.115  1451.31  -7.79067 0.00166434  2e+07  4e-07
0.1175  1456.19  -7.37324 0.00166434  2e+07  4e-07
0.12  1460.61  -6.9638 0.00166434  2e+07  4e-07
0.1225  1464.62  -6.56357 0.00166434  2e+07  4e-07
0.125  1468.26  -6.17366 0.00166434  2e+07  4e-07
0.1275  1471.56  -5.79499 0.00166434  2e+07  4e-07
0.13  1474.54  -5.4284 0.00166434  2e+07  4e-07
0.1325  1477.24  -5.07456 0.00166434  2e+07  4e-07
0.135  1479.68  -4.73406 0.00166434  2e+07  4e-07
0.1375  1481.87  -4.40733 0.00166434  2e+07  4e-07
0.14  1483.85  -4.09473 0.00166434  2e+07  4e-07
0.1425  1485.64  -3.79648 0.00166434  2e+07  4e-07
0.145  1487.24  -3.51273 0.00166434  2e+07  4e-07
0.1475  1488.68  -3.24352 0.00166434  2e+07  4e-07
0.15  1489.97  -2.9888 0.00166434  2e+07  4e-07
0.1525  1491.12  -2.74846 0.00166434  2e+07  4e-07
0.155  1492.16  -2.52229 0.00166434  2e+07  4e-07
0.1575  1493.08  -2.31003 0.00166434  2e+07  4e-07
0.16  1493.9  -2.11136 0.00166434  2e+07  4e-07
0.1625  1494.63  -1.92588 0.00166434  2e+07  4e-07
0.165  1495.28  -1.75319 0.00166434  2e+07  4e-07
0.1675  1495.86  -1.5928 0.00166434  2e+07  4e-07
0.17  1496.37  -1.44423 0.00166434  2e+07  4e-07
0.1725  1496.82  -1.30696 0.00166434  2e+07  4e-07
0.175  1497.22  -1.18043 0.00166434  2e+07  4e-07
0.1775  1497.57  -1.06409 0.00166434  2e+07  4e-07
0.18  1497.88  -0.957384 0.00166434  2e+07  4e-07
0.1825  1498.16  -0.859742 0.00166434  2e+07  4e-07
0.185  1498.4  -0.770601 0.00166434  2e+07  4e-07
0.1875  1498.61  -0.689407 0.00166434  2e+07  4e-07
0.19  1498.79  -0.615615 0.00166434  2e+07  4e-07
0.1925  1498.95  -0.548695 0.00166434  2e+07  4e-07
0.195  1499.09  -0.488133 0.00166434  2e+07  4e-07
0.1975  1499.22  -0.433436 0.00166434  2e+07  4e-07
0.2  1499.32  -0.384129 0.00166434  2e+07  4e-07
0.2025  1499.42  -0.339764 0.00166434  2e+07  4e-07
0.205  1499.5  -0.299911 0.00166434  2e+07  4e-07
0.2075  1499.57  -0.264167 0.00166434  2e+07  4e-07
0.21  1499.63  -0.232153 0.00166434  2e+07  4e-07
0.2125  1499.68  -0.203512 0.00166434  2e+07  4e-07
0.215  1499.73  -0.177911 0.00166434  2e+07  4e-07
0.2175  1499.77  -0.155041 0.00166434  2e+07  4e-07
0.22  1499.8  -0.134613 0.00166434  2e+07  4e-07
0.2225  1499.83  -0.116361 0.00166434  2e+07  4e-07
0.225  1499.86  -0.100036 0.00166434  2e+07  4e-07
0.2275  1499.88  -0.0854107 0.00166434  2e+07  4e-07
0.23  1499.9  -0.0722729 0.00166434  2e+07  4e-07
0.2325  1499.92  -0.0604272 0.00166434  2e+07  4e-07
0.235  1499.93  -0.0496929 0.00166434  2e+07  4e-07
0.2375  1499.95  -0.0399023 0.00166434  2e+07  4e-07
0.24  1499.96  -0.0308997 0.00166434  2e+07  4e-07
0.2425  1499.97  -0.0225402 0.00166434  2e+07  4e-07
0.245  1499.98  -0.0146878 0.00166434  2e+07  4e-07
0.2475  1499.99  -0.0072147 0.00166434  2e+07  4e-07
0.25  1500  0  0.00166434  2e+07  4e-07
