TITLE="Graphics"
VARIABLES= "rj, m", "T, K", "dT/dt", "Lambda, Watt/m*K", "Cp, J/kg*K", "rho, kg/m^3"
0  300  2.14919e-33  0.0061001  4.18e+07  0.00098
0.0025  300  3.04053e-32  0.0061001  4.18e+07  0.00098
0.005  300  1.04683e-30  0.0061001  4.18e+07  0.00098
0.0075  300  4.8678e-29  0.0061001  4.18e+07  0.00098
0.01  300  2.44118e-27  0.0061001  4.18e+07  0.00098
0.0125  300  1.25022e-25  0.0061001  4.18e+07  0.00098
0.015  300  6.61426e-24  0.0061001  4.18e+07  0.00098
0.0175  300  3.80411e-22  0.0061001  4.18e+07  0.00098
0.02  300  2.43028e-20  0.0061001  4.18e+07  0.00098
0.0225  300  1.78672e-18  0.0061001  4.18e+07  0.00098
0.025  300  2.5023e-16  0.0061001  4.18e+07  0.00098
0.0275  300  7.65966e-14  0.0061001  4.18e+07  0.00098
0.03  300  6.03844e-12  0.0061001  4.18e+07  0.00098
0.0325  300  4.39438e-10  0.0061001  4.18e+07  0.00098
0.035  300  2.88811e-08  0.0061001  4.18e+07  0.00098
0.0375  300  1.65536e-06  0.0061001  4.18e+07  0.00098
0.04  300  7.86458e-05  0.0061001  4.18e+07  0.00098
0.0425  300.003  0.00285328  0.0061001  4.18e+07  0.00098
0.045  300.118  0.0675871  0.0061001  4.18e+07  0.00098
0.0475  302.909  0.664056  0.0061001  4.18e+07  0.00098
0.04875  316.719 -1.35214 0.00635505  4.18e+07  0.00098
0.04875  316.719 -1.35214 0.00019756  4.18e+07  0.00098
0.05  770.997  -46.8433 0.00166434  2e+07  4e-07
0.0525  903.976  -47.1958 0.00166434  2e+07  4e-07
0.055  1002.31  -47.4809 0.00166434  2e+07  4e-07
0.0575  1079.53  -47.3709 0.00166434  2e+07  4e-07
0.06  1142.24  -46.8424 0.00166434  2e+07  4e-07
0.0625  1194.24  -45.9355 0.00166434  2e+07  4e-07
0.065  1237.97  -44.7036 0.00166434  2e+07  4e-07
0.0675  1275.11  -43.2001 0.00166434  2e+07  4e-07
0.07  1306.86  -41.4748 0.00166434  2e+07  4e-07
0.0725  1334.14  -39.5736 0.00166434  2e+07  4e-07
0.075  1357.66  -37.5379 0.00166434  2e+07  4e-07
0.0775  1377.98  -35.4054 0.00166434  2e+07  4e-07
0.08  1395.55  -33.21 0.00166434  2e+07  4e-07
0.0825  1410.75  -30.9824 0.00166434  2e+07  4e-07
0.085  1423.9  -28.7497 0.00166434  2e+07  4e-07
0.0875  1435.25  -26.5365 0.00166434  2e+07  4e-07
0.09  1445.06  -24.3642 0.00166434  2e+07  4e-07
0.0925  1453.5  -22.2514 0.00166434  2e+07  4e-07
0.095  1460.76  -20.2144 0.00166434  2e+07  4e-07
0.0975  1466.99  -18.2664 0.00166434  2e+07  4e-07
0.1  1472.32  -16.4184 0.00166434  2e+07  4e-07
0.1025  1476.86  -14.6788 0.00166434  2e+07  4e-07
0.105  1480.72  -13.0537 0.00166434  2e+07  4e-07
0.1075  1483.99  -11.5469 0.00166434  2e+07  4e-07
0.11  1486.75  -10.1599 0.00166434  2e+07  4e-07
0.1125  1489.07  -8.8926 0.00166434  2e+07  4e-07
0.115  1491.02  -7.74278 0.00166434  2e+07  4e-07
0.1175  1492.64  -6.7069 0.00166434  2e+07  4e-07
0.12  1494  -5.78009 0.00166434  2e+07  4e-07
0.1225  1495.12  -4.95646 0.00166434  2e+07  4e-07
0.125  1496.04  -4.22934 0.00166434  2e+07  4e-07
0.1275  1496.8  -3.59155 0.00166434  2e+07  4e-07
0.13  1497.42  -3.03562 0.00166434  2e+07  4e-07
0.1325  1497.93  -2.55399 0.00166434  2e+07  4e-07
0.135  1498.34  -2.13918 0.00166434  2e+07  4e-07
0.1375  1498.68  -1.78397 0.00166434  2e+07  4e-07
0.14  1498.95  -1.48148 0.00166434  2e+07  4e-07
0.1425  1499.17  -1.22525 0.00166434  2e+07  4e-07
0.145  1499.34  -1.00933 0.00166434  2e+07  4e-07
0.1475  1499.48  -0.828275 0.00166434  2e+07  4e-07
0.15  1499.59  -0.677184 0.00166434  2e+07  4e-07
0.1525  1499.68  -0.551675 0.00166434  2e+07  4e-07
0.155  1499.75  -0.447878 0.00166434  2e+07  4e-07
0.1575  1499.8  -0.3624 0.00166434  2e+07  4e-07
0.16  1499.85  -0.292295 0.00166434  2e+07  4e-07
0.1625  1499.88  -0.235023 0.00166434  2e+07  4e-07
0.165  1499.91  -0.188411 0.00166434  2e+07  4e-07
0.1675  1499.93  -0.150611 0.00166434  2e+07  4e-07
0.17  1499.95  -0.120062 0.00166434  2e+07  4e-07
0.1725  1499.96  -0.0954559 0.00166434  2e+07  4e-07
0.175  1499.97  -0.0756991 0.00166434  2e+07  4e-07
0.1775  1499.98  -0.0598842 0.00166434  2e+07  4e-07
0.18  1499.98  -0.0472615 0.00166434  2e+07  4e-07
0.1825  1499.99  -0.0372149 0.00166434  2e+07  4e-07
0.185  1499.99  -0.02924 0.00166434  2e+07  4e-07
0.1875  1499.99  -0.022926 0.00166434  2e+07  4e-07
0.19  1499.99  -0.0179391 0.00166434  2e+07  4e-07
0.1925  1500  -0.0140098 0.00166434  2e+07  4e-07
0.195  1500  -0.0109207 0.00166434  2e+07  4e-07
0.1975  1500  -0.0084975 0.00166434  2e+07  4e-07
0.2  1500  -0.00660056 0.00166434  2e+07  4e-07
0.2025  1500  -0.00511854 0.00166434  2e+07  4e-07
0.205  1500  -0.00396291 0.00166434  2e+07  4e-07
0.2075  1500  -0.00306342 0.00166434  2e+07  4e-07
0.21  1500  -0.00236451 0.00166434  2e+07  4e-07
0.2125  1500  -0.00182236 0.00166434  2e+07  4e-07
0.215  1500  -0.00140245 0.00166434  2e+07  4e-07
0.2175  1500  -0.0010777 0.00166434  2e+07  4e-07
0.22  1500  -0.000826856 0.00166434  2e+07  4e-07
0.2225  1500  -0.000633315 0.00166434  2e+07  4e-07
0.225  1500  -0.000484101 0.00166434  2e+07  4e-07
0.2275  1500  -0.000369098 0.00166434  2e+07  4e-07
0.23  1500  -0.000280423 0.00166434  2e+07  4e-07
0.2325  1500  -0.000211933 0.00166434  2e+07  4e-07
0.235  1500  -0.000158839 0.00166434  2e+07  4e-07
0.2375  1500  -0.000117396 0.00166434  2e+07  4e-07
0.24  1500  -8.466e-05 0.00166434  2e+07  4e-07
0.2425  1500  -5.82903e-05 0.00166434  2e+07  4e-07
0.245  1500  -3.63978e-05 0.00166434  2e+07  4e-07
0.2475  1500  -1.74169e-05 0.00166434  2e+07  4e-07
0.25  1500  0  0.00166434  2e+07  4e-07
