TITLE="Graphics"
VARIABLES= "rj, m", "T, K", "dT/dt", "Lambda, Watt/m*K", "Cp, J/kg*K", "rho, kg/m^3"
0  300  -1.47751e-33  0.0061001  4.18e+07  0.00098
0.0025  300  -2.40243e-32  0.0061001  4.18e+07  0.00098
0.005  300  -9.70699e-31  0.0061001  4.18e+07  0.00098
0.0075  300  -5.38625e-29  0.0061001  4.18e+07  0.00098
0.01  300  -3.25803e-27  0.0061001  4.18e+07  0.00098
0.0125  300  -1.99535e-25  0.0061001  4.18e+07  0.00098
0.015  300  -1.1971e-23  0.0061001  4.18e+07  0.00098
0.0175  300  -7.00178e-22  0.0061001  4.18e+07  0.00098
0.02  300  -4.11422e-20  0.0061001  4.18e+07  0.00098
0.0225  300  -2.40723e-18  0.0061001  4.18e+07  0.00098
0.025  300  -5.49721e-17  0.0061001  4.18e+07  0.00098
0.0275  300  3.73821e-14  0.0061001  4.18e+07  0.00098
0.03  300  3.33465e-12  0.0061001  4.18e+07  0.00098
0.0325  300  2.72738e-10  0.0061001  4.18e+07  0.00098
0.035  300  2.00064e-08  0.0061001  4.18e+07  0.00098
0.0375  300  1.26948e-06  0.0061001  4.18e+07  0.00098
0.04  300  6.61246e-05  0.0061001  4.18e+07  0.00098
0.0425  300.003  0.00259949  0.0061001  4.18e+07  0.00098
0.045  300.108  0.0657761  0.0061001  4.18e+07  0.00098
0.0475  302.808  0.678901  0.0061001  4.18e+07  0.00098
0.04875  316.926 -1.41678 0.00635781  4.18e+07  0.00098
0.04875  316.926 -1.41678 0.000197712  4.18e+07  0.00098
0.05  778.171  -48.8711 0.00166434  2e+07  4e-07
0.0525  911.202  -49.2088 0.00166434  2e+07  4e-07
0.055  1009.58  -49.476 0.00166434  2e+07  4e-07
0.0575  1086.78  -49.3306 0.00166434  2e+07  4e-07
0.06  1149.4  -48.7485 0.00166434  2e+07  4e-07
0.0625  1201.26  -47.772 0.00166434  2e+07  4e-07
0.065  1244.8  -46.4573 0.00166434  2e+07  4e-07
0.0675  1281.71  -44.8605 0.00166434  2e+07  4e-07
0.07  1313.2  -43.0338 0.00166434  2e+07  4e-07
0.0725  1340.19  -41.025 0.00166434  2e+07  4e-07
0.075  1363.39  -38.8773 0.00166434  2e+07  4e-07
0.0775  1383.38  -36.6298 0.00166434  2e+07  4e-07
0.08  1400.61  -34.3177 0.00166434  2e+07  4e-07
0.0825  1415.47  -31.9726 0.00166434  2e+07  4e-07
0.085  1428.27  -29.6229 0.00166434  2e+07  4e-07
0.0875  1439.29  -27.2936 0.00166434  2e+07  4e-07
0.09  1448.76  -25.0074 0.00166434  2e+07  4e-07
0.0925  1456.88  -22.7837 0.00166434  2e+07  4e-07
0.095  1463.83  -20.6398 0.00166434  2e+07  4e-07
0.0975  1469.76  -18.5901 0.00166434  2e+07  4e-07
0.1  1474.8  -16.6465 0.00166434  2e+07  4e-07
0.1025  1479.07  -14.8187 0.00166434  2e+07  4e-07
0.105  1482.68  -13.1135 0.00166434  2e+07  4e-07
0.1075  1485.72  -11.5356 0.00166434  2e+07  4e-07
0.11  1488.27  -10.0872 0.00166434  2e+07  4e-07
0.1125  1490.4  -8.76822 0.00166434  2e+07  4e-07
0.115  1492.17  -7.57671 0.00166434  2e+07  4e-07
0.1175  1493.63  -6.50876 0.00166434  2e+07  4e-07
0.12  1494.85  -5.55899 0.00166434  2e+07  4e-07
0.1225  1495.84  -4.72073 0.00166434  2e+07  4e-07
0.125  1496.66  -3.98642 0.00166434  2e+07  4e-07
0.1275  1497.32  -3.34786 0.00166434  2e+07  4e-07
0.13  1497.86  -2.7965 0.00166434  2e+07  4e-07
0.1325  1498.3  -2.32373 0.00166434  2e+07  4e-07
0.135  1498.65  -1.92105 0.00166434  2e+07  4e-07
0.1375  1498.93  -1.5803 0.00166434  2e+07  4e-07
0.14  1499.16  -1.29375 0.00166434  2e+07  4e-07
0.1425  1499.34  -1.05424 0.00166434  2e+07  4e-07
0.145  1499.48  -0.855201 0.00166434  2e+07  4e-07
0.1475  1499.59  -0.690728 0.00166434  2e+07  4e-07
0.15  1499.68  -0.555547 0.00166434  2e+07  4e-07
0.1525  1499.75  -0.445015 0.00166434  2e+07  4e-07
0.155  1499.81  -0.355085 0.00166434  2e+07  4e-07
0.1575  1499.85  -0.282264 0.00166434  2e+07  4e-07
0.16  1499.89  -0.223567 0.00166434  2e+07  4e-07
0.1625  1499.91  -0.176461 0.00166434  2e+07  4e-07
0.165  1499.93  -0.138815 0.00166434  2e+07  4e-07
0.1675  1499.95  -0.10885 0.00166434  2e+07  4e-07
0.17  1499.96  -0.0850906 0.00166434  2e+07  4e-07
0.1725  1499.97  -0.0663203 0.00166434  2e+07  4e-07
0.175  1499.98  -0.0515437 0.00166434  2e+07  4e-07
0.1775  1499.98  -0.0399503 0.00166434  2e+07  4e-07
0.18  1499.99  -0.0308835 0.00166434  2e+07  4e-07
0.1825  1499.99  -0.0238146 0.00166434  2e+07  4e-07
0.185  1499.99  -0.0183195 0.00166434  2e+07  4e-07
0.1875  1499.99  -0.0140598 0.00166434  2e+07  4e-07
0.19  1500  -0.0107668 0.00166434  2e+07  4e-07
0.1925  1500  -0.00822748 0.00166434  2e+07  4e-07
0.195  1500  -0.00627429 0.00166434  2e+07  4e-07
0.1975  1500  -0.00477543 0.00166434  2e+07  4e-07
0.2  1500  -0.00362782 0.00166434  2e+07  4e-07
0.2025  1500  -0.00275104 0.00166434  2e+07  4e-07
0.205  1500  -0.00208255 0.00166434  2e+07  4e-07
0.2075  1500  -0.00157388 0.00166434  2e+07  4e-07
0.21  1500  -0.00118754 0.00166434  2e+07  4e-07
0.2125  1500  -0.000894633 0.00166434  2e+07  4e-07
0.215  1500  -0.000672945 0.00166434  2e+07  4e-07
0.2175  1500  -0.000505425 0.00166434  2e+07  4e-07
0.22  1500  -0.000379021 0.00166434  2e+07  4e-07
0.2225  1500  -0.000283765 0.00166434  2e+07  4e-07
0.225  1500  -0.000212058 0.00166434  2e+07  4e-07
0.2275  1500  -0.000158113 0.00166434  2e+07  4e-07
0.23  1500  -0.000117532 0.00166434  2e+07  4e-07
0.2325  1500  -8.6973e-05 0.00166434  2e+07  4e-07
0.235  1500  -6.38944e-05 0.00166434  2e+07  4e-07
0.2375  1500  -4.6361e-05 0.00166434  2e+07  4e-07
0.24  1500  -3.2891e-05 0.00166434  2e+07  4e-07
0.2425  1500  -2.23394e-05 0.00166434  2e+07  4e-07
0.245  1500  -1.38062e-05 0.00166434  2e+07  4e-07
0.2475  1500  -6.56406e-06 0.00166434  2e+07  4e-07
0.25  1500  0  0.00166434  2e+07  4e-07
