TITLE="Graphics"
VARIABLES= "rj, m", "T, K", "dT/dt", "Lambda, Watt/m*K", "Cp, J/kg*K", "rho, kg/m^3"
0  300  -8.58303e-25  0.0061001  4.18e+07  0.00098
0.0025  300  -4.24134e-24  0.0061001  4.18e+07  0.00098
0.005  300  -4.74992e-23  0.0061001  4.18e+07  0.00098
0.0075  300  -7.19128e-22  0.0061001  4.18e+07  0.00098
0.01  300  -1.12911e-20  0.0061001  4.18e+07  0.00098
0.0125  300  -1.29408e-19  0.0061001  4.18e+07  0.00098
0.015  300  2.34167e-18  0.0061001  4.18e+07  0.00098
0.0175  300  3.34187e-16  0.0061001  4.18e+07  0.00098
0.02  300  2.48139e-14  0.0061001  4.18e+07  0.00098
0.0225  300  7.21678e-13  0.0061001  4.18e+07  0.00098
0.025  300  2.02772e-11  0.0061001  4.18e+07  0.00098
0.0275  300  5.40975e-10  0.0061001  4.18e+07  0.00098
0.03  300  1.34714e-08  0.0061001  4.18e+07  0.00098
0.0325  300  3.07005e-07  0.0061001  4.18e+07  0.00098
0.035  300  6.23861e-06  0.0061001  4.18e+07  0.00098
0.0375  300  0.000109061  0.0061001  4.18e+07  0.00098
0.04  300.005  0.00155596  0.0061001  4.18e+07  0.00098
0.0425  300.069  0.0166317  0.0061001  4.18e+07  0.00098
0.045  300.784  0.112756  0.0061001  4.18e+07  0.00098
0.0475  305.882  0.293218  0.0061001  4.18e+07  0.00098
0.04875  313.695 -0.0910716 0.00631357  4.18e+07  0.00098
0.04875  313.695 -0.0910716 0.000195362  4.18e+07  0.00098
0.05  641.927  -8.17272 0.00166434  2e+07  4e-07
0.0525  771.313  -8.5883 0.00166434  2e+07  4e-07
0.055  866.212  -8.97588 0.00166434  2e+07  4e-07
0.0575  941.063  -9.28898 0.00166434  2e+07  4e-07
0.06  1002.53  -9.52816 0.00166434  2e+07  4e-07
0.0625  1054.32  -9.70129 0.00166434  2e+07  4e-07
0.065  1098.76  -9.81664 0.00166434  2e+07  4e-07
0.0675  1137.39  -9.8815 0.00166434  2e+07  4e-07
0.07  1171.33  -9.90214 0.00166434  2e+07  4e-07
0.0725  1201.38  -9.88386 0.00166434  2e+07  4e-07
0.075  1228.16  -9.83124 0.00166434  2e+07  4e-07
0.0775  1252.16  -9.7482 0.00166434  2e+07  4e-07
0.08  1273.76  -9.6382 0.00166434  2e+07  4e-07
0.0825  1293.27  -9.5043 0.00166434  2e+07  4e-07
0.085  1310.96  -9.34923 0.00166434  2e+07  4e-07
0.0875  1327.03  -9.17546 0.00166434  2e+07  4e-07
0.09  1341.67  -8.98523 0.00166434  2e+07  4e-07
0.0925  1355.03  -8.78058 0.00166434  2e+07  4e-07
0.095  1367.24  -8.5634 0.00166434  2e+07  4e-07
0.0975  1378.41  -8.33546 0.00166434  2e+07  4e-07
0.1  1388.65  -8.09837 0.00166434  2e+07  4e-07
0.1025  1398.04  -7.85365 0.00166434  2e+07  4e-07
0.105  1406.65  -7.60271 0.00166434  2e+07  4e-07
0.1075  1414.56  -7.34688 0.00166434  2e+07  4e-07
0.11  1421.83  -7.08741 0.00166434  2e+07  4e-07
0.1125  1428.51  -6.82545 0.00166434  2e+07  4e-07
0.115  1434.65  -6.56209 0.00166434  2e+07  4e-07
0.1175  1440.29  -6.29836 0.00166434  2e+07  4e-07
0.12  1445.48  -6.0352 0.00166434  2e+07  4e-07
0.1225  1450.24  -5.77351 0.00166434  2e+07  4e-07
0.125  1454.62  -5.51409 0.00166434  2e+07  4e-07
0.1275  1458.64  -5.25771 0.00166434  2e+07  4e-07
0.13  1462.33  -5.00507 0.00166434  2e+07  4e-07
0.1325  1465.72  -4.7568 0.00166434  2e+07  4e-07
0.135  1468.83  -4.5135 0.00166434  2e+07  4e-07
0.1375  1471.68  -4.27567 0.00166434  2e+07  4e-07
0.14  1474.29  -4.04379 0.00166434  2e+07  4e-07
0.1425  1476.68  -3.81826 0.00166434  2e+07  4e-07
0.145  1478.86  -3.59945 0.00166434  2e+07  4e-07
0.1475  1480.86  -3.38767 0.00166434  2e+07  4e-07
0.15  1482.69  -3.18315 0.00166434  2e+07  4e-07
0.1525  1484.35  -2.98612 0.00166434  2e+07  4e-07
0.155  1485.87  -2.79672 0.00166434  2e+07  4e-07
0.1575  1487.26  -2.61508 0.00166434  2e+07  4e-07
0.16  1488.51  -2.44125 0.00166434  2e+07  4e-07
0.1625  1489.66  -2.27526 0.00166434  2e+07  4e-07
0.165  1490.7  -2.11711 0.00166434  2e+07  4e-07
0.1675  1491.65  -1.96673 0.00166434  2e+07  4e-07
0.17  1492.5  -1.82406 0.00166434  2e+07  4e-07
0.1725  1493.28  -1.68898 0.00166434  2e+07  4e-07
0.175  1493.98  -1.56134 0.00166434  2e+07  4e-07
0.1775  1494.61  -1.44098 0.00166434  2e+07  4e-07
0.18  1495.18  -1.3277 0.00166434  2e+07  4e-07
0.1825  1495.7  -1.2213 0.00166434  2e+07  4e-07
0.185  1496.17  -1.12154 0.00166434  2e+07  4e-07
0.1875  1496.58  -1.02819 0.00166434  2e+07  4e-07
0.19  1496.96  -0.940986 0.00166434  2e+07  4e-07
0.1925  1497.3  -0.859662 0.00166434  2e+07  4e-07
0.195  1497.6  -0.783947 0.00166434  2e+07  4e-07
0.1975  1497.87  -0.713564 0.00166434  2e+07  4e-07
0.2  1498.12  -0.648231 0.00166434  2e+07  4e-07
0.2025  1498.33  -0.587667 0.00166434  2e+07  4e-07
0.205  1498.53  -0.531591 0.00166434  2e+07  4e-07
0.2075  1498.7  -0.479722 0.00166434  2e+07  4e-07
0.21  1498.86  -0.431786 0.00166434  2e+07  4e-07
0.2125  1499  -0.38751 0.00166434  2e+07  4e-07
0.215  1499.12  -0.34663 0.00166434  2e+07  4e-07
0.2175  1499.23  -0.308885 0.00166434  2e+07  4e-07
0.22  1499.33  -0.274025 0.00166434  2e+07  4e-07
0.2225  1499.42  -0.241806 0.00166434  2e+07  4e-07
0.225  1499.5  -0.21199 0.00166434  2e+07  4e-07
0.2275  1499.57  -0.18435 0.00166434  2e+07  4e-07
0.23  1499.64  -0.158667 0.00166434  2e+07  4e-07
0.2325  1499.7  -0.134729 0.00166434  2e+07  4e-07
0.235  1499.75  -0.112334 0.00166434  2e+07  4e-07
0.2375  1499.8  -0.0912863 0.00166434  2e+07  4e-07
0.24  1499.84  -0.0714004 0.00166434  2e+07  4e-07
0.2425  1499.89  -0.052497 0.00166434  2e+07  4e-07
0.245  1499.93  -0.0344043 0.00166434  2e+07  4e-07
0.2475  1499.96  -0.016958 0.00166434  2e+07  4e-07
0.25  1500  0  0.00166434  2e+07  4e-07
