TITLE="Graphics"
VARIABLES= "rj, m", "T, K", "dT/dt", "Lambda, Watt/m*K", "Cp, J/kg*K", "rho, kg/m^3"
0  300  5.55284e-32  0.0061001  4.18e+07  0.00098
0.0025  300  3.60072e-31  0.0061001  4.18e+07  0.00098
0.005  300  8.04471e-31  0.0061001  4.18e+07  0.00098
0.0075  300  -3.52424e-28  0.0061001  4.18e+07  0.00098
0.01  300  -2.93946e-26  0.0061001  4.18e+07  0.00098
0.0125  300  -1.59952e-24  0.0061001  4.18e+07  0.00098
0.015  300  -6.09858e-23  0.0061001  4.18e+07  0.00098
0.0175  300  -2.14235e-21  0.0061001  4.18e+07  0.00098
0.02  300  -1.60816e-19  0.0061001  4.18e+07  0.00098
0.0225  300  3.76813e-17  0.0061001  4.18e+07  0.00098
0.025  300  3.13145e-14  0.0061001  4.18e+07  0.00098
0.0275  300  1.76889e-12  0.0061001  4.18e+07  0.00098
0.03  300  9.62797e-11  0.0061001  4.18e+07  0.00098
0.0325  300  4.78616e-09  0.0061001  4.18e+07  0.00098
0.035  300  2.11913e-07  0.0061001  4.18e+07  0.00098
0.0375  300  8.06824e-06  0.0061001  4.18e+07  0.00098
0.04  300  0.000250769  0.0061001  4.18e+07  0.00098
0.0425  300.01  0.00584666  0.0061001  4.18e+07  0.00098
0.045  300.251  0.0868091  0.0061001  4.18e+07  0.00098
0.0475  303.896  0.50403  0.0061001  4.18e+07  0.00098
0.04875  315.161 -0.603042 0.00633395  4.18e+07  0.00098
0.04875  315.161 -0.603042 0.000196426  4.18e+07  0.00098
0.05  714.348  -23.6129 0.00166434  2e+07  4e-07
0.0525  846.407  -24.2193 0.00166434  2e+07  4e-07
0.055  943.858  -24.8191 0.00166434  2e+07  4e-07
0.0575  1020.65  -25.234 0.00166434  2e+07  4e-07
0.06  1083.42  -25.4463 0.00166434  2e+07  4e-07
0.0625  1135.94  -25.4706 0.00166434  2e+07  4e-07
0.065  1180.59  -25.3273 0.00166434  2e+07  4e-07
0.0675  1218.99  -25.0368 0.00166434  2e+07  4e-07
0.07  1252.3  -24.6181 0.00166434  2e+07  4e-07
0.0725  1281.39  -24.0883 0.00166434  2e+07  4e-07
0.075  1306.91  -23.4628 0.00166434  2e+07  4e-07
0.0775  1329.38  -22.7557 0.00166434  2e+07  4e-07
0.08  1349.24  -21.9799 0.00166434  2e+07  4e-07
0.0825  1366.82  -21.1473 0.00166434  2e+07  4e-07
0.085  1382.41  -20.2688 0.00166434  2e+07  4e-07
0.0875  1396.24  -19.3546 0.00166434  2e+07  4e-07
0.09  1408.53  -18.4141 0.00166434  2e+07  4e-07
0.0925  1419.45  -17.456 0.00166434  2e+07  4e-07
0.095  1429.15  -16.4886 0.00166434  2e+07  4e-07
0.0975  1437.77  -15.5193 0.00166434  2e+07  4e-07
0.1  1445.42  -14.5551 0.00166434  2e+07  4e-07
0.1025  1452.2  -13.6023 0.00166434  2e+07  4e-07
0.105  1458.21  -12.6667 0.00166434  2e+07  4e-07
0.1075  1463.53  -11.7534 0.00166434  2e+07  4e-07
0.11  1468.22  -10.8669 0.00166434  2e+07  4e-07
0.1125  1472.37  -10.0114 0.00166434  2e+07  4e-07
0.115  1476.02  -9.19004 0.00166434  2e+07  4e-07
0.1175  1479.23  -8.40577 0.00166434  2e+07  4e-07
0.12  1482.05  -7.66074 0.00166434  2e+07  4e-07
0.1225  1484.52  -6.95661 0.00166434  2e+07  4e-07
0.125  1486.68  -6.29448 0.00166434  2e+07  4e-07
0.1275  1488.56  -5.67494 0.00166434  2e+07  4e-07
0.13  1490.2  -5.09809 0.00166434  2e+07  4e-07
0.1325  1491.62  -4.56359 0.00166434  2e+07  4e-07
0.135  1492.85  -4.0707 0.00166434  2e+07  4e-07
0.1375  1493.92  -3.61832 0.00166434  2e+07  4e-07
0.14  1494.83  -3.20507 0.00166434  2e+07  4e-07
0.1425  1495.62  -2.82927 0.00166434  2e+07  4e-07
0.145  1496.3  -2.48908 0.00166434  2e+07  4e-07
0.1475  1496.88  -2.18248 0.00166434  2e+07  4e-07
0.15  1497.37  -1.90736 0.00166434  2e+07  4e-07
0.1525  1497.79  -1.66153 0.00166434  2e+07  4e-07
0.155  1498.15  -1.44279 0.00166434  2e+07  4e-07
0.1575  1498.45  -1.24894 0.00166434  2e+07  4e-07
0.16  1498.71  -1.07783 0.00166434  2e+07  4e-07
0.1625  1498.93  -0.927384 0.00166434  2e+07  4e-07
0.165  1499.11  -0.795601 0.00166434  2e+07  4e-07
0.1675  1499.26  -0.680592 0.00166434  2e+07  4e-07
0.17  1499.39  -0.58058 0.00166434  2e+07  4e-07
0.1725  1499.49  -0.493912 0.00166434  2e+07  4e-07
0.175  1499.58  -0.419062 0.00166434  2e+07  4e-07
0.1775  1499.66  -0.354631 0.00166434  2e+07  4e-07
0.18  1499.72  -0.299346 0.00166434  2e+07  4e-07
0.1825  1499.77  -0.252055 0.00166434  2e+07  4e-07
0.185  1499.81  -0.211723 0.00166434  2e+07  4e-07
0.1875  1499.85  -0.177428 0.00166434  2e+07  4e-07
0.19  1499.87  -0.148348 0.00166434  2e+07  4e-07
0.1925  1499.9  -0.123757 0.00166434  2e+07  4e-07
0.195  1499.92  -0.103018 0.00166434  2e+07  4e-07
0.1975  1499.93  -0.0855725 0.00166434  2e+07  4e-07
0.2  1499.94  -0.0709334 0.00166434  2e+07  4e-07
0.2025  1499.96  -0.0586789 0.00166434  2e+07  4e-07
0.205  1499.96  -0.0484441 0.00166434  2e+07  4e-07
0.2075  1499.97  -0.039915 0.00166434  2e+07  4e-07
0.21  1499.98  -0.0328223 0.00166434  2e+07  4e-07
0.2125  1499.98  -0.0269357 0.00166434  2e+07  4e-07
0.215  1499.98  -0.0220588 0.00166434  2e+07  4e-07
0.2175  1499.99  -0.0180251 0.00166434  2e+07  4e-07
0.22  1499.99  -0.0146933 0.00166434  2e+07  4e-07
0.2225  1499.99  -0.0119439 0.00166434  2e+07  4e-07
0.225  1499.99  -0.00967617 0.00166434  2e+07  4e-07
0.2275  1500  -0.00780531 0.00166434  2e+07  4e-07
0.23  1500  -0.00625982 0.00166434  2e+07  4e-07
0.2325  1500  -0.00497953 0.00166434  2e+07  4e-07
0.235  1500  -0.0039137 0.00166434  2e+07  4e-07
0.2375  1500  -0.00301937 0.00166434  2e+07  4e-07
0.24  1500  -0.00225999 0.00166434  2e+07  4e-07
0.2425  1500  -0.00160418 0.00166434  2e+07  4e-07
0.245  1500  -0.00102465 0.00166434  2e+07  4e-07
0.2475  1500  -0.000497213 0.00166434  2e+07  4e-07
0.25  1500  0  0.00166434  2e+07  4e-07
