TITLE="Graphics"
VARIABLES= "rj, m", "T, K", "dT/dt", "Lambda, Watt/m*K", "Cp, J/kg*K", "rho, kg/m^3"
0  300  -8.94688e-26  0.0061001  4.18e+07  0.00098
0.0025  300  -5.41059e-25  0.0061001  4.18e+07  0.00098
0.005  300  -7.58423e-24  0.0061001  4.18e+07  0.00098
0.0075  300  -1.44303e-22  0.0061001  4.18e+07  0.00098
0.01  300  -2.98455e-21  0.0061001  4.18e+07  0.00098
0.0125  300  -6.27658e-20  0.0061001  4.18e+07  0.00098
0.015  300  -1.28504e-18  0.0061001  4.18e+07  0.00098
0.0175  300  -2.1422e-17  0.0061001  4.18e+07  0.00098
0.02  300  2.15641e-16  0.0061001  4.18e+07  0.00098
0.0225  300  4.65219e-14  0.0061001  4.18e+07  0.00098
0.025  300  1.71587e-12  0.0061001  4.18e+07  0.00098
0.0275  300  6.06111e-11  0.0061001  4.18e+07  0.00098
0.03  300  2.00229e-09  0.0061001  4.18e+07  0.00098
0.0325  300  6.07252e-08  0.0061001  4.18e+07  0.00098
0.035  300  1.64959e-06  0.0061001  4.18e+07  0.00098
0.0375  300  3.87699e-05  0.0061001  4.18e+07  0.00098
0.04  300.002  0.000748907  0.0061001  4.18e+07  0.00098
0.0425  300.031  0.0109384  0.0061001  4.18e+07  0.00098
0.045  300.49  0.102734  0.0061001  4.18e+07  0.00098
0.0475  304.981  0.37977  0.0061001  4.18e+07  0.00098
0.04875  314.145 -0.27115 0.00631988  4.18e+07  0.00098
0.04875  314.145 -0.27115 0.000195688  4.18e+07  0.00098
0.05  670.22  -13.5918 0.00166434  2e+07  4e-07
0.0525  800.876  -14.1106 0.00166434  2e+07  4e-07
0.055  896.966  -14.603 0.00166434  2e+07  4e-07
0.0575  972.757  -14.9791 0.00166434  2e+07  4e-07
0.06  1034.91  -15.2349 0.00166434  2e+07  4e-07
0.0625  1087.16  -15.3814 0.00166434  2e+07  4e-07
0.065  1131.85  -15.4318 0.00166434  2e+07  4e-07
0.0675  1170.57  -15.3981 0.00166434  2e+07  4e-07
0.07  1204.43  -15.2912 0.00166434  2e+07  4e-07
0.0725  1234.28  -15.1203 0.00166434  2e+07  4e-07
0.075  1260.73  -14.8937 0.00166434  2e+07  4e-07
0.0775  1284.31  -14.6188 0.00166434  2e+07  4e-07
0.08  1305.39  -14.302 0.00166434  2e+07  4e-07
0.0825  1324.31  -13.9492 0.00166434  2e+07  4e-07
0.085  1341.33  -13.5657 0.00166434  2e+07  4e-07
0.0875  1356.68  -13.1565 0.00166434  2e+07  4e-07
0.09  1370.55  -12.7258 0.00166434  2e+07  4e-07
0.0925  1383.08  -12.2778 0.00166434  2e+07  4e-07
0.095  1394.44  -11.8164 0.00166434  2e+07  4e-07
0.0975  1404.72  -11.3449 0.00166434  2e+07  4e-07
0.1  1414.05  -10.8666 0.00166434  2e+07  4e-07
0.1025  1422.51  -10.3844 0.00166434  2e+07  4e-07
0.105  1430.19  -9.901 0.00166434  2e+07  4e-07
0.1075  1437.15  -9.41895 0.00166434  2e+07  4e-07
0.11  1443.47  -8.94048 0.00166434  2e+07  4e-07
0.1125  1449.19  -8.46764 0.00166434  2e+07  4e-07
0.115  1454.38  -8.00229 0.00166434  2e+07  4e-07
0.1175  1459.09  -7.54609 0.00166434  2e+07  4e-07
0.12  1463.34  -7.10051 0.00166434  2e+07  4e-07
0.1225  1467.2  -6.66685 0.00166434  2e+07  4e-07
0.125  1470.68  -6.24622 0.00166434  2e+07  4e-07
0.1275  1473.82  -5.83957 0.00166434  2e+07  4e-07
0.13  1476.66  -5.44771 0.00166434  2e+07  4e-07
0.1325  1479.21  -5.07128 0.00166434  2e+07  4e-07
0.135  1481.51  -4.71077 0.00166434  2e+07  4e-07
0.1375  1483.58  -4.36656 0.00166434  2e+07  4e-07
0.14  1485.44  -4.03888 0.00166434  2e+07  4e-07
0.1425  1487.1  -3.72785 0.00166434  2e+07  4e-07
0.145  1488.59  -3.43348 0.00166434  2e+07  4e-07
0.1475  1489.92  -3.15567 0.00166434  2e+07  4e-07
0.15  1491.11  -2.89423 0.00166434  2e+07  4e-07
0.1525  1492.17  -2.64889 0.00166434  2e+07  4e-07
0.155  1493.12  -2.41928 0.00166434  2e+07  4e-07
0.1575  1493.96  -2.205 0.00166434  2e+07  4e-07
0.16  1494.7  -2.00556 0.00166434  2e+07  4e-07
0.1625  1495.36  -1.82044 0.00166434  2e+07  4e-07
0.165  1495.94  -1.64905 0.00166434  2e+07  4e-07
0.1675  1496.46  -1.4908 0.00166434  2e+07  4e-07
0.17  1496.91  -1.34505 0.00166434  2e+07  4e-07
0.1725  1497.31  -1.21116 0.00166434  2e+07  4e-07
0.175  1497.66  -1.08848 0.00166434  2e+07  4e-07
0.1775  1497.97  -0.976337 0.00166434  2e+07  4e-07
0.18  1498.24  -0.874078 0.00166434  2e+07  4e-07
0.1825  1498.48  -0.781054 0.00166434  2e+07  4e-07
0.185  1498.68  -0.696625 0.00166434  2e+07  4e-07
0.1875  1498.86  -0.620171 0.00166434  2e+07  4e-07
0.19  1499.02  -0.551093 0.00166434  2e+07  4e-07
0.1925  1499.16  -0.488811 0.00166434  2e+07  4e-07
0.195  1499.27  -0.432774 0.00166434  2e+07  4e-07
0.1975  1499.38  -0.382456 0.00166434  2e+07  4e-07
0.2  1499.47  -0.337359 0.00166434  2e+07  4e-07
0.2025  1499.54  -0.297014 0.00166434  2e+07  4e-07
0.205  1499.61  -0.260982 0.00166434  2e+07  4e-07
0.2075  1499.67  -0.22885 0.00166434  2e+07  4e-07
0.21  1499.71  -0.200235 0.00166434  2e+07  4e-07
0.2125  1499.76  -0.174782 0.00166434  2e+07  4e-07
0.215  1499.79  -0.152162 0.00166434  2e+07  4e-07
0.2175  1499.83  -0.13207 0.00166434  2e+07  4e-07
0.22  1499.85  -0.114227 0.00166434  2e+07  4e-07
0.2225  1499.88  -0.0983751 0.00166434  2e+07  4e-07
0.225  1499.9  -0.0842794 0.00166434  2e+07  4e-07
0.2275  1499.91  -0.071723 0.00166434  2e+07  4e-07
0.23  1499.93  -0.0605078 0.00166434  2e+07  4e-07
0.2325  1499.94  -0.0504518 0.00166434  2e+07  4e-07
0.235  1499.95  -0.0413881 0.00166434  2e+07  4e-07
0.2375  1499.96  -0.0331633 0.00166434  2e+07  4e-07
0.24  1499.97  -0.0256357 0.00166434  2e+07  4e-07
0.2425  1499.98  -0.018674 0.00166434  2e+07  4e-07
0.245  1499.99  -0.0121561 0.00166434  2e+07  4e-07
0.2475  1499.99  -0.00596749 0.00166434  2e+07  4e-07
0.25  1500  0  0.00166434  2e+07  4e-07
