TITLE="Graphics"
VARIABLES= "rj, m", "T, K", "dT/dt", "Lambda, Watt/m*K", "Cp, J/kg*K", "rho, kg/m^3"
0  300  -9.94903e-53  0.0061001  4.18e+07  0.00098
0.0025  300  -1.57042e-50  0.0061001  4.18e+07  0.00098
0.005  300  -6.45158e-48  0.0061001  4.18e+07  0.00098
0.0075  300  -3.72345e-45  0.0061001  4.18e+07  0.00098
0.01  300  -2.39634e-42  0.0061001  4.18e+07  0.00098
0.0125  300  -1.60178e-39  0.0061001  4.18e+07  0.00098
0.015  300  -1.07347e-36  0.0061001  4.18e+07  0.00098
0.0175  300  -7.04375e-34  0.0061001  4.18e+07  0.00098
0.02  300  -4.43993e-31  0.0061001  4.18e+07  0.00098
0.0225  300  -2.65205e-28  0.0061001  4.18e+07  0.00098
0.025  300  -1.50562e-25  0.0061001  4.18e+07  0.00098
0.0275  300  -8.47178e-23  0.0061001  4.18e+07  0.00098
0.03  300  -4.7935e-20  0.0061001  4.18e+07  0.00098
0.0325  300  -6.96132e-18  0.0061001  4.18e+07  0.00098
0.035  300  1.04091e-13  0.0061001  4.18e+07  0.00098
0.0375  300  7.65631e-11  0.0061001  4.18e+07  0.00098
0.04  300  4.89018e-08  0.0061001  4.18e+07  0.00098
0.0425  300  2.52122e-05  0.0061001  4.18e+07  0.00098
0.045  300.001  0.00909126  0.0061001  4.18e+07  0.00098
0.0475  300.363  1.56036  0.0061001  4.18e+07  0.00098
0.04875  329.626 -22.1818 0.00650805  4.18e+07  0.00098
0.04875  329.626 -22.1818 0.000207133  4.18e+07  0.00098
0.05  1184.68  -679.541 0.00166434  2e+07  4e-07
0.0525  1303.7  -628.777 0.00166434  2e+07  4e-07
0.055  1380.65  -540.25 0.00166434  2e+07  4e-07
0.0575  1429.76  -426.901 0.00166434  2e+07  4e-07
0.06  1460.13  -310.255 0.00166434  2e+07  4e-07
0.0625  1478.17  -208.567 0.00166434  2e+07  4e-07
0.065  1488.46  -130.75 0.00166434  2e+07  4e-07
0.0675  1494.09  -77.1061 0.00166434  2e+07  4e-07
0.07  1497.06  -43.1355 0.00166434  2e+07  4e-07
0.0725  1498.57  -23.0665 0.00166434  2e+07  4e-07
0.075  1499.32  -11.8694 0.00166434  2e+07  4e-07
0.0775  1499.69  -5.91088 0.00166434  2e+07  4e-07
0.08  1499.86  -2.86256 0.00166434  2e+07  4e-07
0.0825  1499.94  -1.35364 0.00166434  2e+07  4e-07
0.085  1499.97  -0.627158 0.00166434  2e+07  4e-07
0.0875  1499.99  -0.28551 0.00166434  2e+07  4e-07
0.09  1499.99  -0.128022 0.00166434  2e+07  4e-07
0.0925  1500  -0.0566562 0.00166434  2e+07  4e-07
0.095  1500  -0.0247888 0.00166434  2e+07  4e-07
0.0975  1500  -0.0107383 0.00166434  2e+07  4e-07
0.1  1500  -0.00461135 0.00166434  2e+07  4e-07
0.1025  1500  -0.00196508 0.00166434  2e+07  4e-07
0.105  1500  -0.00083172 0.00166434  2e+07  4e-07
0.1075  1500  -0.000349901 0.00166434  2e+07  4e-07
0.11  1500  -0.000146407 0.00166434  2e+07  4e-07
0.1125  1500  -6.09622e-05 0.00166434  2e+07  4e-07
0.115  1500  -2.5272e-05 0.00166434  2e+07  4e-07
0.1175  1500  -1.04344e-05 0.00166434  2e+07  4e-07
0.12  1500  -4.29225e-06 0.00166434  2e+07  4e-07
0.1225  1500  -1.75959e-06 0.00166434  2e+07  4e-07
0.125  1500  -7.19022e-07 0.00166434  2e+07  4e-07
0.1275  1500  -2.92932e-07 0.00166434  2e+07  4e-07
0.13  1500  -1.18996e-07 0.00166434  2e+07  4e-07
0.1325  1500  -4.82069e-08 0.00166434  2e+07  4e-07
0.135  1500  -1.9479e-08 0.00166434  2e+07  4e-07
0.1375  1500  -7.84872e-09 0.00166434  2e+07  4e-07
0.14  1500  -3.15722e-09 0.00166434  2e+07  4e-07
0.1425  1500  -1.26484e-09 0.00166434  2e+07  4e-07
0.145  1500  -5.06433e-10 0.00166434  2e+07  4e-07
0.1475  1500  -2.00807e-10 0.00166434  2e+07  4e-07
0.15  1500  -7.95779e-11 0.00166434  2e+07  4e-07
0.1525  1500  -3.07484e-11 0.00166434  2e+07  4e-07
0.155  1500  -1.52763e-11 0.00166434  2e+07  4e-07
0.1575  1500  -4.74817e-12 0.00166434  2e+07  4e-07
0.16  1500  -4.31367e-13 0.00166434  2e+07  4e-07
0.1625  1500  -1.8017e-12 0.00166434  2e+07  4e-07
0.165  1500  -3.95236e-13 0.00166434  2e+07  4e-07
0.1675  1500  -3.5676e-14 0.00166434  2e+07  4e-07
0.17  1500  3.27081e-14 0.00166434  2e+07  4e-07
0.1725  1500  3.15312e-14 0.00166434  2e+07  4e-07
0.175  1500  2.0038e-14 0.00166434  2e+07  4e-07
0.1775  1500  1.10787e-14 0.00166434  2e+07  4e-07
0.18  1500  5.72479e-15 0.00166434  2e+07  4e-07
0.1825  1500  2.84686e-15 0.00166434  2e+07  4e-07
0.185  1500  1.38248e-15 0.00166434  2e+07  4e-07
0.1875  1500  6.60966e-16 0.00166434  2e+07  4e-07
0.19  1500  3.12627e-16 0.00166434  2e+07  4e-07
0.1925  1500  1.46721e-16 0.00166434  2e+07  4e-07
0.195  1500  6.84515e-17 0.00166434  2e+07  4e-07
0.1975  1500  3.17837e-17 0.00166434  2e+07  4e-07
0.2  1500  1.46985e-17 0.00166434  2e+07  4e-07
0.2025  1500  6.77316e-18 0.00166434  2e+07  4e-07
0.205  1500  3.11085e-18 0.00166434  2e+07  4e-07
0.2075  1500  1.42434e-18 0.00166434  2e+07  4e-07
0.21  1500  6.50204e-19 0.00166434  2e+07  4e-07
0.2125  1500  2.95951e-19 0.00166434  2e+07  4e-07
0.215  1500  1.34323e-19 0.00166434  2e+07  4e-07
0.2175  1500  6.07955e-20 0.00166434  2e+07  4e-07
0.22  1500  2.74412e-20 0.00166434  2e+07  4e-07
0.2225  1500  1.2353e-20 0.00166434  2e+07  4e-07
0.225  1500  5.54631e-21 0.00166434  2e+07  4e-07
0.2275  1500  2.48386e-21 0.00166434  2e+07  4e-07
0.23  1500  1.10961e-21 0.00166434  2e+07  4e-07
0.2325  1500  4.94497e-22 0.00166434  2e+07  4e-07
0.235  1500  2.19848e-22 0.00166434  2e+07  4e-07
0.2375  1500  9.75025e-23 0.00166434  2e+07  4e-07
0.24  1500  4.3106e-23 0.00166434  2e+07  4e-07
0.2425  1500  1.89236e-23 0.00166434  2e+07  4e-07
0.245  1500  8.08099e-24 0.00166434  2e+07  4e-07
0.2475  1500  2.9716e-24 0.00166434  2e+07  4e-07
0.25  1500  0  0.00166434  2e+07  4e-07
