TITLE="Graphics"
VARIABLES= "rj, m", "T, K", "dT/dt", "Lambda, Watt/m*K", "Cp, J/kg*K", "rho, kg/m^3"
0  300  4.27254e-25  0.0061001  4.18e+07  0.00098
0.0025  300  2.26054e-24  0.0061001  4.18e+07  0.00098
0.005  300  2.71549e-23  0.0061001  4.18e+07  0.00098
0.0075  300  4.45225e-22  0.0061001  4.18e+07  0.00098
0.01  300  8.28425e-21  0.0061001  4.18e+07  0.00098
0.0125  300  1.75809e-19  0.0061001  4.18e+07  0.00098
0.015  300  4.55945e-18  0.0061001  4.18e+07  0.00098
0.0175  300  1.56375e-16  0.0061001  4.18e+07  0.00098
0.02  300  7.68437e-15  0.0061001  4.18e+07  0.00098
0.0225  300  2.96289e-13  0.0061001  4.18e+07  0.00098
0.025  300  9.10222e-12  0.0061001  4.18e+07  0.00098
0.0275  300  2.66936e-10  0.0061001  4.18e+07  0.00098
0.03  300  7.31248e-09  0.0061001  4.18e+07  0.00098
0.0325  300  1.83475e-07  0.0061001  4.18e+07  0.00098
0.035  300  4.10828e-06  0.0061001  4.18e+07  0.00098
0.0375  300  7.91973e-05  0.0061001  4.18e+07  0.00098
0.04  300.003  0.00124677  0.0061001  4.18e+07  0.00098
0.0425  300.054  0.0147136  0.0061001  4.18e+07  0.00098
0.045  300.682  0.110218  0.0061001  4.18e+07  0.00098
0.0475  305.603  0.317083  0.0061001  4.18e+07  0.00098
0.04875  313.796 -0.134145 0.00631499  4.18e+07  0.00098
0.04875  313.796 -0.134145 0.000195436  4.18e+07  0.00098
0.05  649.949  -9.47092 0.00166434  2e+07  4e-07
0.0525  779.732  -9.92108 0.00166434  2e+07  4e-07
0.055  875.001  -10.3425 0.00166434  2e+07  4e-07
0.0575  950.15  -10.6787 0.00166434  2e+07  4e-07
0.06  1011.84  -10.9294 0.00166434  2e+07  4e-07
0.0625  1063.79  -11.1035 0.00166434  2e+07  4e-07
0.065  1108.33  -11.2105 0.00166434  2e+07  4e-07
0.0675  1147.02  -11.2589 0.00166434  2e+07  4e-07
0.07  1180.97  -11.2559 0.00166434  2e+07  4e-07
0.0725  1210.99  -11.208 0.00166434  2e+07  4e-07
0.075  1237.71  -11.1204 0.00166434  2e+07  4e-07
0.0775  1261.62  -10.9979 0.00166434  2e+07  4e-07
0.08  1283.1  -10.8447 0.00166434  2e+07  4e-07
0.0825  1302.47  -10.6643 0.00166434  2e+07  4e-07
0.085  1320  -10.4602 0.00166434  2e+07  4e-07
0.0875  1335.89  -10.2352 0.00166434  2e+07  4e-07
0.09  1350.34  -9.99215 0.00166434  2e+07  4e-07
0.0925  1363.48  -9.73346 0.00166434  2e+07  4e-07
0.095  1375.47  -9.46145 0.00166434  2e+07  4e-07
0.0975  1386.41  -9.17823 0.00166434  2e+07  4e-07
0.1  1396.41  -8.88576 0.00166434  2e+07  4e-07
0.1025  1405.55  -8.58588 0.00166434  2e+07  4e-07
0.105  1413.92  -8.28029 0.00166434  2e+07  4e-07
0.1075  1421.57  -7.97058 0.00166434  2e+07  4e-07
0.11  1428.58  -7.65822 0.00166434  2e+07  4e-07
0.1125  1435  -7.34461 0.00166434  2e+07  4e-07
0.115  1440.87  -7.03102 0.00166434  2e+07  4e-07
0.1175  1446.25  -6.71865 0.00166434  2e+07  4e-07
0.12  1451.18  -6.4086 0.00166434  2e+07  4e-07
0.1225  1455.68  -6.1019 0.00166434  2e+07  4e-07
0.125  1459.8  -5.79949 0.00166434  2e+07  4e-07
0.1275  1463.57  -5.50222 0.00166434  2e+07  4e-07
0.13  1467.02  -5.21086 0.00166434  2e+07  4e-07
0.1325  1470.16  -4.92613 0.00166434  2e+07  4e-07
0.135  1473.03  -4.64865 0.00166434  2e+07  4e-07
0.1375  1475.65  -4.37896 0.00166434  2e+07  4e-07
0.14  1478.03  -4.11755 0.00166434  2e+07  4e-07
0.1425  1480.2  -3.86483 0.00166434  2e+07  4e-07
0.145  1482.18  -3.62112 0.00166434  2e+07  4e-07
0.1475  1483.97  -3.38672 0.00166434  2e+07  4e-07
0.15  1485.6  -3.16182 0.00166434  2e+07  4e-07
0.1525  1487.08  -2.94657 0.00166434  2e+07  4e-07
0.155  1488.42  -2.74106 0.00166434  2e+07  4e-07
0.1575  1489.63  -2.54533 0.00166434  2e+07  4e-07
0.16  1490.72  -2.35936 0.00166434  2e+07  4e-07
0.1625  1491.71  -2.18308 0.00166434  2e+07  4e-07
0.165  1492.6  -2.01638 0.00166434  2e+07  4e-07
0.1675  1493.4  -1.8591 0.00166434  2e+07  4e-07
0.17  1494.13  -1.71105 0.00166434  2e+07  4e-07
0.1725  1494.78  -1.57201 0.00166434  2e+07  4e-07
0.175  1495.36  -1.44172 0.00166434  2e+07  4e-07
0.1775  1495.88  -1.31991 0.00166434  2e+07  4e-07
0.18  1496.35  -1.20626 0.00166434  2e+07  4e-07
0.1825  1496.77  -1.10045 0.00166434  2e+07  4e-07
0.185  1497.14  -1.00216 0.00166434  2e+07  4e-07
0.1875  1497.47  -0.91103 0.00166434  2e+07  4e-07
0.19  1497.77  -0.82671 0.00166434  2e+07  4e-07
0.1925  1498.04  -0.748839 0.00166434  2e+07  4e-07
0.195  1498.27  -0.677058 0.00166434  2e+07  4e-07
0.1975  1498.48  -0.611007 0.00166434  2e+07  4e-07
0.2  1498.67  -0.550329 0.00166434  2e+07  4e-07
0.2025  1498.83  -0.494674 0.00166434  2e+07  4e-07
0.205  1498.98  -0.443698 0.00166434  2e+07  4e-07
0.2075  1499.1  -0.397065 0.00166434  2e+07  4e-07
0.21  1499.22  -0.354451 0.00166434  2e+07  4e-07
0.2125  1499.32  -0.315542 0.00166434  2e+07  4e-07
0.215  1499.41  -0.280035 0.00166434  2e+07  4e-07
0.2175  1499.49  -0.24764 0.00166434  2e+07  4e-07
0.22  1499.56  -0.218079 0.00166434  2e+07  4e-07
0.2225  1499.62  -0.191088 0.00166434  2e+07  4e-07
0.225  1499.67  -0.166415 0.00166434  2e+07  4e-07
0.2275  1499.72  -0.143819 0.00166434  2e+07  4e-07
0.23  1499.77  -0.123073 0.00166434  2e+07  4e-07
0.2325  1499.8  -0.103962 0.00166434  2e+07  4e-07
0.235  1499.84  -0.0862804 0.00166434  2e+07  4e-07
0.2375  1499.87  -0.0698343 0.00166434  2e+07  4e-07
0.24  1499.9  -0.0544395 0.00166434  2e+07  4e-07
0.2425  1499.93  -0.0399212 0.00166434  2e+07  4e-07
0.245  1499.95  -0.0261131 0.00166434  2e+07  4e-07
0.2475  1499.98  -0.0128565 0.00166434  2e+07  4e-07
0.25  1500  0  0.00166434  2e+07  4e-07
