TITLE="Graphics"
VARIABLES= "rj, m", "T, K", "dT/dt", "Lambda, Watt/m*K", "Cp, J/kg*K", "rho, kg/m^3"
0  300  -1.78164e-25  0.0061001  4.18e+07  0.00098
0.0025  300  -1.06322e-24  0.0061001  4.18e+07  0.00098
0.005  300  -1.46022e-23  0.0061001  4.18e+07  0.00098
0.0075  300  -2.69588e-22  0.0061001  4.18e+07  0.00098
0.01  300  -5.33433e-21  0.0061001  4.18e+07  0.00098
0.0125  300  -1.05385e-19  0.0061001  4.18e+07  0.00098
0.015  300  -1.99234e-18  0.0061001  4.18e+07  0.00098
0.0175  300  -2.9597e-17  0.0061001  4.18e+07  0.00098
0.02  300  5.4841e-16  0.0061001  4.18e+07  0.00098
0.0225  300  7.88789e-14  0.0061001  4.18e+07  0.00098
0.025  300  2.82253e-12  0.0061001  4.18e+07  0.00098
0.0275  300  9.68127e-11  0.0061001  4.18e+07  0.00098
0.03  300  3.08611e-09  0.0061001  4.18e+07  0.00098
0.0325  300  8.97009e-08  0.0061001  4.18e+07  0.00098
0.035  300  2.3176e-06  0.0061001  4.18e+07  0.00098
0.0375  300  5.13624e-05  0.0061001  4.18e+07  0.00098
0.04  300.002  0.000926248  0.0061001  4.18e+07  0.00098
0.0425  300.04  0.0124799  0.0061001  4.18e+07  0.00098
0.045  300.567  0.106494  0.0061001  4.18e+07  0.00098
0.0475  305.25  0.349587  0.0061001  4.18e+07  0.00098
0.04875  313.971 -0.199218 0.00631745  4.18e+07  0.00098
0.04875  313.971 -0.199218 0.000195563  4.18e+07  0.00098
0.05  660.988  -11.4279 0.00166434  2e+07  4e-07
0.0525  791.27  -11.9197 0.00166434  2e+07  4e-07
0.055  887.008  -12.3825 0.00166434  2e+07  4e-07
0.0575  962.527  -12.7445 0.00166434  2e+07  4e-07
0.06  1024.49  -13.0039 0.00166434  2e+07  4e-07
0.0625  1076.62  -13.171 0.00166434  2e+07  4e-07
0.065  1121.27  -13.257 0.00166434  2e+07  4e-07
0.0675  1159.99  -13.2723 0.00166434  2e+07  4e-07
0.07  1193.91  -13.2256 0.00166434  2e+07  4e-07
0.0725  1223.85  -13.125 0.00166434  2e+07  4e-07
0.075  1250.45  -12.9769 0.00166434  2e+07  4e-07
0.0775  1274.19  -12.7875 0.00166434  2e+07  4e-07
0.08  1295.48  -12.5619 0.00166434  2e+07  4e-07
0.0825  1314.62  -12.3047 0.00166434  2e+07  4e-07
0.085  1331.89  -12.0203 0.00166434  2e+07  4e-07
0.0875  1347.51  -11.7124 0.00166434  2e+07  4e-07
0.09  1361.65  -11.3845 0.00166434  2e+07  4e-07
0.0925  1374.48  -11.0398 0.00166434  2e+07  4e-07
0.095  1386.13  -10.6812 0.00166434  2e+07  4e-07
0.0975  1396.73  -10.3115 0.00166434  2e+07  4e-07
0.1  1406.38  -9.93321 0.00166434  2e+07  4e-07
0.1025  1415.16  -9.5486 0.00166434  2e+07  4e-07
0.105  1423.15  -9.15984 0.00166434  2e+07  4e-07
0.1075  1430.44  -8.76892 0.00166434  2e+07  4e-07
0.11  1437.08  -8.37768 0.00166434  2e+07  4e-07
0.1125  1443.12  -7.98779 0.00166434  2e+07  4e-07
0.115  1448.63  -7.60081 0.00166434  2e+07  4e-07
0.1175  1453.64  -7.21816 0.00166434  2e+07  4e-07
0.12  1458.2  -6.84114 0.00166434  2e+07  4e-07
0.1225  1462.35  -6.47092 0.00166434  2e+07  4e-07
0.125  1466.12  -6.10856 0.00166434  2e+07  4e-07
0.1275  1469.54  -5.75499 0.00166434  2e+07  4e-07
0.13  1472.65  -5.41107 0.00166434  2e+07  4e-07
0.1325  1475.47  -5.07751 0.00166434  2e+07  4e-07
0.135  1478.02  -4.75495 0.00166434  2e+07  4e-07
0.1375  1480.33  -4.44391 0.00166434  2e+07  4e-07
0.14  1482.42  -4.14483 0.00166434  2e+07  4e-07
0.1425  1484.3  -3.85805 0.00166434  2e+07  4e-07
0.145  1486  -3.58383 0.00166434  2e+07  4e-07
0.1475  1487.53  -3.32234 0.00166434  2e+07  4e-07
0.15  1488.91  -3.07365 0.00166434  2e+07  4e-07
0.1525  1490.15  -2.8378 0.00166434  2e+07  4e-07
0.155  1491.26  -2.61471 0.00166434  2e+07  4e-07
0.1575  1492.25  -2.40427 0.00166434  2e+07  4e-07
0.16  1493.15  -2.20627 0.00166434  2e+07  4e-07
0.1625  1493.94  -2.02049 0.00166434  2e+07  4e-07
0.165  1494.65  -1.84662 0.00166434  2e+07  4e-07
0.1675  1495.29  -1.68432 0.00166434  2e+07  4e-07
0.17  1495.85  -1.53322 0.00166434  2e+07  4e-07
0.1725  1496.35  -1.3929 0.00166434  2e+07  4e-07
0.175  1496.79  -1.26292 0.00166434  2e+07  4e-07
0.1775  1497.19  -1.14282 0.00166434  2e+07  4e-07
0.18  1497.54  -1.03212 0.00166434  2e+07  4e-07
0.1825  1497.84  -0.930339 0.00166434  2e+07  4e-07
0.185  1498.12  -0.836971 0.00166434  2e+07  4e-07
0.1875  1498.36  -0.751524 0.00166434  2e+07  4e-07
0.19  1498.57  -0.673503 0.00166434  2e+07  4e-07
0.1925  1498.75  -0.602421 0.00166434  2e+07  4e-07
0.195  1498.92  -0.5378 0.00166434  2e+07  4e-07
0.1975  1499.06  -0.479173 0.00166434  2e+07  4e-07
0.2  1499.18  -0.426091 0.00166434  2e+07  4e-07
0.2025  1499.29  -0.378117 0.00166434  2e+07  4e-07
0.205  1499.39  -0.334837 0.00166434  2e+07  4e-07
0.2075  1499.47  -0.295853 0.00166434  2e+07  4e-07
0.21  1499.54  -0.260788 0.00166434  2e+07  4e-07
0.2125  1499.61  -0.229287 0.00166434  2e+07  4e-07
0.215  1499.66  -0.201013 0.00166434  2e+07  4e-07
0.2175  1499.71  -0.17565 0.00166434  2e+07  4e-07
0.22  1499.75  -0.152904 0.00166434  2e+07  4e-07
0.2225  1499.79  -0.132497 0.00166434  2e+07  4e-07
0.225  1499.82  -0.114173 0.00166434  2e+07  4e-07
0.2275  1499.85  -0.0976909 0.00166434  2e+07  4e-07
0.23  1499.87  -0.0828282 0.00166434  2e+07  4e-07
0.2325  1499.9  -0.0693769 0.00166434  2e+07  4e-07
0.235  1499.92  -0.0571437 0.00166434  2e+07  4e-07
0.2375  1499.93  -0.0459483 0.00166434  2e+07  4e-07
0.24  1499.95  -0.0356225 0.00166434  2e+07  4e-07
0.2425  1499.96  -0.0260087 0.00166434  2e+07  4e-07
0.245  1499.98  -0.016959 0.00166434  2e+07  4e-07
0.2475  1499.99  -0.00833366 0.00166434  2e+07  4e-07
0.25  1500  0  0.00166434  2e+07  4e-07
