TITLE="Graphics"
VARIABLES= "rj, m", "T, K", "dT/dt", "Lambda, Watt/m*K", "Cp, J/kg*K", "rho, kg/m^3"
0  300  -1.08461e-32  0.0061001  4.18e+07  0.00098
0.0025  300  -1.43949e-31  0.0061001  4.18e+07  0.00098
0.005  300  -4.66061e-30  0.0061001  4.18e+07  0.00098
0.0075  300  -2.05194e-28  0.0061001  4.18e+07  0.00098
0.01  300  -9.74925e-27  0.0061001  4.18e+07  0.00098
0.0125  300  -4.54759e-25  0.0061001  4.18e+07  0.00098
0.015  300  -1.78895e-23  0.0061001  4.18e+07  0.00098
0.0175  300  -1.58634e-22  0.0061001  4.18e+07  0.00098
0.02  300  9.51396e-20  0.0061001  4.18e+07  0.00098
0.0225  300  1.84383e-17  0.0061001  4.18e+07  0.00098
0.025  300  2.84407e-15  0.0061001  4.18e+07  0.00098
0.0275  300  2.40725e-13  0.0061001  4.18e+07  0.00098
0.03  300  1.6664e-11  0.0061001  4.18e+07  0.00098
0.0325  300  1.05992e-09  0.0061001  4.18e+07  0.00098
0.035  300  6.04835e-08  0.0061001  4.18e+07  0.00098
0.0375  300  2.98977e-06  0.0061001  4.18e+07  0.00098
0.04  300  0.000121623  0.0061001  4.18e+07  0.00098
0.0425  300.005  0.00374798  0.0061001  4.18e+07  0.00098
0.045  300.157  0.0746395  0.0061001  4.18e+07  0.00098
0.0475  303.255  0.602859  0.0061001  4.18e+07  0.00098
0.04875  316.078 -1.0199 0.00634645  4.18e+07  0.00098
0.04875  316.078 -1.0199 0.000197093  4.18e+07  0.00098
0.05  748.468  -36.4838 0.00166434  2e+07  4e-07
0.0525  881.2  -36.9997 0.00166434  2e+07  4e-07
0.055  979.31  -37.49 0.00166434  2e+07  4e-07
0.0575  1056.49  -37.6857 0.00166434  2e+07  4e-07
0.06  1119.36  -37.5624 0.00166434  2e+07  4e-07
0.0625  1171.7  -37.1461 0.00166434  2e+07  4e-07
0.065  1215.92  -36.473 0.00166434  2e+07  4e-07
0.0675  1253.69  -35.5798 0.00166434  2e+07  4e-07
0.07  1286.19  -34.5008 0.00166434  2e+07  4e-07
0.0725  1314.31  -33.2673 0.00166434  2e+07  4e-07
0.075  1338.73  -31.9079 0.00166434  2e+07  4e-07
0.0775  1360.01  -30.4489 0.00166434  2e+07  4e-07
0.08  1378.58  -28.914 0.00166434  2e+07  4e-07
0.0825  1394.8  -27.3251 0.00166434  2e+07  4e-07
0.085  1408.99  -25.7022 0.00166434  2e+07  4e-07
0.0875  1421.39  -24.0636 0.00166434  2e+07  4e-07
0.09  1432.22  -22.4259 0.00166434  2e+07  4e-07
0.0925  1441.68  -20.804 0.00166434  2e+07  4e-07
0.095  1449.93  -19.2112 0.00166434  2e+07  4e-07
0.0975  1457.11  -17.6594 0.00166434  2e+07  4e-07
0.1  1463.34  -16.1589 0.00166434  2e+07  4e-07
0.1025  1468.76  -14.7182 0.00166434  2e+07  4e-07
0.105  1473.44  -13.3446 0.00166434  2e+07  4e-07
0.1075  1477.48  -12.0437 0.00166434  2e+07  4e-07
0.11  1480.96  -10.8199 0.00166434  2e+07  4e-07
0.1125  1483.94  -9.67589 0.00166434  2e+07  4e-07
0.115  1486.5  -8.61336 0.00166434  2e+07  4e-07
0.1175  1488.68  -7.63264 0.00166434  2e+07  4e-07
0.12  1490.54  -6.73302 0.00166434  2e+07  4e-07
0.1225  1492.11  -5.9128 0.00166434  2e+07  4e-07
0.125  1493.45  -5.16944 0.00166434  2e+07  4e-07
0.1275  1494.57  -4.49969 0.00166434  2e+07  4e-07
0.13  1495.51  -3.89975 0.00166434  2e+07  4e-07
0.1325  1496.3  -3.36538 0.00166434  2e+07  4e-07
0.135  1496.96  -2.89206 0.00166434  2e+07  4e-07
0.1375  1497.51  -2.47508 0.00166434  2e+07  4e-07
0.14  1497.96  -2.10968 0.00166434  2e+07  4e-07
0.1425  1498.34  -1.79113 0.00166434  2e+07  4e-07
0.145  1498.65  -1.51482 0.00166434  2e+07  4e-07
0.1475  1498.91  -1.27632 0.00166434  2e+07  4e-07
0.15  1499.12  -1.07143 0.00166434  2e+07  4e-07
0.1525  1499.29  -0.896219 0.00166434  2e+07  4e-07
0.155  1499.43  -0.74706 0.00166434  2e+07  4e-07
0.1575  1499.54  -0.620625 0.00166434  2e+07  4e-07
0.16  1499.63  -0.5139 0.00166434  2e+07  4e-07
0.1625  1499.7  -0.424176 0.00166434  2e+07  4e-07
0.165  1499.76  -0.349039 0.00166434  2e+07  4e-07
0.1675  1499.81  -0.286353 0.00166434  2e+07  4e-07
0.17  1499.85  -0.234247 0.00166434  2e+07  4e-07
0.1725  1499.88  -0.191085 0.00166434  2e+07  4e-07
0.175  1499.91  -0.155454 0.00166434  2e+07  4e-07
0.1775  1499.93  -0.126135 0.00166434  2e+07  4e-07
0.18  1499.94  -0.102086 0.00166434  2e+07  4e-07
0.1825  1499.95  -0.0824198 0.00166434  2e+07  4e-07
0.185  1499.96  -0.0663843 0.00166434  2e+07  4e-07
0.1875  1499.97  -0.053346 0.00166434  2e+07  4e-07
0.19  1499.98  -0.0427735 0.00166434  2e+07  4e-07
0.1925  1499.98  -0.0342228 0.00166434  2e+07  4e-07
0.195  1499.99  -0.0273246 0.00166434  2e+07  4e-07
0.1975  1499.99  -0.0217732 0.00166434  2e+07  4e-07
0.2  1499.99  -0.0173159 0.00166434  2e+07  4e-07
0.2025  1499.99  -0.0137452 0.00166434  2e+07  4e-07
0.205  1500  -0.0108908 0.00166434  2e+07  4e-07
0.2075  1500  -0.00861385 0.00166434  2e+07  4e-07
0.21  1500  -0.00680104 0.00166434  2e+07  4e-07
0.2125  1500  -0.00536047 0.00166434  2e+07  4e-07
0.215  1500  -0.00421773 0.00166434  2e+07  4e-07
0.2175  1500  -0.00331272 0.00166434  2e+07  4e-07
0.22  1500  -0.00259699 0.00166434  2e+07  4e-07
0.2225  1500  -0.00203164 0.00166434  2e+07  4e-07
0.225  1500  -0.00158543 0.00166434  2e+07  4e-07
0.2275  1500  -0.00123334 0.00166434  2e+07  4e-07
0.23  1500  -0.000955347 0.00166434  2e+07  4e-07
0.2325  1500  -0.000735418 0.00166434  2e+07  4e-07
0.235  1500  -0.000560717 0.00166434  2e+07  4e-07
0.2375  1500  -0.000420924 0.00166434  2e+07  4e-07
0.24  1500  -0.000307702 0.00166434  2e+07  4e-07
0.2425  1500  -0.000214242 0.00166434  2e+07  4e-07
0.245  1500  -0.000134901 0.00166434  2e+07  4e-07
0.2475  1500  -6.48873e-05 0.00166434  2e+07  4e-07
0.25  1500  0  0.00166434  2e+07  4e-07
