TITLE="Graphics"
VARIABLES= "rj, m", "T, K", "dT/dt", "Lambda, Watt/m*K", "Cp, J/kg*K", "rho, kg/m^3"
0  300  -2.26645e-41  0.0061001  4.18e+07  0.00098
0.0025  300  9.89073e-41  0.0061001  4.18e+07  0.00098
0.005  300  1.2468e-37  0.0061001  4.18e+07  0.00098
0.0075  300  3.49656e-35  0.0061001  4.18e+07  0.00098
0.01  300  8.07095e-33  0.0061001  4.18e+07  0.00098
0.0125  300  1.61333e-30  0.0061001  4.18e+07  0.00098
0.015  300  2.71814e-28  0.0061001  4.18e+07  0.00098
0.0175  300  3.63306e-26  0.0061001  4.18e+07  0.00098
0.02  300  3.73028e-24  0.0061001  4.18e+07  0.00098
0.0225  300  4.65343e-22  0.0061001  4.18e+07  0.00098
0.025  300  1.40128e-19  0.0061001  4.18e+07  0.00098
0.0275  300  1.05567e-16  0.0061001  4.18e+07  0.00098
0.03  300  1.96007e-13  0.0061001  4.18e+07  0.00098
0.0325  300  2.5353e-11  0.0061001  4.18e+07  0.00098
0.035  300  2.92677e-09  0.0061001  4.18e+07  0.00098
0.0375  300  2.87643e-07  0.0061001  4.18e+07  0.00098
0.04  300  2.28752e-05  0.0061001  4.18e+07  0.00098
0.0425  300.001  0.00135722  0.0061001  4.18e+07  0.00098
0.045  300.056  0.0515719  0.0061001  4.18e+07  0.00098
0.0475  302.146  0.816102  0.0061001  4.18e+07  0.00098
0.04875  318.611 -2.40787 0.00637988  4.18e+07  0.00098
0.04875  318.611 -2.40787 0.000198944  4.18e+07  0.00098
0.05  834.887  -80.0014 0.00166434  2e+07  4e-07
0.0525  967.901  -79.5596 0.00166434  2e+07  4e-07
0.055  1066.11  -78.8267 0.00166434  2e+07  4e-07
0.0575  1142.62  -77.3422 0.00166434  2e+07  4e-07
0.06  1204.04  -75.1066 0.00166434  2e+07  4e-07
0.0625  1254.22  -72.2186 0.00166434  2e+07  4e-07
0.065  1295.7  -68.7967 0.00166434  2e+07  4e-07
0.0675  1330.23  -64.959 0.00166434  2e+07  4e-07
0.07  1359.11  -60.8167 0.00166434  2e+07  4e-07
0.0725  1383.31  -56.4728 0.00166434  2e+07  4e-07
0.075  1403.62  -52.0203 0.00166434  2e+07  4e-07
0.0775  1420.65  -47.5425 0.00166434  2e+07  4e-07
0.08  1434.91  -43.1118 0.00166434  2e+07  4e-07
0.0825  1446.83  -38.7896 0.00166434  2e+07  4e-07
0.085  1456.76  -34.6274 0.00166434  2e+07  4e-07
0.0875  1465  -30.6666 0.00166434  2e+07  4e-07
0.09  1471.82  -26.9401 0.00166434  2e+07  4e-07
0.0925  1477.42  -23.4725 0.00166434  2e+07  4e-07
0.095  1482.01  -20.2806 0.00166434  2e+07  4e-07
0.0975  1485.75  -17.3743 0.00166434  2e+07  4e-07
0.1  1488.78  -14.7567 0.00166434  2e+07  4e-07
0.1025  1491.21  -12.4249 0.00166434  2e+07  4e-07
0.105  1493.15  -10.3705 0.00166434  2e+07  4e-07
0.1075  1494.7  -8.58053 0.00166434  2e+07  4e-07
0.11  1495.92  -7.038 0.00166434  2e+07  4e-07
0.1125  1496.88  -5.72323 0.00166434  2e+07  4e-07
0.115  1497.62  -4.61467 0.00166434  2e+07  4e-07
0.1175  1498.2  -3.68985 0.00166434  2e+07  4e-07
0.12  1498.65  -2.92632 0.00166434  2e+07  4e-07
0.1225  1498.99  -2.3023 0.00166434  2e+07  4e-07
0.125  1499.24  -1.7973 0.00166434  2e+07  4e-07
0.1275  1499.44  -1.39248 0.00166434  2e+07  4e-07
0.13  1499.59  -1.07095 0.00166434  2e+07  4e-07
0.1325  1499.7  -0.817823 0.00166434  2e+07  4e-07
0.135  1499.78  -0.620242 0.00166434  2e+07  4e-07
0.1375  1499.84  -0.467277 0.00166434  2e+07  4e-07
0.14  1499.88  -0.349784 0.00166434  2e+07  4e-07
0.1425  1499.92  -0.260216 0.00166434  2e+07  4e-07
0.145  1499.94  -0.19243 0.00166434  2e+07  4e-07
0.1475  1499.96  -0.141485 0.00166434  2e+07  4e-07
0.15  1499.97  -0.103451 0.00166434  2e+07  4e-07
0.1525  1499.98  -0.0752376 0.00166434  2e+07  4e-07
0.155  1499.98  -0.0544371 0.00166434  2e+07  4e-07
0.1575  1499.99  -0.0391918 0.00166434  2e+07  4e-07
0.16  1499.99  -0.0280812 0.00166434  2e+07  4e-07
0.1625  1499.99  -0.0200276 0.00166434  2e+07  4e-07
0.165  1500  -0.0142203 0.00166434  2e+07  4e-07
0.1675  1500  -0.0100537 0.00166434  2e+07  4e-07
0.17  1500  -0.00707849 0.00166434  2e+07  4e-07
0.1725  1500  -0.00496389 0.00166434  2e+07  4e-07
0.175  1500  -0.00346761 0.00166434  2e+07  4e-07
0.1775  1500  -0.00241336 0.00166434  2e+07  4e-07
0.18  1500  -0.00167361 0.00166434  2e+07  4e-07
0.1825  1500  -0.00115659 0.00166434  2e+07  4e-07
0.185  1500  -0.000796621 0.00166434  2e+07  4e-07
0.1875  1500  -0.000546911 0.00166434  2e+07  4e-07
0.19  1500  -0.000374303 0.00166434  2e+07  4e-07
0.1925  1500  -0.000255397 0.00166434  2e+07  4e-07
0.195  1500  -0.000173755 0.00166434  2e+07  4e-07
0.1975  1500  -0.000117877 0.00166434  2e+07  4e-07
0.2  1500  -7.975e-05 0.00166434  2e+07  4e-07
0.2025  1500  -5.38122e-05 0.00166434  2e+07  4e-07
0.205  1500  -3.62173e-05 0.00166434  2e+07  4e-07
0.2075  1500  -2.43148e-05 0.00166434  2e+07  4e-07
0.21  1500  -1.62846e-05 0.00166434  2e+07  4e-07
0.2125  1500  -1.0881e-05 0.00166434  2e+07  4e-07
0.215  1500  -7.25401e-06 0.00166434  2e+07  4e-07
0.2175  1500  -4.82535e-06 0.00166434  2e+07  4e-07
0.22  1500  -3.20294e-06 0.00166434  2e+07  4e-07
0.2225  1500  -2.12156e-06 0.00166434  2e+07  4e-07
0.225  1500  -1.40237e-06 0.00166434  2e+07  4e-07
0.2275  1500  -9.25014e-07 0.00166434  2e+07  4e-07
0.23  1500  -6.08762e-07 0.00166434  2e+07  4e-07
0.2325  1500  -3.9954e-07 0.00166434  2e+07  4e-07
0.235  1500  -2.61215e-07 0.00166434  2e+07  4e-07
0.2375  1500  -1.69658e-07 0.00166434  2e+07  4e-07
0.24  1500  -1.08747e-07 0.00166434  2e+07  4e-07
0.2425  1500  -6.76599e-08 0.00166434  2e+07  4e-07
0.245  1500  -3.905e-08 0.00166434  2e+07  4e-07
0.2475  1500  -1.77653e-08 0.00166434  2e+07  4e-07
0.25  1500  0  0.00166434  2e+07  4e-07
