TITLE="Graphics"
VARIABLES= "rj, m", "T, K", "dT/dt", "Lambda, Watt/m*K", "Cp, J/kg*K", "rho, kg/m^3"
0  300  -1.64837e-32  0.0061001  4.18e+07  0.00098
0.0025  300  -2.20385e-31  0.0061001  4.18e+07  0.00098
0.005  300  -7.19499e-30  0.0061001  4.18e+07  0.00098
0.0075  300  -3.19663e-28  0.0061001  4.18e+07  0.00098
0.01  300  -1.53513e-26  0.0061001  4.18e+07  0.00098
0.0125  300  -7.28639e-25  0.0061001  4.18e+07  0.00098
0.015  300  -3.01665e-23  0.0061001  4.18e+07  0.00098
0.0175  300  -5.2703e-22  0.0061001  4.18e+07  0.00098
0.02  300  1.13234e-19  0.0061001  4.18e+07  0.00098
0.0225  300  2.43368e-17  0.0061001  4.18e+07  0.00098
0.025  300  3.81167e-15  0.0061001  4.18e+07  0.00098
0.0275  300  2.97275e-13  0.0061001  4.18e+07  0.00098
0.03  300  2.02753e-11  0.0061001  4.18e+07  0.00098
0.0325  300  1.26747e-09  0.0061001  4.18e+07  0.00098
0.035  300  7.08642e-08  0.0061001  4.18e+07  0.00098
0.0375  300  3.41912e-06  0.0061001  4.18e+07  0.00098
0.04  300  0.000135126  0.0061001  4.18e+07  0.00098
0.0425  300.006  0.00402125  0.0061001  4.18e+07  0.00098
0.045  300.169  0.0767101  0.0061001  4.18e+07  0.00098
0.0475  303.353  0.58511  0.0061001  4.18e+07  0.00098
0.04875  315.918 -0.927331 0.00634427  4.18e+07  0.00098
0.04875  315.918 -0.927331 0.000196976  4.18e+07  0.00098
0.05  742.686  -33.5992 0.00166434  2e+07  4e-07
0.0525  875.33  -34.1573 0.00166434  2e+07  4e-07
0.055  973.354  -34.6997 0.00166434  2e+07  4e-07
0.0575  1050.5  -34.9748 0.00166434  2e+07  4e-07
0.06  1113.37  -34.9583 0.00166434  2e+07  4e-07
0.0625  1165.77  -34.6722 0.00166434  2e+07  4e-07
0.065  1210.1  -34.1483 0.00166434  2e+07  4e-07
0.0675  1248  -33.4189 0.00166434  2e+07  4e-07
0.07  1280.66  -32.5141 0.00166434  2e+07  4e-07
0.0725  1308.97  -31.4614 0.00166434  2e+07  4e-07
0.075  1333.6  -30.2861 0.00166434  2e+07  4e-07
0.0775  1355.1  -29.0112 0.00166434  2e+07  4e-07
0.08  1373.91  -27.6579 0.00166434  2e+07  4e-07
0.0825  1390.38  -26.2457 0.00166434  2e+07  4e-07
0.085  1404.82  -24.7927 0.00166434  2e+07  4e-07
0.0875  1417.48  -23.3152 0.00166434  2e+07  4e-07
0.09  1428.57  -21.8286 0.00166434  2e+07  4e-07
0.0925  1438.28  -20.3464 0.00166434  2e+07  4e-07
0.095  1446.78  -18.8814 0.00166434  2e+07  4e-07
0.0975  1454.21  -17.4445 0.00166434  2e+07  4e-07
0.1  1460.69  -16.0458 0.00166434  2e+07  4e-07
0.1025  1466.33  -14.6938 0.00166434  2e+07  4e-07
0.105  1471.23  -13.3958 0.00166434  2e+07  4e-07
0.1075  1475.48  -12.158 0.00166434  2e+07  4e-07
0.11  1479.16  -10.9851 0.00166434  2e+07  4e-07
0.1125  1482.33  -9.88074 0.00166434  2e+07  4e-07
0.115  1485.06  -8.84747 0.00166434  2e+07  4e-07
0.1175  1487.4  -7.88664 0.00166434  2e+07  4e-07
0.12  1489.41  -6.99862 0.00166434  2e+07  4e-07
0.1225  1491.12  -6.18282 0.00166434  2e+07  4e-07
0.125  1492.57  -5.43786 0.00166434  2e+07  4e-07
0.1275  1493.8  -4.76156 0.00166434  2e+07  4e-07
0.13  1494.85  -4.15118 0.00166434  2e+07  4e-07
0.1325  1495.73  -3.60343 0.00166434  2e+07  4e-07
0.135  1496.47  -3.11464 0.00166434  2e+07  4e-07
0.1375  1497.08  -2.68089 0.00166434  2e+07  4e-07
0.14  1497.6  -2.29805 0.00166434  2e+07  4e-07
0.1425  1498.03  -1.96193 0.00166434  2e+07  4e-07
0.145  1498.39  -1.66835 0.00166434  2e+07  4e-07
0.1475  1498.68  -1.41322 0.00166434  2e+07  4e-07
0.15  1498.93  -1.19259 0.00166434  2e+07  4e-07
0.1525  1499.13  -1.0027 0.00166434  2e+07  4e-07
0.155  1499.29  -0.840021 0.00166434  2e+07  4e-07
0.1575  1499.43  -0.70128 0.00166434  2e+07  4e-07
0.16  1499.54  -0.583469 0.00166434  2e+07  4e-07
0.1625  1499.63  -0.483849 0.00166434  2e+07  4e-07
0.165  1499.7  -0.399954 0.00166434  2e+07  4e-07
0.1675  1499.76  -0.32958 0.00166434  2e+07  4e-07
0.17  1499.81  -0.270772 0.00166434  2e+07  4e-07
0.1725  1499.85  -0.221809 0.00166434  2e+07  4e-07
0.175  1499.88  -0.181186 0.00166434  2e+07  4e-07
0.1775  1499.9  -0.147599 0.00166434  2e+07  4e-07
0.18  1499.92  -0.11992 0.00166434  2e+07  4e-07
0.1825  1499.94  -0.0971817 0.00166434  2e+07  4e-07
0.185  1499.95  -0.07856 0.00166434  2e+07  4e-07
0.1875  1499.96  -0.0633545 0.00166434  2e+07  4e-07
0.19  1499.97  -0.0509737 0.00166434  2e+07  4e-07
0.1925  1499.98  -0.0409204 0.00166434  2e+07  4e-07
0.195  1499.98  -0.0327787 0.00166434  2e+07  4e-07
0.1975  1499.99  -0.0262018 0.00166434  2e+07  4e-07
0.2  1499.99  -0.020902 0.00166434  2e+07  4e-07
0.2025  1499.99  -0.0166413 0.00166434  2e+07  4e-07
0.205  1499.99  -0.0132238 0.00166434  2e+07  4e-07
0.2075  1499.99  -0.0104886 0.00166434  2e+07  4e-07
0.21  1500  -0.00830386 0.00166434  2e+07  4e-07
0.2125  1500  -0.00656235 0.00166434  2e+07  4e-07
0.215  1500  -0.00517669 0.00166434  2e+07  4e-07
0.2175  1500  -0.00407605 0.00166434  2e+07  4e-07
0.22  1500  -0.00320311 0.00166434  2e+07  4e-07
0.2225  1500  -0.00251164 0.00166434  2e+07  4e-07
0.225  1500  -0.00196438 0.00166434  2e+07  4e-07
0.2275  1500  -0.0015314 0.00166434  2e+07  4e-07
0.23  1500  -0.00118861 0.00166434  2e+07  4e-07
0.2325  1500  -0.000916707 0.00166434  2e+07  4e-07
0.235  1500  -0.000700148 0.00166434  2e+07  4e-07
0.2375  1500  -0.000526407 0.00166434  2e+07  4e-07
0.24  1500  -0.000385324 0.00166434  2e+07  4e-07
0.2425  1500  -0.000268579 0.00166434  2e+07  4e-07
0.245  1500  -0.000169251 0.00166434  2e+07  4e-07
0.2475  1500  -8.14496e-05 0.00166434  2e+07  4e-07
0.25  1500  0  0.00166434  2e+07  4e-07
