TITLE="Graphics"
VARIABLES= "rj, m", "T, K", "dT/dt", "Lambda, Watt/m*K", "Cp, J/kg*K", "rho, kg/m^3"
0  300  2.81603e-25  0.0061001  4.18e+07  0.00098
0.0025  300  1.46328e-24  0.0061001  4.18e+07  0.00098
0.005  300  1.71695e-23  0.0061001  4.18e+07  0.00098
0.0075  300  2.74637e-22  0.0061001  4.18e+07  0.00098
0.01  300  5.03172e-21  0.0061001  4.18e+07  0.00098
0.0125  300  1.08255e-19  0.0061001  4.18e+07  0.00098
0.015  300  2.96626e-18  0.0061001  4.18e+07  0.00098
0.0175  300  1.10354e-16  0.0061001  4.18e+07  0.00098
0.02  300  5.87506e-15  0.0061001  4.18e+07  0.00098
0.0225  300  2.39673e-13  0.0061001  4.18e+07  0.00098
0.025  300  7.45536e-12  0.0061001  4.18e+07  0.00098
0.0275  300  2.21903e-10  0.0061001  4.18e+07  0.00098
0.03  300  6.18134e-09  0.0061001  4.18e+07  0.00098
0.0325  300  1.58047e-07  0.0061001  4.18e+07  0.00098
0.035  300  3.615e-06  0.0061001  4.18e+07  0.00098
0.0375  300  7.13813e-05  0.0061001  4.18e+07  0.00098
0.04  300.003  0.0011546  0.0061001  4.18e+07  0.00098
0.0425  300.05  0.0140507  0.0061001  4.18e+07  0.00098
0.045  300.647  0.109033  0.0061001  4.18e+07  0.00098
0.0475  305.501  0.327249  0.0061001  4.18e+07  0.00098
0.04875  313.841 -0.155271 0.00631563  4.18e+07  0.00098
0.04875  313.841 -0.155271 0.000195469  4.18e+07  0.00098
0.05  653.032  -10.1063 0.00166434  2e+07  4e-07
0.0525  782.959  -10.5687 0.00166434  2e+07  4e-07
0.055  878.363  -11.0024 0.00166434  2e+07  4e-07
0.0575  953.619  -11.346 0.00166434  2e+07  4e-07
0.06  1015.39  -11.5987 0.00166434  2e+07  4e-07
0.0625  1067.4  -11.7697 0.00166434  2e+07  4e-07
0.065  1111.97  -11.869 0.00166434  2e+07  4e-07
0.0675  1150.67  -11.9058 0.00166434  2e+07  4e-07
0.07  1184.61  -11.8879 0.00166434  2e+07  4e-07
0.0725  1214.61  -11.822 0.00166434  2e+07  4e-07
0.075  1241.3  -11.714 0.00166434  2e+07  4e-07
0.0775  1265.17  -11.569 0.00166434  2e+07  4e-07
0.08  1286.6  -11.3915 0.00166434  2e+07  4e-07
0.0825  1305.92  -11.1855 0.00166434  2e+07  4e-07
0.085  1323.37  -10.9546 0.00166434  2e+07  4e-07
0.0875  1339.19  -10.7021 0.00166434  2e+07  4e-07
0.09  1353.55  -10.4309 0.00166434  2e+07  4e-07
0.0925  1366.62  -10.1437 0.00166434  2e+07  4e-07
0.095  1378.51  -9.84313 0.00166434  2e+07  4e-07
0.0975  1389.36  -9.53142 0.00166434  2e+07  4e-07
0.1  1399.26  -9.21074 0.00166434  2e+07  4e-07
0.1025  1408.3  -8.88309 0.00166434  2e+07  4e-07
0.105  1416.57  -8.55032 0.00166434  2e+07  4e-07
0.1075  1424.12  -8.21415 0.00166434  2e+07  4e-07
0.11  1431.03  -7.87618 0.00166434  2e+07  4e-07
0.1125  1437.34  -7.53789 0.00166434  2e+07  4e-07
0.115  1443.11  -7.20066 0.00166434  2e+07  4e-07
0.1175  1448.39  -6.86575 0.00166434  2e+07  4e-07
0.12  1453.21  -6.53433 0.00166434  2e+07  4e-07
0.1225  1457.62  -6.20747 0.00166434  2e+07  4e-07
0.125  1461.64  -5.88613 0.00166434  2e+07  4e-07
0.1275  1465.32  -5.5712 0.00166434  2e+07  4e-07
0.13  1468.67  -5.26346 0.00166434  2e+07  4e-07
0.1325  1471.72  -4.96362 0.00166434  2e+07  4e-07
0.135  1474.5  -4.6723 0.00166434  2e+07  4e-07
0.1375  1477.03  -4.39003 0.00166434  2e+07  4e-07
0.14  1479.33  -4.11727 0.00166434  2e+07  4e-07
0.1425  1481.42  -3.85439 0.00166434  2e+07  4e-07
0.145  1483.31  -3.60169 0.00166434  2e+07  4e-07
0.1475  1485.03  -3.3594 0.00166434  2e+07  4e-07
0.15  1486.59  -3.12769 0.00166434  2e+07  4e-07
0.1525  1488  -2.90664 0.00166434  2e+07  4e-07
0.155  1489.27  -2.6963 0.00166434  2e+07  4e-07
0.1575  1490.42  -2.49663 0.00166434  2e+07  4e-07
0.16  1491.46  -2.30755 0.00166434  2e+07  4e-07
0.1625  1492.39  -2.12893 0.00166434  2e+07  4e-07
0.165  1493.23  -1.9606 0.00166434  2e+07  4e-07
0.1675  1493.98  -1.80234 0.00166434  2e+07  4e-07
0.17  1494.66  -1.65388 0.00166434  2e+07  4e-07
0.1725  1495.26  -1.51496 0.00166434  2e+07  4e-07
0.175  1495.8  -1.38523 0.00166434  2e+07  4e-07
0.1775  1496.29  -1.26438 0.00166434  2e+07  4e-07
0.18  1496.72  -1.15204 0.00166434  2e+07  4e-07
0.1825  1497.11  -1.04783 0.00166434  2e+07  4e-07
0.185  1497.45  -0.951369 0.00166434  2e+07  4e-07
0.1875  1497.75  -0.862267 0.00166434  2e+07  4e-07
0.19  1498.02  -0.780124 0.00166434  2e+07  4e-07
0.1925  1498.27  -0.704544 0.00166434  2e+07  4e-07
0.195  1498.48  -0.635133 0.00166434  2e+07  4e-07
0.1975  1498.67  -0.571499 0.00166434  2e+07  4e-07
0.2  1498.83  -0.513259 0.00166434  2e+07  4e-07
0.2025  1498.98  -0.46004 0.00166434  2e+07  4e-07
0.205  1499.11  -0.411478 0.00166434  2e+07  4e-07
0.2075  1499.23  -0.367221 0.00166434  2e+07  4e-07
0.21  1499.33  -0.32693 0.00166434  2e+07  4e-07
0.2125  1499.42  -0.290282 0.00166434  2e+07  4e-07
0.215  1499.49  -0.256966 0.00166434  2e+07  4e-07
0.2175  1499.56  -0.226686 0.00166434  2e+07  4e-07
0.22  1499.62  -0.199161 0.00166434  2e+07  4e-07
0.2225  1499.68  -0.174125 0.00166434  2e+07  4e-07
0.225  1499.72  -0.151325 0.00166434  2e+07  4e-07
0.2275  1499.77  -0.130524 0.00166434  2e+07  4e-07
0.23  1499.8  -0.111496 0.00166434  2e+07  4e-07
0.2325  1499.84  -0.0940305 0.00166434  2e+07  4e-07
0.235  1499.87  -0.0779261 0.00166434  2e+07  4e-07
0.2375  1499.89  -0.0629943 0.00166434  2e+07  4e-07
0.24  1499.92  -0.0490568 0.00166434  2e+07  4e-07
0.2425  1499.94  -0.0359448 0.00166434  2e+07  4e-07
0.245  1499.96  -0.0234982 0.00166434  2e+07  4e-07
0.2475  1499.98  -0.011565 0.00166434  2e+07  4e-07
0.25  1500  0  0.00166434  2e+07  4e-07
