TITLE="Graphics"
VARIABLES= "rj, m", "T, K", "dT/dt", "Lambda, Watt/m*K", "Cp, J/kg*K", "rho, kg/m^3"
0  300  1.11577e-31  0.0061001  4.18e+07  0.00098
0.0025  300  1.21942e-30  0.0061001  4.18e+07  0.00098
0.005  300  2.82643e-29  0.0061001  4.18e+07  0.00098
0.0075  300  6.61264e-28  0.0061001  4.18e+07  0.00098
0.01  300  3.64019e-27  0.0061001  4.18e+07  0.00098
0.0125  300  -6.37666e-25  0.0061001  4.18e+07  0.00098
0.015  300  3.25174e-24  0.0061001  4.18e+07  0.00098
0.0175  300  6.51712e-21  0.0061001  4.18e+07  0.00098
0.02  300  6.71538e-19  0.0061001  4.18e+07  0.00098
0.0225  300  1.28706e-16  0.0061001  4.18e+07  0.00098
0.025  300  7.00821e-14  0.0061001  4.18e+07  0.00098
0.0275  300  3.6783e-12  0.0061001  4.18e+07  0.00098
0.03  300  1.83787e-10  0.0061001  4.18e+07  0.00098
0.0325  300  8.35455e-09  0.0061001  4.18e+07  0.00098
0.035  300  3.36905e-07  0.0061001  4.18e+07  0.00098
0.0375  300  1.16368e-05  0.0061001  4.18e+07  0.00098
0.04  300  0.000326858  0.0061001  4.18e+07  0.00098
0.0425  300.014  0.00685985  0.0061001  4.18e+07  0.00098
0.045  300.298  0.0912439  0.0061001  4.18e+07  0.00098
0.0475  304.15  0.46949  0.0061001  4.18e+07  0.00098
0.04875  314.877 -0.489377 0.00633004  4.18e+07  0.00098
0.04875  314.877 -0.489377 0.000196219  4.18e+07  0.00098
0.05  702.956  -20.1514 0.00166434  2e+07  4e-07
0.0525  834.699  -20.7467 0.00166434  2e+07  4e-07
0.055  931.839  -21.3345 0.00166434  2e+07  4e-07
0.0575  1008.41  -21.7641 0.00166434  2e+07  4e-07
0.06  1071.06  -22.0215 0.00166434  2e+07  4e-07
0.0625  1123.54  -22.1191 0.00166434  2e+07  4e-07
0.065  1168.24  -22.0744 0.00166434  2e+07  4e-07
0.0675  1206.76  -21.9042 0.00166434  2e+07  4e-07
0.07  1240.25  -21.6241 0.00166434  2e+07  4e-07
0.0725  1269.56  -21.2481 0.00166434  2e+07  4e-07
0.075  1295.36  -20.7886 0.00166434  2e+07  4e-07
0.0775  1318.16  -20.2571 0.00166434  2e+07  4e-07
0.08  1338.37  -19.6637 0.00166434  2e+07  4e-07
0.0825  1356.33  -19.0179 0.00166434  2e+07  4e-07
0.085  1372.33  -18.3285 0.00166434  2e+07  4e-07
0.0875  1386.59  -17.6035 0.00166434  2e+07  4e-07
0.09  1399.32  -16.8505 0.00166434  2e+07  4e-07
0.0925  1410.69  -16.0764 0.00166434  2e+07  4e-07
0.095  1420.85  -15.2878 0.00166434  2e+07  4e-07
0.0975  1429.92  -14.4908 0.00166434  2e+07  4e-07
0.1  1438.03  -13.6911 0.00166434  2e+07  4e-07
0.1025  1445.27  -12.8939 0.00166434  2e+07  4e-07
0.105  1451.73  -12.104 0.00166434  2e+07  4e-07
0.1075  1457.49  -11.3259 0.00166434  2e+07  4e-07
0.11  1462.61  -10.5637 0.00166434  2e+07  4e-07
0.1125  1467.18  -9.82091 0.00166434  2e+07  4e-07
0.115  1471.23  -9.10076 0.00166434  2e+07  4e-07
0.1175  1474.83  -8.406 0.00166434  2e+07  4e-07
0.12  1478.02  -7.739 0.00166434  2e+07  4e-07
0.1225  1480.84  -7.10168 0.00166434  2e+07  4e-07
0.125  1483.33  -6.49557 0.00166434  2e+07  4e-07
0.1275  1485.52  -5.92181 0.00166434  2e+07  4e-07
0.13  1487.45  -5.38114 0.00166434  2e+07  4e-07
0.1325  1489.15  -4.87393 0.00166434  2e+07  4e-07
0.135  1490.63  -4.40024 0.00166434  2e+07  4e-07
0.1375  1491.93  -3.95979 0.00166434  2e+07  4e-07
0.14  1493.06  -3.55202 0.00166434  2e+07  4e-07
0.1425  1494.05  -3.17612 0.00166434  2e+07  4e-07
0.145  1494.9  -2.83106 0.00166434  2e+07  4e-07
0.1475  1495.65  -2.51562 0.00166434  2e+07  4e-07
0.15  1496.29  -2.22845 0.00166434  2e+07  4e-07
0.1525  1496.84  -1.96805 0.00166434  2e+07  4e-07
0.155  1497.32  -1.73287 0.00166434  2e+07  4e-07
0.1575  1497.73  -1.52129 0.00166434  2e+07  4e-07
0.16  1498.08  -1.33165 0.00166434  2e+07  4e-07
0.1625  1498.38  -1.16231 0.00166434  2e+07  4e-07
0.165  1498.63  -1.01166 0.00166434  2e+07  4e-07
0.1675  1498.85  -0.878102 0.00166434  2e+07  4e-07
0.17  1499.04  -0.760111 0.00166434  2e+07  4e-07
0.1725  1499.19  -0.656226 0.00166434  2e+07  4e-07
0.175  1499.33  -0.565064 0.00166434  2e+07  4e-07
0.1775  1499.44  -0.485324 0.00166434  2e+07  4e-07
0.18  1499.53  -0.415796 0.00166434  2e+07  4e-07
0.1825  1499.61  -0.355357 0.00166434  2e+07  4e-07
0.185  1499.68  -0.302976 0.00166434  2e+07  4e-07
0.1875  1499.73  -0.25771 0.00166434  2e+07  4e-07
0.19  1499.78  -0.218705 0.00166434  2e+07  4e-07
0.1925  1499.82  -0.185186 0.00166434  2e+07  4e-07
0.195  1499.85  -0.156459 0.00166434  2e+07  4e-07
0.1975  1499.88  -0.131902 0.00166434  2e+07  4e-07
0.2  1499.9  -0.110963 0.00166434  2e+07  4e-07
0.2025  1499.92  -0.0931524 0.00166434  2e+07  4e-07
0.205  1499.93  -0.0780378 0.00166434  2e+07  4e-07
0.2075  1499.94  -0.0652399 0.00166434  2e+07  4e-07
0.21  1499.95  -0.0544264 0.00166434  2e+07  4e-07
0.2125  1499.96  -0.0453077 0.00166434  2e+07  4e-07
0.215  1499.97  -0.0376321 0.00166434  2e+07  4e-07
0.2175  1499.98  -0.0311814 0.00166434  2e+07  4e-07
0.22  1499.98  -0.0257671 0.00166434  2e+07  4e-07
0.2225  1499.98  -0.0212266 0.00166434  2e+07  4e-07
0.225  1499.99  -0.0174201 0.00166434  2e+07  4e-07
0.2275  1499.99  -0.0142275 0.00166434  2e+07  4e-07
0.23  1499.99  -0.0115457 0.00166434  2e+07  4e-07
0.2325  1499.99  -0.00928613 0.00166434  2e+07  4e-07
0.235  1499.99  -0.0073725 0.00166434  2e+07  4e-07
0.2375  1500  -0.00573909 0.00166434  2e+07  4e-07
0.24  1500  -0.00432883 0.00166434  2e+07  4e-07
0.2425  1500  -0.00309182 0.00166434  2e+07  4e-07
0.245  1500  -0.00198389 0.00166434  2e+07  4e-07
0.2475  1500  -0.000965388 0.00166434  2e+07  4e-07
0.25  1500  0  0.00166434  2e+07  4e-07
