TITLE="Graphics"
VARIABLES= "rj, m", "T, K", "dT/dt", "Lambda, Watt/m*K", "Cp, J/kg*K", "rho, kg/m^3"
0  300  3.27652e-41  0.0061001  4.18e+07  0.00098
0.0025  300  1.23615e-39  0.0061001  4.18e+07  0.00098
0.005  300  1.1676e-37  0.0061001  4.18e+07  0.00098
0.0075  300  1.47244e-35  0.0061001  4.18e+07  0.00098
0.01  300  1.89313e-33  0.0061001  4.18e+07  0.00098
0.0125  300  2.10449e-31  0.0061001  4.18e+07  0.00098
0.015  300  1.36249e-29  0.0061001  4.18e+07  0.00098
0.0175  300  -1.5082e-27  0.0061001  4.18e+07  0.00098
0.02  300  -7.37827e-25  0.0061001  4.18e+07  0.00098
0.0225  300  -1.64543e-22  0.0061001  4.18e+07  0.00098
0.025  300  -2.55941e-20  0.0061001  4.18e+07  0.00098
0.0275  300  2.0463e-17  0.0061001  4.18e+07  0.00098
0.03  300  4.72536e-14  0.0061001  4.18e+07  0.00098
0.0325  300  7.22815e-12  0.0061001  4.18e+07  0.00098
0.035  300  9.97981e-10  0.0061001  4.18e+07  0.00098
0.0375  300  1.1945e-07  0.0061001  4.18e+07  0.00098
0.04  300  1.17997e-05  0.0061001  4.18e+07  0.00098
0.0425  300  0.000887323  0.0061001  4.18e+07  0.00098
0.045  300.036  0.043534  0.0061001  4.18e+07  0.00098
0.0475  301.794  0.904609  0.0061001  4.18e+07  0.00098
0.04875  319.745 -3.23152 0.00639436  4.18e+07  0.00098
0.04875  319.745 -3.23152 0.000199777  4.18e+07  0.00098
0.05  872.225  -105.586 0.00166434  2e+07  4e-07
0.0525  1004.97  -104.461 0.00166434  2e+07  4e-07
0.055  1102.76  -102.828 0.00166434  2e+07  4e-07
0.0575  1178.5  -100.108 0.00166434  2e+07  4e-07
0.06  1238.77  -96.3152 0.00166434  2e+07  4e-07
0.0625  1287.49  -91.602 0.00166434  2e+07  4e-07
0.065  1327.25  -86.1535 0.00166434  2e+07  4e-07
0.0675  1359.86  -80.155 0.00166434  2e+07  4e-07
0.07  1386.66  -73.7814 0.00166434  2e+07  4e-07
0.0725  1408.7  -67.1953 0.00166434  2e+07  4e-07
0.075  1426.79  -60.5457 0.00166434  2e+07  4e-07
0.0775  1441.59  -53.9676 0.00166434  2e+07  4e-07
0.08  1453.67  -47.5804 0.00166434  2e+07  4e-07
0.0825  1463.47  -41.487 0.00166434  2e+07  4e-07
0.085  1471.37  -35.7712 0.00166434  2e+07  4e-07
0.0875  1477.72  -30.4976 0.00166434  2e+07  4e-07
0.09  1482.77  -25.7098 0.00166434  2e+07  4e-07
0.0925  1486.77  -21.4317 0.00166434  2e+07  4e-07
0.095  1489.92  -17.6681 0.00166434  2e+07  4e-07
0.0975  1492.37  -14.4072 0.00166434  2e+07  4e-07
0.1  1494.26  -11.6231 0.00166434  2e+07  4e-07
0.1025  1495.72  -9.27997 0.00166434  2e+07  4e-07
0.105  1496.82  -7.33484 0.00166434  2e+07  4e-07
0.1075  1497.66  -5.74125 0.00166434  2e+07  4e-07
0.11  1498.29  -4.452 0.00166434  2e+07  4e-07
0.1125  1498.75  -3.42138 0.00166434  2e+07  4e-07
0.115  1499.1  -2.60682 0.00166434  2e+07  4e-07
0.1175  1499.35  -1.96992 0.00166434  2e+07  4e-07
0.12  1499.54  -1.477 0.00166434  2e+07  4e-07
0.1225  1499.67  -1.09915 0.00166434  2e+07  4e-07
0.125  1499.77  -0.812154 0.00166434  2e+07  4e-07
0.1275  1499.84  -0.596028 0.00166434  2e+07  4e-07
0.13  1499.89  -0.434591 0.00166434  2e+07  4e-07
0.1325  1499.92  -0.31493 0.00166434  2e+07  4e-07
0.135  1499.94  -0.226878 0.00166434  2e+07  4e-07
0.1375  1499.96  -0.16253 0.00166434  2e+07  4e-07
0.14  1499.97  -0.11581 0.00166434  2e+07  4e-07
0.1425  1499.98  -0.0820996 0.00166434  2e+07  4e-07
0.145  1499.99  -0.057918 0.00166434  2e+07  4e-07
0.1475  1499.99  -0.0406685 0.00166434  2e+07  4e-07
0.15  1499.99  -0.0284291 0.00166434  2e+07  4e-07
0.1525  1500  -0.0197883 0.00166434  2e+07  4e-07
0.155  1500  -0.0137175 0.00166434  2e+07  4e-07
0.1575  1500  -0.00947184 0.00166434  2e+07  4e-07
0.16  1500  -0.00651562 0.00166434  2e+07  4e-07
0.1625  1500  -0.00446586 0.00166434  2e+07  4e-07
0.165  1500  -0.0030503 0.00166434  2e+07  4e-07
0.1675  1500  -0.00207648 0.00166434  2e+07  4e-07
0.17  1500  -0.00140901 0.00166434  2e+07  4e-07
0.1725  1500  -0.000953138 0.00166434  2e+07  4e-07
0.175  1500  -0.000642836 0.00166434  2e+07  4e-07
0.1775  1500  -0.00043231 0.00166434  2e+07  4e-07
0.18  1500  -0.000289924 0.00166434  2e+07  4e-07
0.1825  1500  -0.000193915 0.00166434  2e+07  4e-07
0.185  1500  -0.000129364 0.00166434  2e+07  4e-07
0.1875  1500  -8.60862e-05 0.00166434  2e+07  4e-07
0.19  1500  -5.71484e-05 0.00166434  2e+07  4e-07
0.1925  1500  -3.78496e-05 0.00166434  2e+07  4e-07
0.195  1500  -2.50114e-05 0.00166434  2e+07  4e-07
0.1975  1500  -1.64917e-05 0.00166434  2e+07  4e-07
0.2  1500  -1.08511e-05 0.00166434  2e+07  4e-07
0.2025  1500  -7.12514e-06 0.00166434  2e+07  4e-07
0.205  1500  -4.66929e-06 0.00166434  2e+07  4e-07
0.2075  1500  -3.05402e-06 0.00166434  2e+07  4e-07
0.21  1500  -1.99381e-06 0.00166434  2e+07  4e-07
0.2125  1500  -1.2993e-06 0.00166434  2e+07  4e-07
0.215  1500  -8.45222e-07 0.00166434  2e+07  4e-07
0.2175  1500  -5.48896e-07 0.00166434  2e+07  4e-07
0.22  1500  -3.55868e-07 0.00166434  2e+07  4e-07
0.2225  1500  -2.30344e-07 0.00166434  2e+07  4e-07
0.225  1500  -1.48855e-07 0.00166434  2e+07  4e-07
0.2275  1500  -9.6039e-08 0.00166434  2e+07  4e-07
0.23  1500  -6.18496e-08 0.00166434  2e+07  4e-07
0.2325  1500  -3.97483e-08 0.00166434  2e+07  4e-07
0.235  1500  -2.54634e-08 0.00166434  2e+07  4e-07
0.2375  1500  -1.62212e-08 0.00166434  2e+07  4e-07
0.24  1500  -1.02137e-08 0.00166434  2e+07  4e-07
0.2425  1500  -6.25651e-09 0.00166434  2e+07  4e-07
0.245  1500  -3.56516e-09 0.00166434  2e+07  4e-07
0.2475  1500  -1.61035e-09 0.00166434  2e+07  4e-07
0.25  1500  0  0.00166434  2e+07  4e-07
