TITLE="Graphics"
VARIABLES= "rj, m", "T, K", "dT/dt", "Lambda, Watt/m*K", "Cp, J/kg*K", "rho, kg/m^3"
0  300  -1.61396e-43  0.0061001  4.18e+07  0.00098
0.0025  300  -8.48107e-42  0.0061001  4.18e+07  0.00098
0.005  300  -1.14585e-39  0.0061001  4.18e+07  0.00098
0.0075  300  -2.15807e-37  0.0061001  4.18e+07  0.00098
0.01  300  -4.50152e-35  0.0061001  4.18e+07  0.00098
0.0125  300  -9.68333e-33  0.0061001  4.18e+07  0.00098
0.015  300  -2.07661e-30  0.0061001  4.18e+07  0.00098
0.0175  300  -4.36211e-28  0.0061001  4.18e+07  0.00098
0.02  300  -8.95738e-26  0.0061001  4.18e+07  0.00098
0.0225  300  -1.83536e-23  0.0061001  4.18e+07  0.00098
0.025  300  -3.85899e-21  0.0061001  4.18e+07  0.00098
0.0275  300  -7.51261e-19  0.0061001  4.18e+07  0.00098
0.03  300  5.45839e-18  0.0061001  4.18e+07  0.00098
0.0325  300  2.3147e-13  0.0061001  4.18e+07  0.00098
0.035  300  5.43126e-11  0.0061001  4.18e+07  0.00098
0.0375  300  1.13957e-08  0.0061001  4.18e+07  0.00098
0.04  300  2.02653e-06  0.0061001  4.18e+07  0.00098
0.0425  300  0.000282395  0.0061001  4.18e+07  0.00098
0.045  300.011  0.0266311  0.0061001  4.18e+07  0.00098
0.0475  301.083  1.14718  0.0061001  4.18e+07  0.00098
0.04875  323.072 -7.13343 0.00643509  4.18e+07  0.00098
0.04875  323.072 -7.13343 0.000202234  4.18e+07  0.00098
0.05  979.425  -227.256 0.00166434  2e+07  4e-07
0.0525  1109.75  -219.193 0.00166434  2e+07  4e-07
0.055  1204.09  -207.574 0.00166434  2e+07  4e-07
0.0575  1275.05  -192.562 0.00166434  2e+07  4e-07
0.06  1329.41  -175.092 0.00166434  2e+07  4e-07
0.0625  1371.37  -156.174 0.00166434  2e+07  4e-07
0.065  1403.78  -136.71 0.00166434  2e+07  4e-07
0.0675  1428.73  -117.453 0.00166434  2e+07  4e-07
0.07  1447.79  -99.0136 0.00166434  2e+07  4e-07
0.0725  1462.21  -81.875 0.00166434  2e+07  4e-07
0.075  1472.99  -66.3949 0.00166434  2e+07  4e-07
0.0775  1480.93  -52.8007 0.00166434  2e+07  4e-07
0.08  1486.71  -41.1878 0.00166434  2e+07  4e-07
0.0825  1490.86  -31.5301 0.00166434  2e+07  4e-07
0.085  1493.78  -23.7029 0.00166434  2e+07  4e-07
0.0875  1495.82  -17.5127 0.00166434  2e+07  4e-07
0.09  1497.22  -12.7285 0.00166434  2e+07  4e-07
0.0925  1498.17  -9.10957 0.00166434  2e+07  4e-07
0.095  1498.81  -6.4261 0.00166434  2e+07  4e-07
0.0975  1499.23  -4.47258 0.00166434  2e+07  4e-07
0.1  1499.51  -3.07432 0.00166434  2e+07  4e-07
0.1025  1499.69  -2.08895 0.00166434  2e+07  4e-07
0.105  1499.8  -1.40436 0.00166434  2e+07  4e-07
0.1075  1499.88  -0.934901 0.00166434  2e+07  4e-07
0.11  1499.92  -0.616781 0.00166434  2e+07  4e-07
0.1125  1499.95  -0.403544 0.00166434  2e+07  4e-07
0.115  1499.97  -0.262024 0.00166434  2e+07  4e-07
0.1175  1499.98  -0.168949 0.00166434  2e+07  4e-07
0.12  1499.99  -0.108239 0.00166434  2e+07  4e-07
0.1225  1499.99  -0.0689384 0.00166434  2e+07  4e-07
0.125  1500  -0.0436714 0.00166434  2e+07  4e-07
0.1275  1500  -0.0275288 0.00166434  2e+07  4e-07
0.13  1500  -0.0172747 0.00166434  2e+07  4e-07
0.1325  1500  -0.0107953 0.00166434  2e+07  4e-07
0.135  1500  -0.00672049 0.00166434  2e+07  4e-07
0.1375  1500  -0.0041692 0.00166434  2e+07  4e-07
0.14  1500  -0.00257817 0.00166434  2e+07  4e-07
0.1425  1500  -0.00158961 0.00166434  2e+07  4e-07
0.145  1500  -0.000977447 0.00166434  2e+07  4e-07
0.1475  1500  -0.000599534 0.00166434  2e+07  4e-07
0.15  1500  -0.000366892 0.00166434  2e+07  4e-07
0.1525  1500  -0.000224049 0.00166434  2e+07  4e-07
0.155  1500  -0.000136553 0.00166434  2e+07  4e-07
0.1575  1500  -8.30754e-05 0.00166434  2e+07  4e-07
0.16  1500  -5.04567e-05 0.00166434  2e+07  4e-07
0.1625  1500  -3.0598e-05 0.00166434  2e+07  4e-07
0.165  1500  -1.85286e-05 0.00166434  2e+07  4e-07
0.1675  1500  -1.1205e-05 0.00166434  2e+07  4e-07
0.17  1500  -6.76772e-06 0.00166434  2e+07  4e-07
0.1725  1500  -4.0829e-06 0.00166434  2e+07  4e-07
0.175  1500  -2.46051e-06 0.00166434  2e+07  4e-07
0.1775  1500  -1.4813e-06 0.00166434  2e+07  4e-07
0.18  1500  -8.90937e-07 0.00166434  2e+07  4e-07
0.1825  1500  -5.35385e-07 0.00166434  2e+07  4e-07
0.185  1500  -3.21457e-07 0.00166434  2e+07  4e-07
0.1875  1500  -1.92859e-07 0.00166434  2e+07  4e-07
0.19  1500  -1.1562e-07 0.00166434  2e+07  4e-07
0.1925  1500  -6.92668e-08 0.00166434  2e+07  4e-07
0.195  1500  -4.14696e-08 0.00166434  2e+07  4e-07
0.1975  1500  -2.4813e-08 0.00166434  2e+07  4e-07
0.2  1500  -1.48364e-08 0.00166434  2e+07  4e-07
0.2025  1500  -8.8664e-09 0.00166434  2e+07  4e-07
0.205  1500  -5.29556e-09 0.00166434  2e+07  4e-07
0.2075  1500  -3.16218e-09 0.00166434  2e+07  4e-07
0.21  1500  -1.88664e-09 0.00166434  2e+07  4e-07
0.2125  1500  -1.12507e-09 0.00166434  2e+07  4e-07
0.215  1500  -6.70677e-10 0.00166434  2e+07  4e-07
0.2175  1500  -4.00108e-10 0.00166434  2e+07  4e-07
0.22  1500  -2.39161e-10 0.00166434  2e+07  4e-07
0.2225  1500  -1.41968e-10 0.00166434  2e+07  4e-07
0.225  1500  -8.37898e-11 0.00166434  2e+07  4e-07
0.2275  1500  -5.0717e-11 0.00166434  2e+07  4e-07
0.23  1500  -2.93722e-11 0.00166434  2e+07  4e-07
0.2325  1500  -1.77547e-11 0.00166434  2e+07  4e-07
0.235  1500  -1.05145e-11 0.00166434  2e+07  4e-07
0.2375  1500  -5.56985e-12 0.00166434  2e+07  4e-07
0.24  1500  -4.68011e-12 0.00166434  2e+07  4e-07
0.2425  1500  -2.11744e-12 0.00166434  2e+07  4e-07
0.245  1500  -1.10882e-12 0.00166434  2e+07  4e-07
0.2475  1500  -9.10705e-13 0.00166434  2e+07  4e-07
0.25  1500  0  0.00166434  2e+07  4e-07
