TITLE="Graphics"
VARIABLES= "rj, m", "T, K", "dT/dt", "Lambda, Watt/m*K", "Cp, J/kg*K", "rho, kg/m^3"
0  300  -8.812e-52  0.0061001  4.18e+07  0.00098
0.0025  300  -1.1601e-49  0.0061001  4.18e+07  0.00098
0.005  300  -3.92138e-47  0.0061001  4.18e+07  0.00098
0.0075  300  -1.83801e-44  0.0061001  4.18e+07  0.00098
0.01  300  -9.49709e-42  0.0061001  4.18e+07  0.00098
0.0125  300  -5.06099e-39  0.0061001  4.18e+07  0.00098
0.015  300  -2.71119e-36  0.0061001  4.18e+07  0.00098
0.0175  300  -1.44977e-33  0.0061001  4.18e+07  0.00098
0.02  300  -7.74716e-31  0.0061001  4.18e+07  0.00098
0.0225  300  -4.09606e-28  0.0061001  4.18e+07  0.00098
0.025  300  -2.01435e-25  0.0061001  4.18e+07  0.00098
0.0275  300  -7.28763e-23  0.0061001  4.18e+07  0.00098
0.03  300  1.41794e-20  0.0061001  4.18e+07  0.00098
0.0325  300  1.13207e-16  0.0061001  4.18e+07  0.00098
0.035  300  4.09272e-13  0.0061001  4.18e+07  0.00098
0.0375  300  2.29002e-10  0.0061001  4.18e+07  0.00098
0.04  300  1.10447e-07  0.0061001  4.18e+07  0.00098
0.0425  300  4.26582e-05  0.0061001  4.18e+07  0.00098
0.045  300.002  0.0114827  0.0061001  4.18e+07  0.00098
0.0475  300.461  1.48406  0.0061001  4.18e+07  0.00098
0.04875  328.33 -18.1806 0.00649436  4.18e+07  0.00098
0.04875  328.33 -18.1806 0.000206158  4.18e+07  0.00098
0.05  1144.78  -562.732 0.00166434  2e+07  4e-07
0.0525  1266.83  -523.081 0.00166434  2e+07  4e-07
0.055  1348.76  -459.617 0.00166434  2e+07  4e-07
0.0575  1404.05  -380.642 0.00166434  2e+07  4e-07
0.06  1440.76  -297.03 0.00166434  2e+07  4e-07
0.0625  1464.5  -218.782 0.00166434  2e+07  4e-07
0.065  1479.35  -152.614 0.00166434  2e+07  4e-07
0.0675  1488.34  -101.249 0.00166434  2e+07  4e-07
0.07  1493.6  -64.1804 0.00166434  2e+07  4e-07
0.0725  1496.57  -39.0528 0.00166434  2e+07  4e-07
0.075  1498.21  -22.9125 0.00166434  2e+07  4e-07
0.0775  1499.08  -13.0153 0.00166434  2e+07  4e-07
0.08  1499.54  -7.18496 0.00166434  2e+07  4e-07
0.0825  1499.77  -3.86744 0.00166434  2e+07  4e-07
0.085  1499.89  -2.03574 0.00166434  2e+07  4e-07
0.0875  1499.95  -1.05057 0.00166434  2e+07  4e-07
0.09  1499.97  -0.532709 0.00166434  2e+07  4e-07
0.0925  1499.99  -0.265918 0.00166434  2e+07  4e-07
0.095  1499.99  -0.130893 0.00166434  2e+07  4e-07
0.0975  1500  -0.0636241 0.00166434  2e+07  4e-07
0.1  1500  -0.0305778 0.00166434  2e+07  4e-07
0.1025  1500  -0.014546 0.00166434  2e+07  4e-07
0.105  1500  -0.00685563 0.00166434  2e+07  4e-07
0.1075  1500  -0.00320395 0.00166434  2e+07  4e-07
0.11  1500  -0.00148586 0.00166434  2e+07  4e-07
0.1125  1500  -0.000684239 0.00166434  2e+07  4e-07
0.115  1500  -0.000313061 0.00166434  2e+07  4e-07
0.1175  1500  -0.000142385 0.00166434  2e+07  4e-07
0.12  1500  -6.4404e-05 0.00166434  2e+07  4e-07
0.1225  1500  -2.89838e-05 0.00166434  2e+07  4e-07
0.125  1500  -1.29823e-05 0.00166434  2e+07  4e-07
0.1275  1500  -5.78956e-06 0.00166434  2e+07  4e-07
0.13  1500  -2.57138e-06 0.00166434  2e+07  4e-07
0.1325  1500  -1.13771e-06 0.00166434  2e+07  4e-07
0.135  1500  -5.01593e-07 0.00166434  2e+07  4e-07
0.1375  1500  -2.20403e-07 0.00166434  2e+07  4e-07
0.14  1500  -9.65414e-08 0.00166434  2e+07  4e-07
0.1425  1500  -4.21663e-08 0.00166434  2e+07  4e-07
0.145  1500  -1.83627e-08 0.00166434  2e+07  4e-07
0.1475  1500  -7.97462e-09 0.00166434  2e+07  4e-07
0.15  1500  -3.45495e-09 0.00166434  2e+07  4e-07
0.1525  1500  -1.49502e-09 0.00166434  2e+07  4e-07
0.155  1500  -6.45234e-10 0.00166434  2e+07  4e-07
0.1575  1500  -2.78998e-10 0.00166434  2e+07  4e-07
0.16  1500  -1.16915e-10 0.00166434  2e+07  4e-07
0.1625  1500  -5.21374e-11 0.00166434  2e+07  4e-07
0.165  1500  -1.97211e-11 0.00166434  2e+07  4e-07
0.1675  1500  -1.11137e-11 0.00166434  2e+07  4e-07
0.17  1500  -4.1464e-12 0.00166434  2e+07  4e-07
0.1725  1500  -1.55443e-12 0.00166434  2e+07  4e-07
0.175  1500  -5.8394e-13 0.00166434  2e+07  4e-07
0.1775  1500  -2.19083e-13 0.00166434  2e+07  4e-07
0.18  1500  -8.17532e-14 0.00166434  2e+07  4e-07
0.1825  1500  -3.01841e-14 0.00166434  2e+07  4e-07
0.185  1500  -1.09478e-14 0.00166434  2e+07  4e-07
0.1875  1500  -3.85937e-15 0.00166434  2e+07  4e-07
0.19  1500  -1.29889e-15 0.00166434  2e+07  4e-07
0.1925  1500  -4.02851e-16 0.00166434  2e+07  4e-07
0.195  1500  -1.05205e-16 0.00166434  2e+07  4e-07
0.1975  1500  -1.52254e-17 0.00166434  2e+07  4e-07
0.2  1500  6.79707e-18 0.00166434  2e+07  4e-07
0.2025  1500  8.89103e-18 0.00166434  2e+07  4e-07
0.205  1500  6.50476e-18 0.00166434  2e+07  4e-07
0.2075  1500  4.00608e-18 0.00166434  2e+07  4e-07
0.21  1500  2.26908e-18 0.00166434  2e+07  4e-07
0.2125  1500  1.22313e-18 0.00166434  2e+07  4e-07
0.215  1500  6.38088e-19 0.00166434  2e+07  4e-07
0.2175  1500  3.25231e-19 0.00166434  2e+07  4e-07
0.22  1500  1.6291e-19 0.00166434  2e+07  4e-07
0.2225  1500  8.05039e-20 0.00166434  2e+07  4e-07
0.225  1500  3.93508e-20 0.00166434  2e+07  4e-07
0.2275  1500  1.90627e-20 0.00166434  2e+07  4e-07
0.23  1500  9.16458e-21 0.00166434  2e+07  4e-07
0.2325  1500  4.37718e-21 0.00166434  2e+07  4e-07
0.235  1500  2.07855e-21 0.00166434  2e+07  4e-07
0.2375  1500  9.81709e-22 0.00166434  2e+07  4e-07
0.24  1500  4.60905e-22 0.00166434  2e+07  4e-07
0.2425  1500  2.14113e-22 0.00166434  2e+07  4e-07
0.245  1500  9.61384e-23 0.00166434  2e+07  4e-07
0.2475  1500  3.66866e-23 0.00166434  2e+07  4e-07
0.25  1500  0  0.00166434  2e+07  4e-07
