TITLE="Graphics"
VARIABLES= "rj, m", "T, K", "dT/dt", "Lambda, Watt/m*K", "Cp, J/kg*K", "rho, kg/m^3"
0  300  3.68069e-25  0.0061001  4.18e+07  0.00098
0.0025  300  1.93657e-24  0.0061001  4.18e+07  0.00098
0.005  300  2.30974e-23  0.0061001  4.18e+07  0.00098
0.0075  300  3.75907e-22  0.0061001  4.18e+07  0.00098
0.01  300  6.96258e-21  0.0061001  4.18e+07  0.00098
0.0125  300  1.48359e-19  0.0061001  4.18e+07  0.00098
0.015  300  3.91206e-18  0.0061001  4.18e+07  0.00098
0.0175  300  1.37674e-16  0.0061001  4.18e+07  0.00098
0.02  300  6.94916e-15  0.0061001  4.18e+07  0.00098
0.0225  300  2.73283e-13  0.0061001  4.18e+07  0.00098
0.025  300  8.43302e-12  0.0061001  4.18e+07  0.00098
0.0275  300  2.48637e-10  0.0061001  4.18e+07  0.00098
0.03  300  6.85284e-09  0.0061001  4.18e+07  0.00098
0.0325  300  1.73143e-07  0.0061001  4.18e+07  0.00098
0.035  300  3.90784e-06  0.0061001  4.18e+07  0.00098
0.0375  300  7.60213e-05  0.0061001  4.18e+07  0.00098
0.04  300.003  0.00120932  0.0061001  4.18e+07  0.00098
0.0425  300.052  0.0144442  0.0061001  4.18e+07  0.00098
0.045  300.668  0.109737  0.0061001  4.18e+07  0.00098
0.0475  305.562  0.321214  0.0061001  4.18e+07  0.00098
0.04875  313.814 -0.142729 0.00631524  4.18e+07  0.00098
0.04875  313.814 -0.142729 0.000195448  4.18e+07  0.00098
0.05  651.178  -9.7291 0.00166434  2e+07  4e-07
0.0525  781.019  -10.1842 0.00166434  2e+07  4e-07
0.055  876.342  -10.6107 0.00166434  2e+07  4e-07
0.0575  951.534  -10.9498 0.00166434  2e+07  4e-07
0.06  1013.26  -11.2014 0.00166434  2e+07  4e-07
0.0625  1065.23  -11.3742 0.00166434  2e+07  4e-07
0.065  1109.79  -11.4781 0.00166434  2e+07  4e-07
0.0675  1148.48  -11.5218 0.00166434  2e+07  4e-07
0.07  1182.42  -11.5127 0.00166434  2e+07  4e-07
0.0725  1212.44  -11.4575 0.00166434  2e+07  4e-07
0.075  1239.15  -11.3616 0.00166434  2e+07  4e-07
0.0775  1263.04  -11.23 0.00166434  2e+07  4e-07
0.08  1284.5  -11.0669 0.00166434  2e+07  4e-07
0.0825  1303.85  -10.8761 0.00166434  2e+07  4e-07
0.085  1321.35  -10.6611 0.00166434  2e+07  4e-07
0.0875  1337.22  -10.4249 0.00166434  2e+07  4e-07
0.09  1351.63  -10.1704 0.00166434  2e+07  4e-07
0.0925  1364.74  -9.90017 0.00166434  2e+07  4e-07
0.095  1376.69  -9.61655 0.00166434  2e+07  4e-07
0.0975  1387.6  -9.32175 0.00166434  2e+07  4e-07
0.1  1397.56  -9.01782 0.00166434  2e+07  4e-07
0.1025  1406.66  -8.70665 0.00166434  2e+07  4e-07
0.105  1414.98  -8.39002 0.00166434  2e+07  4e-07
0.1075  1422.6  -8.06955 0.00166434  2e+07  4e-07
0.11  1429.57  -7.74679 0.00166434  2e+07  4e-07
0.1125  1435.94  -7.42315 0.00166434  2e+07  4e-07
0.115  1441.78  -7.09995 0.00166434  2e+07  4e-07
0.1175  1447.12  -6.77842 0.00166434  2e+07  4e-07
0.12  1452  -6.45969 0.00166434  2e+07  4e-07
0.1225  1456.47  -6.1448 0.00166434  2e+07  4e-07
0.125  1460.55  -5.83469 0.00166434  2e+07  4e-07
0.1275  1464.28  -5.53025 0.00166434  2e+07  4e-07
0.13  1467.68  -5.23224 0.00166434  2e+07  4e-07
0.1325  1470.79  -4.94137 0.00166434  2e+07  4e-07
0.135  1473.63  -4.65826 0.00166434  2e+07  4e-07
0.1375  1476.21  -4.38346 0.00166434  2e+07  4e-07
0.14  1478.56  -4.11744 0.00166434  2e+07  4e-07
0.1425  1480.7  -3.86058 0.00166434  2e+07  4e-07
0.145  1482.64  -3.61323 0.00166434  2e+07  4e-07
0.1475  1484.4  -3.37562 0.00166434  2e+07  4e-07
0.15  1486  -3.14795 0.00166434  2e+07  4e-07
0.1525  1487.45  -2.93034 0.00166434  2e+07  4e-07
0.155  1488.76  -2.72287 0.00166434  2e+07  4e-07
0.1575  1489.95  -2.52554 0.00166434  2e+07  4e-07
0.16  1491.02  -2.33831 0.00166434  2e+07  4e-07
0.1625  1491.99  -2.16108 0.00166434  2e+07  4e-07
0.165  1492.86  -1.99371 0.00166434  2e+07  4e-07
0.1675  1493.64  -1.83603 0.00166434  2e+07  4e-07
0.17  1494.34  -1.68782 0.00166434  2e+07  4e-07
0.1725  1494.98  -1.54883 0.00166434  2e+07  4e-07
0.175  1495.54  -1.41877 0.00166434  2e+07  4e-07
0.1775  1496.05  -1.29734 0.00166434  2e+07  4e-07
0.18  1496.5  -1.18423 0.00166434  2e+07  4e-07
0.1825  1496.91  -1.07907 0.00166434  2e+07  4e-07
0.185  1497.27  -0.981521 0.00166434  2e+07  4e-07
0.1875  1497.59  -0.891215 0.00166434  2e+07  4e-07
0.19  1497.88  -0.80778 0.00166434  2e+07  4e-07
0.1925  1498.13  -0.73084 0.00166434  2e+07  4e-07
0.195  1498.36  -0.660022 0.00166434  2e+07  4e-07
0.1975  1498.56  -0.594953 0.00166434  2e+07  4e-07
0.2  1498.74  -0.535266 0.00166434  2e+07  4e-07
0.2025  1498.89  -0.480601 0.00166434  2e+07  4e-07
0.205  1499.03  -0.430605 0.00166434  2e+07  4e-07
0.2075  1499.15  -0.384938 0.00166434  2e+07  4e-07
0.21  1499.26  -0.343268 0.00166434  2e+07  4e-07
0.2125  1499.36  -0.305278 0.00166434  2e+07  4e-07
0.215  1499.44  -0.270661 0.00166434  2e+07  4e-07
0.2175  1499.52  -0.239125 0.00166434  2e+07  4e-07
0.22  1499.58  -0.210392 0.00166434  2e+07  4e-07
0.2225  1499.64  -0.184195 0.00166434  2e+07  4e-07
0.225  1499.69  -0.160283 0.00166434  2e+07  4e-07
0.2275  1499.74  -0.138417 0.00166434  2e+07  4e-07
0.23  1499.78  -0.118369 0.00166434  2e+07  4e-07
0.2325  1499.82  -0.0999264 0.00166434  2e+07  4e-07
0.235  1499.85  -0.0828856 0.00166434  2e+07  4e-07
0.2375  1499.88  -0.0670548 0.00166434  2e+07  4e-07
0.24  1499.91  -0.0522522 0.00166434  2e+07  4e-07
0.2425  1499.93  -0.0383054 0.00166434  2e+07  4e-07
0.245  1499.96  -0.0250505 0.00166434  2e+07  4e-07
0.2475  1499.98  -0.0123317 0.00166434  2e+07  4e-07
0.25  1500  0  0.00166434  2e+07  4e-07
