TITLE="Graphics"
VARIABLES= "rj, m", "T, K", "dT/dt", "Lambda, Watt/m*K", "Cp, J/kg*K", "rho, kg/m^3"
0  300  -1.32312e-26  0.0061001  4.18e+07  0.00098
0.0025  300  -1.00042e-25  0.0061001  4.18e+07  0.00098
0.005  300  -1.82684e-24  0.0061001  4.18e+07  0.00098
0.0075  300  -4.63724e-23  0.0061001  4.18e+07  0.00098
0.01  300  -1.29913e-21  0.0061001  4.18e+07  0.00098
0.0125  300  -3.68953e-20  0.0061001  4.18e+07  0.00098
0.015  300  -9.8818e-19  0.0061001  4.18e+07  0.00098
0.0175  300  -2.15732e-17  0.0061001  4.18e+07  0.00098
0.02  300  -1.36463e-16  0.0061001  4.18e+07  0.00098
0.0225  300  2.61563e-14  0.0061001  4.18e+07  0.00098
0.025  300  1.03907e-12  0.0061001  4.18e+07  0.00098
0.0275  300  3.99412e-11  0.0061001  4.18e+07  0.00098
0.03  300  1.4358e-09  0.0061001  4.18e+07  0.00098
0.0325  300  4.72461e-08  0.0061001  4.18e+07  0.00098
0.035  300  1.38379e-06  0.0061001  4.18e+07  0.00098
0.0375  300  3.47348e-05  0.0061001  4.18e+07  0.00098
0.04  300.001  0.000707595  0.0061001  4.18e+07  0.00098
0.0425  300.03  0.0107302  0.0061001  4.18e+07  0.00098
0.045  300.48  0.102765  0.0061001  4.18e+07  0.00098
0.0475  304.945  0.380417  0.0061001  4.18e+07  0.00098
0.04875  314.17 -0.27084 0.00632023  4.18e+07  0.00098
0.04875  314.17 -0.27084 0.000195707  4.18e+07  0.00098
0.05  671.493  -13.58 0.00166434  2e+07  4e-07
0.0525  802.197  -14.105 0.00166434  2e+07  4e-07
0.055  898.334  -14.5986 0.00166434  2e+07  4e-07
0.0575  974.16  -14.9735 0.00166434  2e+07  4e-07
0.06  1036.34  -15.2271 0.00166434  2e+07  4e-07
0.0625  1088.6  -15.3709 0.00166434  2e+07  4e-07
0.065  1133.3  -15.4185 0.00166434  2e+07  4e-07
0.0675  1172.01  -15.3824 0.00166434  2e+07  4e-07
0.07  1205.86  -15.2732 0.00166434  2e+07  4e-07
0.0725  1235.69  -15.1008 0.00166434  2e+07  4e-07
0.075  1262.13  -14.8732 0.00166434  2e+07  4e-07
0.0775  1285.68  -14.5979 0.00166434  2e+07  4e-07
0.08  1306.73  -14.2815 0.00166434  2e+07  4e-07
0.0825  1325.62  -13.9299 0.00166434  2e+07  4e-07
0.085  1342.61  -13.5482 0.00166434  2e+07  4e-07
0.0875  1357.92  -13.1414 0.00166434  2e+07  4e-07
0.09  1371.74  -12.7139 0.00166434  2e+07  4e-07
0.0925  1384.23  -12.2698 0.00166434  2e+07  4e-07
0.095  1395.54  -11.8126 0.00166434  2e+07  4e-07
0.0975  1405.79  -11.3459 0.00166434  2e+07  4e-07
0.1  1415.07  -10.8728 0.00166434  2e+07  4e-07
0.1025  1423.49  -10.396 0.00166434  2e+07  4e-07
0.105  1431.12  -9.91825 0.00166434  2e+07  4e-07
0.1075  1438.04  -9.44182 0.00166434  2e+07  4e-07
0.11  1444.31  -8.96887 0.00166434  2e+07  4e-07
0.1125  1449.99  -8.50133 0.00166434  2e+07  4e-07
0.115  1455.14  -8.04096 0.00166434  2e+07  4e-07
0.1175  1459.8  -7.58928 0.00166434  2e+07  4e-07
0.12  1464.01  -7.14769 0.00166434  2e+07  4e-07
0.1225  1467.83  -6.71738 0.00166434  2e+07  4e-07
0.125  1471.27  -6.29941 0.00166434  2e+07  4e-07
0.1275  1474.37  -5.89468 0.00166434  2e+07  4e-07
0.13  1477.17  -5.50396 0.00166434  2e+07  4e-07
0.1325  1479.69  -5.12789 0.00166434  2e+07  4e-07
0.135  1481.96  -4.76697 0.00166434  2e+07  4e-07
0.1375  1483.99  -4.4216 0.00166434  2e+07  4e-07
0.14  1485.82  -4.09206 0.00166434  2e+07  4e-07
0.1425  1487.45  -3.77855 0.00166434  2e+07  4e-07
0.145  1488.92  -3.48114 0.00166434  2e+07  4e-07
0.1475  1490.22  -3.19983 0.00166434  2e+07  4e-07
0.15  1491.39  -2.93451 0.00166434  2e+07  4e-07
0.1525  1492.42  -2.685 0.00166434  2e+07  4e-07
0.155  1493.35  -2.45106 0.00166434  2e+07  4e-07
0.1575  1494.16  -2.23234 0.00166434  2e+07  4e-07
0.16  1494.89  -2.02845 0.00166434  2e+07  4e-07
0.1625  1495.53  -1.83895 0.00166434  2e+07  4e-07
0.165  1496.1  -1.66334 0.00166434  2e+07  4e-07
0.1675  1496.6  -1.50106 0.00166434  2e+07  4e-07
0.17  1497.04  -1.35154 0.00166434  2e+07  4e-07
0.1725  1497.42  -1.21417 0.00166434  2e+07  4e-07
0.175  1497.76  -1.08832 0.00166434  2e+07  4e-07
0.1775  1498.06  -0.973356 0.00166434  2e+07  4e-07
0.18  1498.32  -0.868618 0.00166434  2e+07  4e-07
0.1825  1498.55  -0.773462 0.00166434  2e+07  4e-07
0.185  1498.75  -0.687244 0.00166434  2e+07  4e-07
0.1875  1498.92  -0.60933 0.00166434  2e+07  4e-07
0.19  1499.07  -0.539105 0.00166434  2e+07  4e-07
0.1925  1499.2  -0.475969 0.00166434  2e+07  4e-07
0.195  1499.31  -0.419347 0.00166434  2e+07  4e-07
0.1975  1499.41  -0.368688 0.00166434  2e+07  4e-07
0.2  1499.5  -0.323469 0.00166434  2e+07  4e-07
0.2025  1499.57  -0.283195 0.00166434  2e+07  4e-07
0.205  1499.63  -0.2474 0.00166434  2e+07  4e-07
0.2075  1499.69  -0.215649 0.00166434  2e+07  4e-07
0.21  1499.73  -0.187534 0.00166434  2e+07  4e-07
0.2125  1499.77  -0.16268 0.00166434  2e+07  4e-07
0.215  1499.81  -0.140737 0.00166434  2e+07  4e-07
0.2175  1499.84  -0.121384 0.00166434  2e+07  4e-07
0.22  1499.86  -0.104327 0.00166434  2e+07  4e-07
0.2225  1499.88  -0.0892939 0.00166434  2e+07  4e-07
0.225  1499.9  -0.0760383 0.00166434  2e+07  4e-07
0.2275  1499.92  -0.0643344 0.00166434  2e+07  4e-07
0.23  1499.93  -0.053976 0.00166434  2e+07  4e-07
0.2325  1499.95  -0.0447753 0.00166434  2e+07  4e-07
0.235  1499.96  -0.0365606 0.00166434  2e+07  4e-07
0.2375  1499.96  -0.0291748 0.00166434  2e+07  4e-07
0.24  1499.97  -0.022474 0.00166434  2e+07  4e-07
0.2425  1499.98  -0.0163253 0.00166434  2e+07  4e-07
0.245  1499.99  -0.0106055 0.00166434  2e+07  4e-07
0.2475  1499.99  -0.00519984 0.00166434  2e+07  4e-07
0.25  1500  0  0.00166434  2e+07  4e-07
