TITLE="Graphics"
VARIABLES= "rj, m", "T, K", "dT/dt", "Lambda, Watt/m*K", "Cp, J/kg*K", "rho, kg/m^3"
0  300  2.17332e-25  0.0061001  4.18e+07  0.00098
0.0025  300  1.11147e-24  0.0061001  4.18e+07  0.00098
0.005  300  1.27632e-23  0.0061001  4.18e+07  0.00098
0.0075  300  1.99362e-22  0.0061001  4.18e+07  0.00098
0.01  300  3.59648e-21  0.0061001  4.18e+07  0.00098
0.0125  300  7.8446e-20  0.0061001  4.18e+07  0.00098
0.015  300  2.26324e-18  0.0061001  4.18e+07  0.00098
0.0175  300  9.00456e-17  0.0061001  4.18e+07  0.00098
0.02  300  5.07667e-15  0.0061001  4.18e+07  0.00098
0.0225  300  2.1469e-13  0.0061001  4.18e+07  0.00098
0.025  300  6.72866e-12  0.0061001  4.18e+07  0.00098
0.0275  300  2.02032e-10  0.0061001  4.18e+07  0.00098
0.03  300  5.68221e-09  0.0061001  4.18e+07  0.00098
0.0325  300  1.46826e-07  0.0061001  4.18e+07  0.00098
0.035  300  3.39734e-06  0.0061001  4.18e+07  0.00098
0.0375  300  6.79324e-05  0.0061001  4.18e+07  0.00098
0.04  300.003  0.00111393  0.0061001  4.18e+07  0.00098
0.0425  300.048  0.0137582  0.0061001  4.18e+07  0.00098
0.045  300.632  0.10851  0.0061001  4.18e+07  0.00098
0.0475  305.456  0.331735  0.0061001  4.18e+07  0.00098
0.04875  313.864 -0.164593 0.00631594  4.18e+07  0.00098
0.04875  313.864 -0.164593 0.000195485  4.18e+07  0.00098
0.05  654.457  -10.3867 0.00166434  2e+07  4e-07
0.0525  784.448  -10.8545 0.00166434  2e+07  4e-07
0.055  879.913  -11.2937 0.00166434  2e+07  4e-07
0.0575  955.216  -11.6405 0.00166434  2e+07  4e-07
0.06  1017.02  -11.8941 0.00166434  2e+07  4e-07
0.0625  1069.05  -12.0637 0.00166434  2e+07  4e-07
0.065  1113.64  -12.1596 0.00166434  2e+07  4e-07
0.0675  1152.34  -12.1913 0.00166434  2e+07  4e-07
0.07  1186.28  -12.1668 0.00166434  2e+07  4e-07
0.0725  1216.28  -12.093 0.00166434  2e+07  4e-07
0.075  1242.95  -11.976 0.00166434  2e+07  4e-07
0.0775  1266.8  -11.8211 0.00166434  2e+07  4e-07
0.08  1288.2  -11.6329 0.00166434  2e+07  4e-07
0.0825  1307.49  -11.4155 0.00166434  2e+07  4e-07
0.085  1324.91  -11.1728 0.00166434  2e+07  4e-07
0.0875  1340.69  -10.9081 0.00166434  2e+07  4e-07
0.09  1355.02  -10.6245 0.00166434  2e+07  4e-07
0.0925  1368.04  -10.3248 0.00166434  2e+07  4e-07
0.095  1379.89  -10.0116 0.00166434  2e+07  4e-07
0.0975  1390.7  -9.68727 0.00166434  2e+07  4e-07
0.1  1400.55  -9.35414 0.00166434  2e+07  4e-07
0.1025  1409.55  -9.01423 0.00166434  2e+07  4e-07
0.105  1417.76  -8.66947 0.00166434  2e+07  4e-07
0.1075  1425.27  -8.32163 0.00166434  2e+07  4e-07
0.11  1432.13  -7.97236 0.00166434  2e+07  4e-07
0.1125  1438.39  -7.62318 0.00166434  2e+07  4e-07
0.115  1444.12  -7.27552 0.00166434  2e+07  4e-07
0.1175  1449.35  -6.93067 0.00166434  2e+07  4e-07
0.12  1454.13  -6.58982 0.00166434  2e+07  4e-07
0.1225  1458.49  -6.25405 0.00166434  2e+07  4e-07
0.125  1462.46  -5.92436 0.00166434  2e+07  4e-07
0.1275  1466.09  -5.60163 0.00166434  2e+07  4e-07
0.13  1469.4  -5.28667 0.00166434  2e+07  4e-07
0.1325  1472.41  -4.98016 0.00166434  2e+07  4e-07
0.135  1475.15  -4.68274 0.00166434  2e+07  4e-07
0.1375  1477.64  -4.39492 0.00166434  2e+07  4e-07
0.14  1479.9  -4.11714 0.00166434  2e+07  4e-07
0.1425  1481.95  -3.84978 0.00166434  2e+07  4e-07
0.145  1483.81  -3.59311 0.00166434  2e+07  4e-07
0.1475  1485.5  -3.34735 0.00166434  2e+07  4e-07
0.15  1487.02  -3.11263 0.00166434  2e+07  4e-07
0.1525  1488.4  -2.88903 0.00166434  2e+07  4e-07
0.155  1489.65  -2.67655 0.00166434  2e+07  4e-07
0.1575  1490.77  -2.47513 0.00166434  2e+07  4e-07
0.16  1491.78  -2.28468 0.00166434  2e+07  4e-07
0.1625  1492.68  -2.10504 0.00166434  2e+07  4e-07
0.165  1493.5  -1.93599 0.00166434  2e+07  4e-07
0.1675  1494.23  -1.77729 0.00166434  2e+07  4e-07
0.17  1494.88  -1.62866 0.00166434  2e+07  4e-07
0.1725  1495.47  -1.48978 0.00166434  2e+07  4e-07
0.175  1495.99  -1.36031 0.00166434  2e+07  4e-07
0.1775  1496.46  -1.23988 0.00166434  2e+07  4e-07
0.18  1496.88  -1.12811 0.00166434  2e+07  4e-07
0.1825  1497.25  -1.02461 0.00166434  2e+07  4e-07
0.185  1497.58  -0.928957 0.00166434  2e+07  4e-07
0.1875  1497.87  -0.840749 0.00166434  2e+07  4e-07
0.19  1498.13  -0.759567 0.00166434  2e+07  4e-07
0.1925  1498.36  -0.684999 0.00166434  2e+07  4e-07
0.195  1498.57  -0.616632 0.00166434  2e+07  4e-07
0.1975  1498.74  -0.554065 0.00166434  2e+07  4e-07
0.2  1498.9  -0.496901 0.00166434  2e+07  4e-07
0.2025  1499.04  -0.444757 0.00166434  2e+07  4e-07
0.205  1499.17  -0.39726 0.00166434  2e+07  4e-07
0.2075  1499.28  -0.354051 0.00166434  2e+07  4e-07
0.21  1499.37  -0.314786 0.00166434  2e+07  4e-07
0.2125  1499.45  -0.279136 0.00166434  2e+07  4e-07
0.215  1499.53  -0.246786 0.00166434  2e+07  4e-07
0.2175  1499.59  -0.21744 0.00166434  2e+07  4e-07
0.22  1499.65  -0.190813 0.00166434  2e+07  4e-07
0.2225  1499.7  -0.166639 0.00166434  2e+07  4e-07
0.225  1499.74  -0.144666 0.00166434  2e+07  4e-07
0.2275  1499.78  -0.124657 0.00166434  2e+07  4e-07
0.23  1499.82  -0.106388 0.00166434  2e+07  4e-07
0.2325  1499.85  -0.089648 0.00166434  2e+07  4e-07
0.235  1499.88  -0.0742395 0.00166434  2e+07  4e-07
0.2375  1499.9  -0.059976 0.00166434  2e+07  4e-07
0.24  1499.92  -0.0466815 0.00166434  2e+07  4e-07
0.2425  1499.94  -0.0341901 0.00166434  2e+07  4e-07
0.245  1499.96  -0.0223444 0.00166434  2e+07  4e-07
0.2475  1499.98  -0.0109951 0.00166434  2e+07  4e-07
0.25  1500  0  0.00166434  2e+07  4e-07
