TITLE="Graphics"
VARIABLES= "rj, m", "T, K", "dT/dt", "Lambda, Watt/m*K", "Cp, J/kg*K", "rho, kg/m^3"
0  300  5.57329e-32  0.0061001  4.18e+07  0.00098
0.0025  300  3.11953e-31  0.0061001  4.18e+07  0.00098
0.005  300  -2.15288e-30  0.0061001  4.18e+07  0.00098
0.0075  300  -5.27564e-28  0.0061001  4.18e+07  0.00098
0.01  300  -3.86869e-26  0.0061001  4.18e+07  0.00098
0.0125  300  -1.99756e-24  0.0061001  4.18e+07  0.00098
0.015  300  -7.14041e-23  0.0061001  4.18e+07  0.00098
0.0175  300  -2.14525e-21  0.0061001  4.18e+07  0.00098
0.02  300  -1.74057e-19  0.0061001  4.18e+07  0.00098
0.0225  300  3.75072e-17  0.0061001  4.18e+07  0.00098
0.025  300  3.43518e-14  0.0061001  4.18e+07  0.00098
0.0275  300  1.92984e-12  0.0061001  4.18e+07  0.00098
0.03  300  1.04197e-10  0.0061001  4.18e+07  0.00098
0.0325  300  5.13236e-09  0.0061001  4.18e+07  0.00098
0.035  300  2.24913e-07  0.0061001  4.18e+07  0.00098
0.0375  300  8.46574e-06  0.0061001  4.18e+07  0.00098
0.04  300  0.000259838  0.0061001  4.18e+07  0.00098
0.0425  300.011  0.00597591  0.0061001  4.18e+07  0.00098
0.045  300.257  0.0874259  0.0061001  4.18e+07  0.00098
0.0475  303.93  0.499191  0.0061001  4.18e+07  0.00098
0.04875  315.12 -0.586088 0.0063334  4.18e+07  0.00098
0.04875  315.12 -0.586088 0.000196396  4.18e+07  0.00098
0.05  712.761  -23.0934 0.00166434  2e+07  4e-07
0.0525  844.778  -23.6993 0.00166434  2e+07  4e-07
0.055  942.188  -24.2987 0.00166434  2e+07  4e-07
0.0575  1018.95  -24.7174 0.00166434  2e+07  4e-07
0.06  1081.71  -24.9382 0.00166434  2e+07  4e-07
0.0625  1134.23  -24.9752 0.00166434  2e+07  4e-07
0.065  1178.89  -24.8484 0.00166434  2e+07  4e-07
0.0675  1217.31  -24.5776 0.00166434  2e+07  4e-07
0.07  1250.65  -24.1814 0.00166434  2e+07  4e-07
0.0725  1279.76  -23.6762 0.00166434  2e+07  4e-07
0.075  1305.32  -23.077 0.00166434  2e+07  4e-07
0.0775  1327.85  -22.3975 0.00166434  2e+07  4e-07
0.08  1347.76  -21.6501 0.00166434  2e+07  4e-07
0.0825  1365.39  -20.8463 0.00166434  2e+07  4e-07
0.085  1381.04  -19.9968 0.00166434  2e+07  4e-07
0.0875  1394.93  -19.1113 0.00166434  2e+07  4e-07
0.09  1407.29  -18.1991 0.00166434  2e+07  4e-07
0.0925  1418.27  -17.2686 0.00166434  2e+07  4e-07
0.095  1428.04  -16.3277 0.00166434  2e+07  4e-07
0.0975  1436.72  -15.3838 0.00166434  2e+07  4e-07
0.1  1444.43  -14.4436 0.00166434  2e+07  4e-07
0.1025  1451.28  -13.5133 0.00166434  2e+07  4e-07
0.105  1457.35  -12.5985 0.00166434  2e+07  4e-07
0.1075  1462.73  -11.7044 0.00166434  2e+07  4e-07
0.11  1467.49  -10.8354 0.00166434  2e+07  4e-07
0.1125  1471.69  -9.99545 0.00166434  2e+07  4e-07
0.115  1475.4  -9.18798 0.00166434  2e+07  4e-07
0.1175  1478.66  -8.41577 0.00166434  2e+07  4e-07
0.12  1481.53  -7.68108 0.00166434  2e+07  4e-07
0.1225  1484.05  -6.98563 0.00166434  2e+07  4e-07
0.125  1486.25  -6.33059 0.00166434  2e+07  4e-07
0.1275  1488.17  -5.71665 0.00166434  2e+07  4e-07
0.13  1489.85  -5.14403 0.00166434  2e+07  4e-07
0.1325  1491.31  -4.6125 0.00166434  2e+07  4e-07
0.135  1492.57  -4.12145 0.00166434  2e+07  4e-07
0.1375  1493.67  -3.66991 0.00166434  2e+07  4e-07
0.14  1494.61  -3.25662 0.00166434  2e+07  4e-07
0.1425  1495.43  -2.88005 0.00166434  2e+07  4e-07
0.145  1496.13  -2.53848 0.00166434  2e+07  4e-07
0.1475  1496.73  -2.22999 0.00166434  2e+07  4e-07
0.15  1497.24  -1.9526 0.00166434  2e+07  4e-07
0.1525  1497.68  -1.70422 0.00166434  2e+07  4e-07
0.155  1498.05  -1.48273 0.00166434  2e+07  4e-07
0.1575  1498.37  -1.28602 0.00166434  2e+07  4e-07
0.16  1498.64  -1.11201 0.00166434  2e+07  4e-07
0.1625  1498.86  -0.958669 0.00166434  2e+07  4e-07
0.165  1499.05  -0.824058 0.00166434  2e+07  4e-07
0.1675  1499.21  -0.70632 0.00166434  2e+07  4e-07
0.17  1499.35  -0.603709 0.00166434  2e+07  4e-07
0.1725  1499.46  -0.514593 0.00166434  2e+07  4e-07
0.175  1499.55  -0.437458 0.00166434  2e+07  4e-07
0.1775  1499.63  -0.370915 0.00166434  2e+07  4e-07
0.18  1499.7  -0.313692 0.00166434  2e+07  4e-07
0.1825  1499.75  -0.264638 0.00166434  2e+07  4e-07
0.185  1499.8  -0.222713 0.00166434  2e+07  4e-07
0.1875  1499.83  -0.186986 0.00166434  2e+07  4e-07
0.19  1499.86  -0.156628 0.00166434  2e+07  4e-07
0.1925  1499.89  -0.130903 0.00166434  2e+07  4e-07
0.195  1499.91  -0.109163 0.00166434  2e+07  4e-07
0.1975  1499.93  -0.0908377 0.00166434  2e+07  4e-07
0.2  1499.94  -0.0754297 0.00166434  2e+07  4e-07
0.2025  1499.95  -0.0625059 0.00166434  2e+07  4e-07
0.205  1499.96  -0.051691 0.00166434  2e+07  4e-07
0.2075  1499.97  -0.0426612 0.00166434  2e+07  4e-07
0.21  1499.97  -0.0351377 0.00166434  2e+07  4e-07
0.2125  1499.98  -0.0288819 0.00166434  2e+07  4e-07
0.215  1499.98  -0.0236896 0.00166434  2e+07  4e-07
0.2175  1499.99  -0.0193871 0.00166434  2e+07  4e-07
0.22  1499.99  -0.0158269 0.00166434  2e+07  4e-07
0.2225  1499.99  -0.0128837 0.00166434  2e+07  4e-07
0.225  1499.99  -0.0104519 0.00166434  2e+07  4e-07
0.2275  1499.99  -0.00844209 0.00166434  2e+07  4e-07
0.23  1500  -0.00677886 0.00166434  2e+07  4e-07
0.2325  1500  -0.00539858 0.00166434  2e+07  4e-07
0.235  1500  -0.00424747 0.00166434  2e+07  4e-07
0.2375  1500  -0.00327989 0.00166434  2e+07  4e-07
0.24  1500  -0.00245692 0.00166434  2e+07  4e-07
0.2425  1500  -0.00174507 0.00166434  2e+07  4e-07
0.245  1500  -0.00111515 0.00166434  2e+07  4e-07
0.2475  1500  -0.000541287 0.00166434  2e+07  4e-07
0.25  1500  0  0.00166434  2e+07  4e-07
