TITLE="Graphics"
VARIABLES= "rj, m", "T, K", "dT/dt", "Lambda, Watt/m*K", "Cp, J/kg*K", "rho, kg/m^3"
0  300  2.65278e-33  0.0061001  4.18e+07  0.00098
0.0025  300  3.79e-32  0.0061001  4.18e+07  0.00098
0.005  300  1.322e-30  0.0061001  4.18e+07  0.00098
0.0075  300  6.25237e-29  0.0061001  4.18e+07  0.00098
0.01  300  3.20353e-27  0.0061001  4.18e+07  0.00098
0.0125  300  1.68163e-25  0.0061001  4.18e+07  0.00098
0.015  300  9.0863e-24  0.0061001  4.18e+07  0.00098
0.0175  300  5.25685e-22  0.0061001  4.18e+07  0.00098
0.02  300  3.32391e-20  0.0061001  4.18e+07  0.00098
0.0225  300  2.36656e-18  0.0061001  4.18e+07  0.00098
0.025  300  2.95444e-16  0.0061001  4.18e+07  0.00098
0.0275  300  8.37818e-14  0.0061001  4.18e+07  0.00098
0.03  300  6.54946e-12  0.0061001  4.18e+07  0.00098
0.0325  300  4.72365e-10  0.0061001  4.18e+07  0.00098
0.035  300  3.07339e-08  0.0061001  4.18e+07  0.00098
0.0375  300  1.74188e-06  0.0061001  4.18e+07  0.00098
0.04  300  8.17334e-05  0.0061001  4.18e+07  0.00098
0.0425  300.003  0.00292479  0.0061001  4.18e+07  0.00098
0.045  300.121  0.0682279  0.0061001  4.18e+07  0.00098
0.0475  302.939  0.658294  0.0061001  4.18e+07  0.00098
0.04875  316.657 -1.31735 0.00635422  4.18e+07  0.00098
0.04875  316.657 -1.31735 0.000197515  4.18e+07  0.00098
0.05  768.867  -45.7567 0.00166434  2e+07  4e-07
0.0525  901.829  -46.1296 0.00166434  2e+07  4e-07
0.055  1000.15  -46.4408 0.00166434  2e+07  4e-07
0.0575  1077.38  -46.3681 0.00166434  2e+07  4e-07
0.06  1140.11  -45.8878 0.00166434  2e+07  4e-07
0.0625  1192.15  -45.0382 0.00166434  2e+07  4e-07
0.065  1235.93  -43.8708 0.00166434  2e+07  4e-07
0.0675  1273.14  -42.4369 0.00166434  2e+07  4e-07
0.07  1304.97  -40.7848 0.00166434  2e+07  4e-07
0.0725  1332.34  -38.9583 0.00166434  2e+07  4e-07
0.075  1355.95  -36.9975 0.00166434  2e+07  4e-07
0.0775  1376.36  -34.9388 0.00166434  2e+07  4e-07
0.08  1394.03  -32.8148 0.00166434  2e+07  4e-07
0.0825  1409.33  -30.6552 0.00166434  2e+07  4e-07
0.085  1422.58  -28.4865 0.00166434  2e+07  4e-07
0.0875  1434.04  -26.3324 0.00166434  2e+07  4e-07
0.09  1443.94  -24.2141 0.00166434  2e+07  4e-07
0.0925  1452.48  -22.15 0.00166434  2e+07  4e-07
0.095  1459.84  -20.1559 0.00166434  2e+07  4e-07
0.0975  1466.15  -18.2452 0.00166434  2e+07  4e-07
0.1  1471.56  -16.4289 0.00166434  2e+07  4e-07
0.1025  1476.18  -14.7157 0.00166434  2e+07  4e-07
0.105  1480.12  -13.1117 0.00166434  2e+07  4e-07
0.1075  1483.45  -11.6213 0.00166434  2e+07  4e-07
0.11  1486.28  -10.2463 0.00166434  2e+07  4e-07
0.1125  1488.66  -8.987 0.00166434  2e+07  4e-07
0.115  1490.66  -7.84175 0.00166434  2e+07  4e-07
0.1175  1492.33  -6.80748 0.00166434  2e+07  4e-07
0.12  1493.73  -5.8798 0.00166434  2e+07  4e-07
0.1225  1494.88  -5.05331 0.00166434  2e+07  4e-07
0.125  1495.84  -4.32179 0.00166434  2e+07  4e-07
0.1275  1496.63  -3.67847 0.00166434  2e+07  4e-07
0.13  1497.28  -3.11625 0.00166434  2e+07  4e-07
0.1325  1497.81  -2.62789 0.00166434  2e+07  4e-07
0.135  1498.24  -2.20617 0.00166434  2e+07  4e-07
0.1375  1498.6  -1.84409 0.00166434  2e+07  4e-07
0.14  1498.88  -1.53494 0.00166434  2e+07  4e-07
0.1425  1499.11  -1.27237 0.00166434  2e+07  4e-07
0.145  1499.29  -1.05054 0.00166434  2e+07  4e-07
0.1475  1499.44  -0.864042 0.00166434  2e+07  4e-07
0.15  1499.56  -0.708008 0.00166434  2e+07  4e-07
0.1525  1499.65  -0.578065 0.00166434  2e+07  4e-07
0.155  1499.73  -0.47033 0.00166434  2e+07  4e-07
0.1575  1499.79  -0.38139 0.00166434  2e+07  4e-07
0.16  1499.83  -0.308268 0.00166434  2e+07  4e-07
0.1625  1499.87  -0.248387 0.00166434  2e+07  4e-07
0.165  1499.9  -0.199535 0.00166434  2e+07  4e-07
0.1675  1499.92  -0.159827 0.00166434  2e+07  4e-07
0.17  1499.94  -0.127664 0.00166434  2e+07  4e-07
0.1725  1499.95  -0.101699 0.00166434  2e+07  4e-07
0.175  1499.96  -0.0808048 0.00166434  2e+07  4e-07
0.1775  1499.97  -0.0640437 0.00166434  2e+07  4e-07
0.18  1499.98  -0.0506377 0.00166434  2e+07  4e-07
0.1825  1499.98  -0.0399455 0.00166434  2e+07  4e-07
0.185  1499.99  -0.0314411 0.00166434  2e+07  4e-07
0.1875  1499.99  -0.0246944 0.00166434  2e+07  4e-07
0.19  1499.99  -0.0193556 0.00166434  2e+07  4e-07
0.1925  1499.99  -0.0151411 0.00166434  2e+07  4e-07
0.195  1500  -0.0118217 0.00166434  2e+07  4e-07
0.1975  1500  -0.00921307 0.00166434  2e+07  4e-07
0.2  1500  -0.00716743 0.00166434  2e+07  4e-07
0.2025  1500  -0.00556651 0.00166434  2e+07  4e-07
0.205  1500  -0.00431607 0.00166434  2e+07  4e-07
0.2075  1500  -0.0033412 0.00166434  2e+07  4e-07
0.21  1500  -0.00258253 0.00166434  2e+07  4e-07
0.2125  1500  -0.0019931 0.00166434  2e+07  4e-07
0.215  1500  -0.00153589 0.00166434  2e+07  4e-07
0.2175  1500  -0.00118176 0.00166434  2e+07  4e-07
0.22  1500  -0.000907832 0.00166434  2e+07  4e-07
0.2225  1500  -0.000696182 0.00166434  2e+07  4e-07
0.225  1500  -0.000532781 0.00166434  2e+07  4e-07
0.2275  1500  -0.000406671 0.00166434  2e+07  4e-07
0.23  1500  -0.0003093 0.00166434  2e+07  4e-07
0.2325  1500  -0.000233993 0.00166434  2e+07  4e-07
0.235  1500  -0.000175537 0.00166434  2e+07  4e-07
0.2375  1500  -0.000129847 0.00166434  2e+07  4e-07
0.24  1500  -9.37075e-05 0.00166434  2e+07  4e-07
0.2425  1500  -6.45584e-05 0.00166434  2e+07  4e-07
0.245  1500  -4.03299e-05 0.00166434  2e+07  4e-07
0.2475  1500  -1.93038e-05 0.00166434  2e+07  4e-07
0.25  1500  0  0.00166434  2e+07  4e-07
