TITLE="Graphics"
VARIABLES= "rj, m", "T, K", "dT/dt", "Lambda, Watt/m*K", "Cp, J/kg*K", "rho, kg/m^3"
0  300  -4.46313e-35  0.0061001  4.18e+07  0.00098
0.0025  300  -8.96446e-34  0.0061001  4.18e+07  0.00098
0.005  300  -4.60736e-32  0.0061001  4.18e+07  0.00098
0.0075  300  -3.34401e-30  0.0061001  4.18e+07  0.00098
0.01  300  -2.72981e-28  0.0061001  4.18e+07  0.00098
0.0125  300  -2.33212e-26  0.0061001  4.18e+07  0.00098
0.015  300  -2.00417e-24  0.0061001  4.18e+07  0.00098
0.0175  300  -1.67078e-22  0.0061001  4.18e+07  0.00098
0.02  300  -1.2772e-20  0.0061001  4.18e+07  0.00098
0.0225  300  -7.70786e-19  0.0061001  4.18e+07  0.00098
0.025  300  -9.05749e-18  0.0061001  4.18e+07  0.00098
0.0275  300  8.50593e-15  0.0061001  4.18e+07  0.00098
0.03  300  9.6373e-13  0.0061001  4.18e+07  0.00098
0.0325  300  9.21126e-11  0.0061001  4.18e+07  0.00098
0.035  300  7.99688e-09  0.0061001  4.18e+07  0.00098
0.0375  300  6.05916e-07  0.0061001  4.18e+07  0.00098
0.04  300  3.80379e-05  0.0061001  4.18e+07  0.00098
0.0425  300.001  0.00182305  0.0061001  4.18e+07  0.00098
0.045  300.074  0.0572248  0.0061001  4.18e+07  0.00098
0.0475  302.416  0.760738  0.0061001  4.18e+07  0.00098
0.04875  317.855 -1.99863 0.00637006  4.18e+07  0.00098
0.04875  317.855 -1.99863 0.00019839  4.18e+07  0.00098
0.05  809.671  -66.9892 0.00166434  2e+07  4e-07
0.0525  942.773  -66.9053 0.00166434  2e+07  4e-07
0.055  1041.15  -66.6263 0.00166434  2e+07  4e-07
0.0575  1118.07  -65.7329 0.00166434  2e+07  4e-07
0.06  1180.12  -64.2145 0.00166434  2e+07  4e-07
0.0625  1231.16  -62.1466 0.00166434  2e+07  4e-07
0.065  1273.66  -59.6216 0.00166434  2e+07  4e-07
0.0675  1309.34  -56.7319 0.00166434  2e+07  4e-07
0.07  1339.48  -53.5641 0.00166434  2e+07  4e-07
0.0725  1365.01  -50.1985 0.00166434  2e+07  4e-07
0.075  1386.69  -46.7076 0.00166434  2e+07  4e-07
0.0775  1405.1  -43.1565 0.00166434  2e+07  4e-07
0.08  1420.74  -39.6029 0.00166434  2e+07  4e-07
0.0825  1434.01  -36.0969 0.00166434  2e+07  4e-07
0.085  1445.25  -32.6812 0.00166434  2e+07  4e-07
0.0875  1454.74  -29.3915 0.00166434  2e+07  4e-07
0.09  1462.74  -26.2569 0.00166434  2e+07  4e-07
0.0925  1469.45  -23.2998 0.00166434  2e+07  4e-07
0.095  1475.06  -20.5371 0.00166434  2e+07  4e-07
0.0975  1479.74  -17.9801 0.00166434  2e+07  4e-07
0.1  1483.61  -15.6352 0.00166434  2e+07  4e-07
0.1025  1486.81  -13.5042 0.00166434  2e+07  4e-07
0.105  1489.43  -11.585 0.00166434  2e+07  4e-07
0.1075  1491.57  -9.87196 0.00166434  2e+07  4e-07
0.11  1493.31  -8.35627 0.00166434  2e+07  4e-07
0.1125  1494.71  -7.02683 0.00166434  2e+07  4e-07
0.115  1495.84  -5.87069 0.00166434  2e+07  4e-07
0.1175  1496.74  -4.87365 0.00166434  2e+07  4e-07
0.12  1497.46  -4.0208 0.00166434  2e+07  4e-07
0.1225  1498.03  -3.29708 0.00166434  2e+07  4e-07
0.125  1498.48  -2.68767 0.00166434  2e+07  4e-07
0.1275  1498.83  -2.17833 0.00166434  2e+07  4e-07
0.13  1499.1  -1.7557 0.00166434  2e+07  4e-07
0.1325  1499.31  -1.40746 0.00166434  2e+07  4e-07
0.135  1499.48  -1.12242 0.00166434  2e+07  4e-07
0.1375  1499.6  -0.890619 0.00166434  2e+07  4e-07
0.14  1499.7  -0.703277 0.00166434  2e+07  4e-07
0.1425  1499.77  -0.552762 0.00166434  2e+07  4e-07
0.145  1499.83  -0.432522 0.00166434  2e+07  4e-07
0.1475  1499.87  -0.336988 0.00166434  2e+07  4e-07
0.15  1499.9  -0.261478 0.00166434  2e+07  4e-07
0.1525  1499.93  -0.202091 0.00166434  2e+07  4e-07
0.155  1499.95  -0.155606 0.00166434  2e+07  4e-07
0.1575  1499.96  -0.119384 0.00166434  2e+07  4e-07
0.16  1499.97  -0.0912806 0.00166434  2e+07  4e-07
0.1625  1499.98  -0.0695658 0.00166434  2e+07  4e-07
0.165  1499.98  -0.0528525 0.00166434  2e+07  4e-07
0.1675  1499.99  -0.0400365 0.00166434  2e+07  4e-07
0.17  1499.99  -0.0302435 0.00166434  2e+07  4e-07
0.1725  1499.99  -0.0227854 0.00166434  2e+07  4e-07
0.175  1500  -0.0171235 0.00166434  2e+07  4e-07
0.1775  1500  -0.0128381 0.00166434  2e+07  4e-07
0.18  1500  -0.00960362 0.00166434  2e+07  4e-07
0.1825  1500  -0.00716892 0.00166434  2e+07  4e-07
0.185  1500  -0.00534085 0.00166434  2e+07  4e-07
0.1875  1500  -0.00397153 0.00166434  2e+07  4e-07
0.19  1500  -0.00294811 0.00166434  2e+07  4e-07
0.1925  1500  -0.00218483 0.00166434  2e+07  4e-07
0.195  1500  -0.00161669 0.00166434  2e+07  4e-07
0.1975  1500  -0.00119457 0.00166434  2e+07  4e-07
0.2  1500  -0.000881486 0.00166434  2e+07  4e-07
0.2025  1500  -0.00064965 0.00166434  2e+07  4e-07
0.205  1500  -0.000478233 0.00166434  2e+07  4e-07
0.2075  1500  -0.000351667 0.00166434  2e+07  4e-07
0.21  1500  -0.000258337 0.00166434  2e+07  4e-07
0.2125  1500  -0.000189598 0.00166434  2e+07  4e-07
0.215  1500  -0.000139026 0.00166434  2e+07  4e-07
0.2175  1500  -0.000101857 0.00166434  2e+07  4e-07
0.22  1500  -7.45611e-05 0.00166434  2e+07  4e-07
0.2225  1500  -5.45308e-05 0.00166434  2e+07  4e-07
0.225  1500  -3.98392e-05 0.00166434  2e+07  4e-07
0.2275  1500  -2.90652e-05 0.00166434  2e+07  4e-07
0.23  1500  -2.1161e-05 0.00166434  2e+07  4e-07
0.2325  1500  -1.53544e-05 0.00166434  2e+07  4e-07
0.235  1500  -1.10759e-05 0.00166434  2e+07  4e-07
0.2375  1500  -7.90431e-06 0.00166434  2e+07  4e-07
0.24  1500  -5.52691e-06 0.00166434  2e+07  4e-07
0.2425  1500  -3.70905e-06 0.00166434  2e+07  4e-07
0.245  1500  -2.27168e-06 0.00166434  2e+07  4e-07
0.2475  1500  -1.07401e-06 0.00166434  2e+07  4e-07
0.25  1500  0  0.00166434  2e+07  4e-07
