TITLE="Graphics"
VARIABLES= "rj, m", "T, K", "dT/dt", "Lambda, Watt/m*K", "Cp, J/kg*K", "rho, kg/m^3"
0  300.627  38.6323  0.0061001  4180  0.00098
0.0025  300.649  39.6724  0.0061001  4180  0.00098
0.005  300.714  42.6107  0.0061001  4180  0.00098
0.0075  300.834  47.9289  0.0061001  4180  0.00098
0.01  301.022  55.921  0.0061001  4180  0.00098
0.0125  301.297  67.0121  0.0061001  4180  0.00098
0.015  301.687  81.7312  0.0061001  4180  0.00098
0.0175  302.23  100.664  0.0061001  4180  0.00098
0.02  302.975  124.381  0.0061001  4180  0.00098
0.0225  303.984  153.321  0.0061001  4180  0.00098
0.025  305.335  187.648  0.0061001  4180  0.00098
0.0275  307.118  227.067  0.0061001  4180  0.00098
0.03  309.434  270.652  0.0061001  4180  0.00098
0.0325  312.388  316.73  0.0061001  4180  0.00098
0.035  316.087  362.896  0.0061001  4180  0.00098
0.0375  320.624  406.212  0.0061001  4180  0.00098
0.04  326.075  443.61  0.0061001  4180  0.00098
0.0425  332.488  472.415  0.0061001  4180  0.00098
0.045  339.877  490.851  0.0061001  4180  0.00098
0.0475  348.227  498.359  0.0061001  4180  0.00098
0.04875  352.86 496.999 0.00669808  4180  0.00098
0.04875  352.86 496.999 0.000225113  4180  0.00098
0.05  543.44  39.6644 0.00166434  2000  4e-07
0.0525  665.06  27.9372 0.00166434  2000  4e-07
0.055  753.216  21.9479 0.00166434  2000  4e-07
0.0575  822.497  18.2018 0.00166434  2000  4e-07
0.06  879.413  15.5898 0.00166434  2000  4e-07
0.0625  927.514  13.6415 0.00166434  2000  4e-07
0.065  968.984  12.1202 0.00166434  2000  4e-07
0.0675  1005.27  10.8923 0.00166434  2000  4e-07
0.07  1037.4  9.8762 0.00166434  2000  4e-07
0.0725  1066.11  9.01881 0.00166434  2000  4e-07
0.075  1091.97  8.28392 0.00166434  2000  4e-07
0.0775  1115.42  7.64588 0.00166434  2000  4e-07
0.08  1136.79  7.08598 0.00166434  2000  4e-07
0.0825  1156.38  6.59015 0.00166434  2000  4e-07
0.085  1174.41  6.14762 0.00166434  2000  4e-07
0.0875  1191.07  5.74998 0.00166434  2000  4e-07
0.09  1206.52  5.39056 0.00166434  2000  4e-07
0.0925  1220.88  5.06396 0.00166434  2000  4e-07
0.095  1234.28  4.7658 0.00166434  2000  4e-07
0.0975  1246.81  4.49246 0.00166434  2000  4e-07
0.1  1258.56  4.24093 0.00166434  2000  4e-07
0.1025  1269.6  4.00867 0.00166434  2000  4e-07
0.105  1280  3.79352 0.00166434  2000  4e-07
0.1075  1289.8  3.59367 0.00166434  2000  4e-07
0.11  1299.07  3.40752 0.00166434  2000  4e-07
0.1125  1307.84  3.23373 0.00166434  2000  4e-07
0.115  1316.16  3.0711 0.00166434  2000  4e-07
0.1175  1324.05  2.9186 0.00166434  2000  4e-07
0.12  1331.56  2.77532 0.00166434  2000  4e-07
0.1225  1338.71  2.64046 0.00166434  2000  4e-07
0.125  1345.53  2.51331 0.00166434  2000  4e-07
0.1275  1352.04  2.39322 0.00166434  2000  4e-07
0.13  1358.25  2.27965 0.00166434  2000  4e-07
0.1325  1364.2  2.17208 0.00166434  2000  4e-07
0.135  1369.89  2.07006 0.00166434  2000  4e-07
0.1375  1375.35  1.97317 0.00166434  2000  4e-07
0.14  1380.58  1.88106 0.00166434  2000  4e-07
0.1425  1385.61  1.79338 0.00166434  2000  4e-07
0.145  1390.43  1.70983 0.00166434  2000  4e-07
0.1475  1395.08  1.63013 0.00166434  2000  4e-07
0.15  1399.55  1.55403 0.00166434  2000  4e-07
0.1525  1403.85  1.48129 0.00166434  2000  4e-07
0.155  1408  1.41171 0.00166434  2000  4e-07
0.1575  1412.01  1.34508 0.00166434  2000  4e-07
0.16  1415.87  1.28123 0.00166434  2000  4e-07
0.1625  1419.6  1.21999 0.00166434  2000  4e-07
0.165  1423.21  1.16121 0.00166434  2000  4e-07
0.1675  1426.69  1.10475 0.00166434  2000  4e-07
0.17  1430.07  1.05048 0.00166434  2000  4e-07
0.1725  1433.33  0.998271 0.00166434  2000  4e-07
0.175  1436.49  0.948014 0.00166434  2000  4e-07
0.1775  1439.56  0.899602 0.00166434  2000  4e-07
0.18  1442.53  0.852939 0.00166434  2000  4e-07
0.1825  1445.41  0.807933 0.00166434  2000  4e-07
0.185  1448.21  0.764497 0.00166434  2000  4e-07
0.1875  1450.92  0.722553 0.00166434  2000  4e-07
0.19  1453.56  0.682026 0.00166434  2000  4e-07
0.1925  1456.12  0.642844 0.00166434  2000  4e-07
0.195  1458.62  0.604943 0.00166434  2000  4e-07
0.1975  1461.04  0.56826 0.00166434  2000  4e-07
0.2  1463.4  0.532738 0.00166434  2000  4e-07
0.2025  1465.69  0.498321 0.00166434  2000  4e-07
0.205  1467.93  0.464958 0.00166434  2000  4e-07
0.2075  1470.1  0.432601 0.00166434  2000  4e-07
0.21  1472.22  0.401203 0.00166434  2000  4e-07
0.2125  1474.29  0.370721 0.00166434  2000  4e-07
0.215  1476.3  0.341113 0.00166434  2000  4e-07
0.2175  1478.27  0.312342 0.00166434  2000  4e-07
0.22  1480.18  0.284371 0.00166434  2000  4e-07
0.2225  1482.05  0.257164 0.00166434  2000  4e-07
0.225  1483.88  0.230689 0.00166434  2000  4e-07
0.2275  1485.66  0.204914 0.00166434  2000  4e-07
0.23  1487.4  0.17981 0.00166434  2000  4e-07
0.2325  1489.1  0.155348 0.00166434  2000  4e-07
0.235  1490.77  0.131502 0.00166434  2000  4e-07
0.2375  1492.39  0.108246 0.00166434  2000  4e-07
0.24  1493.98  0.085555 0.00166434  2000  4e-07
0.2425  1495.54  0.0634066 0.00166434  2000  4e-07
0.245  1497.06  0.0417786 0.00166434  2000  4e-07
0.2475  1498.54  0.0206497 0.00166434  2000  4e-07
0.25  1500  0  0.00166434  2000  4e-07
