TITLE="Graphics"
VARIABLES= "rj, m", "T, K", "dT/dt", "Lambda, Watt/m*K", "Cp, J/kg*K", "rho, kg/m^3"
0  300  -1.18673e-25  0.0061001  4.18e+07  0.00098
0.0025  300  -7.1299e-25  0.0061001  4.18e+07  0.00098
0.005  300  -9.89502e-24  0.0061001  4.18e+07  0.00098
0.0075  300  -1.85555e-22  0.0061001  4.18e+07  0.00098
0.01  300  -3.75826e-21  0.0061001  4.18e+07  0.00098
0.0125  300  -7.67989e-20  0.0061001  4.18e+07  0.00098
0.015  300  -1.51793e-18  0.0061001  4.18e+07  0.00098
0.0175  300  -2.41138e-17  0.0061001  4.18e+07  0.00098
0.02  300  3.25211e-16  0.0061001  4.18e+07  0.00098
0.0225  300  5.7176e-14  0.0061001  4.18e+07  0.00098
0.025  300  2.08026e-12  0.0061001  4.18e+07  0.00098
0.0275  300  7.25311e-11  0.0061001  4.18e+07  0.00098
0.03  300  2.35916e-09  0.0061001  4.18e+07  0.00098
0.0325  300  7.0266e-08  0.0061001  4.18e+07  0.00098
0.035  300  1.86954e-06  0.0061001  4.18e+07  0.00098
0.0375  300  4.29162e-05  0.0061001  4.18e+07  0.00098
0.04  300.002  0.0008073  0.0061001  4.18e+07  0.00098
0.0425  300.034  0.0114459  0.0061001  4.18e+07  0.00098
0.045  300.515  0.103972  0.0061001  4.18e+07  0.00098
0.0475  305.072  0.369832  0.0061001  4.18e+07  0.00098
0.04875  314.082 -0.247465 0.006319  4.18e+07  0.00098
0.04875  314.082 -0.247465 0.000195643  4.18e+07  0.00098
0.05  667.004  -12.8793 0.00166434  2e+07  4e-07
0.0525  797.534  -13.3892 0.00166434  2e+07  4e-07
0.055  893.506  -13.8719 0.00166434  2e+07  4e-07
0.0575  969.206  -14.2433 0.00166434  2e+07  4e-07
0.06  1031.3  -14.5003 0.00166434  2e+07  4e-07
0.0625  1083.51  -14.6536 0.00166434  2e+07  4e-07
0.065  1128.19  -14.7157 0.00166434  2e+07  4e-07
0.0675  1166.91  -14.6982 0.00166434  2e+07  4e-07
0.07  1200.8  -14.6111 0.00166434  2e+07  4e-07
0.0725  1230.68  -14.4633 0.00166434  2e+07  4e-07
0.075  1257.19  -14.2626 0.00166434  2e+07  4e-07
0.0775  1280.83  -14.0158 0.00166434  2e+07  4e-07
0.08  1301.99  -13.729 0.00166434  2e+07  4e-07
0.0825  1320.99  -13.4077 0.00166434  2e+07  4e-07
0.085  1338.1  -13.0569 0.00166434  2e+07  4e-07
0.0875  1353.54  -12.681 0.00166434  2e+07  4e-07
0.09  1367.51  -12.2841 0.00166434  2e+07  4e-07
0.0925  1380.15  -11.8702 0.00166434  2e+07  4e-07
0.095  1391.61  -11.4426 0.00166434  2e+07  4e-07
0.0975  1402.01  -11.0046 0.00166434  2e+07  4e-07
0.1  1411.45  -10.5592 0.00166434  2e+07  4e-07
0.1025  1420.02  -10.1092 0.00166434  2e+07  4e-07
0.105  1427.81  -9.65696 0.00166434  2e+07  4e-07
0.1075  1434.89  -9.20492 0.00166434  2e+07  4e-07
0.11  1441.32  -8.75516 0.00166434  2e+07  4e-07
0.1125  1447.15  -8.30964 0.00166434  2e+07  4e-07
0.115  1452.46  -7.8701 0.00166434  2e+07  4e-07
0.1175  1457.27  -7.43811 0.00166434  2e+07  4e-07
0.12  1461.63  -7.01511 0.00166434  2e+07  4e-07
0.1225  1465.58  -6.60234 0.00166434  2e+07  4e-07
0.125  1469.16  -6.20089 0.00166434  2e+07  4e-07
0.1275  1472.41  -5.81172 0.00166434  2e+07  4e-07
0.13  1475.33  -5.43565 0.00166434  2e+07  4e-07
0.1325  1477.98  -5.07333 0.00166434  2e+07  4e-07
0.135  1480.37  -4.72532 0.00166434  2e+07  4e-07
0.1375  1482.52  -4.39203 0.00166434  2e+07  4e-07
0.14  1484.45  -4.07377 0.00166434  2e+07  4e-07
0.1425  1486.19  -3.77072 0.00166434  2e+07  4e-07
0.145  1487.75  -3.48299 0.00166434  2e+07  4e-07
0.1475  1489.15  -3.21055 0.00166434  2e+07  4e-07
0.15  1490.4  -2.95331 0.00166434  2e+07  4e-07
0.1525  1491.52  -2.71109 0.00166434  2e+07  4e-07
0.155  1492.52  -2.48363 0.00166434  2e+07  4e-07
0.1575  1493.41  -2.27061 0.00166434  2e+07  4e-07
0.16  1494.2  -2.07165 0.00166434  2e+07  4e-07
0.1625  1494.91  -1.88631 0.00166434  2e+07  4e-07
0.165  1495.53  -1.7141 0.00166434  2e+07  4e-07
0.1675  1496.09  -1.55452 0.00166434  2e+07  4e-07
0.17  1496.58  -1.40701 0.00166434  2e+07  4e-07
0.1725  1497.01  -1.271 0.00166434  2e+07  4e-07
0.175  1497.39  -1.14592 0.00166434  2e+07  4e-07
0.1775  1497.73  -1.03116 0.00166434  2e+07  4e-07
0.18  1498.02  -0.926118 0.00166434  2e+07  4e-07
0.1825  1498.28  -0.830208 0.00166434  2e+07  4e-07
0.185  1498.51  -0.742836 0.00166434  2e+07  4e-07
0.1875  1498.71  -0.663421 0.00166434  2e+07  4e-07
0.19  1498.88  -0.591398 0.00166434  2e+07  4e-07
0.1925  1499.03  -0.526219 0.00166434  2e+07  4e-07
0.195  1499.16  -0.467356 0.00166434  2e+07  4e-07
0.1975  1499.28  -0.414302 0.00166434  2e+07  4e-07
0.2  1499.38  -0.366575 0.00166434  2e+07  4e-07
0.2025  1499.47  -0.323719 0.00166434  2e+07  4e-07
0.205  1499.54  -0.2853 0.00166434  2e+07  4e-07
0.2075  1499.61  -0.250912 0.00166434  2e+07  4e-07
0.21  1499.66  -0.220174 0.00166434  2e+07  4e-07
0.2125  1499.71  -0.192729 0.00166434  2e+07  4e-07
0.215  1499.75  -0.168247 0.00166434  2e+07  4e-07
0.2175  1499.79  -0.146419 0.00166434  2e+07  4e-07
0.22  1499.82  -0.126962 0.00166434  2e+07  4e-07
0.2225  1499.85  -0.10961 0.00166434  2e+07  4e-07
0.225  1499.87  -0.0941223 0.00166434  2e+07  4e-07
0.2275  1499.89  -0.0802734 0.00166434  2e+07  4e-07
0.23  1499.91  -0.0678572 0.00166434  2e+07  4e-07
0.2325  1499.93  -0.0566832 0.00166434  2e+07  4e-07
0.235  1499.94  -0.0465759 0.00166434  2e+07  4e-07
0.2375  1499.95  -0.037373 0.00166434  2e+07  4e-07
0.24  1499.96  -0.028924 0.00166434  2e+07  4e-07
0.2425  1499.97  -0.0210891 0.00166434  2e+07  4e-07
0.245  1499.98  -0.0137376 0.00166434  2e+07  4e-07
0.2475  1499.99  -0.0067466 0.00166434  2e+07  4e-07
0.25  1500  0  0.00166434  2e+07  4e-07
