TITLE="Graphics"
VARIABLES= "rj, m", "T, K", "dT/dt", "Lambda, Watt/m*K", "Cp, J/kg*K", "rho, kg/m^3"
0  300  2.01658e-31  0.0061001  4.18e+07  0.00098
0.0025  300  2.85098e-30  0.0061001  4.18e+07  0.00098
0.005  300  8.63771e-29  0.0061001  4.18e+07  0.00098
0.0075  300  3.04536e-27  0.0061001  4.18e+07  0.00098
0.01  300  9.32109e-26  0.0061001  4.18e+07  0.00098
0.0125  300  2.40425e-24  0.0061001  4.18e+07  0.00098
0.015  300  1.61792e-22  0.0061001  4.18e+07  0.00098
0.0175  300  2.37774e-20  0.0061001  4.18e+07  0.00098
0.02  300  2.37709e-18  0.0061001  4.18e+07  0.00098
0.0225  300  2.9984e-16  0.0061001  4.18e+07  0.00098
0.025  300  1.30667e-13  0.0061001  4.18e+07  0.00098
0.0275  300  6.60366e-12  0.0061001  4.18e+07  0.00098
0.03  300  3.14111e-10  0.0061001  4.18e+07  0.00098
0.0325  300  1.34898e-08  0.0061001  4.18e+07  0.00098
0.035  300  5.09299e-07  0.0061001  4.18e+07  0.00098
0.0375  300  1.63001e-05  0.0061001  4.18e+07  0.00098
0.04  300.001  0.000419446  0.0061001  4.18e+07  0.00098
0.0425  300.018  0.00797361  0.0061001  4.18e+07  0.00098
0.045  300.349  0.0952167  0.0061001  4.18e+07  0.00098
0.0475  304.4  0.439693  0.0061001  4.18e+07  0.00098
0.04875  314.629 -0.417771 0.00632662  4.18e+07  0.00098
0.04875  314.629 -0.417771 0.00019604  4.18e+07  0.00098
0.05  692.51  -18.0243 0.00166434  2e+07  4e-07
0.0525  823.936  -18.5755 0.00166434  2e+07  4e-07
0.055  920.764  -19.112 0.00166434  2e+07  4e-07
0.0575  997.107  -19.5038 0.00166434  2e+07  4e-07
0.06  1059.62  -19.7409 0.00166434  2e+07  4e-07
0.0625  1112.04  -19.8356 0.00166434  2e+07  4e-07
0.065  1156.76  -19.8046 0.00166434  2e+07  4e-07
0.0675  1195.36  -19.6635 0.00166434  2e+07  4e-07
0.07  1228.98  -19.4268 0.00166434  2e+07  4e-07
0.0725  1258.49  -19.1072 0.00166434  2e+07  4e-07
0.075  1284.51  -18.716 0.00166434  2e+07  4e-07
0.0775  1307.58  -18.2634 0.00166434  2e+07  4e-07
0.08  1328.09  -17.7585 0.00166434  2e+07  4e-07
0.0825  1346.37  -17.2095 0.00166434  2e+07  4e-07
0.085  1362.71  -16.6241 0.00166434  2e+07  4e-07
0.0875  1377.34  -16.0091 0.00166434  2e+07  4e-07
0.09  1390.45  -15.3709 0.00166434  2e+07  4e-07
0.0925  1402.21  -14.7153 0.00166434  2e+07  4e-07
0.095  1412.77  -14.0477 0.00166434  2e+07  4e-07
0.0975  1422.25  -13.3729 0.00166434  2e+07  4e-07
0.1  1430.76  -12.6955 0.00166434  2e+07  4e-07
0.1025  1438.4  -12.0196 0.00166434  2e+07  4e-07
0.105  1445.26  -11.3489 0.00166434  2e+07  4e-07
0.1075  1451.41  -10.6869 0.00166434  2e+07  4e-07
0.11  1456.93  -10.0364 0.00166434  2e+07  4e-07
0.1125  1461.87  -9.4003 0.00166434  2e+07  4e-07
0.115  1466.29  -8.78083 0.00166434  2e+07  4e-07
0.1175  1470.25  -8.18008 0.00166434  2e+07  4e-07
0.12  1473.78  -7.59978 0.00166434  2e+07  4e-07
0.1225  1476.93  -7.04142 0.00166434  2e+07  4e-07
0.125  1479.73  -6.50618 0.00166434  2e+07  4e-07
0.1275  1482.23  -5.99502 0.00166434  2e+07  4e-07
0.13  1484.44  -5.50865 0.00166434  2e+07  4e-07
0.1325  1486.4  -5.04754 0.00166434  2e+07  4e-07
0.135  1488.14  -4.61196 0.00166434  2e+07  4e-07
0.1375  1489.67  -4.202 0.00166434  2e+07  4e-07
0.14  1491.03  -3.81752 0.00166434  2e+07  4e-07
0.1425  1492.22  -3.45826 0.00166434  2e+07  4e-07
0.145  1493.26  -3.12377 0.00166434  2e+07  4e-07
0.1475  1494.18  -2.81347 0.00166434  2e+07  4e-07
0.15  1494.98  -2.52664 0.00166434  2e+07  4e-07
0.1525  1495.67  -2.26248 0.00166434  2e+07  4e-07
0.155  1496.28  -2.02008 0.00166434  2e+07  4e-07
0.1575  1496.81  -1.79844 0.00166434  2e+07  4e-07
0.16  1497.27  -1.59651 0.00166434  2e+07  4e-07
0.1625  1497.67  -1.4132 0.00166434  2e+07  4e-07
0.165  1498.01  -1.24739 0.00166434  2e+07  4e-07
0.1675  1498.31  -1.09793 0.00166434  2e+07  4e-07
0.17  1498.56  -0.963679 0.00166434  2e+07  4e-07
0.1725  1498.78  -0.843509 0.00166434  2e+07  4e-07
0.175  1498.97  -0.736309 0.00166434  2e+07  4e-07
0.1775  1499.13  -0.641001 0.00166434  2e+07  4e-07
0.18  1499.26  -0.556546 0.00166434  2e+07  4e-07
0.1825  1499.38  -0.481952 0.00166434  2e+07  4e-07
0.185  1499.48  -0.416279 0.00166434  2e+07  4e-07
0.1875  1499.56  -0.35864 0.00166434  2e+07  4e-07
0.19  1499.63  -0.308209 0.00166434  2e+07  4e-07
0.1925  1499.69  -0.264218 0.00166434  2e+07  4e-07
0.195  1499.74  -0.225955 0.00166434  2e+07  4e-07
0.1975  1499.79  -0.192772 0.00166434  2e+07  4e-07
0.2  1499.82  -0.164073 0.00166434  2e+07  4e-07
0.2025  1499.85  -0.13932 0.00166434  2e+07  4e-07
0.205  1499.88  -0.118026 0.00166434  2e+07  4e-07
0.2075  1499.9  -0.0997535 0.00166434  2e+07  4e-07
0.21  1499.92  -0.0841104 0.00166434  2e+07  4e-07
0.2125  1499.93  -0.0707484 0.00166434  2e+07  4e-07
0.215  1499.94  -0.059358 0.00166434  2e+07  4e-07
0.2175  1499.95  -0.0496656 0.00166434  2e+07  4e-07
0.22  1499.96  -0.04143 0.00166434  2e+07  4e-07
0.2225  1499.97  -0.0344396 0.00166434  2e+07  4e-07
0.225  1499.97  -0.0285087 0.00166434  2e+07  4e-07
0.2275  1499.98  -0.0234747 0.00166434  2e+07  4e-07
0.23  1499.98  -0.0191959 0.00166434  2e+07  4e-07
0.2325  1499.99  -0.015548 0.00166434  2e+07  4e-07
0.235  1499.99  -0.0124226 0.00166434  2e+07  4e-07
0.2375  1499.99  -0.00972447 0.00166434  2e+07  4e-07
0.24  1499.99  -0.00736965 0.00166434  2e+07  4e-07
0.2425  1500  -0.00528365 0.00166434  2e+07  4e-07
0.245  1500  -0.00339969 0.00166434  2e+07  4e-07
0.2475  1500  -0.00165712 0.00166434  2e+07  4e-07
0.25  1500  0  0.00166434  2e+07  4e-07
