TITLE="Graphics"
VARIABLES= "rj, m", "T, K", "dT/dt", "Lambda, Watt/m*K", "Cp, J/kg*K", "rho, kg/m^3"
0  300  1.56595e-32  0.0061001  4.18e+07  0.00098
0.0025  300  1.83804e-31  0.0061001  4.18e+07  0.00098
0.005  300  5.09398e-30  0.0061001  4.18e+07  0.00098
0.0075  300  1.80671e-28  0.0061001  4.18e+07  0.00098
0.01  300  5.89574e-27  0.0061001  4.18e+07  0.00098
0.0125  300  9.09212e-26  0.0061001  4.18e+07  0.00098
0.015  300  -9.056e-24  0.0061001  4.18e+07  0.00098
0.0175  300  -9.67788e-22  0.0061001  4.18e+07  0.00098
0.02  300  2.47129e-20  0.0061001  4.18e+07  0.00098
0.0225  300  2.68427e-17  0.0061001  4.18e+07  0.00098
0.025  300  6.72571e-15  0.0061001  4.18e+07  0.00098
0.0275  300  4.5445e-13  0.0061001  4.18e+07  0.00098
0.03  300  2.90073e-11  0.0061001  4.18e+07  0.00098
0.0325  300  1.70051e-09  0.0061001  4.18e+07  0.00098
0.035  300  8.92834e-08  0.0061001  4.18e+07  0.00098
0.0375  300  4.05529e-06  0.0061001  4.18e+07  0.00098
0.04  300  0.000151422  0.0061001  4.18e+07  0.00098
0.0425  300.006  0.00427943  0.0061001  4.18e+07  0.00098
0.045  300.18  0.0780684  0.0061001  4.18e+07  0.00098
0.0475  303.434  0.574565  0.0061001  4.18e+07  0.00098
0.04875  315.791 -0.891419 0.00634256  4.18e+07  0.00098
0.04875  315.791 -0.891419 0.000196884  4.18e+07  0.00098
0.05  738.086  -32.5062 0.00166434  2e+07  4e-07
0.0525  870.652  -33.0611 0.00166434  2e+07  4e-07
0.055  968.602  -33.5979 0.00166434  2e+07  4e-07
0.0575  1045.71  -33.8747 0.00166434  2e+07  4e-07
0.06  1108.58  -33.8687 0.00166434  2e+07  4e-07
0.0625  1161.02  -33.602 0.00166434  2e+07  4e-07
0.065  1205.42  -33.1056 0.00166434  2e+07  4e-07
0.0675  1243.42  -32.4109 0.00166434  2e+07  4e-07
0.07  1276.21  -31.5472 0.00166434  2e+07  4e-07
0.0725  1304.65  -30.5412 0.00166434  2e+07  4e-07
0.075  1329.45  -29.4174 0.00166434  2e+07  4e-07
0.0775  1351.12  -28.1981 0.00166434  2e+07  4e-07
0.08  1370.12  -26.9037 0.00166434  2e+07  4e-07
0.0825  1386.78  -25.5529 0.00166434  2e+07  4e-07
0.085  1401.42  -24.1628 0.00166434  2e+07  4e-07
0.0875  1414.27  -22.7493 0.00166434  2e+07  4e-07
0.09  1425.57  -21.3266 0.00166434  2e+07  4e-07
0.0925  1435.49  -19.9079 0.00166434  2e+07  4e-07
0.095  1444.19  -18.5049 0.00166434  2e+07  4e-07
0.0975  1451.81  -17.1281 0.00166434  2e+07  4e-07
0.1  1458.48  -15.787 0.00166434  2e+07  4e-07
0.1025  1464.3  -14.4896 0.00166434  2e+07  4e-07
0.105  1469.38  -13.2427 0.00166434  2e+07  4e-07
0.1075  1473.8  -12.0522 0.00166434  2e+07  4e-07
0.11  1477.64  -10.9225 0.00166434  2e+07  4e-07
0.1125  1480.96  -9.857 0.00166434  2e+07  4e-07
0.115  1483.83  -8.8581 0.00166434  2e+07  4e-07
0.1175  1486.3  -7.92711 0.00166434  2e+07  4e-07
0.12  1488.43  -7.0644 0.00166434  2e+07  4e-07
0.1225  1490.25  -6.2695 0.00166434  2e+07  4e-07
0.125  1491.81  -5.54117 0.00166434  2e+07  4e-07
0.1275  1493.13  -4.87749 0.00166434  2e+07  4e-07
0.13  1494.26  -4.27601 0.00166434  2e+07  4e-07
0.1325  1495.22  -3.73377 0.00166434  2e+07  4e-07
0.135  1496.02  -3.2475 0.00166434  2e+07  4e-07
0.1375  1496.7  -2.81364 0.00166434  2e+07  4e-07
0.14  1497.27  -2.42849 0.00166434  2e+07  4e-07
0.1425  1497.75  -2.08824 0.00166434  2e+07  4e-07
0.145  1498.15  -1.7891 0.00166434  2e+07  4e-07
0.1475  1498.48  -1.52732 0.00166434  2e+07  4e-07
0.15  1498.76  -1.29928 0.00166434  2e+07  4e-07
0.1525  1498.98  -1.1015 0.00166434  2e+07  4e-07
0.155  1499.17  -0.930715 0.00166434  2e+07  4e-07
0.1575  1499.33  -0.783849 0.00166434  2e+07  4e-07
0.16  1499.45  -0.658063 0.00166434  2e+07  4e-07
0.1625  1499.56  -0.550757 0.00166434  2e+07  4e-07
0.165  1499.64  -0.459563 0.00166434  2e+07  4e-07
0.1675  1499.71  -0.382349 0.00166434  2e+07  4e-07
0.17  1499.77  -0.317205 0.00166434  2e+07  4e-07
0.1725  1499.81  -0.262435 0.00166434  2e+07  4e-07
0.175  1499.85  -0.21654 0.00166434  2e+07  4e-07
0.1775  1499.88  -0.178206 0.00166434  2e+07  4e-07
0.18  1499.9  -0.146289 0.00166434  2e+07  4e-07
0.1825  1499.92  -0.119795 0.00166434  2e+07  4e-07
0.185  1499.94  -0.097866 0.00166434  2e+07  4e-07
0.1875  1499.95  -0.0797673 0.00166434  2e+07  4e-07
0.19  1499.96  -0.0648705 0.00166434  2e+07  4e-07
0.1925  1499.97  -0.0526415 0.00166434  2e+07  4e-07
0.195  1499.98  -0.0426281 0.00166434  2e+07  4e-07
0.1975  1499.98  -0.0344491 0.00166434  2e+07  4e-07
0.2  1499.99  -0.0277842 0.00166434  2e+07  4e-07
0.2025  1499.99  -0.0223655 0.00166434  2e+07  4e-07
0.205  1499.99  -0.0179698 0.00166434  2e+07  4e-07
0.2075  1499.99  -0.0144114 0.00166434  2e+07  4e-07
0.21  1499.99  -0.0115366 0.00166434  2e+07  4e-07
0.2125  1500  -0.00921859 0.00166434  2e+07  4e-07
0.215  1500  -0.00735281 0.00166434  2e+07  4e-07
0.2175  1500  -0.0058535 0.00166434  2e+07  4e-07
0.22  1500  -0.00465038 0.00166434  2e+07  4e-07
0.2225  1500  -0.00368604 0.00166434  2e+07  4e-07
0.225  1500  -0.00291364 0.00166434  2e+07  4e-07
0.2275  1500  -0.00229505 0.00166434  2e+07  4e-07
0.23  1500  -0.00179921 0.00166434  2e+07  4e-07
0.2325  1500  -0.00140088 0.00166434  2e+07  4e-07
0.235  1500  -0.00107946 0.00166434  2e+07  4e-07
0.2375  1500  -0.00081813 0.00166434  2e+07  4e-07
0.24  1500  -0.00060306 0.00166434  2e+07  4e-07
0.2425  1500  -0.00042276 0.00166434  2e+07  4e-07
0.245  1500  -0.000267551 0.00166434  2e+07  4e-07
0.2475  1500  -0.000129096 0.00166434  2e+07  4e-07
0.25  1500  0  0.00166434  2e+07  4e-07
