TITLE="Graphics"
VARIABLES= "rj, m", "T, K", "dT/dt", "Lambda, Watt/m*K", "Cp, J/kg*K", "rho, kg/m^3"
0  300  -3.193e-25  0.0061001  4.18e+07  0.00098
0.0025  300  -1.52437e-24  0.0061001  4.18e+07  0.00098
0.005  300  -1.6428e-23  0.0061001  4.18e+07  0.00098
0.0075  300  -2.36755e-22  0.0061001  4.18e+07  0.00098
0.01  300  -3.23915e-21  0.0061001  4.18e+07  0.00098
0.0125  300  -6.39378e-21  0.0061001  4.18e+07  0.00098
0.015  300  3.06984e-18  0.0061001  4.18e+07  0.00098
0.0175  300  2.4969e-16  0.0061001  4.18e+07  0.00098
0.02  300  1.70683e-14  0.0061001  4.18e+07  0.00098
0.0225  300  5.27569e-13  0.0061001  4.18e+07  0.00098
0.025  300  1.5154e-11  0.0061001  4.18e+07  0.00098
0.0275  300  4.14642e-10  0.0061001  4.18e+07  0.00098
0.03  300  1.06142e-08  0.0061001  4.18e+07  0.00098
0.0325  300  2.49286e-07  0.0061001  4.18e+07  0.00098
0.035  300  5.235e-06  0.0061001  4.18e+07  0.00098
0.0375  300  9.48567e-05  0.0061001  4.18e+07  0.00098
0.04  300.004  0.00140721  0.0061001  4.18e+07  0.00098
0.0425  300.061  0.0156952  0.0061001  4.18e+07  0.00098
0.045  300.734  0.11147  0.0061001  4.18e+07  0.00098
0.0475  305.748  0.305158  0.0061001  4.18e+07  0.00098
0.04875  313.74 -0.11304 0.00631421  4.18e+07  0.00098
0.04875  313.74 -0.11304 0.000195395  4.18e+07  0.00098
0.05  645.728  -8.83463 0.00166434  2e+07  4e-07
0.0525  775.304  -9.26714 0.00166434  2e+07  4e-07
0.055  870.38  -9.67133 0.00166434  2e+07  4e-07
0.0575  945.373  -9.99561 0.00166434  2e+07  4e-07
0.06  1006.95  -10.2401 0.00166434  2e+07  4e-07
0.0625  1058.82  -10.4132 0.00166434  2e+07  4e-07
0.065  1103.31  -10.5238 0.00166434  2e+07  4e-07
0.0675  1141.97  -10.5797 0.00166434  2e+07  4e-07
0.07  1175.91  -10.5878 0.00166434  2e+07  4e-07
0.0725  1205.94  -10.5539 0.00166434  2e+07  4e-07
0.075  1232.7  -10.4829 0.00166434  2e+07  4e-07
0.0775  1256.66  -10.3793 0.00166434  2e+07  4e-07
0.08  1278.2  -10.2468 0.00166434  2e+07  4e-07
0.0825  1297.65  -10.0888 0.00166434  2e+07  4e-07
0.085  1315.27  -9.90826 0.00166434  2e+07  4e-07
0.0875  1331.26  -9.70801 0.00166434  2e+07  4e-07
0.09  1345.8  -9.49049 0.00166434  2e+07  4e-07
0.0925  1359.06  -9.25799 0.00166434  2e+07  4e-07
0.095  1371.17  -9.01259 0.00166434  2e+07  4e-07
0.0975  1382.23  -8.75625 0.00166434  2e+07  4e-07
0.1  1392.36  -8.49076 0.00166434  2e+07  4e-07
0.1025  1401.63  -8.21779 0.00166434  2e+07  4e-07
0.105  1410.13  -7.93893 0.00166434  2e+07  4e-07
0.1075  1417.92  -7.65561 0.00166434  2e+07  4e-07
0.11  1425.06  -7.36921 0.00166434  2e+07  4e-07
0.1125  1431.62  -7.08101 0.00166434  2e+07  4e-07
0.115  1437.63  -6.79218 0.00166434  2e+07  4e-07
0.1175  1443.15  -6.50384 0.00166434  2e+07  4e-07
0.12  1448.21  -6.21702 0.00166434  2e+07  4e-07
0.1225  1452.86  -5.93265 0.00166434  2e+07  4e-07
0.125  1457.11  -5.65163 0.00166434  2e+07  4e-07
0.1275  1461.02  -5.37476 0.00166434  2e+07  4e-07
0.13  1464.59  -5.10276 0.00166434  2e+07  4e-07
0.1325  1467.86  -4.83632 0.00166434  2e+07  4e-07
0.135  1470.86  -4.57602 0.00166434  2e+07  4e-07
0.1375  1473.6  -4.3224 0.00166434  2e+07  4e-07
0.14  1476.1  -4.07593 0.00166434  2e+07  4e-07
0.1425  1478.39  -3.83701 0.00166434  2e+07  4e-07
0.145  1480.47  -3.60599 0.00166434  2e+07  4e-07
0.1475  1482.37  -3.38315 0.00166434  2e+07  4e-07
0.15  1484.11  -3.16871 0.00166434  2e+07  4e-07
0.1525  1485.68  -2.96286 0.00166434  2e+07  4e-07
0.155  1487.11  -2.76571 0.00166434  2e+07  4e-07
0.1575  1488.42  -2.57733 0.00166434  2e+07  4e-07
0.16  1489.6  -2.39773 0.00166434  2e+07  4e-07
0.1625  1490.67  -2.2269 0.00166434  2e+07  4e-07
0.165  1491.64  -2.06477 0.00166434  2e+07  4e-07
0.1675  1492.51  -1.91124 0.00166434  2e+07  4e-07
0.17  1493.3  -1.76616 0.00166434  2e+07  4e-07
0.1725  1494.02  -1.62937 0.00166434  2e+07  4e-07
0.175  1494.66  -1.50066 0.00166434  2e+07  4e-07
0.1775  1495.24  -1.37981 0.00166434  2e+07  4e-07
0.18  1495.76  -1.26657 0.00166434  2e+07  4e-07
0.1825  1496.23  -1.16066 0.00166434  2e+07  4e-07
0.185  1496.65  -1.06182 0.00166434  2e+07  4e-07
0.1875  1497.03  -0.969744 0.00166434  2e+07  4e-07
0.19  1497.37  -0.884125 0.00166434  2e+07  4e-07
0.1925  1497.67  -0.804652 0.00166434  2e+07  4e-07
0.195  1497.94  -0.731009 0.00166434  2e+07  4e-07
0.1975  1498.18  -0.66288 0.00166434  2e+07  4e-07
0.2  1498.39  -0.599945 0.00166434  2e+07  4e-07
0.2025  1498.59  -0.541889 0.00166434  2e+07  4e-07
0.205  1498.76  -0.4884 0.00166434  2e+07  4e-07
0.2075  1498.91  -0.439173 0.00166434  2e+07  4e-07
0.21  1499.04  -0.393908 0.00166434  2e+07  4e-07
0.2125  1499.16  -0.352313 0.00166434  2e+07  4e-07
0.215  1499.27  -0.314107 0.00166434  2e+07  4e-07
0.2175  1499.36  -0.279014 0.00166434  2e+07  4e-07
0.22  1499.45  -0.246772 0.00166434  2e+07  4e-07
0.2225  1499.52  -0.217128 0.00166434  2e+07  4e-07
0.225  1499.59  -0.189837 0.00166434  2e+07  4e-07
0.2275  1499.65  -0.164668 0.00166434  2e+07  4e-07
0.23  1499.7  -0.141397 0.00166434  2e+07  4e-07
0.2325  1499.75  -0.119812 0.00166434  2e+07  4e-07
0.235  1499.8  -0.0997108 0.00166434  2e+07  4e-07
0.2375  1499.84  -0.0808986 0.00166434  2e+07  4e-07
0.24  1499.87  -0.0631913 0.00166434  2e+07  4e-07
0.2425  1499.91  -0.0464124 0.00166434  2e+07  4e-07
0.245  1499.94  -0.0303938 0.00166434  2e+07  4e-07
0.2475  1499.97  -0.0149744 0.00166434  2e+07  4e-07
0.25  1500  0  0.00166434  2e+07  4e-07
