TITLE="Graphics"
VARIABLES= "rj, m", "T, K", "dT/dt", "Lambda, Watt/m*K", "Cp, J/kg*K", "rho, kg/m^3"
0  300  -9.04303e-26  0.0061001  4.18e+07  0.00098
0.0025  300  -5.46719e-25  0.0061001  4.18e+07  0.00098
0.005  300  -7.6603e-24  0.0061001  4.18e+07  0.00098
0.0075  300  -1.45661e-22  0.0061001  4.18e+07  0.00098
0.01  300  -3.01002e-21  0.0061001  4.18e+07  0.00098
0.0125  300  -6.32278e-20  0.0061001  4.18e+07  0.00098
0.015  300  -1.2927e-18  0.0061001  4.18e+07  0.00098
0.0175  300  -2.15106e-17  0.0061001  4.18e+07  0.00098
0.02  300  2.19249e-16  0.0061001  4.18e+07  0.00098
0.0225  300  4.68726e-14  0.0061001  4.18e+07  0.00098
0.025  300  1.72787e-12  0.0061001  4.18e+07  0.00098
0.0275  300  6.10035e-11  0.0061001  4.18e+07  0.00098
0.03  300  2.01404e-09  0.0061001  4.18e+07  0.00098
0.0325  300  6.10393e-08  0.0061001  4.18e+07  0.00098
0.035  300  1.65683e-06  0.0061001  4.18e+07  0.00098
0.0375  300  3.89064e-05  0.0061001  4.18e+07  0.00098
0.04  300.002  0.000750829  0.0061001  4.18e+07  0.00098
0.0425  300.031  0.0109551  0.0061001  4.18e+07  0.00098
0.045  300.49  0.102775  0.0061001  4.18e+07  0.00098
0.0475  304.984  0.379443  0.0061001  4.18e+07  0.00098
0.04875  314.143 -0.27037 0.00631985  4.18e+07  0.00098
0.04875  314.143 -0.27037 0.000195687  4.18e+07  0.00098
0.05  670.112  -13.5684 0.00166434  2e+07  4e-07
0.0525  800.763  -14.0869 0.00166434  2e+07  4e-07
0.055  896.849  -14.579 0.00166434  2e+07  4e-07
0.0575  972.637  -14.9549 0.00166434  2e+07  4e-07
0.06  1034.79  -15.2107 0.00166434  2e+07  4e-07
0.0625  1087.04  -15.3575 0.00166434  2e+07  4e-07
0.065  1131.73  -15.4082 0.00166434  2e+07  4e-07
0.0675  1170.45  -15.3751 0.00166434  2e+07  4e-07
0.07  1204.31  -15.2688 0.00166434  2e+07  4e-07
0.0725  1234.15  -15.0986 0.00166434  2e+07  4e-07
0.075  1260.62  -14.8729 0.00166434  2e+07  4e-07
0.0775  1284.19  -14.5989 0.00166434  2e+07  4e-07
0.08  1305.28  -14.2831 0.00166434  2e+07  4e-07
0.0825  1324.2  -13.9314 0.00166434  2e+07  4e-07
0.085  1341.23  -13.549 0.00166434  2e+07  4e-07
0.0875  1356.58  -13.1408 0.00166434  2e+07  4e-07
0.09  1370.44  -12.7113 0.00166434  2e+07  4e-07
0.0925  1382.99  -12.2644 0.00166434  2e+07  4e-07
0.095  1394.34  -11.8041 0.00166434  2e+07  4e-07
0.0975  1404.63  -11.3337 0.00166434  2e+07  4e-07
0.1  1413.96  -10.8565 0.00166434  2e+07  4e-07
0.1025  1422.43  -10.3753 0.00166434  2e+07  4e-07
0.105  1430.11  -9.89297 0.00166434  2e+07  4e-07
0.1075  1437.07  -9.4119 0.00166434  2e+07  4e-07
0.11  1443.39  -8.93438 0.00166434  2e+07  4e-07
0.1125  1449.13  -8.46244 0.00166434  2e+07  4e-07
0.115  1454.32  -7.99794 0.00166434  2e+07  4e-07
0.1175  1459.03  -7.54254 0.00166434  2e+07  4e-07
0.12  1463.29  -7.0977 0.00166434  2e+07  4e-07
0.1225  1467.14  -6.66472 0.00166434  2e+07  4e-07
0.125  1470.63  -6.24473 0.00166434  2e+07  4e-07
0.1275  1473.77  -5.83866 0.00166434  2e+07  4e-07
0.13  1476.61  -5.44732 0.00166434  2e+07  4e-07
0.1325  1479.17  -5.07135 0.00166434  2e+07  4e-07
0.135  1481.47  -4.71125 0.00166434  2e+07  4e-07
0.1375  1483.54  -4.3674 0.00166434  2e+07  4e-07
0.14  1485.4  -4.04003 0.00166434  2e+07  4e-07
0.1425  1487.07  -3.72927 0.00166434  2e+07  4e-07
0.145  1488.56  -3.43511 0.00166434  2e+07  4e-07
0.1475  1489.9  -3.15748 0.00166434  2e+07  4e-07
0.15  1491.09  -2.89618 0.00166434  2e+07  4e-07
0.1525  1492.15  -2.65093 0.00166434  2e+07  4e-07
0.155  1493.1  -2.4214 0.00166434  2e+07  4e-07
0.1575  1493.94  -2.20716 0.00166434  2e+07  4e-07
0.16  1494.68  -2.00774 0.00166434  2e+07  4e-07
0.1625  1495.34  -1.8226 0.00166434  2e+07  4e-07
0.165  1495.93  -1.65119 0.00166434  2e+07  4e-07
0.1675  1496.44  -1.49289 0.00166434  2e+07  4e-07
0.17  1496.9  -1.34709 0.00166434  2e+07  4e-07
0.1725  1497.3  -1.21313 0.00166434  2e+07  4e-07
0.175  1497.65  -1.09037 0.00166434  2e+07  4e-07
0.1775  1497.96  -0.978142 0.00166434  2e+07  4e-07
0.18  1498.23  -0.875792 0.00166434  2e+07  4e-07
0.1825  1498.47  -0.782672 0.00166434  2e+07  4e-07
0.185  1498.68  -0.698146 0.00166434  2e+07  4e-07
0.1875  1498.86  -0.621595 0.00166434  2e+07  4e-07
0.19  1499.01  -0.55242 0.00166434  2e+07  4e-07
0.1925  1499.15  -0.490043 0.00166434  2e+07  4e-07
0.195  1499.27  -0.433912 0.00166434  2e+07  4e-07
0.1975  1499.37  -0.383504 0.00166434  2e+07  4e-07
0.2  1499.46  -0.338321 0.00166434  2e+07  4e-07
0.2025  1499.54  -0.297894 0.00166434  2e+07  4e-07
0.205  1499.61  -0.261782 0.00166434  2e+07  4e-07
0.2075  1499.66  -0.229576 0.00166434  2e+07  4e-07
0.21  1499.71  -0.200892 0.00166434  2e+07  4e-07
0.2125  1499.76  -0.175373 0.00166434  2e+07  4e-07
0.215  1499.79  -0.152691 0.00166434  2e+07  4e-07
0.2175  1499.82  -0.132542 0.00166434  2e+07  4e-07
0.22  1499.85  -0.114646 0.00166434  2e+07  4e-07
0.2225  1499.87  -0.098745 0.00166434  2e+07  4e-07
0.225  1499.89  -0.0846034 0.00166434  2e+07  4e-07
0.2275  1499.91  -0.0720045 0.00166434  2e+07  4e-07
0.23  1499.93  -0.0607497 0.00166434  2e+07  4e-07
0.2325  1499.94  -0.0506569 0.00166434  2e+07  4e-07
0.235  1499.95  -0.0415589 0.00166434  2e+07  4e-07
0.2375  1499.96  -0.0333019 0.00166434  2e+07  4e-07
0.24  1499.97  -0.025744 0.00166434  2e+07  4e-07
0.2425  1499.98  -0.0187536 0.00166434  2e+07  4e-07
0.245  1499.99  -0.0122082 0.00166434  2e+07  4e-07
0.2475  1499.99  -0.00599314 0.00166434  2e+07  4e-07
0.25  1500  0  0.00166434  2e+07  4e-07
