TITLE="Graphics"
VARIABLES= "rj, m", "T, K", "dT/dt", "Lambda, Watt/m*K", "Cp, J/kg*K", "rho, kg/m^3"
0  300  -1.87298e-25  0.0061001  4.18e+07  0.00098
0.0025  300  -1.11699e-24  0.0061001  4.18e+07  0.00098
0.005  300  -1.53249e-23  0.0061001  4.18e+07  0.00098
0.0075  300  -2.8249e-22  0.0061001  4.18e+07  0.00098
0.01  300  -5.57631e-21  0.0061001  4.18e+07  0.00098
0.0125  300  -1.09774e-19  0.0061001  4.18e+07  0.00098
0.015  300  -2.06518e-18  0.0061001  4.18e+07  0.00098
0.0175  300  -3.04389e-17  0.0061001  4.18e+07  0.00098
0.02  300  5.82679e-16  0.0061001  4.18e+07  0.00098
0.0225  300  8.2211e-14  0.0061001  4.18e+07  0.00098
0.025  300  2.9365e-12  0.0061001  4.18e+07  0.00098
0.0275  300  1.00541e-10  0.0061001  4.18e+07  0.00098
0.03  300  3.19772e-09  0.0061001  4.18e+07  0.00098
0.0325  300  9.26849e-08  0.0061001  4.18e+07  0.00098
0.035  300  2.38639e-06  0.0061001  4.18e+07  0.00098
0.0375  300  5.26592e-05  0.0061001  4.18e+07  0.00098
0.04  300.002  0.000944511  0.0061001  4.18e+07  0.00098
0.0425  300.041  0.0126387  0.0061001  4.18e+07  0.00098
0.045  300.575  0.106881  0.0061001  4.18e+07  0.00098
0.0475  305.276  0.346478  0.0061001  4.18e+07  0.00098
0.04875  313.956 -0.191811 0.00631724  4.18e+07  0.00098
0.04875  313.956 -0.191811 0.000195552  4.18e+07  0.00098
0.05  660.128  -11.2051 0.00166434  2e+07  4e-07
0.0525  790.373  -11.6941 0.00166434  2e+07  4e-07
0.055  886.076  -12.1538 0.00166434  2e+07  4e-07
0.0575  961.567  -12.5143 0.00166434  2e+07  4e-07
0.06  1023.51  -12.7742 0.00166434  2e+07  4e-07
0.0625  1075.63  -12.9434 0.00166434  2e+07  4e-07
0.065  1120.27  -13.0331 0.00166434  2e+07  4e-07
0.0675  1158.99  -13.0533 0.00166434  2e+07  4e-07
0.07  1192.91  -13.0129 0.00166434  2e+07  4e-07
0.0725  1222.86  -12.9195 0.00166434  2e+07  4e-07
0.075  1249.47  -12.7796 0.00166434  2e+07  4e-07
0.0775  1273.23  -12.5989 0.00166434  2e+07  4e-07
0.08  1294.53  -12.3827 0.00166434  2e+07  4e-07
0.0825  1313.7  -12.1354 0.00166434  2e+07  4e-07
0.085  1330.99  -11.8612 0.00166434  2e+07  4e-07
0.0875  1346.62  -11.5637 0.00166434  2e+07  4e-07
0.09  1360.79  -11.2463 0.00166434  2e+07  4e-07
0.0925  1373.64  -10.9123 0.00166434  2e+07  4e-07
0.095  1385.33  -10.5643 0.00166434  2e+07  4e-07
0.0975  1395.95  -10.2051 0.00166434  2e+07  4e-07
0.1  1405.62  -9.83709 0.00166434  2e+07  4e-07
0.1025  1414.43  -9.46253 0.00166434  2e+07  4e-07
0.105  1422.46  -9.08352 0.00166434  2e+07  4e-07
0.1075  1429.77  -8.70198 0.00166434  2e+07  4e-07
0.11  1436.44  -8.31972 0.00166434  2e+07  4e-07
0.1125  1442.52  -7.93837 0.00166434  2e+07  4e-07
0.115  1448.05  -7.55946 0.00166434  2e+07  4e-07
0.1175  1453.09  -7.18439 0.00166434  2e+07  4e-07
0.12  1457.68  -6.81443 0.00166434  2e+07  4e-07
0.1225  1461.86  -6.45074 0.00166434  2e+07  4e-07
0.125  1465.65  -6.09438 0.00166434  2e+07  4e-07
0.1275  1469.11  -5.74628 0.00166434  2e+07  4e-07
0.13  1472.24  -5.4073 0.00166434  2e+07  4e-07
0.1325  1475.08  -5.07815 0.00166434  2e+07  4e-07
0.135  1477.66  -4.7595 0.00166434  2e+07  4e-07
0.1375  1479.99  -4.45187 0.00166434  2e+07  4e-07
0.14  1482.1  -4.15574 0.00166434  2e+07  4e-07
0.1425  1484.01  -3.87146 0.00166434  2e+07  4e-07
0.145  1485.73  -3.59932 0.00166434  2e+07  4e-07
0.1475  1487.28  -3.3395 0.00166434  2e+07  4e-07
0.15  1488.68  -3.09213 0.00166434  2e+07  4e-07
0.1525  1489.93  -2.85725 0.00166434  2e+07  4e-07
0.155  1491.06  -2.63484 0.00166434  2e+07  4e-07
0.1575  1492.07  -2.42479 0.00166434  2e+07  4e-07
0.16  1492.98  -2.22694 0.00166434  2e+07  4e-07
0.1625  1493.79  -2.04109 0.00166434  2e+07  4e-07
0.165  1494.51  -1.86697 0.00166434  2e+07  4e-07
0.1675  1495.16  -1.70425 0.00166434  2e+07  4e-07
0.17  1495.73  -1.5526 0.00166434  2e+07  4e-07
0.1725  1496.24  -1.41162 0.00166434  2e+07  4e-07
0.175  1496.7  -1.28089 0.00166434  2e+07  4e-07
0.1775  1497.1  -1.15997 0.00166434  2e+07  4e-07
0.18  1497.46  -1.0484 0.00166434  2e+07  4e-07
0.1825  1497.77  -0.945712 0.00166434  2e+07  4e-07
0.185  1498.05  -0.851424 0.00166434  2e+07  4e-07
0.1875  1498.3  -0.76505 0.00166434  2e+07  4e-07
0.19  1498.52  -0.686109 0.00166434  2e+07  4e-07
0.1925  1498.71  -0.614121 0.00166434  2e+07  4e-07
0.195  1498.87  -0.548615 0.00166434  2e+07  4e-07
0.1975  1499.02  -0.489133 0.00166434  2e+07  4e-07
0.2  1499.15  -0.435228 0.00166434  2e+07  4e-07
0.2025  1499.26  -0.386469 0.00166434  2e+07  4e-07
0.205  1499.36  -0.342443 0.00166434  2e+07  4e-07
0.2075  1499.45  -0.302753 0.00166434  2e+07  4e-07
0.21  1499.52  -0.267024 0.00166434  2e+07  4e-07
0.2125  1499.59  -0.2349 0.00166434  2e+07  4e-07
0.215  1499.65  -0.206043 0.00166434  2e+07  4e-07
0.2175  1499.7  -0.180138 0.00166434  2e+07  4e-07
0.22  1499.74  -0.156887 0.00166434  2e+07  4e-07
0.2225  1499.78  -0.136011 0.00166434  2e+07  4e-07
0.225  1499.81  -0.117251 0.00166434  2e+07  4e-07
0.2275  1499.84  -0.100365 0.00166434  2e+07  4e-07
0.23  1499.87  -0.0851268 0.00166434  2e+07  4e-07
0.2325  1499.89  -0.0713259 0.00166434  2e+07  4e-07
0.235  1499.91  -0.0587662 0.00166434  2e+07  4e-07
0.2375  1499.93  -0.0472649 0.00166434  2e+07  4e-07
0.24  1499.95  -0.0366509 0.00166434  2e+07  4e-07
0.2425  1499.96  -0.0267641 0.00166434  2e+07  4e-07
0.245  1499.97  -0.0174536 0.00166434  2e+07  4e-07
0.2475  1499.99  -0.00857733 0.00166434  2e+07  4e-07
0.25  1500  0  0.00166434  2e+07  4e-07
