TITLE="Graphics"
VARIABLES= "rj, m", "T, K", "dT/dt", "Lambda, Watt/m*K", "Cp, J/kg*K", "rho, kg/m^3"
0  300  -1.48778e-32  0.0061001  4.18e+07  0.00098
0.0025  300  -1.98613e-31  0.0061001  4.18e+07  0.00098
0.005  300  -6.47308e-30  0.0061001  4.18e+07  0.00098
0.0075  300  -2.87057e-28  0.0061001  4.18e+07  0.00098
0.01  300  -1.37556e-26  0.0061001  4.18e+07  0.00098
0.0125  300  -6.50625e-25  0.0061001  4.18e+07  0.00098
0.015  300  -2.66694e-23  0.0061001  4.18e+07  0.00098
0.0175  300  -4.22093e-22  0.0061001  4.18e+07  0.00098
0.02  300  1.0808e-19  0.0061001  4.18e+07  0.00098
0.0225  300  2.26566e-17  0.0061001  4.18e+07  0.00098
0.025  300  3.53605e-15  0.0061001  4.18e+07  0.00098
0.0275  300  2.81167e-13  0.0061001  4.18e+07  0.00098
0.03  300  1.92466e-11  0.0061001  4.18e+07  0.00098
0.0325  300  1.20835e-09  0.0061001  4.18e+07  0.00098
0.035  300  6.79073e-08  0.0061001  4.18e+07  0.00098
0.0375  300  3.29682e-06  0.0061001  4.18e+07  0.00098
0.04  300  0.000131279  0.0061001  4.18e+07  0.00098
0.0425  300.005  0.00394341  0.0061001  4.18e+07  0.00098
0.045  300.166  0.0761203  0.0061001  4.18e+07  0.00098
0.0475  303.326  0.590166  0.0061001  4.18e+07  0.00098
0.04875  315.962 -0.953699 0.00634487  4.18e+07  0.00098
0.04875  315.962 -0.953699 0.000197009  4.18e+07  0.00098
0.05  744.285  -34.4209 0.00166434  2e+07  4e-07
0.0525  876.954  -34.9669 0.00166434  2e+07  4e-07
0.055  975.004  -35.4945 0.00166434  2e+07  4e-07
0.0575  1052.16  -35.747 0.00166434  2e+07  4e-07
0.06  1115.03  -35.7001 0.00166434  2e+07  4e-07
0.0625  1167.42  -35.3768 0.00166434  2e+07  4e-07
0.065  1211.72  -34.8105 0.00166434  2e+07  4e-07
0.0675  1249.59  -34.0345 0.00166434  2e+07  4e-07
0.07  1282.2  -33.08 0.00166434  2e+07  4e-07
0.0725  1310.46  -31.9758 0.00166434  2e+07  4e-07
0.075  1335.03  -30.7481 0.00166434  2e+07  4e-07
0.0775  1356.47  -29.4207 0.00166434  2e+07  4e-07
0.08  1375.22  -28.0157 0.00166434  2e+07  4e-07
0.0825  1391.62  -26.5532 0.00166434  2e+07  4e-07
0.085  1405.99  -25.0518 0.00166434  2e+07  4e-07
0.0875  1418.58  -23.5284 0.00166434  2e+07  4e-07
0.09  1429.6  -21.9987 0.00166434  2e+07  4e-07
0.0925  1439.24  -20.4768 0.00166434  2e+07  4e-07
0.095  1447.67  -18.9753 0.00166434  2e+07  4e-07
0.0975  1455.03  -17.5057 0.00166434  2e+07  4e-07
0.1  1461.44  -16.078 0.00166434  2e+07  4e-07
0.1025  1467.02  -14.7007 0.00166434  2e+07  4e-07
0.105  1471.86  -13.3812 0.00166434  2e+07  4e-07
0.1075  1476.05  -12.1254 0.00166434  2e+07  4e-07
0.11  1479.67  -10.938 0.00166434  2e+07  4e-07
0.1125  1482.79  -9.82239 0.00166434  2e+07  4e-07
0.115  1485.47  -8.78079 0.00166434  2e+07  4e-07
0.1175  1487.77  -7.81429 0.00166434  2e+07  4e-07
0.12  1489.73  -6.92296 0.00166434  2e+07  4e-07
0.1225  1491.4  -6.10591 0.00166434  2e+07  4e-07
0.125  1492.82  -5.3614 0.00166434  2e+07  4e-07
0.1275  1494.03  -4.68697 0.00166434  2e+07  4e-07
0.13  1495.04  -4.07956 0.00166434  2e+07  4e-07
0.1325  1495.89  -3.53562 0.00166434  2e+07  4e-07
0.135  1496.61  -3.05124 0.00166434  2e+07  4e-07
0.1375  1497.21  -2.62227 0.00166434  2e+07  4e-07
0.14  1497.71  -2.24439 0.00166434  2e+07  4e-07
0.1425  1498.12  -1.91328 0.00166434  2e+07  4e-07
0.145  1498.47  -1.62462 0.00166434  2e+07  4e-07
0.1475  1498.75  -1.37423 0.00166434  2e+07  4e-07
0.15  1498.98  -1.15808 0.00166434  2e+07  4e-07
0.1525  1499.18  -0.972368 0.00166434  2e+07  4e-07
0.155  1499.33  -0.813541 0.00166434  2e+07  4e-07
0.1575  1499.46  -0.678306 0.00166434  2e+07  4e-07
0.16  1499.57  -0.563652 0.00166434  2e+07  4e-07
0.1625  1499.65  -0.466851 0.00166434  2e+07  4e-07
0.165  1499.72  -0.385451 0.00166434  2e+07  4e-07
0.1675  1499.78  -0.317267 0.00166434  2e+07  4e-07
0.17  1499.82  -0.260368 0.00166434  2e+07  4e-07
0.1725  1499.86  -0.213057 0.00166434  2e+07  4e-07
0.175  1499.89  -0.173856 0.00166434  2e+07  4e-07
0.1775  1499.91  -0.141485 0.00166434  2e+07  4e-07
0.18  1499.93  -0.11484 0.00166434  2e+07  4e-07
0.1825  1499.94  -0.0929768 0.00166434  2e+07  4e-07
0.185  1499.96  -0.0750918 0.00166434  2e+07  4e-07
0.1875  1499.96  -0.0605036 0.00166434  2e+07  4e-07
0.19  1499.97  -0.0486379 0.00166434  2e+07  4e-07
0.1925  1499.98  -0.0390126 0.00166434  2e+07  4e-07
0.195  1499.98  -0.0312251 0.00166434  2e+07  4e-07
0.1975  1499.99  -0.0249403 0.00166434  2e+07  4e-07
0.2  1499.99  -0.0198805 0.00166434  2e+07  4e-07
0.2025  1499.99  -0.0158164 0.00166434  2e+07  4e-07
0.205  1499.99  -0.0125593 0.00166434  2e+07  4e-07
0.2075  1500  -0.00995455 0.00166434  2e+07  4e-07
0.21  1500  -0.00787578 0.00166434  2e+07  4e-07
0.2125  1500  -0.00622 0.00166434  2e+07  4e-07
0.215  1500  -0.00490354 0.00166434  2e+07  4e-07
0.2175  1500  -0.00385861 0.00166434  2e+07  4e-07
0.22  1500  -0.00303046 0.00166434  2e+07  4e-07
0.2225  1500  -0.00237491 0.00166434  2e+07  4e-07
0.225  1500  -0.00185644 0.00166434  2e+07  4e-07
0.2275  1500  -0.0014465 0.00166434  2e+07  4e-07
0.23  1500  -0.00112217 0.00166434  2e+07  4e-07
0.2325  1500  -0.000865067 0.00166434  2e+07  4e-07
0.235  1500  -0.000660432 0.00166434  2e+07  4e-07
0.2375  1500  -0.000496361 0.00166434  2e+07  4e-07
0.24  1500  -0.000363214 0.00166434  2e+07  4e-07
0.2425  1500  -0.000253101 0.00166434  2e+07  4e-07
0.245  1500  -0.000159466 0.00166434  2e+07  4e-07
0.2475  1500  -7.67318e-05 0.00166434  2e+07  4e-07
0.25  1500  0  0.00166434  2e+07  4e-07
