TITLE="Graphics"
VARIABLES= "rj, m", "T, K", "dT/dt", "Lambda, Watt/m*K", "Cp, J/kg*K", "rho, kg/m^3"
0  300  -1.4707e-32  0.0061001  4.18e+07  0.00098
0.0025  300  -1.96297e-31  0.0061001  4.18e+07  0.00098
0.005  300  -6.39628e-30  0.0061001  4.18e+07  0.00098
0.0075  300  -2.83588e-28  0.0061001  4.18e+07  0.00098
0.01  300  -1.35858e-26  0.0061001  4.18e+07  0.00098
0.0125  300  -6.42325e-25  0.0061001  4.18e+07  0.00098
0.015  300  -2.62974e-23  0.0061001  4.18e+07  0.00098
0.0175  300  -4.10929e-22  0.0061001  4.18e+07  0.00098
0.02  300  1.07531e-19  0.0061001  4.18e+07  0.00098
0.0225  300  2.24779e-17  0.0061001  4.18e+07  0.00098
0.025  300  3.50673e-15  0.0061001  4.18e+07  0.00098
0.0275  300  2.79453e-13  0.0061001  4.18e+07  0.00098
0.03  300  1.91372e-11  0.0061001  4.18e+07  0.00098
0.0325  300  1.20206e-09  0.0061001  4.18e+07  0.00098
0.035  300  6.75927e-08  0.0061001  4.18e+07  0.00098
0.0375  300  3.28381e-06  0.0061001  4.18e+07  0.00098
0.04  300  0.00013087  0.0061001  4.18e+07  0.00098
0.0425  300.005  0.00393513  0.0061001  4.18e+07  0.00098
0.045  300.165  0.0760575  0.0061001  4.18e+07  0.00098
0.0475  303.323  0.590703  0.0061001  4.18e+07  0.00098
0.04875  315.967 -0.956505 0.00634494  4.18e+07  0.00098
0.04875  315.967 -0.956505 0.000197012  4.18e+07  0.00098
0.05  744.457  -34.5083 0.00166434  2e+07  4e-07
0.0525  877.129  -35.0531 0.00166434  2e+07  4e-07
0.055  975.181  -35.5791 0.00166434  2e+07  4e-07
0.0575  1052.34  -35.8292 0.00166434  2e+07  4e-07
0.06  1115.21  -35.779 0.00166434  2e+07  4e-07
0.0625  1167.59  -35.4518 0.00166434  2e+07  4e-07
0.065  1211.89  -34.8809 0.00166434  2e+07  4e-07
0.0675  1249.76  -34.0999 0.00166434  2e+07  4e-07
0.07  1282.37  -33.1402 0.00166434  2e+07  4e-07
0.0725  1310.62  -32.0305 0.00166434  2e+07  4e-07
0.075  1335.19  -30.7972 0.00166434  2e+07  4e-07
0.0775  1356.62  -29.4643 0.00166434  2e+07  4e-07
0.08  1375.36  -28.0538 0.00166434  2e+07  4e-07
0.0825  1391.76  -26.5859 0.00166434  2e+07  4e-07
0.085  1406.12  -25.0793 0.00166434  2e+07  4e-07
0.0875  1418.7  -23.5511 0.00166434  2e+07  4e-07
0.09  1429.71  -22.0168 0.00166434  2e+07  4e-07
0.0925  1439.35  -20.4906 0.00166434  2e+07  4e-07
0.095  1447.77  -18.9853 0.00166434  2e+07  4e-07
0.0975  1455.12  -17.5123 0.00166434  2e+07  4e-07
0.1  1461.52  -16.0814 0.00166434  2e+07  4e-07
0.1025  1467.09  -14.7015 0.00166434  2e+07  4e-07
0.105  1471.93  -13.3797 0.00166434  2e+07  4e-07
0.1075  1476.11  -12.122 0.00166434  2e+07  4e-07
0.11  1479.73  -10.933 0.00166434  2e+07  4e-07
0.1125  1482.84  -9.81618 0.00166434  2e+07  4e-07
0.115  1485.52  -8.77369 0.00166434  2e+07  4e-07
0.1175  1487.81  -7.80659 0.00166434  2e+07  4e-07
0.12  1489.77  -6.91491 0.00166434  2e+07  4e-07
0.1225  1491.44  -6.09773 0.00166434  2e+07  4e-07
0.125  1492.85  -5.35326 0.00166434  2e+07  4e-07
0.1275  1494.05  -4.67903 0.00166434  2e+07  4e-07
0.13  1495.06  -4.07194 0.00166434  2e+07  4e-07
0.1325  1495.91  -3.52841 0.00166434  2e+07  4e-07
0.135  1496.63  -3.0445 0.00166434  2e+07  4e-07
0.1375  1497.22  -2.61603 0.00166434  2e+07  4e-07
0.14  1497.72  -2.23868 0.00166434  2e+07  4e-07
0.1425  1498.13  -1.9081 0.00166434  2e+07  4e-07
0.145  1498.47  -1.61997 0.00166434  2e+07  4e-07
0.1475  1498.76  -1.37008 0.00166434  2e+07  4e-07
0.15  1498.99  -1.15441 0.00166434  2e+07  4e-07
0.1525  1499.18  -0.969141 0.00166434  2e+07  4e-07
0.155  1499.34  -0.810724 0.00166434  2e+07  4e-07
0.1575  1499.47  -0.675862 0.00166434  2e+07  4e-07
0.16  1499.57  -0.561544 0.00166434  2e+07  4e-07
0.1625  1499.65  -0.465043 0.00166434  2e+07  4e-07
0.165  1499.72  -0.383908 0.00166434  2e+07  4e-07
0.1675  1499.78  -0.315957 0.00166434  2e+07  4e-07
0.17  1499.82  -0.259261 0.00166434  2e+07  4e-07
0.1725  1499.86  -0.212126 0.00166434  2e+07  4e-07
0.175  1499.89  -0.173077 0.00166434  2e+07  4e-07
0.1775  1499.91  -0.140834 0.00166434  2e+07  4e-07
0.18  1499.93  -0.114299 0.00166434  2e+07  4e-07
0.1825  1499.94  -0.0925295 0.00166434  2e+07  4e-07
0.185  1499.96  -0.0747228 0.00166434  2e+07  4e-07
0.1875  1499.97  -0.0602003 0.00166434  2e+07  4e-07
0.19  1499.97  -0.0483894 0.00166434  2e+07  4e-07
0.1925  1499.98  -0.0388096 0.00166434  2e+07  4e-07
0.195  1499.98  -0.0310598 0.00166434  2e+07  4e-07
0.1975  1499.99  -0.0248061 0.00166434  2e+07  4e-07
0.2  1499.99  -0.0197718 0.00166434  2e+07  4e-07
0.2025  1499.99  -0.0157286 0.00166434  2e+07  4e-07
0.205  1499.99  -0.0124886 0.00166434  2e+07  4e-07
0.2075  1500  -0.00989774 0.00166434  2e+07  4e-07
0.21  1500  -0.00783024 0.00166434  2e+07  4e-07
0.2125  1500  -0.00618358 0.00166434  2e+07  4e-07
0.215  1500  -0.00487448 0.00166434  2e+07  4e-07
0.2175  1500  -0.00383548 0.00166434  2e+07  4e-07
0.22  1500  -0.00301209 0.00166434  2e+07  4e-07
0.2225  1500  -0.00236037 0.00166434  2e+07  4e-07
0.225  1500  -0.00184496 0.00166434  2e+07  4e-07
0.2275  1500  -0.00143746 0.00166434  2e+07  4e-07
0.23  1500  -0.0011151 0.00166434  2e+07  4e-07
0.2325  1500  -0.000859574 0.00166434  2e+07  4e-07
0.235  1500  -0.000656206 0.00166434  2e+07  4e-07
0.2375  1500  -0.000493164 0.00166434  2e+07  4e-07
0.24  1500  -0.000360862 0.00166434  2e+07  4e-07
0.2425  1500  -0.000251455 0.00166434  2e+07  4e-07
0.245  1500  -0.000158425 0.00166434  2e+07  4e-07
0.2475  1500  -7.623e-05 0.00166434  2e+07  4e-07
0.25  1500  0  0.00166434  2e+07  4e-07
