TITLE="Graphics"
VARIABLES= "rj, m", "T, K", "dT/dt", "Lambda, Watt/m*K", "Cp, J/kg*K", "rho, kg/m^3"
0  300  4.8343e-32  0.0061001  4.18e+07  0.00098
0.0025  300  4.72604e-31  0.0061001  4.18e+07  0.00098
0.005  300  1.02176e-29  0.0061001  4.18e+07  0.00098
0.0075  300  2.51123e-28  0.0061001  4.18e+07  0.00098
0.01  300  3.78435e-27  0.0061001  4.18e+07  0.00098
0.0125  300  -1.4879e-25  0.0061001  4.18e+07  0.00098
0.015  300  -2.17447e-23  0.0061001  4.18e+07  0.00098
0.0175  300  -1.93986e-21  0.0061001  4.18e+07  0.00098
0.02  300  -9.12063e-20  0.0061001  4.18e+07  0.00098
0.0225  300  3.64041e-17  0.0061001  4.18e+07  0.00098
0.025  300  1.83143e-14  0.0061001  4.18e+07  0.00098
0.0275  300  1.07808e-12  0.0061001  4.18e+07  0.00098
0.03  300  6.18675e-11  0.0061001  4.18e+07  0.00098
0.0325  300  3.25761e-09  0.0061001  4.18e+07  0.00098
0.035  300  1.534e-07  0.0061001  4.18e+07  0.00098
0.0375  300  6.23554e-06  0.0061001  4.18e+07  0.00098
0.04  300  0.000207672  0.0061001  4.18e+07  0.00098
0.0425  300.009  0.00520742  0.0061001  4.18e+07  0.00098
0.045  300.222  0.0835502  0.0061001  4.18e+07  0.00098
0.0475  303.719  0.529923  0.0061001  4.18e+07  0.00098
0.04875  315.383 -0.700568 0.006337  4.18e+07  0.00098
0.04875  315.383 -0.700568 0.000196587  4.18e+07  0.00098
0.05  722.918  -26.6107 0.00166434  2e+07  4e-07
0.0525  855.183  -27.2101 0.00166434  2e+07  4e-07
0.055  952.839  -27.8005 0.00166434  2e+07  4e-07
0.0575  1029.77  -28.1814 0.00166434  2e+07  4e-07
0.06  1092.6  -28.3328 0.00166434  2e+07  4e-07
0.0625  1145.12  -28.2716 0.00166434  2e+07  4e-07
0.065  1189.7  -28.0214 0.00166434  2e+07  4e-07
0.0675  1227.98  -27.6061 0.00166434  2e+07  4e-07
0.07  1261.13  -27.0479 0.00166434  2e+07  4e-07
0.0725  1290  -26.367 0.00166434  2e+07  4e-07
0.075  1315.28  -25.5818 0.00166434  2e+07  4e-07
0.0775  1337.49  -24.7089 0.00166434  2e+07  4e-07
0.08  1357.05  -23.7639 0.00166434  2e+07  4e-07
0.0825  1374.32  -22.7607 0.00166434  2e+07  4e-07
0.085  1389.58  -21.7124 0.00166434  2e+07  4e-07
0.0875  1403.08  -20.6311 0.00166434  2e+07  4e-07
0.09  1415.02  -19.5277 0.00166434  2e+07  4e-07
0.0925  1425.58  -18.4126 0.00166434  2e+07  4e-07
0.095  1434.93  -17.2952 0.00166434  2e+07  4e-07
0.0975  1443.19  -16.184 0.00166434  2e+07  4e-07
0.1  1450.49  -15.0869 0.00166434  2e+07  4e-07
0.1025  1456.92  -14.011 0.00166434  2e+07  4e-07
0.105  1462.59  -12.9624 0.00166434  2e+07  4e-07
0.1075  1467.58  -11.9469 0.00166434  2e+07  4e-07
0.11  1471.96  -10.969 0.00166434  2e+07  4e-07
0.1125  1475.8  -10.0327 0.00166434  2e+07  4e-07
0.115  1479.16  -9.14132 0.00166434  2e+07  4e-07
0.1175  1482.09  -8.29728 0.00166434  2e+07  4e-07
0.12  1484.65  -7.50238 0.00166434  2e+07  4e-07
0.1225  1486.87  -6.75773 0.00166434  2e+07  4e-07
0.125  1488.79  -6.06379 0.00166434  2e+07  4e-07
0.1275  1490.46  -5.42047 0.00166434  2e+07  4e-07
0.13  1491.9  -4.82711 0.00166434  2e+07  4e-07
0.1325  1493.13  -4.28259 0.00166434  2e+07  4e-07
0.135  1494.2  -3.78538 0.00166434  2e+07  4e-07
0.1375  1495.11  -3.3336 0.00166434  2e+07  4e-07
0.14  1495.88  -2.92508 0.00166434  2e+07  4e-07
0.1425  1496.54  -2.55743 0.00166434  2e+07  4e-07
0.145  1497.11  -2.2281 0.00166434  2e+07  4e-07
0.1475  1497.58  -1.93445 0.00166434  2e+07  4e-07
0.15  1497.99  -1.67378 0.00166434  2e+07  4e-07
0.1525  1498.32  -1.44341 0.00166434  2e+07  4e-07
0.155  1498.61  -1.24067 0.00166434  2e+07  4e-07
0.1575  1498.85  -1.063 0.00166434  2e+07  4e-07
0.16  1499.05  -0.907924 0.00166434  2e+07  4e-07
0.1625  1499.22  -0.773107 0.00166434  2e+07  4e-07
0.165  1499.36  -0.656351 0.00166434  2e+07  4e-07
0.1675  1499.47  -0.555613 0.00166434  2e+07  4e-07
0.17  1499.57  -0.469008 0.00166434  2e+07  4e-07
0.1725  1499.65  -0.394816 0.00166434  2e+07  4e-07
0.175  1499.71  -0.331472 0.00166434  2e+07  4e-07
0.1775  1499.76  -0.277568 0.00166434  2e+07  4e-07
0.18  1499.81  -0.231844 0.00166434  2e+07  4e-07
0.1825  1499.84  -0.193177 0.00166434  2e+07  4e-07
0.185  1499.87  -0.160576 0.00166434  2e+07  4e-07
0.1875  1499.9  -0.133169 0.00166434  2e+07  4e-07
0.19  1499.92  -0.110192 0.00166434  2e+07  4e-07
0.1925  1499.93  -0.0909804 0.00166434  2e+07  4e-07
0.195  1499.95  -0.0749595 0.00166434  2e+07  4e-07
0.1975  1499.96  -0.0616327 0.00166434  2e+07  4e-07
0.2  1499.97  -0.0505737 0.00166434  2e+07  4e-07
0.2025  1499.97  -0.0414179 0.00166434  2e+07  4e-07
0.205  1499.98  -0.0338548 0.00166434  2e+07  4e-07
0.2075  1499.98  -0.0276206 0.00166434  2e+07  4e-07
0.21  1499.99  -0.0224922 0.00166434  2e+07  4e-07
0.2125  1499.99  -0.0182815 0.00166434  2e+07  4e-07
0.215  1499.99  -0.0148303 0.00166434  2e+07  4e-07
0.2175  1499.99  -0.0120061 0.00166434  2e+07  4e-07
0.22  1499.99  -0.00969813 0.00166434  2e+07  4e-07
0.2225  1500  -0.00781378 0.00166434  2e+07  4e-07
0.225  1500  -0.0062761 0.00166434  2e+07  4e-07
0.2275  1500  -0.00502107 0.00166434  2e+07  4e-07
0.23  1500  -0.00399548 0.00166434  2e+07  4e-07
0.2325  1500  -0.00315514 0.00166434  2e+07  4e-07
0.235  1500  -0.00246324 0.00166434  2e+07  4e-07
0.2375  1500  -0.00188905 0.00166434  2e+07  4e-07
0.24  1500  -0.00140673 0.00166434  2e+07  4e-07
0.2425  1500  -0.000994397 0.00166434  2e+07  4e-07
0.245  1500  -0.00063322 0.00166434  2e+07  4e-07
0.2475  1500  -0.000306698 0.00166434  2e+07  4e-07
0.25  1500  0  0.00166434  2e+07  4e-07
