TITLE="Graphics"
VARIABLES= "rj, m", "T, K", "dT/dt", "Lambda, Watt/m*K", "Cp, J/kg*K", "rho, kg/m^3"
0  300  -6.37026e-33  0.0061001  4.18e+07  0.00098
0.0025  300  -8.32638e-32  0.0061001  4.18e+07  0.00098
0.005  300  -2.64847e-30  0.0061001  4.18e+07  0.00098
0.0075  300  -1.14313e-28  0.0061001  4.18e+07  0.00098
0.01  300  -5.30157e-27  0.0061001  4.18e+07  0.00098
0.0125  300  -2.37315e-25  0.0061001  4.18e+07  0.00098
0.015  300  -8.14233e-24  0.0061001  4.18e+07  0.00098
0.0175  300  1.3385e-22  0.0061001  4.18e+07  0.00098
0.02  300  8.0774e-20  0.0061001  4.18e+07  0.00098
0.0225  300  1.37553e-17  0.0061001  4.18e+07  0.00098
0.025  300  2.07585e-15  0.0061001  4.18e+07  0.00098
0.0275  300  1.95829e-13  0.0061001  4.18e+07  0.00098
0.03  300  1.37968e-11  0.0061001  4.18e+07  0.00098
0.0325  300  8.95142e-10  0.0061001  4.18e+07  0.00098
0.035  300  5.22419e-08  0.0061001  4.18e+07  0.00098
0.0375  300  2.64889e-06  0.0061001  4.18e+07  0.00098
0.04  300  0.000110903  0.0061001  4.18e+07  0.00098
0.0425  300.004  0.00353101  0.0061001  4.18e+07  0.00098
0.045  300.147  0.0729956  0.0061001  4.18e+07  0.00098
0.0475  303.175  0.616952  0.0061001  4.18e+07  0.00098
0.04875  316.217 -1.0934 0.00634831  4.18e+07  0.00098
0.04875  316.217 -1.0934 0.000197194  4.18e+07  0.00098
0.05  753.397  -38.7739 0.00166434  2e+07  4e-07
0.0525  886.195  -39.2565 0.00166434  2e+07  4e-07
0.055  984.366  -39.7053 0.00166434  2e+07  4e-07
0.0575  1061.57  -39.8379 0.00166434  2e+07  4e-07
0.06  1124.41  -39.6299 0.00166434  2e+07  4e-07
0.0625  1176.69  -39.1102 0.00166434  2e+07  4e-07
0.065  1220.82  -38.3186 0.00166434  2e+07  4e-07
0.0675  1258.47  -37.2954 0.00166434  2e+07  4e-07
0.07  1290.81  -36.0781 0.00166434  2e+07  4e-07
0.0725  1318.76  -34.701 0.00166434  2e+07  4e-07
0.075  1342.99  -33.1956 0.00166434  2e+07  4e-07
0.0775  1364.07  -31.5903 0.00166434  2e+07  4e-07
0.08  1382.43  -29.9112 0.00166434  2e+07  4e-07
0.0825  1398.44  -28.182 0.00166434  2e+07  4e-07
0.085  1412.4  -26.4243 0.00166434  2e+07  4e-07
0.0875  1424.58  -24.6578 0.00166434  2e+07  4e-07
0.09  1435.19  -22.9001 0.00166434  2e+07  4e-07
0.0925  1444.43  -21.1672 0.00166434  2e+07  4e-07
0.095  1452.46  -19.4731 0.00166434  2e+07  4e-07
0.0975  1459.43  -17.8301 0.00166434  2e+07  4e-07
0.1  1465.47  -16.2486 0.00166434  2e+07  4e-07
0.1025  1470.68  -14.7376 0.00166434  2e+07  4e-07
0.105  1475.18  -13.3039 0.00166434  2e+07  4e-07
0.1075  1479.05  -11.953 0.00166434  2e+07  4e-07
0.11  1482.37  -10.6887 0.00166434  2e+07  4e-07
0.1125  1485.2  -9.51325 0.00166434  2e+07  4e-07
0.115  1487.62  -8.42749 0.00166434  2e+07  4e-07
0.1175  1489.67  -7.43098 0.00166434  2e+07  4e-07
0.12  1491.41  -6.52216 0.00166434  2e+07  4e-07
0.1225  1492.87  -5.69842 0.00166434  2e+07  4e-07
0.125  1494.11  -4.95633 0.00166434  2e+07  4e-07
0.1275  1495.14  -4.29178 0.00166434  2e+07  4e-07
0.13  1496.01  -3.70013 0.00166434  2e+07  4e-07
0.1325  1496.73  -3.17639 0.00166434  2e+07  4e-07
0.135  1497.33  -2.71534 0.00166434  2e+07  4e-07
0.1375  1497.82  -2.31168 0.00166434  2e+07  4e-07
0.14  1498.23  -1.96013 0.00166434  2e+07  4e-07
0.1425  1498.57  -1.65554 0.00166434  2e+07  4e-07
0.145  1498.84  -1.39293 0.00166434  2e+07  4e-07
0.1475  1499.07  -1.16763 0.00166434  2e+07  4e-07
0.15  1499.25  -0.975236 0.00166434  2e+07  4e-07
0.1525  1499.4  -0.811682 0.00166434  2e+07  4e-07
0.155  1499.52  -0.673255 0.00166434  2e+07  4e-07
0.1575  1499.62  -0.55659 0.00166434  2e+07  4e-07
0.16  1499.69  -0.458667 0.00166434  2e+07  4e-07
0.1625  1499.76  -0.376799 0.00166434  2e+07  4e-07
0.165  1499.81  -0.308615 0.00166434  2e+07  4e-07
0.1675  1499.85  -0.252034 0.00166434  2e+07  4e-07
0.17  1499.88  -0.205247 0.00166434  2e+07  4e-07
0.1725  1499.91  -0.166692 0.00166434  2e+07  4e-07
0.175  1499.93  -0.135024 0.00166434  2e+07  4e-07
0.1775  1499.94  -0.109094 0.00166434  2e+07  4e-07
0.18  1499.95  -0.0879274 0.00166434  2e+07  4e-07
0.1825  1499.96  -0.0706998 0.00166434  2e+07  4e-07
0.185  1499.97  -0.0567175 0.00166434  2e+07  4e-07
0.1875  1499.98  -0.0453998 0.00166434  2e+07  4e-07
0.19  1499.98  -0.036263 0.00166434  2e+07  4e-07
0.1925  1499.99  -0.0289052 0.00166434  2e+07  4e-07
0.195  1499.99  -0.0229944 0.00166434  2e+07  4e-07
0.1975  1499.99  -0.0182571 0.00166434  2e+07  4e-07
0.2  1499.99  -0.0144688 0.00166434  2e+07  4e-07
0.2025  1500  -0.0114458 0.00166434  2e+07  4e-07
0.205  1500  -0.00903857 0.00166434  2e+07  4e-07
0.2075  1500  -0.00712545 0.00166434  2e+07  4e-07
0.21  1500  -0.00560789 0.00166434  2e+07  4e-07
0.2125  1500  -0.00440625 0.00166434  2e+07  4e-07
0.215  1500  -0.00345638 0.00166434  2e+07  4e-07
0.2175  1500  -0.00270668 0.00166434  2e+07  4e-07
0.22  1500  -0.00211577 0.00166434  2e+07  4e-07
0.2225  1500  -0.00165056 0.00166434  2e+07  4e-07
0.225  1500  -0.00128457 0.00166434  2e+07  4e-07
0.2275  1500  -0.000996709 0.00166434  2e+07  4e-07
0.23  1500  -0.000770151 0.00166434  2e+07  4e-07
0.2325  1500  -0.000591486 0.00166434  2e+07  4e-07
0.235  1500  -0.000450016 0.00166434  2e+07  4e-07
0.2375  1500  -0.000337177 0.00166434  2e+07  4e-07
0.24  1500  -0.000246075 0.00166434  2e+07  4e-07
0.2425  1500  -0.000171102 0.00166434  2e+07  4e-07
0.245  1500  -0.00010763 0.00166434  2e+07  4e-07
0.2475  1500  -5.17377e-05 0.00166434  2e+07  4e-07
0.25  1500  0  0.00166434  2e+07  4e-07
