TITLE="Graphics"
VARIABLES= "rj, m", "T, K", "dT/dt", "Lambda, Watt/m*K", "Cp, J/kg*K", "rho, kg/m^3"
0  300  -9.8612e-25  0.0061001  4.18e+07  0.00098
0.0025  300  -4.88564e-24  0.0061001  4.18e+07  0.00098
0.005  300  -5.48673e-23  0.0061001  4.18e+07  0.00098
0.0075  300  -8.33516e-22  0.0061001  4.18e+07  0.00098
0.01  300  -1.32005e-20  0.0061001  4.18e+07  0.00098
0.0125  300  -1.58579e-19  0.0061001  4.18e+07  0.00098
0.015  300  2.169e-18  0.0061001  4.18e+07  0.00098
0.0175  300  3.54225e-16  0.0061001  4.18e+07  0.00098
0.02  300  2.66507e-14  0.0061001  4.18e+07  0.00098
0.0225  300  7.67709e-13  0.0061001  4.18e+07  0.00098
0.025  300  2.14921e-11  0.0061001  4.18e+07  0.00098
0.0275  300  5.70933e-10  0.0061001  4.18e+07  0.00098
0.03  300  1.41489e-08  0.0061001  4.18e+07  0.00098
0.0325  300  3.20692e-07  0.0061001  4.18e+07  0.00098
0.035  300  6.47661e-06  0.0061001  4.18e+07  0.00098
0.0375  300  0.00011243  0.0061001  4.18e+07  0.00098
0.04  300.005  0.00159123  0.0061001  4.18e+07  0.00098
0.0425  300.07  0.0168537  0.0061001  4.18e+07  0.00098
0.045  300.796  0.11306  0.0061001  4.18e+07  0.00098
0.0475  305.913  0.290386  0.0061001  4.18e+07  0.00098
0.04875  313.685 -0.0858621 0.00631343  4.18e+07  0.00098
0.04875  313.685 -0.0858621 0.000195356  4.18e+07  0.00098
0.05  641.069  -8.01576 0.00166434  2e+07  4e-07
0.0525  770.412  -8.42732 0.00166434  2e+07  4e-07
0.055  865.27  -8.81097 0.00166434  2e+07  4e-07
0.0575  940.088  -9.12141 0.00166434  2e+07  4e-07
0.06  1001.53  -9.35933 0.00166434  2e+07  4e-07
0.0625  1053.3  -9.53247 0.00166434  2e+07  4e-07
0.065  1097.73  -9.64895 0.00166434  2e+07  4e-07
0.0675  1136.35  -9.71593 0.00166434  2e+07  4e-07
0.07  1170.29  -9.73954 0.00166434  2e+07  4e-07
0.0725  1200.34  -9.72498 0.00166434  2e+07  4e-07
0.075  1227.12  -9.67669 0.00166434  2e+07  4e-07
0.0775  1251.13  -9.59854 0.00166434  2e+07  4e-07
0.08  1272.74  -9.49388 0.00166434  2e+07  4e-07
0.0825  1292.27  -9.3657 0.00166434  2e+07  4e-07
0.085  1309.98  -9.21667 0.00166434  2e+07  4e-07
0.0875  1326.07  -9.04917 0.00166434  2e+07  4e-07
0.09  1340.73  -8.86541 0.00166434  2e+07  4e-07
0.0925  1354.11  -8.66736 0.00166434  2e+07  4e-07
0.095  1366.34  -8.45689 0.00166434  2e+07  4e-07
0.0975  1377.53  -8.23568 0.00166434  2e+07  4e-07
0.1  1387.8  -8.00532 0.00166434  2e+07  4e-07
0.1025  1397.21  -7.76729 0.00166434  2e+07  4e-07
0.105  1405.85  -7.52298 0.00166434  2e+07  4e-07
0.1075  1413.79  -7.27367 0.00166434  2e+07  4e-07
0.11  1421.08  -7.02058 0.00166434  2e+07  4e-07
0.1125  1427.79  -6.76484 0.00166434  2e+07  4e-07
0.115  1433.96  -6.50753 0.00166434  2e+07  4e-07
0.1175  1439.63  -6.24963 0.00166434  2e+07  4e-07
0.12  1444.84  -5.99209 0.00166434  2e+07  4e-07
0.1225  1449.63  -5.73577 0.00166434  2e+07  4e-07
0.125  1454.04  -5.48147 0.00166434  2e+07  4e-07
0.1275  1458.08  -5.22995 0.00166434  2e+07  4e-07
0.13  1461.8  -4.9819 0.00166434  2e+07  4e-07
0.1325  1465.22  -4.73795 0.00166434  2e+07  4e-07
0.135  1468.35  -4.49867 0.00166434  2e+07  4e-07
0.1375  1471.22  -4.26459 0.00166434  2e+07  4e-07
0.14  1473.86  -4.03616 0.00166434  2e+07  4e-07
0.1425  1476.27  -3.81382 0.00166434  2e+07  4e-07
0.145  1478.48  -3.5979 0.00166434  2e+07  4e-07
0.1475  1480.5  -3.38874 0.00166434  2e+07  4e-07
0.15  1482.35  -3.18658 0.00166434  2e+07  4e-07
0.1525  1484.03  -2.99163 0.00166434  2e+07  4e-07
0.155  1485.57  -2.80408 0.00166434  2e+07  4e-07
0.1575  1486.98  -2.62403 0.00166434  2e+07  4e-07
0.16  1488.26  -2.45157 0.00166434  2e+07  4e-07
0.1625  1489.42  -2.28673 0.00166434  2e+07  4e-07
0.165  1490.48  -2.12952 0.00166434  2e+07  4e-07
0.1675  1491.44  -1.97989 0.00166434  2e+07  4e-07
0.17  1492.31  -1.83779 0.00166434  2e+07  4e-07
0.1725  1493.1  -1.70312 0.00166434  2e+07  4e-07
0.175  1493.81  -1.57573 0.00166434  2e+07  4e-07
0.1775  1494.46  -1.45548 0.00166434  2e+07  4e-07
0.18  1495.04  -1.3422 0.00166434  2e+07  4e-07
0.1825  1495.57  -1.23568 0.00166434  2e+07  4e-07
0.185  1496.05  -1.13571 0.00166434  2e+07  4e-07
0.1875  1496.47  -1.04205 0.00166434  2e+07  4e-07
0.19  1496.86  -0.95447 0.00166434  2e+07  4e-07
0.1925  1497.21  -0.872707 0.00166434  2e+07  4e-07
0.195  1497.52  -0.796501 0.00166434  2e+07  4e-07
0.1975  1497.8  -0.725583 0.00166434  2e+07  4e-07
0.2  1498.05  -0.659682 0.00166434  2e+07  4e-07
0.2025  1498.27  -0.598523 0.00166434  2e+07  4e-07
0.205  1498.47  -0.541833 0.00166434  2e+07  4e-07
0.2075  1498.65  -0.489338 0.00166434  2e+07  4e-07
0.21  1498.81  -0.440768 0.00166434  2e+07  4e-07
0.2125  1498.96  -0.395856 0.00166434  2e+07  4e-07
0.215  1499.08  -0.354342 0.00166434  2e+07  4e-07
0.2175  1499.2  -0.315969 0.00166434  2e+07  4e-07
0.22  1499.3  -0.280488 0.00166434  2e+07  4e-07
0.2225  1499.4  -0.247658 0.00166434  2e+07  4e-07
0.225  1499.48  -0.217243 0.00166434  2e+07  4e-07
0.2275  1499.55  -0.189017 0.00166434  2e+07  4e-07
0.23  1499.62  -0.162762 0.00166434  2e+07  4e-07
0.2325  1499.68  -0.138266 0.00166434  2e+07  4e-07
0.235  1499.74  -0.115327 0.00166434  2e+07  4e-07
0.2375  1499.79  -0.0937496 0.00166434  2e+07  4e-07
0.24  1499.84  -0.0733471 0.00166434  2e+07  4e-07
0.2425  1499.88  -0.0539398 0.00166434  2e+07  4e-07
0.245  1499.92  -0.0353554 0.00166434  2e+07  4e-07
0.2475  1499.96  -0.0174284 0.00166434  2e+07  4e-07
0.25  1500  0  0.00166434  2e+07  4e-07
