TITLE="Graphics"
VARIABLES= "rj, m", "T, K", "dT/dt", "Lambda, Watt/m*K", "Cp, J/kg*K", "rho, kg/m^3"
0  300  1.59997e-25  0.0061001  4.18e+07  0.00098
0.0025  300  7.97629e-25  0.0061001  4.18e+07  0.00098
0.005  300  8.83248e-24  0.0061001  4.18e+07  0.00098
0.0075  300  1.32209e-22  0.0061001  4.18e+07  0.00098
0.01  300  2.31611e-21  0.0061001  4.18e+07  0.00098
0.0125  300  5.18534e-20  0.0061001  4.18e+07  0.00098
0.015  300  1.63608e-18  0.0061001  4.18e+07  0.00098
0.0175  300  7.19291e-17  0.0061001  4.18e+07  0.00098
0.02  300  4.36443e-15  0.0061001  4.18e+07  0.00098
0.0225  300  1.92403e-13  0.0061001  4.18e+07  0.00098
0.025  300  6.08037e-12  0.0061001  4.18e+07  0.00098
0.0275  300  1.84305e-10  0.0061001  4.18e+07  0.00098
0.03  300  5.23693e-09  0.0061001  4.18e+07  0.00098
0.0325  300  1.36816e-07  0.0061001  4.18e+07  0.00098
0.035  300  3.20316e-06  0.0061001  4.18e+07  0.00098
0.0375  300  6.48557e-05  0.0061001  4.18e+07  0.00098
0.04  300.003  0.00107764  0.0061001  4.18e+07  0.00098
0.0425  300.046  0.0134973  0.0061001  4.18e+07  0.00098
0.045  300.619  0.108044  0.0061001  4.18e+07  0.00098
0.0475  305.414  0.335737  0.0061001  4.18e+07  0.00098
0.04875  313.885 -0.172909 0.00631624  4.18e+07  0.00098
0.04875  313.885 -0.172909 0.0001955  4.18e+07  0.00098
0.05  655.76  -10.6368 0.00166434  2e+07  4e-07
0.0525  785.81  -11.1094 0.00166434  2e+07  4e-07
0.055  881.329  -11.5535 0.00166434  2e+07  4e-07
0.0575  956.676  -11.9032 0.00166434  2e+07  4e-07
0.06  1018.51  -12.1575 0.00166434  2e+07  4e-07
0.0625  1070.57  -12.3259 0.00166434  2e+07  4e-07
0.065  1115.16  -12.4189 0.00166434  2e+07  4e-07
0.0675  1153.87  -12.446 0.00166434  2e+07  4e-07
0.07  1187.81  -12.4155 0.00166434  2e+07  4e-07
0.0725  1217.79  -12.3347 0.00166434  2e+07  4e-07
0.075  1244.45  -12.2097 0.00166434  2e+07  4e-07
0.0775  1268.27  -12.0459 0.00166434  2e+07  4e-07
0.08  1289.66  -11.8481 0.00166434  2e+07  4e-07
0.0825  1308.91  -11.6207 0.00166434  2e+07  4e-07
0.085  1326.31  -11.3675 0.00166434  2e+07  4e-07
0.0875  1342.06  -11.0919 0.00166434  2e+07  4e-07
0.09  1356.34  -10.7972 0.00166434  2e+07  4e-07
0.0925  1369.33  -10.4863 0.00166434  2e+07  4e-07
0.095  1381.14  -10.1618 0.00166434  2e+07  4e-07
0.0975  1391.91  -9.8263 0.00166434  2e+07  4e-07
0.1  1401.72  -9.48207 0.00166434  2e+07  4e-07
0.1025  1410.67  -9.13123 0.00166434  2e+07  4e-07
0.105  1418.85  -8.77577 0.00166434  2e+07  4e-07
0.1075  1426.31  -8.41751 0.00166434  2e+07  4e-07
0.11  1433.12  -8.05816 0.00166434  2e+07  4e-07
0.1125  1439.34  -7.69927 0.00166434  2e+07  4e-07
0.115  1445.03  -7.3423 0.00166434  2e+07  4e-07
0.1175  1450.21  -6.98858 0.00166434  2e+07  4e-07
0.12  1454.95  -6.63931 0.00166434  2e+07  4e-07
0.1225  1459.26  -6.29561 0.00166434  2e+07  4e-07
0.125  1463.2  -5.95847 0.00166434  2e+07  4e-07
0.1275  1466.79  -5.62879 0.00166434  2e+07  4e-07
0.13  1470.06  -5.30737 0.00166434  2e+07  4e-07
0.1325  1473.03  -4.99492 0.00166434  2e+07  4e-07
0.135  1475.73  -4.69205 0.00166434  2e+07  4e-07
0.1375  1478.18  -4.39928 0.00166434  2e+07  4e-07
0.14  1480.41  -4.11703 0.00166434  2e+07  4e-07
0.1425  1482.43  -3.84567 0.00166434  2e+07  4e-07
0.145  1484.26  -3.58546 0.00166434  2e+07  4e-07
0.1475  1485.91  -3.3366 0.00166434  2e+07  4e-07
0.15  1487.41  -3.0992 0.00166434  2e+07  4e-07
0.1525  1488.76  -2.87331 0.00166434  2e+07  4e-07
0.155  1489.98  -2.65892 0.00166434  2e+07  4e-07
0.1575  1491.07  -2.45596 0.00166434  2e+07  4e-07
0.16  1492.06  -2.26429 0.00166434  2e+07  4e-07
0.1625  1492.94  -2.08372 0.00166434  2e+07  4e-07
0.165  1493.74  -1.91403 0.00166434  2e+07  4e-07
0.1675  1494.45  -1.75494 0.00166434  2e+07  4e-07
0.17  1495.08  -1.60615 0.00166434  2e+07  4e-07
0.1725  1495.65  -1.46732 0.00166434  2e+07  4e-07
0.175  1496.16  -1.33807 0.00166434  2e+07  4e-07
0.1775  1496.61  -1.21802 0.00166434  2e+07  4e-07
0.18  1497.02  -1.10677 0.00166434  2e+07  4e-07
0.1825  1497.38  -1.00389 0.00166434  2e+07  4e-07
0.185  1497.69  -0.908963 0.00166434  2e+07  4e-07
0.1875  1497.98  -0.821553 0.00166434  2e+07  4e-07
0.19  1498.22  -0.741229 0.00166434  2e+07  4e-07
0.1925  1498.45  -0.667562 0.00166434  2e+07  4e-07
0.195  1498.64  -0.600128 0.00166434  2e+07  4e-07
0.1975  1498.81  -0.538513 0.00166434  2e+07  4e-07
0.2  1498.96  -0.482309 0.00166434  2e+07  4e-07
0.2025  1499.1  -0.431123 0.00166434  2e+07  4e-07
0.205  1499.22  -0.384576 0.00166434  2e+07  4e-07
0.2075  1499.32  -0.342303 0.00166434  2e+07  4e-07
0.21  1499.41  -0.303952 0.00166434  2e+07  4e-07
0.2125  1499.49  -0.269192 0.00166434  2e+07  4e-07
0.215  1499.56  -0.237705 0.00166434  2e+07  4e-07
0.2175  1499.62  -0.209191 0.00166434  2e+07  4e-07
0.22  1499.67  -0.183366 0.00166434  2e+07  4e-07
0.2225  1499.72  -0.159961 0.00166434  2e+07  4e-07
0.225  1499.76  -0.138726 0.00166434  2e+07  4e-07
0.2275  1499.8  -0.119424 0.00166434  2e+07  4e-07
0.23  1499.83  -0.101831 0.00166434  2e+07  4e-07
0.2325  1499.86  -0.0857384 0.00166434  2e+07  4e-07
0.235  1499.89  -0.0709508 0.00166434  2e+07  4e-07
0.2375  1499.91  -0.0572834 0.00166434  2e+07  4e-07
0.24  1499.93  -0.0445626 0.00166434  2e+07  4e-07
0.2425  1499.95  -0.0326247 0.00166434  2e+07  4e-07
0.245  1499.97  -0.021315 0.00166434  2e+07  4e-07
0.2475  1499.98  -0.0104867 0.00166434  2e+07  4e-07
0.25  1500  0  0.00166434  2e+07  4e-07
