TITLE="Graphics"
VARIABLES= "rj, m", "T, K", "dT/dt", "Lambda, Watt/m*K", "Cp, J/kg*K", "rho, kg/m^3"
0  300  -2.06647e-25  0.0061001  4.18e+07  0.00098
0.0025  300  -1.23091e-24  0.0061001  4.18e+07  0.00098
0.005  300  -1.68559e-23  0.0061001  4.18e+07  0.00098
0.0075  300  -3.09821e-22  0.0061001  4.18e+07  0.00098
0.01  300  -6.08893e-21  0.0061001  4.18e+07  0.00098
0.0125  300  -1.19071e-19  0.0061001  4.18e+07  0.00098
0.015  300  -2.21948e-18  0.0061001  4.18e+07  0.00098
0.0175  300  -3.22224e-17  0.0061001  4.18e+07  0.00098
0.02  300  6.55274e-16  0.0061001  4.18e+07  0.00098
0.0225  300  8.927e-14  0.0061001  4.18e+07  0.00098
0.025  300  3.17792e-12  0.0061001  4.18e+07  0.00098
0.0275  300  1.08438e-10  0.0061001  4.18e+07  0.00098
0.03  300  3.43416e-09  0.0061001  4.18e+07  0.00098
0.0325  300  9.90061e-08  0.0061001  4.18e+07  0.00098
0.035  300  2.53213e-06  0.0061001  4.18e+07  0.00098
0.0375  300  5.54064e-05  0.0061001  4.18e+07  0.00098
0.04  300.002  0.000983199  0.0061001  4.18e+07  0.00098
0.0425  300.043  0.012975  0.0061001  4.18e+07  0.00098
0.045  300.592  0.107701  0.0061001  4.18e+07  0.00098
0.0475  305.332  0.339894  0.0061001  4.18e+07  0.00098
0.04875  313.927 -0.176118 0.00631683  4.18e+07  0.00098
0.04875  313.927 -0.176118 0.00019553  4.18e+07  0.00098
0.05  658.362  -10.733 0.00166434  2e+07  4e-07
0.0525  788.529  -11.2161 0.00166434  2e+07  4e-07
0.055  884.158  -11.6694 0.00166434  2e+07  4e-07
0.0575  959.592  -12.0268 0.00166434  2e+07  4e-07
0.06  1021.49  -12.2875 0.00166434  2e+07  4e-07
0.0625  1073.59  -12.4612 0.00166434  2e+07  4e-07
0.065  1118.21  -12.5586 0.00166434  2e+07  4e-07
0.0675  1156.92  -12.5896 0.00166434  2e+07  4e-07
0.07  1190.85  -12.5623 0.00166434  2e+07  4e-07
0.0725  1220.82  -12.4842 0.00166434  2e+07  4e-07
0.075  1247.45  -12.3614 0.00166434  2e+07  4e-07
0.0775  1271.23  -12.1994 0.00166434  2e+07  4e-07
0.08  1292.57  -12.0031 0.00166434  2e+07  4e-07
0.0825  1311.77  -11.7767 0.00166434  2e+07  4e-07
0.085  1329.1  -11.524 0.00166434  2e+07  4e-07
0.0875  1344.78  -11.2486 0.00166434  2e+07  4e-07
0.09  1359  -10.9537 0.00166434  2e+07  4e-07
0.0925  1371.91  -10.6422 0.00166434  2e+07  4e-07
0.095  1383.65  -10.3167 0.00166434  2e+07  4e-07
0.0975  1394.33  -9.97966 0.00166434  2e+07  4e-07
0.1  1404.06  -9.63347 0.00166434  2e+07  4e-07
0.1025  1412.93  -9.2802 0.00166434  2e+07  4e-07
0.105  1421.01  -8.92183 0.00166434  2e+07  4e-07
0.1075  1428.39  -8.56018 0.00166434  2e+07  4e-07
0.11  1435.11  -8.19694 0.00166434  2e+07  4e-07
0.1125  1441.25  -7.83369 0.00166434  2e+07  4e-07
0.115  1446.84  -7.47188 0.00166434  2e+07  4e-07
0.1175  1451.94  -7.11285 0.00166434  2e+07  4e-07
0.12  1456.59  -6.75785 0.00166434  2e+07  4e-07
0.1225  1460.82  -6.408 0.00166434  2e+07  4e-07
0.125  1464.68  -6.06435 0.00166434  2e+07  4e-07
0.1275  1468.18  -5.72783 0.00166434  2e+07  4e-07
0.13  1471.37  -5.3993 0.00166434  2e+07  4e-07
0.1325  1474.26  -5.07951 0.00166434  2e+07  4e-07
0.135  1476.89  -4.76913 0.00166434  2e+07  4e-07
0.1375  1479.27  -4.46875 0.00166434  2e+07  4e-07
0.14  1481.43  -4.17885 0.00166434  2e+07  4e-07
0.1425  1483.38  -3.89987 0.00166434  2e+07  4e-07
0.145  1485.15  -3.63212 0.00166434  2e+07  4e-07
0.1475  1486.74  -3.37586 0.00166434  2e+07  4e-07
0.15  1488.17  -3.13127 0.00166434  2e+07  4e-07
0.1525  1489.47  -2.89847 0.00166434  2e+07  4e-07
0.155  1490.63  -2.67747 0.00166434  2e+07  4e-07
0.1575  1491.68  -2.46826 0.00166434  2e+07  4e-07
0.16  1492.61  -2.27073 0.00166434  2e+07  4e-07
0.1625  1493.45  -2.08473 0.00166434  2e+07  4e-07
0.165  1494.21  -1.91007 0.00166434  2e+07  4e-07
0.1675  1494.88  -1.74647 0.00166434  2e+07  4e-07
0.17  1495.48  -1.59365 0.00166434  2e+07  4e-07
0.1725  1496.01  -1.45126 0.00166434  2e+07  4e-07
0.175  1496.49  -1.31894 0.00166434  2e+07  4e-07
0.1775  1496.91  -1.19629 0.00166434  2e+07  4e-07
0.18  1497.29  -1.08288 0.00166434  2e+07  4e-07
0.1825  1497.62  -0.97828 0.00166434  2e+07  4e-07
0.185  1497.91  -0.882041 0.00166434  2e+07  4e-07
0.1875  1498.17  -0.793706 0.00166434  2e+07  4e-07
0.19  1498.4  -0.712814 0.00166434  2e+07  4e-07
0.1925  1498.61  -0.638906 0.00166434  2e+07  4e-07
0.195  1498.78  -0.571528 0.00166434  2e+07  4e-07
0.1975  1498.94  -0.510233 0.00166434  2e+07  4e-07
0.2  1499.08  -0.454586 0.00166434  2e+07  4e-07
0.2025  1499.2  -0.404162 0.00166434  2e+07  4e-07
0.205  1499.31  -0.358555 0.00166434  2e+07  4e-07
0.2075  1499.4  -0.31737 0.00166434  2e+07  4e-07
0.21  1499.48  -0.280234 0.00166434  2e+07  4e-07
0.2125  1499.55  -0.246791 0.00166434  2e+07  4e-07
0.215  1499.61  -0.216701 0.00166434  2e+07  4e-07
0.2175  1499.67  -0.189645 0.00166434  2e+07  4e-07
0.22  1499.72  -0.165324 0.00166434  2e+07  4e-07
0.2225  1499.76  -0.143455 0.00166434  2e+07  4e-07
0.225  1499.79  -0.123773 0.00166434  2e+07  4e-07
0.2275  1499.83  -0.10603 0.00166434  2e+07  4e-07
0.23  1499.85  -0.0899962 0.00166434  2e+07  4e-07
0.2325  1499.88  -0.0754545 0.00166434  2e+07  4e-07
0.235  1499.9  -0.0622034 0.00166434  2e+07  4e-07
0.2375  1499.92  -0.050054 0.00166434  2e+07  4e-07
0.24  1499.94  -0.0388296 0.00166434  2e+07  4e-07
0.2425  1499.96  -0.0283642 0.00166434  2e+07  4e-07
0.245  1499.97  -0.0185014 0.00166434  2e+07  4e-07
0.2475  1499.99  -0.00909352 0.00166434  2e+07  4e-07
0.25  1500  0  0.00166434  2e+07  4e-07
