TITLE="Graphics"
VARIABLES= "rj, m", "T, K", "dT/dt", "Lambda, Watt/m*K", "Cp, J/kg*K", "rho, kg/m^3"
0  300  4.35268e-32  0.0061001  4.18e+07  0.00098
0.0025  300  4.61511e-31  0.0061001  4.18e+07  0.00098
0.005  300  1.13466e-29  0.0061001  4.18e+07  0.00098
0.0075  300  3.51394e-28  0.0061001  4.18e+07  0.00098
0.01  300  9.94326e-27  0.0061001  4.18e+07  0.00098
0.0125  300  1.36433e-25  0.0061001  4.18e+07  0.00098
0.015  300  -1.33592e-23  0.0061001  4.18e+07  0.00098
0.0175  300  -1.79863e-21  0.0061001  4.18e+07  0.00098
0.02  300  -6.62372e-20  0.0061001  4.18e+07  0.00098
0.0225  300  3.51426e-17  0.0061001  4.18e+07  0.00098
0.025  300  1.47382e-14  0.0061001  4.18e+07  0.00098
0.0275  300  8.87212e-13  0.0061001  4.18e+07  0.00098
0.03  300  5.21654e-11  0.0061001  4.18e+07  0.00098
0.0325  300  2.81612e-09  0.0061001  4.18e+07  0.00098
0.035  300  1.36013e-07  0.0061001  4.18e+07  0.00098
0.0375  300  5.67235e-06  0.0061001  4.18e+07  0.00098
0.04  300  0.00019389  0.0061001  4.18e+07  0.00098
0.0425  300.008  0.00499288  0.0061001  4.18e+07  0.00098
0.045  300.212  0.0823752  0.0061001  4.18e+07  0.00098
0.0475  303.656  0.539375  0.0061001  4.18e+07  0.00098
0.04875  315.467 -0.738624 0.00633815  4.18e+07  0.00098
0.04875  315.467 -0.738624 0.000196649  4.18e+07  0.00098
0.05  726.1  -27.7837 0.00166434  2e+07  4e-07
0.0525  858.435  -28.3769 0.00166434  2e+07  4e-07
0.055  956.158  -28.9599 0.00166434  2e+07  4e-07
0.0575  1033.13  -29.3234 0.00166434  2e+07  4e-07
0.06  1095.98  -29.447 0.00166434  2e+07  4e-07
0.0625  1148.49  -29.3483 0.00166434  2e+07  4e-07
0.065  1193.04  -29.0524 0.00166434  2e+07  4e-07
0.0675  1231.27  -28.5846 0.00166434  2e+07  4e-07
0.07  1264.35  -27.9684 0.00166434  2e+07  4e-07
0.0725  1293.14  -27.2254 0.00166434  2e+07  4e-07
0.075  1318.32  -26.375 0.00166434  2e+07  4e-07
0.0775  1340.42  -25.4351 0.00166434  2e+07  4e-07
0.08  1359.87  -24.422 0.00166434  2e+07  4e-07
0.0825  1377.02  -23.3508 0.00166434  2e+07  4e-07
0.085  1392.15  -22.2353 0.00166434  2e+07  4e-07
0.0875  1405.52  -21.0881 0.00166434  2e+07  4e-07
0.09  1417.33  -19.9212 0.00166434  2e+07  4e-07
0.0925  1427.76  -18.7452 0.00166434  2e+07  4e-07
0.095  1436.97  -17.5701 0.00166434  2e+07  4e-07
0.0975  1445.1  -16.4048 0.00166434  2e+07  4e-07
0.1  1452.26  -15.2576 0.00166434  2e+07  4e-07
0.1025  1458.57  -14.1357 0.00166434  2e+07  4e-07
0.105  1464.11  -13.0456 0.00166434  2e+07  4e-07
0.1075  1468.98  -11.9928 0.00166434  2e+07  4e-07
0.11  1473.24  -10.9822 0.00166434  2e+07  4e-07
0.1125  1476.97  -10.0175 0.00166434  2e+07  4e-07
0.115  1480.23  -9.102 0.00166434  2e+07  4e-07
0.1175  1483.06  -8.23789 0.00166434  2e+07  4e-07
0.12  1485.52  -7.42675 0.00166434  2e+07  4e-07
0.1225  1487.65  -6.66942 0.00166434  2e+07  4e-07
0.125  1489.5  -5.96608 0.00166434  2e+07  4e-07
0.1275  1491.09  -5.31631 0.00166434  2e+07  4e-07
0.13  1492.46  -4.71912 0.00166434  2e+07  4e-07
0.1325  1493.63  -4.17305 0.00166434  2e+07  4e-07
0.135  1494.63  -3.67626 0.00166434  2e+07  4e-07
0.1375  1495.49  -3.22652 0.00166434  2e+07  4e-07
0.14  1496.22  -2.82137 0.00166434  2e+07  4e-07
0.1425  1496.84  -2.45813 0.00166434  2e+07  4e-07
0.145  1497.36  -2.13401 0.00166434  2e+07  4e-07
0.1475  1497.8  -1.84612 0.00166434  2e+07  4e-07
0.15  1498.18  -1.59156 0.00166434  2e+07  4e-07
0.1525  1498.49  -1.36747 0.00166434  2e+07  4e-07
0.155  1498.75  -1.17105 0.00166434  2e+07  4e-07
0.1575  1498.97  -0.999596 0.00166434  2e+07  4e-07
0.16  1499.15  -0.850553 0.00166434  2e+07  4e-07
0.1625  1499.3  -0.721503 0.00166434  2e+07  4e-07
0.165  1499.43  -0.610195 0.00166434  2e+07  4e-07
0.1675  1499.53  -0.51455 0.00166434  2e+07  4e-07
0.17  1499.62  -0.432661 0.00166434  2e+07  4e-07
0.1725  1499.69  -0.362797 0.00166434  2e+07  4e-07
0.175  1499.75  -0.303395 0.00166434  2e+07  4e-07
0.1775  1499.8  -0.253056 0.00166434  2e+07  4e-07
0.18  1499.83  -0.210533 0.00166434  2e+07  4e-07
0.1825  1499.87  -0.174723 0.00166434  2e+07  4e-07
0.185  1499.89  -0.144657 0.00166434  2e+07  4e-07
0.1875  1499.91  -0.119487 0.00166434  2e+07  4e-07
0.19  1499.93  -0.0984738 0.00166434  2e+07  4e-07
0.1925  1499.94  -0.0809786 0.00166434  2e+07  4e-07
0.195  1499.95  -0.0664502 0.00166434  2e+07  4e-07
0.1975  1499.96  -0.054416 0.00166434  2e+07  4e-07
0.2  1499.97  -0.0444717 0.00166434  2e+07  4e-07
0.2025  1499.98  -0.0362737 0.00166434  2e+07  4e-07
0.205  1499.98  -0.0295304 0.00166434  2e+07  4e-07
0.2075  1499.99  -0.0239955 0.00166434  2e+07  4e-07
0.21  1499.99  -0.0194618 0.00166434  2e+07  4e-07
0.2125  1499.99  -0.0157552 0.00166434  2e+07  4e-07
0.215  1499.99  -0.0127302 0.00166434  2e+07  4e-07
0.2175  1499.99  -0.0102654 0.00166434  2e+07  4e-07
0.22  1500  -0.00825978 0.00166434  2e+07  4e-07
0.2225  1500  -0.00662948 0.00166434  2e+07  4e-07
0.225  1500  -0.00530498 0.00166434  2e+07  4e-07
0.2275  1500  -0.0042288 0.00166434  2e+07  4e-07
0.23  1500  -0.0033534 0.00166434  2e+07  4e-07
0.2325  1500  -0.00263947 0.00166434  2e+07  4e-07
0.235  1500  -0.00205444 0.00166434  2e+07  4e-07
0.2375  1500  -0.00157128 0.00166434  2e+07  4e-07
0.24  1500  -0.00116736 0.00166434  2e+07  4e-07
0.2425  1500  -0.000823626 0.00166434  2e+07  4e-07
0.245  1500  -0.000523739 0.00166434  2e+07  4e-07
0.2475  1500  -0.000253452 0.00166434  2e+07  4e-07
0.25  1500  0  0.00166434  2e+07  4e-07
