TITLE="Graphics"
VARIABLES= "rj, m", "T, K", "dT/dt", "Lambda, Watt/m*K", "Cp, J/kg*K", "rho, kg/m^3"
0  300  -7.05294e-34  0.0061001  4.18e+07  0.00098
0.0025  300  -1.15487e-32  0.0061001  4.18e+07  0.00098
0.005  300  -4.7128e-31  0.0061001  4.18e+07  0.00098
0.0075  300  -2.65226e-29  0.0061001  4.18e+07  0.00098
0.01  300  -1.63771e-27  0.0061001  4.18e+07  0.00098
0.0125  300  -1.0342e-25  0.0061001  4.18e+07  0.00098
0.015  300  -6.49046e-24  0.0061001  4.18e+07  0.00098
0.0175  300  -4.0318e-22  0.0061001  4.18e+07  0.00098
0.02  300  -2.50867e-20  0.0061001  4.18e+07  0.00098
0.0225  300  -1.47892e-18  0.0061001  4.18e+07  0.00098
0.025  300  -2.97313e-17  0.0061001  4.18e+07  0.00098
0.0275  300  2.13349e-14  0.0061001  4.18e+07  0.00098
0.03  300  2.00932e-12  0.0061001  4.18e+07  0.00098
0.0325  300  1.71113e-10  0.0061001  4.18e+07  0.00098
0.035  300  1.31961e-08  0.0061001  4.18e+07  0.00098
0.0375  300  8.89686e-07  0.0061001  4.18e+07  0.00098
0.04  300  4.98773e-05  0.0061001  4.18e+07  0.00098
0.0425  300.002  0.00214497  0.0061001  4.18e+07  0.00098
0.045  300.087  0.0607021  0.0061001  4.18e+07  0.00098
0.0475  302.583  0.727629  0.0061001  4.18e+07  0.00098
0.04875  317.437 -1.76494 0.00636457  4.18e+07  0.00098
0.04875  317.437 -1.76494 0.000198085  4.18e+07  0.00098
0.05  795.6  -59.7263 0.00166434  2e+07  4e-07
0.0525  928.699  -59.8106 0.00166434  2e+07  4e-07
0.055  1027.11  -59.7511 0.00166434  2e+07  4e-07
0.0575  1104.19  -59.1587 0.00166434  2e+07  4e-07
0.06  1166.54  -58.0168 0.00166434  2e+07  4e-07
0.0625  1217.98  -56.3869 0.00166434  2e+07  4e-07
0.065  1260.98  -54.3468 0.00166434  2e+07  4e-07
0.0675  1297.25  -51.9742 0.00166434  2e+07  4e-07
0.07  1328.02  -49.342 0.00166434  2e+07  4e-07
0.0725  1354.24  -46.5172 0.00166434  2e+07  4e-07
0.075  1376.62  -43.5609 0.00166434  2e+07  4e-07
0.0775  1395.77  -40.528 0.00166434  2e+07  4e-07
0.08  1412.13  -37.4671 0.00166434  2e+07  4e-07
0.0825  1426.13  -34.4214 0.00166434  2e+07  4e-07
0.085  1438.07  -31.4282 0.00166434  2e+07  4e-07
0.0875  1448.25  -28.5194 0.00166434  2e+07  4e-07
0.09  1456.9  -25.7216 0.00166434  2e+07  4e-07
0.0925  1464.24  -23.0566 0.00166434  2e+07  4e-07
0.095  1470.44  -20.5413 0.00166434  2e+07  4e-07
0.0975  1475.66  -18.1884 0.00166434  2e+07  4e-07
0.1  1480.04  -16.0065 0.00166434  2e+07  4e-07
0.1025  1483.7  -14.0004 0.00166434  2e+07  4e-07
0.105  1486.74  -12.1712 0.00166434  2e+07  4e-07
0.1075  1489.26  -10.517 0.00166434  2e+07  4e-07
0.11  1491.34  -9.03337 0.00166434  2e+07  4e-07
0.1125  1493.04  -7.71318 0.00166434  2e+07  4e-07
0.115  1494.43  -6.54764 0.00166434  2e+07  4e-07
0.1175  1495.57  -5.52648 0.00166434  2e+07  4e-07
0.12  1496.48  -4.63851 0.00166434  2e+07  4e-07
0.1225  1497.22  -3.87196 0.00166434  2e+07  4e-07
0.125  1497.81  -3.21488 0.00166434  2e+07  4e-07
0.1275  1498.28  -2.65549 0.00166434  2e+07  4e-07
0.13  1498.66  -2.1824 0.00166434  2e+07  4e-07
0.1325  1498.96  -1.78486 0.00166434  2e+07  4e-07
0.135  1499.19  -1.45286 0.00166434  2e+07  4e-07
0.1375  1499.37  -1.17722 0.00166434  2e+07  4e-07
0.14  1499.52  -0.949675 0.00166434  2e+07  4e-07
0.1425  1499.63  -0.762865 0.00166434  2e+07  4e-07
0.145  1499.72  -0.610298 0.00166434  2e+07  4e-07
0.1475  1499.78  -0.486323 0.00166434  2e+07  4e-07
0.15  1499.83  -0.386067 0.00166434  2e+07  4e-07
0.1525  1499.87  -0.305365 0.00166434  2e+07  4e-07
0.155  1499.9  -0.240689 0.00166434  2e+07  4e-07
0.1575  1499.93  -0.189076 0.00166434  2e+07  4e-07
0.16  1499.95  -0.148054 0.00166434  2e+07  4e-07
0.1625  1499.96  -0.115575 0.00166434  2e+07  4e-07
0.165  1499.97  -0.0899547 0.00166434  2e+07  4e-07
0.1675  1499.98  -0.0698158 0.00166434  2e+07  4e-07
0.17  1499.98  -0.0540388 0.00166434  2e+07  4e-07
0.1725  1499.99  -0.0417186 0.00166434  2e+07  4e-07
0.175  1499.99  -0.0321273 0.00166434  2e+07  4e-07
0.1775  1499.99  -0.0246824 0.00166434  2e+07  4e-07
0.18  1499.99  -0.0189195 0.00166434  2e+07  4e-07
0.1825  1500  -0.0144707 0.00166434  2e+07  4e-07
0.185  1500  -0.0110449 0.00166434  2e+07  4e-07
0.1875  1500  -0.00841334 0.00166434  2e+07  4e-07
0.19  1500  -0.00639657 0.00166434  2e+07  4e-07
0.1925  1500  -0.00485437 0.00166434  2e+07  4e-07
0.195  1500  -0.00367756 0.00166434  2e+07  4e-07
0.1975  1500  -0.00278137 0.00166434  2e+07  4e-07
0.2  1500  -0.00210021 0.00166434  2e+07  4e-07
0.2025  1500  -0.00158342 0.00166434  2e+07  4e-07
0.205  1500  -0.00119204 0.00166434  2e+07  4e-07
0.2075  1500  -0.000896123 0.00166434  2e+07  4e-07
0.21  1500  -0.000672743 0.00166434  2e+07  4e-07
0.2125  1500  -0.000504374 0.00166434  2e+07  4e-07
0.215  1500  -0.000377652 0.00166434  2e+07  4e-07
0.2175  1500  -0.000282401 0.00166434  2e+07  4e-07
0.22  1500  -0.000210894 0.00166434  2e+07  4e-07
0.2225  1500  -0.000157269 0.00166434  2e+07  4e-07
0.225  1500  -0.000117088 0.00166434  2e+07  4e-07
0.2275  1500  -8.69944e-05 0.00166434  2e+07  4e-07
0.23  1500  -6.44531e-05 0.00166434  2e+07  4e-07
0.2325  1500  -4.75485e-05 0.00166434  2e+07  4e-07
0.235  1500  -3.48334e-05 0.00166434  2e+07  4e-07
0.2375  1500  -2.52113e-05 0.00166434  2e+07  4e-07
0.24  1500  -1.78475e-05 0.00166434  2e+07  4e-07
0.2425  1500  -1.21005e-05 0.00166434  2e+07  4e-07
0.245  1500  -7.46848e-06 0.00166434  2e+07  4e-07
0.2475  1500  -3.54795e-06 0.00166434  2e+07  4e-07
0.25  1500  0  0.00166434  2e+07  4e-07
