TITLE="Graphics"
VARIABLES= "rj, m", "T, K", "dT/dt", "Lambda, Watt/m*K", "Cp, J/kg*K", "rho, kg/m^3"
0  300  -6.67706e-27  0.0061001  4.18e+07  0.00098
0.0025  300  -5.04855e-26  0.0061001  4.18e+07  0.00098
0.005  300  -9.21889e-25  0.0061001  4.18e+07  0.00098
0.0075  300  -2.34011e-23  0.0061001  4.18e+07  0.00098
0.01  300  -6.55587e-22  0.0061001  4.18e+07  0.00098
0.0125  300  -1.8619e-20  0.0061001  4.18e+07  0.00098
0.015  300  -4.98652e-19  0.0061001  4.18e+07  0.00098
0.0175  300  -1.08802e-17  0.0061001  4.18e+07  0.00098
0.02  300  -6.8185e-17  0.0061001  4.18e+07  0.00098
0.0225  300  1.32986e-14  0.0061001  4.18e+07  0.00098
0.025  300  5.71586e-13  0.0061001  4.18e+07  0.00098
0.0275  300  2.25825e-11  0.0061001  4.18e+07  0.00098
0.03  300  8.42556e-10  0.0061001  4.18e+07  0.00098
0.0325  300  2.90443e-08  0.0061001  4.18e+07  0.00098
0.035  300  9.0097e-07  0.0061001  4.18e+07  0.00098
0.0375  300  2.42626e-05  0.0061001  4.18e+07  0.00098
0.04  300.001  0.000538307  0.0061001  4.18e+07  0.00098
0.0425  300.022  0.0090465  0.0061001  4.18e+07  0.00098
0.045  300.398  0.0979009  0.0061001  4.18e+07  0.00098
0.0475  304.62  0.418203  0.0061001  4.18e+07  0.00098
0.04875  314.428 -0.363492 0.00632383  4.18e+07  0.00098
0.04875  314.428 -0.363492 0.000195894  4.18e+07  0.00098
0.05  683.683  -16.3707 0.00166434  2e+07  4e-07
0.0525  814.825  -16.9216 0.00166434  2e+07  4e-07
0.055  911.378  -17.4516 0.00166434  2e+07  4e-07
0.0575  987.518  -17.8462 0.00166434  2e+07  4e-07
0.06  1049.9  -18.0982 0.00166434  2e+07  4e-07
0.0625  1102.27  -18.2195 0.00166434  2e+07  4e-07
0.065  1146.99  -18.2253 0.00166434  2e+07  4e-07
0.0675  1185.65  -18.1299 0.00166434  2e+07  4e-07
0.07  1219.38  -17.9464 0.00166434  2e+07  4e-07
0.0725  1249.04  -17.6862 0.00166434  2e+07  4e-07
0.075  1275.25  -17.3593 0.00166434  2e+07  4e-07
0.0775  1298.53  -16.9749 0.00166434  2e+07  4e-07
0.08  1319.28  -16.5411 0.00166434  2e+07  4e-07
0.0825  1337.83  -16.0652 0.00166434  2e+07  4e-07
0.085  1354.45  -15.5541 0.00166434  2e+07  4e-07
0.0875  1369.37  -15.0138 0.00166434  2e+07  4e-07
0.09  1382.79  -14.4502 0.00166434  2e+07  4e-07
0.0925  1394.87  -13.8684 0.00166434  2e+07  4e-07
0.095  1405.75  -13.2732 0.00166434  2e+07  4e-07
0.0975  1415.56  -12.6693 0.00166434  2e+07  4e-07
0.1  1424.41  -12.0606 0.00166434  2e+07  4e-07
0.1025  1432.38  -11.4511 0.00166434  2e+07  4e-07
0.105  1439.57  -10.8442 0.00166434  2e+07  4e-07
0.1075  1446.05  -10.243 0.00166434  2e+07  4e-07
0.11  1451.89  -9.65048 0.00166434  2e+07  4e-07
0.1125  1457.14  -9.06915 0.00166434  2e+07  4e-07
0.115  1461.87  -8.50131 0.00166434  2e+07  4e-07
0.1175  1466.12  -7.94898 0.00166434  2e+07  4e-07
0.12  1469.94  -7.4139 0.00166434  2e+07  4e-07
0.1225  1473.37  -6.89754 0.00166434  2e+07  4e-07
0.125  1476.44  -6.40113 0.00166434  2e+07  4e-07
0.1275  1479.18  -5.92566 0.00166434  2e+07  4e-07
0.13  1481.64  -5.47188 0.00166434  2e+07  4e-07
0.1325  1483.83  -5.04034 0.00166434  2e+07  4e-07
0.135  1485.78  -4.63136 0.00166434  2e+07  4e-07
0.1375  1487.52  -4.24509 0.00166434  2e+07  4e-07
0.14  1489.06  -3.88149 0.00166434  2e+07  4e-07
0.1425  1490.43  -3.54038 0.00166434  2e+07  4e-07
0.145  1491.64  -3.2214 0.00166434  2e+07  4e-07
0.1475  1492.72  -2.9241 0.00166434  2e+07  4e-07
0.15  1493.66  -2.64788 0.00166434  2e+07  4e-07
0.1525  1494.49  -2.39205 0.00166434  2e+07  4e-07
0.155  1495.22  -2.15586 0.00166434  2e+07  4e-07
0.1575  1495.86  -1.93846 0.00166434  2e+07  4e-07
0.16  1496.42  -1.73897 0.00166434  2e+07  4e-07
0.1625  1496.91  -1.55646 0.00166434  2e+07  4e-07
0.165  1497.34  -1.38997 0.00166434  2e+07  4e-07
0.1675  1497.71  -1.23853 0.00166434  2e+07  4e-07
0.17  1498.04  -1.10118 0.00166434  2e+07  4e-07
0.1725  1498.32  -0.976956 0.00166434  2e+07  4e-07
0.175  1498.56  -0.864907 0.00166434  2e+07  4e-07
0.1775  1498.77  -0.764112 0.00166434  2e+07  4e-07
0.18  1498.95  -0.673678 0.00166434  2e+07  4e-07
0.1825  1499.11  -0.592748 0.00166434  2e+07  4e-07
0.185  1499.24  -0.520505 0.00166434  2e+07  4e-07
0.1875  1499.35  -0.456174 0.00166434  2e+07  4e-07
0.19  1499.45  -0.399023 0.00166434  2e+07  4e-07
0.1925  1499.54  -0.34837 0.00166434  2e+07  4e-07
0.195  1499.61  -0.303575 0.00166434  2e+07  4e-07
0.1975  1499.67  -0.264047 0.00166434  2e+07  4e-07
0.2  1499.72  -0.229237 0.00166434  2e+07  4e-07
0.2025  1499.77  -0.198644 0.00166434  2e+07  4e-07
0.205  1499.8  -0.171807 0.00166434  2e+07  4e-07
0.2075  1499.83  -0.148305 0.00166434  2e+07  4e-07
0.21  1499.86  -0.127756 0.00166434  2e+07  4e-07
0.2125  1499.88  -0.109815 0.00166434  2e+07  4e-07
0.215  1499.9  -0.0941676 0.00166434  2e+07  4e-07
0.2175  1499.92  -0.0805328 0.00166434  2e+07  4e-07
0.22  1499.93  -0.0686571 0.00166434  2e+07  4e-07
0.2225  1499.94  -0.0583134 0.00166434  2e+07  4e-07
0.225  1499.95  -0.0492978 0.00166434  2e+07  4e-07
0.2275  1499.96  -0.0414283 0.00166434  2e+07  4e-07
0.23  1499.97  -0.0345416 0.00166434  2e+07  4e-07
0.2325  1499.97  -0.0284915 0.00166434  2e+07  4e-07
0.235  1499.98  -0.0231471 0.00166434  2e+07  4e-07
0.2375  1499.98  -0.0183904 0.00166434  2e+07  4e-07
0.24  1499.99  -0.0141148 0.00166434  2e+07  4e-07
0.2425  1499.99  -0.0102234 0.00166434  2e+07  4e-07
0.245  1499.99  -0.00662761 0.00166434  2e+07  4e-07
0.2475  1500  -0.00324536 0.00166434  2e+07  4e-07
0.25  1500  0  0.00166434  2e+07  4e-07
