TITLE="Graphics"
VARIABLES= "rj, m", "T, K", "dT/dt", "Lambda, Watt/m*K", "Cp, J/kg*K", "rho, kg/m^3"
0  300  -1.63129e-32  0.0061001  4.18e+07  0.00098
0.0025  300  -2.18069e-31  0.0061001  4.18e+07  0.00098
0.005  300  -7.11819e-30  0.0061001  4.18e+07  0.00098
0.0075  300  -3.16194e-28  0.0061001  4.18e+07  0.00098
0.01  300  -1.51815e-26  0.0061001  4.18e+07  0.00098
0.0125  300  -7.2034e-25  0.0061001  4.18e+07  0.00098
0.015  300  -2.97945e-23  0.0061001  4.18e+07  0.00098
0.0175  300  -5.15866e-22  0.0061001  4.18e+07  0.00098
0.02  300  1.12686e-19  0.0061001  4.18e+07  0.00098
0.0225  300  2.41581e-17  0.0061001  4.18e+07  0.00098
0.025  300  3.78235e-15  0.0061001  4.18e+07  0.00098
0.0275  300  2.95561e-13  0.0061001  4.18e+07  0.00098
0.03  300  2.01659e-11  0.0061001  4.18e+07  0.00098
0.0325  300  1.26118e-09  0.0061001  4.18e+07  0.00098
0.035  300  7.05497e-08  0.0061001  4.18e+07  0.00098
0.0375  300  3.40611e-06  0.0061001  4.18e+07  0.00098
0.04  300  0.000134717  0.0061001  4.18e+07  0.00098
0.0425  300.006  0.00401297  0.0061001  4.18e+07  0.00098
0.045  300.169  0.0766473  0.0061001  4.18e+07  0.00098
0.0475  303.35  0.585648  0.0061001  4.18e+07  0.00098
0.04875  315.922 -0.930136 0.00634434  4.18e+07  0.00098
0.04875  315.922 -0.930136 0.00019698  4.18e+07  0.00098
0.05  742.854  -33.6867 0.00166434  2e+07  4e-07
0.0525  875.501  -34.2434 0.00166434  2e+07  4e-07
0.055  973.528  -34.7842 0.00166434  2e+07  4e-07
0.0575  1050.67  -35.057 0.00166434  2e+07  4e-07
0.06  1113.55  -35.0372 0.00166434  2e+07  4e-07
0.0625  1165.94  -34.7471 0.00166434  2e+07  4e-07
0.065  1210.27  -34.2188 0.00166434  2e+07  4e-07
0.0675  1248.17  -33.4844 0.00166434  2e+07  4e-07
0.07  1280.82  -32.5743 0.00166434  2e+07  4e-07
0.0725  1309.12  -31.5162 0.00166434  2e+07  4e-07
0.075  1333.75  -30.3352 0.00166434  2e+07  4e-07
0.0775  1355.25  -29.0548 0.00166434  2e+07  4e-07
0.08  1374.05  -27.696 0.00166434  2e+07  4e-07
0.0825  1390.51  -26.2784 0.00166434  2e+07  4e-07
0.085  1404.94  -24.8202 0.00166434  2e+07  4e-07
0.0875  1417.59  -23.3379 0.00166434  2e+07  4e-07
0.09  1428.68  -21.8467 0.00166434  2e+07  4e-07
0.0925  1438.39  -20.3603 0.00166434  2e+07  4e-07
0.095  1446.88  -18.8914 0.00166434  2e+07  4e-07
0.0975  1454.3  -17.451 0.00166434  2e+07  4e-07
0.1  1460.77  -16.0492 0.00166434  2e+07  4e-07
0.1025  1466.4  -14.6945 0.00166434  2e+07  4e-07
0.105  1471.3  -13.3943 0.00166434  2e+07  4e-07
0.1075  1475.54  -12.1545 0.00166434  2e+07  4e-07
0.11  1479.21  -10.9801 0.00166434  2e+07  4e-07
0.1125  1482.38  -9.87454 0.00166434  2e+07  4e-07
0.115  1485.1  -8.84038 0.00166434  2e+07  4e-07
0.1175  1487.44  -7.87894 0.00166434  2e+07  4e-07
0.12  1489.44  -6.99057 0.00166434  2e+07  4e-07
0.1225  1491.15  -6.17464 0.00166434  2e+07  4e-07
0.125  1492.6  -5.42972 0.00166434  2e+07  4e-07
0.1275  1493.83  -4.75363 0.00166434  2e+07  4e-07
0.13  1494.87  -4.14356 0.00166434  2e+07  4e-07
0.1325  1495.74  -3.59621 0.00166434  2e+07  4e-07
0.135  1496.48  -3.1079 0.00166434  2e+07  4e-07
0.1375  1497.1  -2.67465 0.00166434  2e+07  4e-07
0.14  1497.61  -2.29234 0.00166434  2e+07  4e-07
0.1425  1498.04  -1.95675 0.00166434  2e+07  4e-07
0.145  1498.4  -1.6637 0.00166434  2e+07  4e-07
0.1475  1498.69  -1.40907 0.00166434  2e+07  4e-07
0.15  1498.93  -1.18892 0.00166434  2e+07  4e-07
0.1525  1499.13  -0.999472 0.00166434  2e+07  4e-07
0.155  1499.3  -0.837204 0.00166434  2e+07  4e-07
0.1575  1499.43  -0.698836 0.00166434  2e+07  4e-07
0.16  1499.54  -0.58136 0.00166434  2e+07  4e-07
0.1625  1499.63  -0.482041 0.00166434  2e+07  4e-07
0.165  1499.7  -0.398412 0.00166434  2e+07  4e-07
0.1675  1499.76  -0.328271 0.00166434  2e+07  4e-07
0.17  1499.81  -0.269665 0.00166434  2e+07  4e-07
0.1725  1499.85  -0.220878 0.00166434  2e+07  4e-07
0.175  1499.88  -0.180406 0.00166434  2e+07  4e-07
0.1775  1499.9  -0.146948 0.00166434  2e+07  4e-07
0.18  1499.92  -0.119379 0.00166434  2e+07  4e-07
0.1825  1499.94  -0.0967344 0.00166434  2e+07  4e-07
0.185  1499.95  -0.0781911 0.00166434  2e+07  4e-07
0.1875  1499.96  -0.0630512 0.00166434  2e+07  4e-07
0.19  1499.97  -0.0507252 0.00166434  2e+07  4e-07
0.1925  1499.98  -0.0407175 0.00166434  2e+07  4e-07
0.195  1499.98  -0.0326134 0.00166434  2e+07  4e-07
0.1975  1499.99  -0.0260676 0.00166434  2e+07  4e-07
0.2  1499.99  -0.0207933 0.00166434  2e+07  4e-07
0.2025  1499.99  -0.0165536 0.00166434  2e+07  4e-07
0.205  1499.99  -0.0131531 0.00166434  2e+07  4e-07
0.2075  1499.99  -0.0104317 0.00166434  2e+07  4e-07
0.21  1500  -0.00825832 0.00166434  2e+07  4e-07
0.2125  1500  -0.00652593 0.00166434  2e+07  4e-07
0.215  1500  -0.00514763 0.00166434  2e+07  4e-07
0.2175  1500  -0.00405292 0.00166434  2e+07  4e-07
0.22  1500  -0.00318474 0.00166434  2e+07  4e-07
0.2225  1500  -0.00249709 0.00166434  2e+07  4e-07
0.225  1500  -0.0019529 0.00166434  2e+07  4e-07
0.2275  1500  -0.00152236 0.00166434  2e+07  4e-07
0.23  1500  -0.00118154 0.00166434  2e+07  4e-07
0.2325  1500  -0.000911213 0.00166434  2e+07  4e-07
0.235  1500  -0.000695923 0.00166434  2e+07  4e-07
0.2375  1500  -0.000523211 0.00166434  2e+07  4e-07
0.24  1500  -0.000382972 0.00166434  2e+07  4e-07
0.2425  1500  -0.000266932 0.00166434  2e+07  4e-07
0.245  1500  -0.00016821 0.00166434  2e+07  4e-07
0.2475  1500  -8.09477e-05 0.00166434  2e+07  4e-07
0.25  1500  0  0.00166434  2e+07  4e-07
