TITLE="Graphics"
VARIABLES= "rj, m", "T, K", "dT/dt", "Lambda, Watt/m*K", "Cp, J/kg*K", "rho, kg/m^3"
0  300  -1.27927e-25  0.0061001  4.18e+07  0.00098
0.0025  300  -7.6747e-25  0.0061001  4.18e+07  0.00098
0.005  300  -1.06272e-23  0.0061001  4.18e+07  0.00098
0.0075  300  -1.98627e-22  0.0061001  4.18e+07  0.00098
0.01  300  -4.00342e-21  0.0061001  4.18e+07  0.00098
0.0125  300  -8.12456e-20  0.0061001  4.18e+07  0.00098
0.015  300  -1.59173e-18  0.0061001  4.18e+07  0.00098
0.0175  300  -2.49667e-17  0.0061001  4.18e+07  0.00098
0.02  300  3.59931e-16  0.0061001  4.18e+07  0.00098
0.0225  300  6.0552e-14  0.0061001  4.18e+07  0.00098
0.025  300  2.19572e-12  0.0061001  4.18e+07  0.00098
0.0275  300  7.63083e-11  0.0061001  4.18e+07  0.00098
0.03  300  2.47224e-09  0.0061001  4.18e+07  0.00098
0.0325  300  7.32892e-08  0.0061001  4.18e+07  0.00098
0.035  300  1.93924e-06  0.0061001  4.18e+07  0.00098
0.0375  300  4.42301e-05  0.0061001  4.18e+07  0.00098
0.04  300.002  0.000825803  0.0061001  4.18e+07  0.00098
0.0425  300.035  0.0116068  0.0061001  4.18e+07  0.00098
0.045  300.523  0.104364  0.0061001  4.18e+07  0.00098
0.0475  305.1  0.366682  0.0061001  4.18e+07  0.00098
0.04875  314.063 -0.23996 0.00631874  4.18e+07  0.00098
0.04875  314.063 -0.23996 0.000195629  4.18e+07  0.00098
0.05  666.021  -12.6535 0.00166434  2e+07  4e-07
0.0525  796.512  -13.1606 0.00166434  2e+07  4e-07
0.055  892.447  -13.6402 0.00166434  2e+07  4e-07
0.0575  968.119  -14.0102 0.00166434  2e+07  4e-07
0.06  1030.19  -14.2675 0.00166434  2e+07  4e-07
0.0625  1082.39  -14.423 0.00166434  2e+07  4e-07
0.065  1127.07  -14.4888 0.00166434  2e+07  4e-07
0.0675  1165.79  -14.4764 0.00166434  2e+07  4e-07
0.07  1199.68  -14.3955 0.00166434  2e+07  4e-07
0.0725  1229.58  -14.2551 0.00166434  2e+07  4e-07
0.075  1256.1  -14.0626 0.00166434  2e+07  4e-07
0.0775  1279.76  -13.8247 0.00166434  2e+07  4e-07
0.08  1300.94  -13.5475 0.00166434  2e+07  4e-07
0.0825  1319.96  -13.2362 0.00166434  2e+07  4e-07
0.085  1337.1  -12.8956 0.00166434  2e+07  4e-07
0.0875  1352.57  -12.5303 0.00166434  2e+07  4e-07
0.09  1366.57  -12.1442 0.00166434  2e+07  4e-07
0.0925  1379.24  -11.741 0.00166434  2e+07  4e-07
0.095  1390.73  -11.3242 0.00166434  2e+07  4e-07
0.0975  1401.16  -10.8968 0.00166434  2e+07  4e-07
0.1  1410.64  -10.4619 0.00166434  2e+07  4e-07
0.1025  1419.25  -10.022 0.00166434  2e+07  4e-07
0.105  1427.07  -9.57963 0.00166434  2e+07  4e-07
0.1075  1434.18  -9.1371 0.00166434  2e+07  4e-07
0.11  1440.64  -8.69644 0.00166434  2e+07  4e-07
0.1125  1446.52  -8.25957 0.00166434  2e+07  4e-07
0.115  1451.85  -7.82821 0.00166434  2e+07  4e-07
0.1175  1456.69  -7.4039 0.00166434  2e+07  4e-07
0.12  1461.09  -6.98805 0.00166434  2e+07  4e-07
0.1225  1465.08  -6.58189 0.00166434  2e+07  4e-07
0.125  1468.69  -6.18653 0.00166434  2e+07  4e-07
0.1275  1471.96  -5.8029 0.00166434  2e+07  4e-07
0.13  1474.92  -5.43182 0.00166434  2e+07  4e-07
0.1325  1477.59  -5.07398 0.00166434  2e+07  4e-07
0.135  1480  -4.72993 0.00166434  2e+07  4e-07
0.1375  1482.18  -4.4001 0.00166434  2e+07  4e-07
0.14  1484.14  -4.08482 0.00166434  2e+07  4e-07
0.1425  1485.9  -3.78431 0.00166434  2e+07  4e-07
0.145  1487.48  -3.49867 0.00166434  2e+07  4e-07
0.1475  1488.9  -3.22794 0.00166434  2e+07  4e-07
0.15  1490.17  -2.97203 0.00166434  2e+07  4e-07
0.1525  1491.31  -2.7308 0.00166434  2e+07  4e-07
0.155  1492.33  -2.50402 0.00166434  2e+07  4e-07
0.1575  1493.24  -2.2914 0.00166434  2e+07  4e-07
0.16  1494.04  -2.09259 0.00166434  2e+07  4e-07
0.1625  1494.76  -1.90718 0.00166434  2e+07  4e-07
0.165  1495.4  -1.73472 0.00166434  2e+07  4e-07
0.1675  1495.97  -1.57471 0.00166434  2e+07  4e-07
0.17  1496.47  -1.42664 0.00166434  2e+07  4e-07
0.1725  1496.91  -1.28997 0.00166434  2e+07  4e-07
0.175  1497.3  -1.16412 0.00166434  2e+07  4e-07
0.1775  1497.65  -1.04853 0.00166434  2e+07  4e-07
0.18  1497.95  -0.942608 0.00166434  2e+07  4e-07
0.1825  1498.22  -0.845784 0.00166434  2e+07  4e-07
0.185  1498.45  -0.757479 0.00166434  2e+07  4e-07
0.1875  1498.66  -0.677126 0.00166434  2e+07  4e-07
0.19  1498.83  -0.60417 0.00166434  2e+07  4e-07
0.1925  1498.99  -0.538073 0.00166434  2e+07  4e-07
0.195  1499.13  -0.478314 0.00166434  2e+07  4e-07
0.1975  1499.25  -0.424393 0.00166434  2e+07  4e-07
0.2  1499.35  -0.375833 0.00166434  2e+07  4e-07
0.2025  1499.44  -0.332181 0.00166434  2e+07  4e-07
0.205  1499.52  -0.293006 0.00166434  2e+07  4e-07
0.2075  1499.59  -0.257903 0.00166434  2e+07  4e-07
0.21  1499.65  -0.226491 0.00166434  2e+07  4e-07
0.2125  1499.7  -0.198416 0.00166434  2e+07  4e-07
0.215  1499.74  -0.173344 0.00166434  2e+07  4e-07
0.2175  1499.78  -0.150966 0.00166434  2e+07  4e-07
0.22  1499.81  -0.130997 0.00166434  2e+07  4e-07
0.2225  1499.84  -0.113171 0.00166434  2e+07  4e-07
0.225  1499.87  -0.0972413 0.00166434  2e+07  4e-07
0.2275  1499.89  -0.0829828 0.00166434  2e+07  4e-07
0.23  1499.91  -0.070186 0.00166434  2e+07  4e-07
0.2325  1499.92  -0.0586578 0.00166434  2e+07  4e-07
0.235  1499.94  -0.0482198 0.00166434  2e+07  4e-07
0.2375  1499.95  -0.0387069 0.00166434  2e+07  4e-07
0.24  1499.96  -0.029966 0.00166434  2e+07  4e-07
0.2425  1499.97  -0.0218544 0.00166434  2e+07  4e-07
0.245  1499.98  -0.0142387 0.00166434  2e+07  4e-07
0.2475  1499.99  -0.00699347 0.00166434  2e+07  4e-07
0.25  1500  0  0.00166434  2e+07  4e-07
