TITLE="Graphics"
VARIABLES= "rj, cm", "T, K", "dT/dt", "Lambda, Watt/cm*K", "Cp, J/kg*K", "rho, kg/cm^3", "u_r, cm/s" 
0  372.99  0.00768636  0.00679046  4221.65  0.00098 0
0.0025  372.996  0.0201491  0.00679048  4221.66  0.00098 0
0.005  372.998  0.0104063  0.00679048  4221.66  0.00098 0
0.0075  372.999  0.00250673  0.00679048  4221.66  0.00098 0
0.01  372.995  0.00176826  0.00679047  4221.66  0.00098 0
0.0125  372.993  0.00136798  0.00679047  4221.66  0.00098 0
0.015  372.991  0.00121611  0.00679046  4221.66  0.00098 0
0.0175  372.99  0.0012081  0.00679046  4221.65  0.00098 0
0.02  372.99  0.00123702  0.00679046  4221.65  0.00098 0
0.0225  372.988  0.00264689  0.00679045  4221.65  0.00098 0
0.025  372.987  0.00425201  0.00679045  4221.65  0.00098 0
0.0275  372.987  0.00233175  0.00679045  4221.65  0.00098 0
0.03  372.988  0.00887503  0.00679045  4221.65  0.00098 0
0.0325  372.993  0.0269379  0.00679047  4221.66  0.00098 0
0.035  372.994  0.0105495  0.00679047  4221.66  0.00098 0
0.0375  372.996  0.000230586  0.00679047  4221.66  0.00098 0
0.04  372.967  0.00166026  0.00679038  4221.62  0.00098 0
0.0425  372.945  0.0127424  0.00679031  4221.6  0.00098 0
0.045  372.928  0.0316123  0.00679026  4221.57  0.00098 0
0.0470494  372.907  3.91166e-11  0.00679019  4221.55  0.00098 0
0.0475  411.716 1.70804 0.000274579  1909.13  5.25825e-07 12.7275
0.0475  411.716 1.70804 0.000274579  1909.13  5.25825e-07 12.7275
0.05  533.628  1.10882  0.000391949  1976.44  4.05695e-07 42.2907
0.0525  624.89  0.804966  0.000490381  2033.68  3.46445e-07 38.3589
0.055  698.221  0.621547  0.00057476  2082.24  3.1006e-07 34.951
0.0575  759.54  0.49911  0.000648391  2124.03  2.85028e-07 31.9779
0.06  812.138  0.411949  0.000713505  2160.48  2.66568e-07 29.3686
0.0625  858.069  0.347053  0.000771684  2192.61  2.52299e-07 27.0661
0.065  898.714  0.297092  0.000824099  2221.19  2.40889e-07 25.0241
0.0675  935.057  0.257606  0.000871643  2246.8  2.31526e-07 23.2048
0.07  967.825  0.225719  0.000915019  2269.89  2.23687e-07 21.5769
0.0725  997.575  0.199493  0.000954789  2290.83  2.17016e-07 20.1145
0.075  1024.74  0.177574  0.000991411  2309.9  2.11263e-07 18.7959
0.0775  1049.68  0.158988  0.00102526  2327.36  2.06244e-07 17.6028
0.08  1072.67  0.143017  0.00105666  2343.38  2.01824e-07 16.5198
0.0825  1093.94  0.129124  0.00108588  2358.16  1.97899e-07 15.5338
0.085  1113.7  0.116897  0.00111314  2371.82  1.94388e-07 14.6335
0.0875  1132.11  0.106015  0.00113865  2384.48  1.91228e-07 13.8092
0.09  1149.3  0.0962281  0.00116256  2396.26  1.88367e-07 13.0527
0.0925  1165.41  0.0873363  0.00118503  2407.23  1.85763e-07 12.3567
0.095  1180.53  0.0791794  0.0012062  2417.49  1.83384e-07 11.7149
0.0975  1194.75  0.0716275  0.00122616  2427.09  1.81201e-07 11.1218
0.1  1208.17  0.0645744  0.00124503  2436.09  1.79189e-07 10.5727
0.1025  1220.83  0.0579327  0.00126289  2444.55  1.7733e-07 10.0632
0.105  1232.82  0.0516299  0.00127983  2452.52  1.75606e-07 9.58973
0.1075  1244.18  0.045448  0.00129591  2460.04  1.74002e-07 9.14889
0.11  1254.96  0.0399462  0.0013112  2467.14  1.72508e-07 8.73775
0.1125  1265.21  0.0349153  0.00132576  2473.86  1.7111e-07 8.35372
0.115  1274.96  0.0303078  0.00133963  2480.22  1.69801e-07 7.99447
0.1175  1284.26  0.0260828  0.00135287  2486.26  1.68572e-07 7.6579
0.12  1293.13  0.022205  0.00136552  2491.99  1.67416e-07 7.34214
0.1225  1301.6  0.0186439  0.00137762  2497.45  1.66326e-07 7.04552
0.125  1309.7  0.0153728  0.00138921  2502.64  1.65297e-07 6.76652
0.1275  1317.46  0.0123683  0.00140031  2507.59  1.64324e-07 6.50376
0.13  1324.89  0.00960968  0.00141095  2512.31  1.63402e-07 6.25602
0.1325  1332.02  0.00707881  0.00142117  2516.82  1.62528e-07 6.02218
0.135  1338.86  0.00475943  0.00143099  2521.14  1.61697e-07 5.8012
0.1375  1345.44  0.00263704  0.00144044  2525.27  1.60907e-07 5.59216
0.14  1351.76  0.000698614  0.00144952  2529.22  1.60155e-07 5.39423
0.1425  1357.84  -0.00106761  0.00145828  2533.01  1.59437e-07 5.20661
0.145  1363.7  -0.00267231  0.00146671  2536.65  1.58752e-07 5.02862
0.1475  1369.34  -0.00412521  0.00147484  2540.14  1.58098e-07 4.85961
0.15  1374.79  -0.00543521  0.00148269  2543.5  1.57472e-07 4.69897
0.1525  1380.04  -0.00661052  0.00149027  2546.73  1.56872e-07 4.54617
0.155  1385.12  -0.00765873  0.00149759  2549.83  1.56297e-07 4.4007
0.1575  1390.02  -0.00858688  0.00150467  2552.83  1.55746e-07 4.2621
0.16  1394.76  -0.00940155  0.00151152  2555.71  1.55217e-07 4.12995
0.1625  1399.35  -0.0101089  0.00151815  2558.49  1.54708e-07 4.00386
0.165  1403.79  -0.0107147  0.00152456  2561.17  1.54219e-07 3.88345
0.1675  1408.08  -0.0112246  0.00153078  2563.76  1.53748e-07 3.76839
0.17  1412.25  -0.0116436  0.00153681  2566.27  1.53295e-07 3.65837
0.1725  1416.29  -0.0119767  0.00154266  2568.69  1.52857e-07 3.5531
0.175  1420.2  -0.0122287  0.00154833  2571.02  1.52436e-07 3.4523
0.1775  1424  -0.012404  0.00155384  2573.29  1.52029e-07 3.35574
0.18  1427.69  -0.0125071  0.00155918  2575.48  1.51636e-07 3.26317
0.1825  1431.28  -0.012542  0.00156438  2577.6  1.51257e-07 3.17438
0.185  1434.76  -0.0125129  0.00156943  2579.66  1.5089e-07 3.08917
0.1875  1438.14  -0.0124237  0.00157434  2581.65  1.50535e-07 3.00734
0.19  1441.43  -0.012278  0.00157912  2583.59  1.50191e-07 2.92872
0.1925  1444.64  -0.0120796  0.00158376  2585.46  1.49858e-07 2.85314
0.195  1447.75  -0.011832  0.00158829  2587.28  1.49535e-07 2.78046
0.1975  1450.79  -0.0115387  0.0015927  2589.05  1.49223e-07 2.71051
0.2  1453.74  -0.0112029  0.00159699  2590.77  1.48919e-07 2.64317
0.2025  1456.62  -0.0108281  0.00160117  2592.44  1.48625e-07 2.57831
0.205  1459.42  -0.0104172  0.00160525  2594.07  1.4834e-07 2.51581
0.2075  1462.16  -0.00997351  0.00160922  2595.65  1.48062e-07 2.45555
0.21  1464.83  -0.00949992  0.0016131  2597.19  1.47793e-07 2.39743
0.2125  1467.43  -0.00899937  0.00161689  2598.68  1.47531e-07 2.34136
0.215  1469.97  -0.0084747  0.00162058  2600.14  1.47276e-07 2.28722
0.2175  1472.44  -0.00792867  0.00162419  2601.56  1.47028e-07 2.23494
0.22  1474.86  -0.00736398  0.00162771  2602.94  1.46787e-07 2.18444
0.2225  1477.23  -0.00678322  0.00163115  2604.29  1.46552e-07 2.13563
0.225  1479.54  -0.00618892  0.00163451  2605.61  1.46323e-07 2.08843
0.2275  1481.79  -0.00558353  0.0016378  2606.89  1.461e-07 2.04278
0.23  1484  -0.00496942  0.00164101  2608.14  1.45883e-07 1.99862
0.2325  1486.15  -0.00434888  0.00164415  2609.36  1.45672e-07 1.95587
0.235  1488.26  -0.00372411  0.00164723  2610.55  1.45465e-07 1.91447
0.2375  1490.32  -0.00309724  0.00165023  2611.72  1.45264e-07 1.87438
0.24  1492.34  -0.00247032  0.00165318  2612.85  1.45067e-07 1.83554
0.2425  1494.32  -0.0018453  0.00165606  2613.96  1.44876e-07 1.79788
0.245  1496.25  -0.00122406  0.00165888  2615.05  1.44688e-07 1.76138
0.2475  1498.15  -0.000608396  0.00166164  2616.11  1.44505e-07 1.72598
0.25  1500  0  0.00166434  2617.15  1.44327e-07 1.69163
