TITLE="Graphics"
VARIABLES= "rj, m", "T, K", "dT/dt", "Lambda, Watt/m*K", "Cp, J/kg*K", "rho, kg/m^3"
0  300  -8.12638e-27  0.0061001  4.18e+07  0.00098
0.0025  300  -6.14439e-26  0.0061001  4.18e+07  0.00098
0.005  300  -1.122e-24  0.0061001  4.18e+07  0.00098
0.0075  300  -2.84807e-23  0.0061001  4.18e+07  0.00098
0.01  300  -7.97894e-22  0.0061001  4.18e+07  0.00098
0.0125  300  -2.26604e-20  0.0061001  4.18e+07  0.00098
0.015  300  -6.06902e-19  0.0061001  4.18e+07  0.00098
0.0175  300  -1.32447e-17  0.0061001  4.18e+07  0.00098
0.02  300  -8.32834e-17  0.0061001  4.18e+07  0.00098
0.0225  300  1.61418e-14  0.0061001  4.18e+07  0.00098
0.025  300  6.74962e-13  0.0061001  4.18e+07  0.00098
0.0275  300  2.64211e-11  0.0061001  4.18e+07  0.00098
0.03  300  9.73739e-10  0.0061001  4.18e+07  0.00098
0.0325  300  3.30693e-08  0.0061001  4.18e+07  0.00098
0.035  300  1.00774e-06  0.0061001  4.18e+07  0.00098
0.0375  300  2.65783e-05  0.0061001  4.18e+07  0.00098
0.04  300.001  0.000575742  0.0061001  4.18e+07  0.00098
0.0425  300.024  0.00941881  0.0061001  4.18e+07  0.00098
0.045  300.416  0.0989765  0.0061001  4.18e+07  0.00098
0.0475  304.695  0.409847  0.0061001  4.18e+07  0.00098
0.04875  314.365 -0.343004 0.00632295  4.18e+07  0.00098
0.04875  314.365 -0.343004 0.000195848  4.18e+07  0.00098
0.05  680.792  -15.7536 0.00166434  2e+07  4e-07
0.0525  811.835  -16.2988 0.00166434  2e+07  4e-07
0.055  908.294  -16.8207 0.00166434  2e+07  4e-07
0.0575  984.363  -17.211 0.00166434  2e+07  4e-07
0.06  1046.7  -17.4633 0.00166434  2e+07  4e-07
0.0625  1099.05  -17.5896 0.00166434  2e+07  4e-07
0.065  1143.77  -17.6046 0.00166434  2e+07  4e-07
0.0675  1182.44  -17.5224 0.00166434  2e+07  4e-07
0.07  1216.21  -17.3553 0.00166434  2e+07  4e-07
0.0725  1245.9  -17.1145 0.00166434  2e+07  4e-07
0.075  1272.17  -16.8096 0.00166434  2e+07  4e-07
0.0775  1295.52  -16.4493 0.00166434  2e+07  4e-07
0.08  1316.34  -16.0414 0.00166434  2e+07  4e-07
0.0825  1334.98  -15.593 0.00166434  2e+07  4e-07
0.085  1351.69  -15.1105 0.00166434  2e+07  4e-07
0.0875  1366.71  -14.5998 0.00166434  2e+07  4e-07
0.09  1380.23  -14.0662 0.00166434  2e+07  4e-07
0.0925  1392.41  -13.5149 0.00166434  2e+07  4e-07
0.095  1403.39  -12.9502 0.00166434  2e+07  4e-07
0.0975  1413.31  -12.3766 0.00166434  2e+07  4e-07
0.1  1422.26  -11.798 0.00166434  2e+07  4e-07
0.1025  1430.34  -11.2178 0.00166434  2e+07  4e-07
0.105  1437.63  -10.6394 0.00166434  2e+07  4e-07
0.1075  1444.22  -10.0658 0.00166434  2e+07  4e-07
0.11  1450.16  -9.49975 0.00166434  2e+07  4e-07
0.1125  1455.52  -8.94359 0.00166434  2e+07  4e-07
0.115  1460.35  -8.39951 0.00166434  2e+07  4e-07
0.1175  1464.7  -7.86944 0.00166434  2e+07  4e-07
0.12  1468.61  -7.35503 0.00166434  2e+07  4e-07
0.1225  1472.13  -6.8577 0.00166434  2e+07  4e-07
0.125  1475.29  -6.37864 0.00166434  2e+07  4e-07
0.1275  1478.12  -5.91881 0.00166434  2e+07  4e-07
0.13  1480.65  -5.47898 0.00166434  2e+07  4e-07
0.1325  1482.92  -5.0597 0.00166434  2e+07  4e-07
0.135  1484.95  -4.66134 0.00166434  2e+07  4e-07
0.1375  1486.75  -4.28412 0.00166434  2e+07  4e-07
0.14  1488.36  -3.92806 0.00166434  2e+07  4e-07
0.1425  1489.79  -3.59305 0.00166434  2e+07  4e-07
0.145  1491.06  -3.27884 0.00166434  2e+07  4e-07
0.1475  1492.18  -2.98507 0.00166434  2e+07  4e-07
0.15  1493.18  -2.71126 0.00166434  2e+07  4e-07
0.1525  1494.05  -2.45683 0.00166434  2e+07  4e-07
0.155  1494.83  -2.22114 0.00166434  2e+07  4e-07
0.1575  1495.51  -2.00345 0.00166434  2e+07  4e-07
0.16  1496.1  -1.80298 0.00166434  2e+07  4e-07
0.1625  1496.63  -1.61892 0.00166434  2e+07  4e-07
0.165  1497.09  -1.45042 0.00166434  2e+07  4e-07
0.1675  1497.48  -1.29658 0.00166434  2e+07  4e-07
0.17  1497.83  -1.15654 0.00166434  2e+07  4e-07
0.1725  1498.14  -1.02941 0.00166434  2e+07  4e-07
0.175  1498.4  -0.914311 0.00166434  2e+07  4e-07
0.1775  1498.63  -0.810382 0.00166434  2e+07  4e-07
0.18  1498.82  -0.716785 0.00166434  2e+07  4e-07
0.1825  1499  -0.632709 0.00166434  2e+07  4e-07
0.185  1499.14  -0.557376 0.00166434  2e+07  4e-07
0.1875  1499.27  -0.490041 0.00166434  2e+07  4e-07
0.19  1499.38  -0.43 0.00166434  2e+07  4e-07
0.1925  1499.47  -0.376586 0.00166434  2e+07  4e-07
0.195  1499.55  -0.329176 0.00166434  2e+07  4e-07
0.1975  1499.62  -0.287186 0.00166434  2e+07  4e-07
0.2  1499.68  -0.250075 0.00166434  2e+07  4e-07
0.2025  1499.73  -0.217341 0.00166434  2e+07  4e-07
0.205  1499.77  -0.188523 0.00166434  2e+07  4e-07
0.2075  1499.81  -0.163197 0.00166434  2e+07  4e-07
0.21  1499.84  -0.140975 0.00166434  2e+07  4e-07
0.2125  1499.86  -0.121505 0.00166434  2e+07  4e-07
0.215  1499.89  -0.104465 0.00166434  2e+07  4e-07
0.2175  1499.9  -0.0895663 0.00166434  2e+07  4e-07
0.22  1499.92  -0.0765448 0.00166434  2e+07  4e-07
0.2225  1499.93  -0.0651641 0.00166434  2e+07  4e-07
0.225  1499.94  -0.055211 0.00166434  2e+07  4e-07
0.2275  1499.95  -0.0464935 0.00166434  2e+07  4e-07
0.23  1499.96  -0.0388391 0.00166434  2e+07  4e-07
0.2325  1499.97  -0.0320924 0.00166434  2e+07  4e-07
0.235  1499.98  -0.0261132 0.00166434  2e+07  4e-07
0.2375  1499.98  -0.0207752 0.00166434  2e+07  4e-07
0.24  1499.99  -0.0159633 0.00166434  2e+07  4e-07
0.2425  1499.99  -0.0115727 0.00166434  2e+07  4e-07
0.245  1499.99  -0.00750725 0.00166434  2e+07  4e-07
0.2475  1500  -0.00367755 0.00166434  2e+07  4e-07
0.25  1500  0  0.00166434  2e+07  4e-07
