TITLE="Graphics"
VARIABLES= "rj, m", "T, K", "dT/dt", "Lambda, Watt/m*K", "Cp, J/kg*K", "rho, kg/m^3"
0  300  -1.4727e-33  0.0061001  4.18e+07  0.00098
0.0025  300  -2.39466e-32  0.0061001  4.18e+07  0.00098
0.005  300  -9.67588e-31  0.0061001  4.18e+07  0.00098
0.0075  300  -5.36921e-29  0.0061001  4.18e+07  0.00098
0.01  300  -3.24793e-27  0.0061001  4.18e+07  0.00098
0.0125  300  -1.98937e-25  0.0061001  4.18e+07  0.00098
0.015  300  -1.19369e-23  0.0061001  4.18e+07  0.00098
0.0175  300  -6.98327e-22  0.0061001  4.18e+07  0.00098
0.02  300  -4.10422e-20  0.0061001  4.18e+07  0.00098
0.0225  300  -2.40145e-18  0.0061001  4.18e+07  0.00098
0.025  300  -5.48149e-17  0.0061001  4.18e+07  0.00098
0.0275  300  3.72822e-14  0.0061001  4.18e+07  0.00098
0.03  300  3.32639e-12  0.0061001  4.18e+07  0.00098
0.0325  300  2.72105e-10  0.0061001  4.18e+07  0.00098
0.035  300  1.9964e-08  0.0061001  4.18e+07  0.00098
0.0375  300  1.26711e-06  0.0061001  4.18e+07  0.00098
0.04  300  6.60234e-05  0.0061001  4.18e+07  0.00098
0.0425  300.003  0.00259666  0.0061001  4.18e+07  0.00098
0.045  300.108  0.0657444  0.0061001  4.18e+07  0.00098
0.0475  302.807  0.679204  0.0061001  4.18e+07  0.00098
0.04875  316.929 -1.41895 0.00635785  4.18e+07  0.00098
0.04875  316.929 -1.41895 0.000197714  4.18e+07  0.00098
0.05  778.268  -48.9387 0.00166434  2e+07  4e-07
0.0525  911.3  -49.2748 0.00166434  2e+07  4e-07
0.055  1009.68  -49.5401 0.00166434  2e+07  4e-07
0.0575  1086.88  -49.3919 0.00166434  2e+07  4e-07
0.06  1149.5  -48.8062 0.00166434  2e+07  4e-07
0.0625  1201.36  -47.8257 0.00166434  2e+07  4e-07
0.065  1244.9  -46.5065 0.00166434  2e+07  4e-07
0.0675  1281.8  -44.9048 0.00166434  2e+07  4e-07
0.07  1313.28  -43.0731 0.00166434  2e+07  4e-07
0.0725  1340.27  -41.0592 0.00166434  2e+07  4e-07
0.075  1363.47  -38.9065 0.00166434  2e+07  4e-07
0.0775  1383.45  -36.6541 0.00166434  2e+07  4e-07
0.08  1400.68  -34.3374 0.00166434  2e+07  4e-07
0.0825  1415.53  -31.9879 0.00166434  2e+07  4e-07
0.085  1428.33  -29.6341 0.00166434  2e+07  4e-07
0.0875  1439.35  -27.3013 0.00166434  2e+07  4e-07
0.09  1448.81  -25.0118 0.00166434  2e+07  4e-07
0.0925  1456.93  -22.7854 0.00166434  2e+07  4e-07
0.095  1463.87  -20.6392 0.00166434  2e+07  4e-07
0.0975  1469.79  -18.5876 0.00166434  2e+07  4e-07
0.1  1474.83  -16.6425 0.00166434  2e+07  4e-07
0.1025  1479.1  -14.8136 0.00166434  2e+07  4e-07
0.105  1482.71  -13.1076 0.00166434  2e+07  4e-07
0.1075  1485.74  -11.5292 0.00166434  2e+07  4e-07
0.11  1488.29  -10.0806 0.00166434  2e+07  4e-07
0.1125  1490.41  -8.76165 0.00166434  2e+07  4e-07
0.115  1492.18  -7.5703 0.00166434  2e+07  4e-07
0.1175  1493.65  -6.50264 0.00166434  2e+07  4e-07
0.12  1494.86  -5.55325 0.00166434  2e+07  4e-07
0.1225  1495.85  -4.71544 0.00166434  2e+07  4e-07
0.125  1496.66  -3.98161 0.00166434  2e+07  4e-07
0.1275  1497.33  -3.34354 0.00166434  2e+07  4e-07
0.13  1497.87  -2.79268 0.00166434  2e+07  4e-07
0.1325  1498.3  -2.32037 0.00166434  2e+07  4e-07
0.135  1498.65  -1.91814 0.00166434  2e+07  4e-07
0.1375  1498.93  -1.57779 0.00166434  2e+07  4e-07
0.14  1499.16  -1.29161 0.00166434  2e+07  4e-07
0.1425  1499.34  -1.05242 0.00166434  2e+07  4e-07
0.145  1499.48  -0.853675 0.00166434  2e+07  4e-07
0.1475  1499.6  -0.689455 0.00166434  2e+07  4e-07
0.15  1499.68  -0.554491 0.00166434  2e+07  4e-07
0.1525  1499.76  -0.444145 0.00166434  2e+07  4e-07
0.155  1499.81  -0.354372 0.00166434  2e+07  4e-07
0.1575  1499.85  -0.281684 0.00166434  2e+07  4e-07
0.16  1499.89  -0.223097 0.00166434  2e+07  4e-07
0.1625  1499.91  -0.176082 0.00166434  2e+07  4e-07
0.165  1499.93  -0.138511 0.00166434  2e+07  4e-07
0.1675  1499.95  -0.108607 0.00166434  2e+07  4e-07
0.17  1499.96  -0.0848971 0.00166434  2e+07  4e-07
0.1725  1499.97  -0.066167 0.00166434  2e+07  4e-07
0.175  1499.98  -0.0514227 0.00166434  2e+07  4e-07
0.1775  1499.98  -0.0398551 0.00166434  2e+07  4e-07
0.18  1499.99  -0.030809 0.00166434  2e+07  4e-07
0.1825  1499.99  -0.0237564 0.00166434  2e+07  4e-07
0.185  1499.99  -0.0182741 0.00166434  2e+07  4e-07
0.1875  1499.99  -0.0140246 0.00166434  2e+07  4e-07
0.19  1500  -0.0107395 0.00166434  2e+07  4e-07
0.1925  1500  -0.00820647 0.00166434  2e+07  4e-07
0.195  1500  -0.00625811 0.00166434  2e+07  4e-07
0.1975  1500  -0.00476301 0.00166434  2e+07  4e-07
0.2  1500  -0.00361831 0.00166434  2e+07  4e-07
0.2025  1500  -0.00274377 0.00166434  2e+07  4e-07
0.205  1500  -0.00207701 0.00166434  2e+07  4e-07
0.2075  1500  -0.00156966 0.00166434  2e+07  4e-07
0.21  1500  -0.00118433 0.00166434  2e+07  4e-07
0.2125  1500  -0.000892202 0.00166434  2e+07  4e-07
0.215  1500  -0.000671106 0.00166434  2e+07  4e-07
0.2175  1500  -0.000504035 0.00166434  2e+07  4e-07
0.22  1500  -0.000377973 0.00166434  2e+07  4e-07
0.2225  1500  -0.000282977 0.00166434  2e+07  4e-07
0.225  1500  -0.000211466 0.00166434  2e+07  4e-07
0.2275  1500  -0.00015767 0.00166434  2e+07  4e-07
0.23  1500  -0.000117202 0.00166434  2e+07  4e-07
0.2325  1500  -8.67274e-05 0.00166434  2e+07  4e-07
0.235  1500  -6.37133e-05 0.00166434  2e+07  4e-07
0.2375  1500  -4.62292e-05 0.00166434  2e+07  4e-07
0.24  1500  -3.27973e-05 0.00166434  2e+07  4e-07
0.2425  1500  -2.22756e-05 0.00166434  2e+07  4e-07
0.245  1500  -1.37667e-05 0.00166434  2e+07  4e-07
0.2475  1500  -6.54526e-06 0.00166434  2e+07  4e-07
0.25  1500  0  0.00166434  2e+07  4e-07
