TITLE="Graphics"
VARIABLES= "rj, m", "T, K", "dT/dt", "Lambda, Watt/m*K", "Cp, J/kg*K", "rho, kg/m^3"
0  300  -8.14776e-55  0.0061001  4.18e+07  0.00098
0.0025  300  -1.51721e-52  0.0061001  4.18e+07  0.00098
0.005  300  -7.46247e-50  0.0061001  4.18e+07  0.00098
0.0075  300  -5.24375e-47  0.0061001  4.18e+07  0.00098
0.01  300  -4.19122e-44  0.0061001  4.18e+07  0.00098
0.0125  300  -3.56264e-41  0.0061001  4.18e+07  0.00098
0.015  300  -3.12359e-38  0.0061001  4.18e+07  0.00098
0.0175  300  -2.77324e-35  0.0061001  4.18e+07  0.00098
0.02  300  -2.4572e-32  0.0061001  4.18e+07  0.00098
0.0225  300  -2.13875e-29  0.0061001  4.18e+07  0.00098
0.025  300  -1.78518e-26  0.0061001  4.18e+07  0.00098
0.0275  300  -1.35575e-23  0.0061001  4.18e+07  0.00098
0.03  300  -7.82364e-21  0.0061001  4.18e+07  0.00098
0.0325  300  7.58635e-19  0.0061001  4.18e+07  0.00098
0.035  300  1.60852e-14  0.0061001  4.18e+07  0.00098
0.0375  300  1.60697e-11  0.0061001  4.18e+07  0.00098
0.04  300  1.38594e-08  0.0061001  4.18e+07  0.00098
0.0425  300  1.01899e-05  0.0061001  4.18e+07  0.00098
0.045  300  0.00565135  0.0061001  4.18e+07  0.00098
0.0475  300.226  1.70907  0.0061001  4.18e+07  0.00098
0.04875  331.984 -34.9723 0.00653205  4.18e+07  0.00098
0.04875  331.984 -34.9723 0.000208914  4.18e+07  0.00098
0.05  1258.28  -1108.66 0.00166434  2e+07  4e-07
0.0525  1367.59  -909.819 0.00166434  2e+07  4e-07
0.055  1430.86  -653.1 0.00166434  2e+07  4e-07
0.0575  1465.79  -419.738 0.00166434  2e+07  4e-07
0.06  1483.95  -246.134 0.00166434  2e+07  4e-07
0.0625  1492.83  -133.822 0.00166434  2e+07  4e-07
0.065  1496.94  -68.3911 0.00166434  2e+07  4e-07
0.0675  1498.74  -33.2356 0.00166434  2e+07  4e-07
0.07  1499.5  -15.5059 0.00166434  2e+07  4e-07
0.0725  1499.8  -6.9998 0.00166434  2e+07  4e-07
0.075  1499.93  -3.07709 0.00166434  2e+07  4e-07
0.0775  1499.97  -1.3241 0.00166434  2e+07  4e-07
0.08  1499.99  -0.560105 0.00166434  2e+07  4e-07
0.0825  1500  -0.233716 0.00166434  2e+07  4e-07
0.085  1500  -0.0964739 0.00166434  2e+07  4e-07
0.0875  1500  -0.0394854 0.00166434  2e+07  4e-07
0.09  1500  -0.0160543 0.00166434  2e+07  4e-07
0.0925  1500  -0.00649432 0.00166434  2e+07  4e-07
0.095  1500  -0.002617 0.00166434  2e+07  4e-07
0.0975  1500  -0.00105155 0.00166434  2e+07  4e-07
0.1  1500  -0.000421647 0.00166434  2e+07  4e-07
0.1025  1500  -0.000168823 0.00166434  2e+07  4e-07
0.105  1500  -6.75277e-05 0.00166434  2e+07  4e-07
0.1075  1500  -2.69936e-05 0.00166434  2e+07  4e-07
0.11  1500  -1.07867e-05 0.00166434  2e+07  4e-07
0.1125  1500  -4.30974e-06 0.00166434  2e+07  4e-07
0.115  1500  -1.72194e-06 0.00166434  2e+07  4e-07
0.1175  1500  -6.88074e-07 0.00166434  2e+07  4e-07
0.12  1500  -2.75e-07 0.00166434  2e+07  4e-07
0.1225  1500  -1.09937e-07 0.00166434  2e+07  4e-07
0.125  1500  -4.39642e-08 0.00166434  2e+07  4e-07
0.1275  1500  -1.75839e-08 0.00166434  2e+07  4e-07
0.13  1500  -7.03541e-09 0.00166434  2e+07  4e-07
0.1325  1500  -2.81724e-09 0.00166434  2e+07  4e-07
0.135  1500  -1.1276e-09 0.00166434  2e+07  4e-07
0.1375  1500  -4.51258e-10 0.00166434  2e+07  4e-07
0.14  1500  -1.80828e-10 0.00166434  2e+07  4e-07
0.1425  1500  -7.18831e-11 0.00166434  2e+07  4e-07
0.145  1500  -2.92413e-11 0.00166434  2e+07  4e-07
0.1475  1500  -1.25156e-11 0.00166434  2e+07  4e-07
0.15  1500  -4.24679e-12 0.00166434  2e+07  4e-07
0.1525  1500  -1.32087e-12 0.00166434  2e+07  4e-07
0.155  1500  -1.26529e-12 0.00166434  2e+07  4e-07
0.1575  1500  -3.81797e-13 0.00166434  2e+07  4e-07
0.16  1500  -1.02688e-13 0.00166434  2e+07  4e-07
0.1625  1500  -2.09259e-14 0.00166434  2e+07  4e-07
0.165  1500  -2.49506e-16 0.00166434  2e+07  4e-07
0.1675  1500  3.17541e-15 0.00166434  2e+07  4e-07
0.17  1500  2.59195e-15 0.00166434  2e+07  4e-07
0.1725  1500  1.57055e-15 0.00166434  2e+07  4e-07
0.175  1500  8.43894e-16 0.00166434  2e+07  4e-07
0.1775  1500  4.24753e-16 0.00166434  2e+07  4e-07
0.18  1500  2.05172e-16 0.00166434  2e+07  4e-07
0.1825  1500  9.63435e-17 0.00166434  2e+07  4e-07
0.185  1500  4.43172e-17 0.00166434  2e+07  4e-07
0.1875  1500  2.00683e-17 0.00166434  2e+07  4e-07
0.19  1500  8.97618e-18 0.00166434  2e+07  4e-07
0.1925  1500  3.97518e-18 0.00166434  2e+07  4e-07
0.195  1500  1.74611e-18 0.00166434  2e+07  4e-07
0.1975  1500  7.61752e-19 0.00166434  2e+07  4e-07
0.2  1500  3.30397e-19 0.00166434  2e+07  4e-07
0.2025  1500  1.42592e-19 0.00166434  2e+07  4e-07
0.205  1500  6.12743e-20 0.00166434  2e+07  4e-07
0.2075  1500  2.62313e-20 0.00166434  2e+07  4e-07
0.21  1500  1.11921e-20 0.00166434  2e+07  4e-07
0.2125  1500  4.76123e-21 0.00166434  2e+07  4e-07
0.215  1500  2.02012e-21 0.00166434  2e+07  4e-07
0.2175  1500  8.55076e-22 0.00166434  2e+07  4e-07
0.22  1500  3.6116e-22 0.00166434  2e+07  4e-07
0.2225  1500  1.52248e-22 0.00166434  2e+07  4e-07
0.225  1500  6.40666e-23 0.00166434  2e+07  4e-07
0.2275  1500  2.6916e-23 0.00166434  2e+07  4e-07
0.23  1500  1.12913e-23 0.00166434  2e+07  4e-07
0.2325  1500  4.73022e-24 0.00166434  2e+07  4e-07
0.235  1500  1.97908e-24 0.00166434  2e+07  4e-07
0.2375  1500  8.26967e-25 0.00166434  2e+07  4e-07
0.24  1500  3.44952e-25 0.00166434  2e+07  4e-07
0.2425  1500  1.43208e-25 0.00166434  2e+07  4e-07
0.245  1500  5.81307e-26 0.00166434  2e+07  4e-07
0.2475  1500  2.0571e-26 0.00166434  2e+07  4e-07
0.25  1500  0  0.00166434  2e+07  4e-07
