TITLE="Graphics"
VARIABLES= "rj, m", "T, K", "dT/dt", "Lambda, Watt/m*K", "Cp, J/kg*K", "rho, kg/m^3"
0  300  -9.03528e-33  0.0061001  4.18e+07  0.00098
0.0025  300  -1.19397e-31  0.0061001  4.18e+07  0.00098
0.005  300  -3.84654e-30  0.0061001  4.18e+07  0.00098
0.0075  300  -1.68426e-28  0.0061001  4.18e+07  0.00098
0.01  300  -7.94981e-27  0.0061001  4.18e+07  0.00098
0.0125  300  -3.66785e-25  0.0061001  4.18e+07  0.00098
0.015  300  -1.3946e-23  0.0061001  4.18e+07  0.00098
0.0175  300  -4.03008e-23  0.0061001  4.18e+07  0.00098
0.02  300  8.93276e-20  0.0061001  4.18e+07  0.00098
0.0225  300  1.65437e-17  0.0061001  4.18e+07  0.00098
0.025  300  2.53326e-15  0.0061001  4.18e+07  0.00098
0.0275  300  2.22561e-13  0.0061001  4.18e+07  0.00098
0.03  300  1.5504e-11  0.0061001  4.18e+07  0.00098
0.0325  300  9.93256e-10  0.0061001  4.18e+07  0.00098
0.035  300  5.71492e-08  0.0061001  4.18e+07  0.00098
0.0375  300  2.85186e-06  0.0061001  4.18e+07  0.00098
0.04  300  0.000117286  0.0061001  4.18e+07  0.00098
0.0425  300.005  0.0036602  0.0061001  4.18e+07  0.00098
0.045  300.153  0.0739744  0.0061001  4.18e+07  0.00098
0.0475  303.223  0.608561  0.0061001  4.18e+07  0.00098
0.04875  316.133 -1.04964 0.00634719  4.18e+07  0.00098
0.04875  316.133 -1.04964 0.000197133  4.18e+07  0.00098
0.05  750.426  -37.4103 0.00166434  2e+07  4e-07
0.0525  883.185  -37.9128 0.00166434  2e+07  4e-07
0.055  981.321  -38.3862 0.00166434  2e+07  4e-07
0.0575  1058.51  -38.5564 0.00166434  2e+07  4e-07
0.06  1121.37  -38.3989 0.00166434  2e+07  4e-07
0.0625  1173.69  -37.9407 0.00166434  2e+07  4e-07
0.065  1217.88  -37.2197 0.00166434  2e+07  4e-07
0.0675  1255.6  -36.2739 0.00166434  2e+07  4e-07
0.07  1288.04  -35.1389 0.00166434  2e+07  4e-07
0.0725  1316.08  -33.8473 0.00166434  2e+07  4e-07
0.075  1340.44  -32.4289 0.00166434  2e+07  4e-07
0.0775  1361.63  -30.9107 0.00166434  2e+07  4e-07
0.08  1380.12  -29.3174 0.00166434  2e+07  4e-07
0.0825  1396.26  -27.6718 0.00166434  2e+07  4e-07
0.085  1410.36  -25.9944 0.00166434  2e+07  4e-07
0.0875  1422.67  -24.304 0.00166434  2e+07  4e-07
0.09  1433.41  -22.6177 0.00166434  2e+07  4e-07
0.0925  1442.79  -20.9509 0.00166434  2e+07  4e-07
0.095  1450.95  -19.3172 0.00166434  2e+07  4e-07
0.0975  1458.04  -17.7285 0.00166434  2e+07  4e-07
0.1  1464.2  -16.1952 0.00166434  2e+07  4e-07
0.1025  1469.54  -14.726 0.00166434  2e+07  4e-07
0.105  1474.14  -13.3281 0.00166434  2e+07  4e-07
0.1075  1478.12  -12.007 0.00166434  2e+07  4e-07
0.11  1481.53  -10.7668 0.00166434  2e+07  4e-07
0.1125  1484.45  -9.61009 0.00166434  2e+07  4e-07
0.115  1486.95  -8.53816 0.00166434  2e+07  4e-07
0.1175  1489.08  -7.55106 0.00166434  2e+07  4e-07
0.12  1490.89  -6.64771 0.00166434  2e+07  4e-07
0.1225  1492.42  -5.82607 0.00166434  2e+07  4e-07
0.125  1493.72  -5.08322 0.00166434  2e+07  4e-07
0.1275  1494.8  -4.41557 0.00166434  2e+07  4e-07
0.13  1495.72  -3.81899 0.00166434  2e+07  4e-07
0.1325  1496.48  -3.28892 0.00166434  2e+07  4e-07
0.135  1497.11  -2.82056 0.00166434  2e+07  4e-07
0.1375  1497.64  -2.40897 0.00166434  2e+07  4e-07
0.14  1498.07  -2.04918 0.00166434  2e+07  4e-07
0.1425  1498.43  -1.73627 0.00166434  2e+07  4e-07
0.145  1498.73  -1.46551 0.00166434  2e+07  4e-07
0.1475  1498.97  -1.23235 0.00166434  2e+07  4e-07
0.15  1499.17  -1.03251 0.00166434  2e+07  4e-07
0.1525  1499.33  -0.862017 0.00166434  2e+07  4e-07
0.155  1499.46  -0.7172 0.00166434  2e+07  4e-07
0.1575  1499.57  -0.594718 0.00166434  2e+07  4e-07
0.16  1499.66  -0.491554 0.00166434  2e+07  4e-07
0.1625  1499.73  -0.405008 0.00166434  2e+07  4e-07
0.165  1499.78  -0.332684 0.00166434  2e+07  4e-07
0.1675  1499.83  -0.272468 0.00166434  2e+07  4e-07
0.17  1499.86  -0.222514 0.00166434  2e+07  4e-07
0.1725  1499.89  -0.181216 0.00166434  2e+07  4e-07
0.175  1499.91  -0.147188 0.00166434  2e+07  4e-07
0.1775  1499.93  -0.11924 0.00166434  2e+07  4e-07
0.18  1499.95  -0.0963578 0.00166434  2e+07  4e-07
0.1825  1499.96  -0.0776781 0.00166434  2e+07  4e-07
0.185  1499.97  -0.0624733 0.00166434  2e+07  4e-07
0.1875  1499.97  -0.0501311 0.00166434  2e+07  4e-07
0.19  1499.98  -0.0401395 0.00166434  2e+07  4e-07
0.1925  1499.98  -0.0320714 0.00166434  2e+07  4e-07
0.195  1499.99  -0.0255727 0.00166434  2e+07  4e-07
0.1975  1499.99  -0.0203506 0.00166434  2e+07  4e-07
0.2  1499.99  -0.016164 0.00166434  2e+07  4e-07
0.2025  1499.99  -0.0128149 0.00166434  2e+07  4e-07
0.205  1500  -0.0101414 0.00166434  2e+07  4e-07
0.2075  1500  -0.00801167 0.00166434  2e+07  4e-07
0.21  1500  -0.00631831 0.00166434  2e+07  4e-07
0.2125  1500  -0.00497441 0.00166434  2e+07  4e-07
0.215  1500  -0.0039097 0.00166434  2e+07  4e-07
0.2175  1500  -0.00306752 0.00166434  2e+07  4e-07
0.22  1500  -0.0024023 0.00166434  2e+07  4e-07
0.2225  1500  -0.00187746 0.00166434  2e+07  4e-07
0.225  1500  -0.00146371 0.00166434  2e+07  4e-07
0.2275  1500  -0.00113761 0.00166434  2e+07  4e-07
0.23  1500  -0.000880421 0.00166434  2e+07  4e-07
0.2325  1500  -0.000677186 0.00166434  2e+07  4e-07
0.235  1500  -0.00051593 0.00166434  2e+07  4e-07
0.2375  1500  -0.000387042 0.00166434  2e+07  4e-07
0.24  1500  -0.000282769 0.00166434  2e+07  4e-07
0.2425  1500  -0.000196789 0.00166434  2e+07  4e-07
0.245  1500  -0.000123868 0.00166434  2e+07  4e-07
0.2475  1500  -5.95672e-05 0.00166434  2e+07  4e-07
0.25  1500  0  0.00166434  2e+07  4e-07
