TITLE="Graphics"
VARIABLES= "rj, m", "T, K", "dT/dt", "Lambda, Watt/m*K", "Cp, J/kg*K", "rho, kg/m^3"
0  300  1.10225e-42  0.0061001  4.18e+07  0.00098
0.0025  300  5.25415e-41  0.0061001  4.18e+07  0.00098
0.005  300  6.39583e-39  0.0061001  4.18e+07  0.00098
0.0075  300  1.08114e-36  0.0061001  4.18e+07  0.00098
0.01  300  2.02707e-34  0.0061001  4.18e+07  0.00098
0.0125  300  3.97206e-32  0.0061001  4.18e+07  0.00098
0.015  300  8.05111e-30  0.0061001  4.18e+07  0.00098
0.0175  300  1.72389e-27  0.0061001  4.18e+07  0.00098
0.02  300  4.05213e-25  0.0061001  4.18e+07  0.00098
0.0225  300  1.06934e-22  0.0061001  4.18e+07  0.00098
0.025  300  3.11849e-20  0.0061001  4.18e+07  0.00098
0.0275  300  9.9399e-18  0.0061001  4.18e+07  0.00098
0.03  300  3.71314e-15  0.0061001  4.18e+07  0.00098
0.0325  300  8.61215e-13  0.0061001  4.18e+07  0.00098
0.035  300  1.69682e-10  0.0061001  4.18e+07  0.00098
0.0375  300  2.92165e-08  0.0061001  4.18e+07  0.00098
0.04  300  4.18661e-06  0.0061001  4.18e+07  0.00098
0.0425  300  0.000460008  0.0061001  4.18e+07  0.00098
0.045  300.018  0.0332335  0.0061001  4.18e+07  0.00098
0.0475  301.354  1.03919  0.0061001  4.18e+07  0.00098
0.04875  321.589 -5.008 0.00641724  4.18e+07  0.00098
0.04875  321.589 -5.008 0.000201136  4.18e+07  0.00098
0.05  931.939  -161.025 0.00166434  2e+07  4e-07
0.0525  1063.66  -157.431 0.00166434  2e+07  4e-07
0.055  1159.98  -152.298 0.00166434  2e+07  4e-07
0.0575  1233.57  -145.213 0.00166434  2e+07  4e-07
0.06  1291.06  -136.421 0.00166434  2e+07  4e-07
0.0625  1336.5  -126.289 0.00166434  2e+07  4e-07
0.065  1372.59  -115.197 0.00166434  2e+07  4e-07
0.0675  1401.28  -103.523 0.00166434  2e+07  4e-07
0.07  1424.04  -91.6323 0.00166434  2e+07  4e-07
0.0725  1442  -79.8634 0.00166434  2e+07  4e-07
0.075  1456.09  -68.5168 0.00166434  2e+07  4e-07
0.0775  1467.06  -57.8452 0.00166434  2e+07  4e-07
0.08  1475.52  -48.0465 0.00166434  2e+07  4e-07
0.0825  1481.97  -39.2588 0.00166434  2e+07  4e-07
0.085  1486.86  -31.5586 0.00166434  2e+07  4e-07
0.0875  1490.51  -24.9629 0.00166434  2e+07  4e-07
0.09  1493.21  -19.437 0.00166434  2e+07  4e-07
0.0925  1495.19  -14.905 0.00166434  2e+07  4e-07
0.095  1496.62  -11.2632 0.00166434  2e+07  4e-07
0.0975  1497.64  -8.39262 0.00166434  2e+07  4e-07
0.1  1498.37  -6.17092 0.00166434  2e+07  4e-07
0.1025  1498.89  -4.48055 0.00166434  2e+07  4e-07
0.105  1499.24  -3.21484 0.00166434  2e+07  4e-07
0.1075  1499.49  -2.28112 0.00166434  2e+07  4e-07
0.11  1499.66  -1.60177 0.00166434  2e+07  4e-07
0.1125  1499.77  -1.11381 0.00166434  2e+07  4e-07
0.115  1499.85  -0.767467 0.00166434  2e+07  4e-07
0.1175  1499.9  -0.524337 0.00166434  2e+07  4e-07
0.12  1499.93  -0.355395 0.00166434  2e+07  4e-07
0.1225  1499.96  -0.23911 0.00166434  2e+07  4e-07
0.125  1499.97  -0.159767 0.00166434  2e+07  4e-07
0.1275  1499.98  -0.106067 0.00166434  2e+07  4e-07
0.13  1499.99  -0.0699954 0.00166434  2e+07  4e-07
0.1325  1499.99  -0.0459334 0.00166434  2e+07  4e-07
0.135  1500  -0.0299862 0.00166434  2e+07  4e-07
0.1375  1500  -0.0194804 0.00166434  2e+07  4e-07
0.14  1500  -0.0125979 0.00166434  2e+07  4e-07
0.1425  1500  -0.00811245 0.00166434  2e+07  4e-07
0.145  1500  -0.00520331 0.00166434  2e+07  4e-07
0.1475  1500  -0.003325 0.00166434  2e+07  4e-07
0.15  1500  -0.00211733 0.00166434  2e+07  4e-07
0.1525  1500  -0.00134391 0.00166434  2e+07  4e-07
0.155  1500  -0.000850395 0.00166434  2e+07  4e-07
0.1575  1500  -0.000536565 0.00166434  2e+07  4e-07
0.16  1500  -0.000337638 0.00166434  2e+07  4e-07
0.1625  1500  -0.000211923 0.00166434  2e+07  4e-07
0.165  1500  -0.000132698 0.00166434  2e+07  4e-07
0.1675  1500  -8.29039e-05 0.00166434  2e+07  4e-07
0.17  1500  -5.16847e-05 0.00166434  2e+07  4e-07
0.1725  1500  -3.21572e-05 0.00166434  2e+07  4e-07
0.175  1500  -1.99697e-05 0.00166434  2e+07  4e-07
0.1775  1500  -1.23791e-05 0.00166434  2e+07  4e-07
0.18  1500  -7.66068e-06 0.00166434  2e+07  4e-07
0.1825  1500  -4.73313e-06 0.00166434  2e+07  4e-07
0.185  1500  -2.9199e-06 0.00166434  2e+07  4e-07
0.1875  1500  -1.79871e-06 0.00166434  2e+07  4e-07
0.19  1500  -1.10651e-06 0.00166434  2e+07  4e-07
0.1925  1500  -6.798e-07 0.00166434  2e+07  4e-07
0.195  1500  -4.17128e-07 0.00166434  2e+07  4e-07
0.1975  1500  -2.55647e-07 0.00166434  2e+07  4e-07
0.2  1500  -1.56505e-07 0.00166434  2e+07  4e-07
0.2025  1500  -9.57042e-08 0.00166434  2e+07  4e-07
0.205  1500  -5.8467e-08 0.00166434  2e+07  4e-07
0.2075  1500  -3.56817e-08 0.00166434  2e+07  4e-07
0.21  1500  -2.1757e-08 0.00166434  2e+07  4e-07
0.2125  1500  -1.32501e-08 0.00166434  2e+07  4e-07
0.215  1500  -8.06662e-09 0.00166434  2e+07  4e-07
0.2175  1500  -4.90685e-09 0.00166434  2e+07  4e-07
0.22  1500  -2.97932e-09 0.00166434  2e+07  4e-07
0.2225  1500  -1.81132e-09 0.00166434  2e+07  4e-07
0.225  1500  -1.09812e-09 0.00166434  2e+07  4e-07
0.2275  1500  -6.65558e-10 0.00166434  2e+07  4e-07
0.23  1500  -4.04186e-10 0.00166434  2e+07  4e-07
0.2325  1500  -2.43511e-10 0.00166434  2e+07  4e-07
0.235  1500  -1.46731e-10 0.00166434  2e+07  4e-07
0.2375  1500  -8.8109e-11 0.00166434  2e+07  4e-07
0.24  1500  -5.27511e-11 0.00166434  2e+07  4e-07
0.2425  1500  -3.03434e-11 0.00166434  2e+07  4e-07
0.245  1500  -1.73589e-11 0.00166434  2e+07  4e-07
0.2475  1500  -5.63024e-12 0.00166434  2e+07  4e-07
0.25  1500  0  0.00166434  2e+07  4e-07
