TITLE="Graphics"
VARIABLES= "rj, m", "T, K", "dT/dt", "Lambda, Watt/m*K", "Cp, J/kg*K", "rho, kg/m^3"
0  300  4.06346e-42  0.0061001  4.18e+07  0.00098
0.0025  300  1.71412e-40  0.0061001  4.18e+07  0.00098
0.005  300  1.87578e-38  0.0061001  4.18e+07  0.00098
0.0075  300  2.91409e-36  0.0061001  4.18e+07  0.00098
0.01  300  5.11982e-34  0.0061001  4.18e+07  0.00098
0.0125  300  9.38861e-32  0.0061001  4.18e+07  0.00098
0.015  300  1.68352e-29  0.0061001  4.18e+07  0.00098
0.0175  300  2.67915e-27  0.0061001  4.18e+07  0.00098
0.02  300  2.99749e-25  0.0061001  4.18e+07  0.00098
0.0225  300  1.60291e-24  0.0061001  4.18e+07  0.00098
0.025  300  4.62932e-23  0.0061001  4.18e+07  0.00098
0.0275  300  1.23357e-17  0.0061001  4.18e+07  0.00098
0.03  300  1.40148e-14  0.0061001  4.18e+07  0.00098
0.0325  300  2.5134e-12  0.0061001  4.18e+07  0.00098
0.035  300  4.1051e-10  0.0061001  4.18e+07  0.00098
0.0375  300  5.84185e-08  0.0061001  4.18e+07  0.00098
0.04  300  6.90639e-06  0.0061001  4.18e+07  0.00098
0.0425  300  0.000626792  0.0061001  4.18e+07  0.00098
0.045  300.025  0.0375816  0.0061001  4.18e+07  0.00098
0.0475  301.542  0.980811  0.0061001  4.18e+07  0.00098
0.04875  320.731 -4.20661 0.00640669  4.18e+07  0.00098
0.04875  320.731 -4.20661 0.000200503  4.18e+07  0.00098
0.05  904.269  -136.106 0.00166434  2e+07  4e-07
0.0525  1036.55  -133.651 0.00166434  2e+07  4e-07
0.055  1133.69  -130.139 0.00166434  2e+07  4e-07
0.0575  1208.42  -125.05 0.00166434  2e+07  4e-07
0.06  1267.36  -118.52 0.00166434  2e+07  4e-07
0.0625  1314.46  -110.833 0.00166434  2e+07  4e-07
0.065  1352.39  -102.296 0.00166434  2e+07  4e-07
0.0675  1383.02  -93.2075 0.00166434  2e+07  4e-07
0.07  1407.75  -83.8459 0.00166434  2e+07  4e-07
0.0725  1427.68  -74.4622 0.00166434  2e+07  4e-07
0.075  1443.67  -65.279 0.00166434  2e+07  4e-07
0.0775  1456.44  -56.4872 0.00166434  2e+07  4e-07
0.08  1466.57  -48.2425 0.00166434  2e+07  4e-07
0.0825  1474.54  -40.663 0.00166434  2e+07  4e-07
0.085  1480.77  -33.8276 0.00166434  2e+07  4e-07
0.0875  1485.59  -27.7775 0.00166434  2e+07  4e-07
0.09  1489.3  -22.5186 0.00166434  2e+07  4e-07
0.0925  1492.11  -18.0271 0.00166434  2e+07  4e-07
0.095  1494.23  -14.2555 0.00166434  2e+07  4e-07
0.0975  1495.82  -11.1396 0.00166434  2e+07  4e-07
0.1  1496.99  -8.60524 0.00166434  2e+07  4e-07
0.1025  1497.85  -6.57435 0.00166434  2e+07  4e-07
0.105  1498.48  -4.96976 0.00166434  2e+07  4e-07
0.1075  1498.93  -3.71889 0.00166434  2e+07  4e-07
0.11  1499.25  -2.75607 0.00166434  2e+07  4e-07
0.1125  1499.48  -2.0238 0.00166434  2e+07  4e-07
0.115  1499.64  -1.47314 0.00166434  2e+07  4e-07
0.1175  1499.75  -1.06344 0.00166434  2e+07  4e-07
0.12  1499.83  -0.761653 0.00166434  2e+07  4e-07
0.1225  1499.89  -0.54145 0.00166434  2e+07  4e-07
0.125  1499.92  -0.382197 0.00166434  2e+07  4e-07
0.1275  1499.95  -0.267981 0.00166434  2e+07  4e-07
0.13  1499.97  -0.186708 0.00166434  2e+07  4e-07
0.1325  1499.98  -0.129304 0.00166434  2e+07  4e-07
0.135  1499.98  -0.0890397 0.00166434  2e+07  4e-07
0.1375  1499.99  -0.0609833 0.00166434  2e+07  4e-07
0.14  1499.99  -0.0415541 0.00166434  2e+07  4e-07
0.1425  1500  -0.0281778 0.00166434  2e+07  4e-07
0.145  1500  -0.0190194 0.00166434  2e+07  4e-07
0.1475  1500  -0.0127816 0.00166434  2e+07  4e-07
0.15  1500  -0.008554 0.00166434  2e+07  4e-07
0.1525  1500  -0.0057021 0.00166434  2e+07  4e-07
0.155  1500  -0.00378675 0.00166434  2e+07  4e-07
0.1575  1500  -0.00250578 0.00166434  2e+07  4e-07
0.16  1500  -0.00165249 0.00166434  2e+07  4e-07
0.1625  1500  -0.00108624 0.00166434  2e+07  4e-07
0.165  1500  -0.000711808 0.00166434  2e+07  4e-07
0.1675  1500  -0.000465069 0.00166434  2e+07  4e-07
0.17  1500  -0.000303002 0.00166434  2e+07  4e-07
0.1725  1500  -0.00019688 0.00166434  2e+07  4e-07
0.175  1500  -0.000127596 0.00166434  2e+07  4e-07
0.1775  1500  -8.249e-05 0.00166434  2e+07  4e-07
0.18  1500  -5.32034e-05 0.00166434  2e+07  4e-07
0.1825  1500  -3.42369e-05 0.00166434  2e+07  4e-07
0.185  1500  -2.19841e-05 0.00166434  2e+07  4e-07
0.1875  1500  -1.4087e-05 0.00166434  2e+07  4e-07
0.19  1500  -9.00867e-06 0.00166434  2e+07  4e-07
0.1925  1500  -5.75005e-06 0.00166434  2e+07  4e-07
0.195  1500  -3.66338e-06 0.00166434  2e+07  4e-07
0.1975  1500  -2.32983e-06 0.00166434  2e+07  4e-07
0.2  1500  -1.4792e-06 0.00166434  2e+07  4e-07
0.2025  1500  -9.37601e-07 0.00166434  2e+07  4e-07
0.205  1500  -5.93369e-07 0.00166434  2e+07  4e-07
0.2075  1500  -3.74947e-07 0.00166434  2e+07  4e-07
0.21  1500  -2.3658e-07 0.00166434  2e+07  4e-07
0.2125  1500  -1.49066e-07 0.00166434  2e+07  4e-07
0.215  1500  -9.37957e-08 0.00166434  2e+07  4e-07
0.2175  1500  -5.89383e-08 0.00166434  2e+07  4e-07
0.22  1500  -3.69908e-08 0.00166434  2e+07  4e-07
0.2225  1500  -2.31851e-08 0.00166434  2e+07  4e-07
0.225  1500  -1.45159e-08 0.00166434  2e+07  4e-07
0.2275  1500  -9.0768e-09 0.00166434  2e+07  4e-07
0.23  1500  -5.66749e-09 0.00166434  2e+07  4e-07
0.2325  1500  -3.53349e-09 0.00166434  2e+07  4e-07
0.235  1500  -2.19734e-09 0.00166434  2e+07  4e-07
0.2375  1500  -1.36122e-09 0.00166434  2e+07  4e-07
0.24  1500  -8.33875e-10 0.00166434  2e+07  4e-07
0.2425  1500  -4.99043e-10 0.00166434  2e+07  4e-07
0.245  1500  -2.79543e-10 0.00166434  2e+07  4e-07
0.2475  1500  -1.23864e-10 0.00166434  2e+07  4e-07
0.25  1500  0  0.00166434  2e+07  4e-07
