TITLE="Graphics"
VARIABLES= "rj, m", "T, K", "dT/dt", "Lambda, Watt/m*K", "Cp, J/kg*K", "rho, kg/m^3"
0  300  -1.02929e-25  0.0061001  4.18e+07  0.00098
0.0025  300  -6.20303e-25  0.0061001  4.18e+07  0.00098
0.005  300  -8.64928e-24  0.0061001  4.18e+07  0.00098
0.0075  300  -1.63317e-22  0.0061001  4.18e+07  0.00098
0.01  300  -3.34115e-21  0.0061001  4.18e+07  0.00098
0.0125  300  -6.92337e-20  0.0061001  4.18e+07  0.00098
0.015  300  -1.39238e-18  0.0061001  4.18e+07  0.00098
0.0175  300  -2.26626e-17  0.0061001  4.18e+07  0.00098
0.02  300  2.66143e-16  0.0061001  4.18e+07  0.00098
0.0225  300  5.14324e-14  0.0061001  4.18e+07  0.00098
0.025  300  1.88382e-12  0.0061001  4.18e+07  0.00098
0.0275  300  6.61051e-11  0.0061001  4.18e+07  0.00098
0.03  300  2.16677e-09  0.0061001  4.18e+07  0.00098
0.0325  300  6.51226e-08  0.0061001  4.18e+07  0.00098
0.035  300  1.75097e-06  0.0061001  4.18e+07  0.00098
0.0375  300  4.0681e-05  0.0061001  4.18e+07  0.00098
0.04  300.002  0.00077582  0.0061001  4.18e+07  0.00098
0.0425  300.033  0.0111723  0.0061001  4.18e+07  0.00098
0.045  300.501  0.103304  0.0061001  4.18e+07  0.00098
0.0475  305.023  0.375189  0.0061001  4.18e+07  0.00098
0.04875  314.115 -0.260233 0.00631946  4.18e+07  0.00098
0.04875  314.115 -0.260233 0.000195667  4.18e+07  0.00098
0.05  668.717  -13.2634 0.00166434  2e+07  4e-07
0.0525  799.314  -13.7781 0.00166434  2e+07  4e-07
0.055  895.349  -14.266 0.00166434  2e+07  4e-07
0.0575  971.098  -14.64 0.00166434  2e+07  4e-07
0.06  1033.22  -14.8963 0.00166434  2e+07  4e-07
0.0625  1085.46  -15.046 0.00166434  2e+07  4e-07
0.065  1130.14  -15.1018 0.00166434  2e+07  4e-07
0.0675  1168.86  -15.0755 0.00166434  2e+07  4e-07
0.07  1202.74  -14.9777 0.00166434  2e+07  4e-07
0.0725  1232.6  -14.8175 0.00166434  2e+07  4e-07
0.075  1259.08  -14.6028 0.00166434  2e+07  4e-07
0.0775  1282.69  -14.3409 0.00166434  2e+07  4e-07
0.08  1303.8  -14.0379 0.00166434  2e+07  4e-07
0.0825  1322.76  -13.6996 0.00166434  2e+07  4e-07
0.085  1339.83  -13.3312 0.00166434  2e+07  4e-07
0.0875  1355.22  -12.9373 0.00166434  2e+07  4e-07
0.09  1369.13  -12.5222 0.00166434  2e+07  4e-07
0.0925  1381.72  -12.09 0.00166434  2e+07  4e-07
0.095  1393.12  -11.6441 0.00166434  2e+07  4e-07
0.0975  1403.46  -11.1881 0.00166434  2e+07  4e-07
0.1  1412.84  -10.7249 0.00166434  2e+07  4e-07
0.1025  1421.36  -10.2575 0.00166434  2e+07  4e-07
0.105  1429.08  -9.78853 0.00166434  2e+07  4e-07
0.1075  1436.1  -9.3203 0.00166434  2e+07  4e-07
0.11  1442.47  -8.85507 0.00166434  2e+07  4e-07
0.1125  1448.25  -8.39482 0.00166434  2e+07  4e-07
0.115  1453.49  -7.94136 0.00166434  2e+07  4e-07
0.1175  1458.24  -7.49632 0.00166434  2e+07  4e-07
0.12  1462.55  -7.06115 0.00166434  2e+07  4e-07
0.1225  1466.45  -6.63711 0.00166434  2e+07  4e-07
0.125  1469.98  -6.22533 0.00166434  2e+07  4e-07
0.1275  1473.17  -5.82674 0.00166434  2e+07  4e-07
0.13  1476.05  -5.44215 0.00166434  2e+07  4e-07
0.1325  1478.64  -5.07223 0.00166434  2e+07  4e-07
0.135  1480.98  -4.71748 0.00166434  2e+07  4e-07
0.1375  1483.09  -4.3783 0.00166434  2e+07  4e-07
0.14  1484.98  -4.05496 0.00166434  2e+07  4e-07
0.1425  1486.68  -3.74761 0.00166434  2e+07  4e-07
0.145  1488.2  -3.4563 0.00166434  2e+07  4e-07
0.1475  1489.57  -3.18096 0.00166434  2e+07  4e-07
0.15  1490.79  -2.92146 0.00166434  2e+07  4e-07
0.1525  1491.87  -2.67756 0.00166434  2e+07  4e-07
0.155  1492.84  -2.44894 0.00166434  2e+07  4e-07
0.1575  1493.71  -2.23524 0.00166434  2e+07  4e-07
0.16  1494.47  -2.03602 0.00166434  2e+07  4e-07
0.1625  1495.15  -1.8508 0.00166434  2e+07  4e-07
0.165  1495.76  -1.67903 0.00166434  2e+07  4e-07
0.1675  1496.29  -1.52017 0.00166434  2e+07  4e-07
0.17  1496.76  -1.37361 0.00166434  2e+07  4e-07
0.1725  1497.17  -1.23874 0.00166434  2e+07  4e-07
0.175  1497.54  -1.11495 0.00166434  2e+07  4e-07
0.1775  1497.86  -1.0016 0.00166434  2e+07  4e-07
0.18  1498.14  -0.898064 0.00166434  2e+07  4e-07
0.1825  1498.39  -0.803709 0.00166434  2e+07  4e-07
0.185  1498.6  -0.717924 0.00166434  2e+07  4e-07
0.1875  1498.79  -0.640106 0.00166434  2e+07  4e-07
0.19  1498.96  -0.56967 0.00166434  2e+07  4e-07
0.1925  1499.1  -0.506053 0.00166434  2e+07  4e-07
0.195  1499.22  -0.448713 0.00166434  2e+07  4e-07
0.1975  1499.33  -0.397134 0.00166434  2e+07  4e-07
0.2  1499.43  -0.350825 0.00166434  2e+07  4e-07
0.2025  1499.51  -0.309323 0.00166434  2e+07  4e-07
0.205  1499.58  -0.27219 0.00166434  2e+07  4e-07
0.2075  1499.64  -0.239018 0.00166434  2e+07  4e-07
0.21  1499.69  -0.209425 0.00166434  2e+07  4e-07
0.2125  1499.74  -0.183054 0.00166434  2e+07  4e-07
0.215  1499.78  -0.159575 0.00166434  2e+07  4e-07
0.2175  1499.81  -0.138684 0.00166434  2e+07  4e-07
0.22  1499.84  -0.120096 0.00166434  2e+07  4e-07
0.2225  1499.86  -0.103554 0.00166434  2e+07  4e-07
0.225  1499.89  -0.088816 0.00166434  2e+07  4e-07
0.2275  1499.9  -0.0756639 0.00166434  2e+07  4e-07
0.23  1499.92  -0.0638951 0.00166434  2e+07  4e-07
0.2325  1499.93  -0.0533239 0.00166434  2e+07  4e-07
0.235  1499.95  -0.0437792 0.00166434  2e+07  4e-07
0.2375  1499.96  -0.0351036 0.00166434  2e+07  4e-07
0.24  1499.97  -0.0271513 0.00166434  2e+07  4e-07
0.2425  1499.98  -0.0197872 0.00166434  2e+07  4e-07
0.245  1499.99  -0.012885 0.00166434  2e+07  4e-07
0.2475  1499.99  -0.00632659 0.00166434  2e+07  4e-07
0.25  1500  0  0.00166434  2e+07  4e-07
