TITLE="Graphics"
VARIABLES= "rj, m", "T, K", "dT/dt", "Lambda, Watt/m*K", "Cp, J/kg*K", "rho, kg/m^3"
0  300  2.99055e-32  0.0061001  4.18e+07  0.00098
0.0025  300  3.60061e-31  0.0061001  4.18e+07  0.00098
0.005  300  1.03436e-29  0.0061001  4.18e+07  0.00098
0.0075  300  3.88541e-28  0.0061001  4.18e+07  0.00098
0.01  300  1.43381e-26  0.0061001  4.18e+07  0.00098
0.0125  300  3.86539e-25  0.0061001  4.18e+07  0.00098
0.015  300  -4.15469e-24  0.0061001  4.18e+07  0.00098
0.0175  300  -1.3947e-21  0.0061001  4.18e+07  0.00098
0.02  300  -1.31854e-20  0.0061001  4.18e+07  0.00098
0.0225  300  3.12464e-17  0.0061001  4.18e+07  0.00098
0.025  300  8.7855e-15  0.0061001  4.18e+07  0.00098
0.0275  300  5.67814e-13  0.0061001  4.18e+07  0.00098
0.03  300  3.55493e-11  0.0061001  4.18e+07  0.00098
0.0325  300  2.03973e-09  0.0061001  4.18e+07  0.00098
0.035  300  1.04519e-07  0.0061001  4.18e+07  0.00098
0.0375  300  4.61829e-06  0.0061001  4.18e+07  0.00098
0.04  300  0.000167145  0.0061001  4.18e+07  0.00098
0.0425  300.007  0.00455936  0.0061001  4.18e+07  0.00098
0.045  300.193  0.07987  0.0061001  4.18e+07  0.00098
0.0475  303.525  0.559708  0.0061001  4.18e+07  0.00098
0.04875  315.654 -0.824134 0.00634069  4.18e+07  0.00098
0.04875  315.654 -0.824134 0.000196784  4.18e+07  0.00098
0.05  733.051  -30.4235 0.00166434  2e+07  4e-07
0.0525  865.527  -30.9986 0.00166434  2e+07  4e-07
0.055  963.389  -31.5595 0.00166434  2e+07  4e-07
0.0575  1040.45  -31.8784 0.00166434  2e+07  4e-07
0.06  1103.32  -31.9335 0.00166434  2e+07  4e-07
0.0625  1155.79  -31.7448 0.00166434  2e+07  4e-07
0.065  1200.26  -31.3407 0.00166434  2e+07  4e-07
0.0675  1238.37  -30.7496 0.00166434  2e+07  4e-07
0.07  1271.28  -29.9984 0.00166434  2e+07  4e-07
0.0725  1299.88  -29.1113 0.00166434  2e+07  4e-07
0.075  1324.85  -28.1106 0.00166434  2e+07  4e-07
0.0775  1346.71  -27.0167 0.00166434  2e+07  4e-07
0.08  1365.9  -25.8481 0.00166434  2e+07  4e-07
0.0825  1382.77  -24.6219 0.00166434  2e+07  4e-07
0.085  1397.62  -23.3537 0.00166434  2e+07  4e-07
0.0875  1410.69  -22.0581 0.00166434  2e+07  4e-07
0.09  1422.2  -20.7481 0.00166434  2e+07  4e-07
0.0925  1432.34  -19.4358 0.00166434  2e+07  4e-07
0.095  1441.25  -18.1323 0.00166434  2e+07  4e-07
0.0975  1449.09  -16.8474 0.00166434  2e+07  4e-07
0.1  1455.97  -15.59 0.00166434  2e+07  4e-07
0.1025  1461.99  -14.3678 0.00166434  2e+07  4e-07
0.105  1467.27  -13.1876 0.00166434  2e+07  4e-07
0.1075  1471.87  -12.055 0.00166434  2e+07  4e-07
0.11  1475.88  -10.9749 0.00166434  2e+07  4e-07
0.1125  1479.37  -9.95075 0.00166434  2e+07  4e-07
0.115  1482.4  -8.98542 0.00166434  2e+07  4e-07
0.1175  1485.02  -8.0807 0.00166434  2e+07  4e-07
0.12  1487.29  -7.23754 0.00166434  2e+07  4e-07
0.1225  1489.23  -6.45611 0.00166434  2e+07  4e-07
0.125  1490.91  -5.73583 0.00166434  2e+07  4e-07
0.1275  1492.34  -5.0755 0.00166434  2e+07  4e-07
0.13  1493.56  -4.47334 0.00166434  2e+07  4e-07
0.1325  1494.6  -3.9271 0.00166434  2e+07  4e-07
0.135  1495.49  -3.43414 0.00166434  2e+07  4e-07
0.1375  1496.24  -2.99151 0.00166434  2e+07  4e-07
0.14  1496.87  -2.59606 0.00166434  2e+07  4e-07
0.1425  1497.4  -2.24447 0.00166434  2e+07  4e-07
0.145  1497.85  -1.93338 0.00166434  2e+07  4e-07
0.1475  1498.23  -1.65941 0.00166434  2e+07  4e-07
0.15  1498.54  -1.41923 0.00166434  2e+07  4e-07
0.1525  1498.8  -1.20962 0.00166434  2e+07  4e-07
0.155  1499.01  -1.02748 0.00166434  2e+07  4e-07
0.1575  1499.19  -0.869873 0.00166434  2e+07  4e-07
0.16  1499.34  -0.734067 0.00166434  2e+07  4e-07
0.1625  1499.46  -0.617512 0.00166434  2e+07  4e-07
0.165  1499.56  -0.517868 0.00166434  2e+07  4e-07
0.1675  1499.65  -0.433005 0.00166434  2e+07  4e-07
0.17  1499.71  -0.360993 0.00166434  2e+07  4e-07
0.1725  1499.77  -0.300105 0.00166434  2e+07  4e-07
0.175  1499.81  -0.2488 0.00166434  2e+07  4e-07
0.1775  1499.85  -0.205713 0.00166434  2e+07  4e-07
0.18  1499.88  -0.169645 0.00166434  2e+07  4e-07
0.1825  1499.9  -0.139548 0.00166434  2e+07  4e-07
0.185  1499.92  -0.114508 0.00166434  2e+07  4e-07
0.1875  1499.94  -0.0937372 0.00166434  2e+07  4e-07
0.19  1499.95  -0.0765565 0.00166434  2e+07  4e-07
0.1925  1499.96  -0.0623843 0.00166434  2e+07  4e-07
0.195  1499.97  -0.0507247 0.00166434  2e+07  4e-07
0.1975  1499.98  -0.0411568 0.00166434  2e+07  4e-07
0.2  1499.98  -0.0333247 0.00166434  2e+07  4e-07
0.2025  1499.98  -0.0269289 0.00166434  2e+07  4e-07
0.205  1499.99  -0.0217178 0.00166434  2e+07  4e-07
0.2075  1499.99  -0.0174815 0.00166434  2e+07  4e-07
0.21  1499.99  -0.0140448 0.00166434  2e+07  4e-07
0.2125  1499.99  -0.0112624 0.00166434  2e+07  4e-07
0.215  1500  -0.00901382 0.00166434  2e+07  4e-07
0.2175  1500  -0.00719984 0.00166434  2e+07  4e-07
0.22  1500  -0.00573861 0.00166434  2e+07  4e-07
0.2225  1500  -0.00456294 0.00166434  2e+07  4e-07
0.225  1500  -0.00361775 0.00166434  2e+07  4e-07
0.2275  1500  -0.00285795 0.00166434  2e+07  4e-07
0.23  1500  -0.00224667 0.00166434  2e+07  4e-07
0.2325  1500  -0.00175378 0.00166434  2e+07  4e-07
0.235  1500  -0.00135458 0.00166434  2e+07  4e-07
0.2375  1500  -0.00102881 0.00166434  2e+07  4e-07
0.24  1500  -0.000759732 0.00166434  2e+07  4e-07
0.2425  1500  -0.000533376 0.00166434  2e+07  4e-07
0.245  1500  -0.000337923 0.00166434  2e+07  4e-07
0.2475  1500  -0.00016316 0.00166434  2e+07  4e-07
0.25  1500  0  0.00166434  2e+07  4e-07
