TITLE="Graphics"
VARIABLES= "rj, m", "T, K", "dT/dt", "Lambda, Watt/m*K", "Cp, J/kg*K", "rho, kg/m^3"
0  300  1.16528e-32  0.0061001  4.18e+07  0.00098
0.0025  300  1.34231e-31  0.0061001  4.18e+07  0.00098
0.005  300  3.61753e-30  0.0061001  4.18e+07  0.00098
0.0075  300  1.22208e-28  0.0061001  4.18e+07  0.00098
0.01  300  3.52134e-27  0.0061001  4.18e+07  0.00098
0.0125  300  7.77871e-27  0.0061001  4.18e+07  0.00098
0.015  300  -1.04345e-23  0.0061001  4.18e+07  0.00098
0.0175  300  -8.47718e-22  0.0061001  4.18e+07  0.00098
0.02  300  3.53718e-20  0.0061001  4.18e+07  0.00098
0.0225  300  2.56042e-17  0.0061001  4.18e+07  0.00098
0.025  300  6.14639e-15  0.0061001  4.18e+07  0.00098
0.0275  300  4.22566e-13  0.0061001  4.18e+07  0.00098
0.03  300  2.71673e-11  0.0061001  4.18e+07  0.00098
0.0325  300  1.6051e-09  0.0061001  4.18e+07  0.00098
0.035  300  8.49985e-08  0.0061001  4.18e+07  0.00098
0.0375  300  3.89694e-06  0.0061001  4.18e+07  0.00098
0.04  300  0.000147  0.0061001  4.18e+07  0.00098
0.0425  300.006  0.0042007  0.0061001  4.18e+07  0.00098
0.045  300.176  0.0775617  0.0061001  4.18e+07  0.00098
0.0475  303.408  0.578743  0.0061001  4.18e+07  0.00098
0.04875  315.832 -0.910343 0.00634311  4.18e+07  0.00098
0.04875  315.832 -0.910343 0.000196914  4.18e+07  0.00098
0.05  739.562  -33.092 0.00166434  2e+07  4e-07
0.0525  872.153  -33.6412 0.00166434  2e+07  4e-07
0.055  970.127  -34.1712 0.00166434  2e+07  4e-07
0.0575  1047.24  -34.4362 0.00166434  2e+07  4e-07
0.06  1110.12  -34.413 0.00166434  2e+07  4e-07
0.0625  1162.55  -34.1243 0.00166434  2e+07  4e-07
0.065  1206.92  -33.602 0.00166434  2e+07  4e-07
0.0675  1244.89  -32.8782 0.00166434  2e+07  4e-07
0.07  1277.63  -31.9828 0.00166434  2e+07  4e-07
0.0725  1306.04  -30.9434 0.00166434  2e+07  4e-07
0.075  1330.78  -29.785 0.00166434  2e+07  4e-07
0.0775  1352.4  -28.5304 0.00166434  2e+07  4e-07
0.08  1371.33  -27.2006 0.00166434  2e+07  4e-07
0.0825  1387.94  -25.8147 0.00166434  2e+07  4e-07
0.085  1402.51  -24.3904 0.00166434  2e+07  4e-07
0.0875  1415.3  -22.9437 0.00166434  2e+07  4e-07
0.09  1426.53  -21.4893 0.00166434  2e+07  4e-07
0.0925  1436.39  -20.0406 0.00166434  2e+07  4e-07
0.095  1445.02  -18.6096 0.00166434  2e+07  4e-07
0.0975  1452.58  -17.2071 0.00166434  2e+07  4e-07
0.1  1459.19  -15.8424 0.00166434  2e+07  4e-07
0.1025  1464.95  -14.5238 0.00166434  2e+07  4e-07
0.105  1469.98  -13.2583 0.00166434  2e+07  4e-07
0.1075  1474.34  -12.0514 0.00166434  2e+07  4e-07
0.11  1478.13  -10.9077 0.00166434  2e+07  4e-07
0.1125  1481.4  -9.83064 0.00166434  2e+07  4e-07
0.115  1484.23  -8.8223 0.00166434  2e+07  4e-07
0.1175  1486.66  -7.88391 0.00166434  2e+07  4e-07
0.12  1488.75  -7.0157 0.00166434  2e+07  4e-07
0.1225  1490.53  -6.21702 0.00166434  2e+07  4e-07
0.125  1492.06  -5.48642 0.00166434  2e+07  4e-07
0.1275  1493.35  -4.82181 0.00166434  2e+07  4e-07
0.13  1494.45  -4.22051 0.00166434  2e+07  4e-07
0.1325  1495.38  -3.6794 0.00166434  2e+07  4e-07
0.135  1496.17  -3.19501 0.00166434  2e+07  4e-07
0.1375  1496.83  -2.76362 0.00166434  2e+07  4e-07
0.14  1497.38  -2.38136 0.00166434  2e+07  4e-07
0.1425  1497.84  -2.0443 0.00166434  2e+07  4e-07
0.145  1498.23  -1.74852 0.00166434  2e+07  4e-07
0.1475  1498.55  -1.49017 0.00166434  2e+07  4e-07
0.15  1498.81  -1.26554 0.00166434  2e+07  4e-07
0.1525  1499.03  -1.07109 0.00166434  2e+07  4e-07
0.155  1499.21  -0.903501 0.00166434  2e+07  4e-07
0.1575  1499.36  -0.759654 0.00166434  2e+07  4e-07
0.16  1499.48  -0.636687 0.00166434  2e+07  4e-07
0.1625  1499.58  -0.531982 0.00166434  2e+07  4e-07
0.165  1499.66  -0.443165 0.00166434  2e+07  4e-07
0.1675  1499.73  -0.368103 0.00166434  2e+07  4e-07
0.17  1499.78  -0.30489 0.00166434  2e+07  4e-07
0.1725  1499.83  -0.25184 0.00166434  2e+07  4e-07
0.175  1499.86  -0.207466 0.00166434  2e+07  4e-07
0.1775  1499.89  -0.17047 0.00166434  2e+07  4e-07
0.18  1499.91  -0.139721 0.00166434  2e+07  4e-07
0.1825  1499.93  -0.114239 0.00166434  2e+07  4e-07
0.185  1499.94  -0.0931855 0.00166434  2e+07  4e-07
0.1875  1499.96  -0.0758382 0.00166434  2e+07  4e-07
0.19  1499.96  -0.0615838 0.00166434  2e+07  4e-07
0.1925  1499.97  -0.0499013 0.00166434  2e+07  4e-07
0.195  1499.98  -0.040351 0.00166434  2e+07  4e-07
0.1975  1499.98  -0.0325625 0.00166434  2e+07  4e-07
0.2  1499.99  -0.0262259 0.00166434  2e+07  4e-07
0.2025  1499.99  -0.0210821 0.00166434  2e+07  4e-07
0.205  1499.99  -0.0169156 0.00166434  2e+07  4e-07
0.2075  1499.99  -0.0135479 0.00166434  2e+07  4e-07
0.21  1499.99  -0.0108312 0.00166434  2e+07  4e-07
0.2125  1500  -0.00864378 0.00166434  2e+07  4e-07
0.215  1500  -0.00688565 0.00166434  2e+07  4e-07
0.2175  1500  -0.00547484 0.00166434  2e+07  4e-07
0.22  1500  -0.00434431 0.00166434  2e+07  4e-07
0.2225  1500  -0.00343941 0.00166434  2e+07  4e-07
0.225  1500  -0.00271561 0.00166434  2e+07  4e-07
0.2275  1500  -0.00213673 0.00166434  2e+07  4e-07
0.23  1500  -0.00167337 0.00166434  2e+07  4e-07
0.2325  1500  -0.00130162 0.00166434  2e+07  4e-07
0.235  1500  -0.00100208 0.00166434  2e+07  4e-07
0.2375  1500  -0.000758876 0.00166434  2e+07  4e-07
0.24  1500  -0.000558996 0.00166434  2e+07  4e-07
0.2425  1500  -0.00039165 0.00166434  2e+07  4e-07
0.245  1500  -0.000247759 0.00166434  2e+07  4e-07
0.2475  1500  -0.000119515 0.00166434  2e+07  4e-07
0.25  1500  0  0.00166434  2e+07  4e-07
