TITLE="Graphics"
VARIABLES= "rj, m", "T, K", "dT/dt", "Lambda, Watt/m*K", "Cp, J/kg*K", "rho, kg/m^3"
0  300  5.18272e-32  0.0061001  4.18e+07  0.00098
0.0025  300  4.59539e-31  0.0061001  4.18e+07  0.00098
0.005  300  8.13813e-30  0.0061001  4.18e+07  0.00098
0.0075  300  1.04415e-28  0.0061001  4.18e+07  0.00098
0.01  300  -4.59091e-27  0.0061001  4.18e+07  0.00098
0.0125  300  -5.22633e-25  0.0061001  4.18e+07  0.00098
0.015  300  -3.21785e-23  0.0061001  4.18e+07  0.00098
0.0175  300  -2.04069e-21  0.0061001  4.18e+07  0.00098
0.02  300  -1.14557e-19  0.0061001  4.18e+07  0.00098
0.0225  300  3.72179e-17  0.0061001  4.18e+07  0.00098
0.025  300  2.21537e-14  0.0061001  4.18e+07  0.00098
0.0275  300  1.28251e-12  0.0061001  4.18e+07  0.00098
0.03  300  7.21438e-11  0.0061001  4.18e+07  0.00098
0.0325  300  3.71913e-09  0.0061001  4.18e+07  0.00098
0.035  300  1.71301e-07  0.0061001  4.18e+07  0.00098
0.0375  300  6.80513e-06  0.0061001  4.18e+07  0.00098
0.04  300  0.000221324  0.0061001  4.18e+07  0.00098
0.0425  300.009  0.00541477  0.0061001  4.18e+07  0.00098
0.045  300.231  0.0846462  0.0061001  4.18e+07  0.00098
0.0475  303.778  0.521159  0.0061001  4.18e+07  0.00098
0.04875  315.307 -0.666379 0.00633595  4.18e+07  0.00098
0.04875  315.307 -0.666379 0.000196532  4.18e+07  0.00098
0.05  719.998  -25.5583 0.00166434  2e+07  4e-07
0.0525  852.195  -26.1617 0.00166434  2e+07  4e-07
0.055  949.784  -26.7573 0.00166434  2e+07  4e-07
0.0575  1026.67  -27.152 0.00166434  2e+07  4e-07
0.06  1089.49  -27.3268 0.00166434  2e+07  4e-07
0.0625  1142.01  -27.2975 0.00166434  2e+07  4e-07
0.065  1186.62  -27.0867 0.00166434  2e+07  4e-07
0.0675  1224.94  -26.717 0.00166434  2e+07  4e-07
0.07  1258.15  -26.2094 0.00166434  2e+07  4e-07
0.0725  1287.1  -25.583 0.00166434  2e+07  4e-07
0.075  1312.46  -24.855 0.00166434  2e+07  4e-07
0.0775  1334.76  -24.0415 0.00166434  2e+07  4e-07
0.08  1354.43  -23.1567 0.00166434  2e+07  4e-07
0.0825  1371.8  -22.214 0.00166434  2e+07  4e-07
0.085  1387.18  -21.2258 0.00166434  2e+07  4e-07
0.0875  1400.79  -20.2033 0.00166434  2e+07  4e-07
0.09  1412.85  -19.157 0.00166434  2e+07  4e-07
0.0925  1423.54  -18.0968 0.00166434  2e+07  4e-07
0.095  1433.01  -17.0315 0.00166434  2e+07  4e-07
0.0975  1441.39  -15.9695 0.00166434  2e+07  4e-07
0.1  1448.81  -14.9181 0.00166434  2e+07  4e-07
0.1025  1455.36  -13.8843 0.00166434  2e+07  4e-07
0.105  1461.15  -12.8742 0.00166434  2e+07  4e-07
0.1075  1466.25  -11.8932 0.00166434  2e+07  4e-07
0.11  1470.73  -10.946 0.00166434  2e+07  4e-07
0.1125  1474.68  -10.0365 0.00166434  2e+07  4e-07
0.115  1478.13  -9.16813 0.00166434  2e+07  4e-07
0.1175  1481.16  -8.34349 0.00166434  2e+07  4e-07
0.12  1483.8  -7.56454 0.00166434  2e+07  4e-07
0.1225  1486.11  -6.83258 0.00166434  2e+07  4e-07
0.125  1488.11  -6.14835 0.00166434  2e+07  4e-07
0.1275  1489.85  -5.51201 0.00166434  2e+07  4e-07
0.13  1491.35  -4.92318 0.00166434  2e+07  4e-07
0.1325  1492.65  -4.38104 0.00166434  2e+07  4e-07
0.135  1493.77  -3.88434 0.00166434  2e+07  4e-07
0.1375  1494.73  -3.43148 0.00166434  2e+07  4e-07
0.14  1495.55  -3.02057 0.00166434  2e+07  4e-07
0.1425  1496.25  -2.64947 0.00166434  2e+07  4e-07
0.145  1496.85  -2.31587 0.00166434  2e+07  4e-07
0.1475  1497.36  -2.01735 0.00166434  2e+07  4e-07
0.15  1497.79  -1.75139 0.00166434  2e+07  4e-07
0.1525  1498.16  -1.51547 0.00166434  2e+07  4e-07
0.155  1498.47  -1.30709 0.00166434  2e+07  4e-07
0.1575  1498.73  -1.12379 0.00166434  2e+07  4e-07
0.16  1498.94  -0.963204 0.00166434  2e+07  4e-07
0.1625  1499.13  -0.823067 0.00166434  2e+07  4e-07
0.165  1499.28  -0.701243 0.00166434  2e+07  4e-07
0.1675  1499.41  -0.595729 0.00166434  2e+07  4e-07
0.17  1499.51  -0.504672 0.00166434  2e+07  4e-07
0.1725  1499.6  -0.426365 0.00166434  2e+07  4e-07
0.175  1499.67  -0.35925 0.00166434  2e+07  4e-07
0.1775  1499.73  -0.301917 0.00166434  2e+07  4e-07
0.18  1499.78  -0.253095 0.00166434  2e+07  4e-07
0.1825  1499.82  -0.211649 0.00166434  2e+07  4e-07
0.185  1499.86  -0.176569 0.00166434  2e+07  4e-07
0.1875  1499.88  -0.146963 0.00166434  2e+07  4e-07
0.19  1499.9  -0.122047 0.00166434  2e+07  4e-07
0.1925  1499.92  -0.101133 0.00166434  2e+07  4e-07
0.195  1499.94  -0.0836256 0.00166434  2e+07  4e-07
0.1975  1499.95  -0.0690058 0.00166434  2e+07  4e-07
0.2  1499.96  -0.0568271 0.00166434  2e+07  4e-07
0.2025  1499.97  -0.0467057 0.00166434  2e+07  4e-07
0.205  1499.97  -0.0383128 0.00166434  2e+07  4e-07
0.2075  1499.98  -0.0313682 0.00166434  2e+07  4e-07
0.21  1499.98  -0.0256336 0.00166434  2e+07  4e-07
0.2125  1499.99  -0.0209072 0.00166434  2e+07  4e-07
0.215  1499.99  -0.0170187 0.00166434  2e+07  4e-07
0.2175  1499.99  -0.0138246 0.00166434  2e+07  4e-07
0.22  1499.99  -0.0112042 0.00166434  2e+07  4e-07
0.2225  1499.99  -0.00905665 0.00166434  2e+07  4e-07
0.225  1500  -0.00729744 0.00166434  2e+07  4e-07
0.2275  1500  -0.005856 0.00166434  2e+07  4e-07
0.23  1500  -0.00467344 0.00166434  2e+07  4e-07
0.2325  1500  -0.00370058 0.00166434  2e+07  4e-07
0.235  1500  -0.00289632 0.00166434  2e+07  4e-07
0.2375  1500  -0.00222615 0.00166434  2e+07  4e-07
0.24  1500  -0.00166096 0.00166434  2e+07  4e-07
0.2425  1500  -0.00117594 0.00166434  2e+07  4e-07
0.245  1500  -0.00074969 0.00166434  2e+07  4e-07
0.2475  1500  -0.000363367 0.00166434  2e+07  4e-07
0.25  1500  0  0.00166434  2e+07  4e-07
