TITLE="Graphics"
VARIABLES= "rj, m", "T, K", "dT/dt", "Lambda, Watt/m*K", "Cp, J/kg*K", "rho, kg/m^3"
0  300  -1.29333e-26  0.0061001  4.18e+07  0.00098
0.0025  300  -9.77896e-26  0.0061001  4.18e+07  0.00098
0.005  300  -1.7857e-24  0.0061001  4.18e+07  0.00098
0.0075  300  -4.53282e-23  0.0061001  4.18e+07  0.00098
0.01  300  -1.26988e-21  0.0061001  4.18e+07  0.00098
0.0125  300  -3.60646e-20  0.0061001  4.18e+07  0.00098
0.015  300  -9.65929e-19  0.0061001  4.18e+07  0.00098
0.0175  300  -2.10872e-17  0.0061001  4.18e+07  0.00098
0.02  300  -1.3336e-16  0.0061001  4.18e+07  0.00098
0.0225  300  2.55718e-14  0.0061001  4.18e+07  0.00098
0.025  300  1.01782e-12  0.0061001  4.18e+07  0.00098
0.0275  300  3.91522e-11  0.0061001  4.18e+07  0.00098
0.03  300  1.40883e-09  0.0061001  4.18e+07  0.00098
0.0325  300  4.64188e-08  0.0061001  4.18e+07  0.00098
0.035  300  1.36185e-06  0.0061001  4.18e+07  0.00098
0.0375  300  3.42588e-05  0.0061001  4.18e+07  0.00098
0.04  300.001  0.0006999  0.0061001  4.18e+07  0.00098
0.0425  300.03  0.0106537  0.0061001  4.18e+07  0.00098
0.045  300.476  0.102544  0.0061001  4.18e+07  0.00098
0.0475  304.931  0.382135  0.0061001  4.18e+07  0.00098
0.04875  314.18 -0.275052 0.00632038  4.18e+07  0.00098
0.04875  314.18 -0.275052 0.000195714  4.18e+07  0.00098
0.05  671.998  -13.7068 0.00166434  2e+07  4e-07
0.0525  802.722  -14.2331 0.00166434  2e+07  4e-07
0.055  898.877  -14.7283 0.00166434  2e+07  4e-07
0.0575  974.717  -15.1041 0.00166434  2e+07  4e-07
0.06  1036.9  -15.3576 0.00166434  2e+07  4e-07
0.0625  1089.17  -15.5004 0.00166434  2e+07  4e-07
0.065  1133.87  -15.5461 0.00166434  2e+07  4e-07
0.0675  1172.58  -15.5072 0.00166434  2e+07  4e-07
0.07  1206.43  -15.3948 0.00166434  2e+07  4e-07
0.0725  1236.25  -15.2183 0.00166434  2e+07  4e-07
0.075  1262.68  -14.9862 0.00166434  2e+07  4e-07
0.0775  1286.22  -14.706 0.00166434  2e+07  4e-07
0.08  1307.26  -14.3843 0.00166434  2e+07  4e-07
0.0825  1326.14  -14.0269 0.00166434  2e+07  4e-07
0.085  1343.11  -13.6394 0.00166434  2e+07  4e-07
0.0875  1358.4  -13.2265 0.00166434  2e+07  4e-07
0.09  1372.21  -12.7929 0.00166434  2e+07  4e-07
0.0925  1384.69  -12.3424 0.00166434  2e+07  4e-07
0.095  1395.98  -11.879 0.00166434  2e+07  4e-07
0.0975  1406.21  -11.4061 0.00166434  2e+07  4e-07
0.1  1415.47  -10.9268 0.00166434  2e+07  4e-07
0.1025  1423.87  -10.444 0.00166434  2e+07  4e-07
0.105  1431.49  -9.96034 0.00166434  2e+07  4e-07
0.1075  1438.39  -9.47823 0.00166434  2e+07  4e-07
0.11  1444.64  -8.99985 0.00166434  2e+07  4e-07
0.1125  1450.31  -8.52714 0.00166434  2e+07  4e-07
0.115  1455.44  -8.06188 0.00166434  2e+07  4e-07
0.1175  1460.08  -7.60563 0.00166434  2e+07  4e-07
0.12  1464.28  -7.15979 0.00166434  2e+07  4e-07
0.1225  1468.07  -6.72557 0.00166434  2e+07  4e-07
0.125  1471.5  -6.30403 0.00166434  2e+07  4e-07
0.1275  1474.59  -5.89609 0.00166434  2e+07  4e-07
0.13  1477.38  -5.50251 0.00166434  2e+07  4e-07
0.1325  1479.88  -5.12391 0.00166434  2e+07  4e-07
0.135  1482.13  -4.7608 0.00166434  2e+07  4e-07
0.1375  1484.16  -4.41357 0.00166434  2e+07  4e-07
0.14  1485.97  -4.08249 0.00166434  2e+07  4e-07
0.1425  1487.59  -3.76773 0.00166434  2e+07  4e-07
0.145  1489.05  -3.46934 0.00166434  2e+07  4e-07
0.1475  1490.34  -3.18729 0.00166434  2e+07  4e-07
0.15  1491.5  -2.92148 0.00166434  2e+07  4e-07
0.1525  1492.52  -2.67169 0.00166434  2e+07  4e-07
0.155  1493.44  -2.43764 0.00166434  2e+07  4e-07
0.1575  1494.25  -2.21898 0.00166434  2e+07  4e-07
0.16  1494.96  -2.01529 0.00166434  2e+07  4e-07
0.1625  1495.6  -1.82611 0.00166434  2e+07  4e-07
0.165  1496.16  -1.65091 0.00166434  2e+07  4e-07
0.1675  1496.65  -1.48913 0.00166434  2e+07  4e-07
0.17  1497.09  -1.34016 0.00166434  2e+07  4e-07
0.1725  1497.47  -1.20339 0.00166434  2e+07  4e-07
0.175  1497.8  -1.07817 0.00166434  2e+07  4e-07
0.1775  1498.1  -0.963845 0.00166434  2e+07  4e-07
0.18  1498.35  -0.859757 0.00166434  2e+07  4e-07
0.1825  1498.58  -0.765248 0.00166434  2e+07  4e-07
0.185  1498.77  -0.679665 0.00166434  2e+07  4e-07
0.1875  1498.94  -0.602369 0.00166434  2e+07  4e-07
0.19  1499.09  -0.532738 0.00166434  2e+07  4e-07
0.1925  1499.22  -0.470169 0.00166434  2e+07  4e-07
0.195  1499.33  -0.414085 0.00166434  2e+07  4e-07
0.1975  1499.43  -0.363932 0.00166434  2e+07  4e-07
0.2  1499.51  -0.319186 0.00166434  2e+07  4e-07
0.2025  1499.58  -0.279352 0.00166434  2e+07  4e-07
0.205  1499.64  -0.243964 0.00166434  2e+07  4e-07
0.2075  1499.69  -0.212588 0.00166434  2e+07  4e-07
0.21  1499.74  -0.184817 0.00166434  2e+07  4e-07
0.2125  1499.78  -0.160277 0.00166434  2e+07  4e-07
0.215  1499.81  -0.13862 0.00166434  2e+07  4e-07
0.2175  1499.84  -0.119528 0.00166434  2e+07  4e-07
0.22  1499.87  -0.102705 0.00166434  2e+07  4e-07
0.2225  1499.89  -0.0878857 0.00166434  2e+07  4e-07
0.225  1499.91  -0.0748229 0.00166434  2e+07  4e-07
0.2275  1499.92  -0.0632932 0.00166434  2e+07  4e-07
0.23  1499.94  -0.0530926 0.00166434  2e+07  4e-07
0.2325  1499.95  -0.0440351 0.00166434  2e+07  4e-07
0.235  1499.96  -0.0359509 0.00166434  2e+07  4e-07
0.2375  1499.97  -0.0286846 0.00166434  2e+07  4e-07
0.24  1499.97  -0.0220941 0.00166434  2e+07  4e-07
0.2425  1499.98  -0.0160479 0.00166434  2e+07  4e-07
0.245  1499.99  -0.0104247 0.00166434  2e+07  4e-07
0.2475  1499.99  -0.005111 0.00166434  2e+07  4e-07
0.25  1500  0  0.00166434  2e+07  4e-07
