TITLE="Graphics"
VARIABLES= "rj, m", "T, K", "dT/dt", "Lambda, Watt/m*K", "Cp, J/kg*K", "rho, kg/m^3"
0  300  2.58022e-25  0.0061001  4.18e+07  0.00098
0.0025  300  1.3342e-24  0.0061001  4.18e+07  0.00098
0.005  300  1.55528e-23  0.0061001  4.18e+07  0.00098
0.0075  300  2.47018e-22  0.0061001  4.18e+07  0.00098
0.01  300  4.50512e-21  0.0061001  4.18e+07  0.00098
0.0125  300  9.73181e-20  0.0061001  4.18e+07  0.00098
0.015  300  2.70832e-18  0.0061001  4.18e+07  0.00098
0.0175  300  1.02902e-16  0.0061001  4.18e+07  0.00098
0.02  300  5.58213e-15  0.0061001  4.18e+07  0.00098
0.0225  300  2.30506e-13  0.0061001  4.18e+07  0.00098
0.025  300  7.18873e-12  0.0061001  4.18e+07  0.00098
0.0275  300  2.14612e-10  0.0061001  4.18e+07  0.00098
0.03  300  5.99821e-09  0.0061001  4.18e+07  0.00098
0.0325  300  1.5393e-07  0.0061001  4.18e+07  0.00098
0.035  300  3.53514e-06  0.0061001  4.18e+07  0.00098
0.0375  300  7.01159e-05  0.0061001  4.18e+07  0.00098
0.04  300.003  0.00113968  0.0061001  4.18e+07  0.00098
0.0425  300.049  0.0139434  0.0061001  4.18e+07  0.00098
0.045  300.642  0.108841  0.0061001  4.18e+07  0.00098
0.0475  305.485  0.328895  0.0061001  4.18e+07  0.00098
0.04875  313.85 -0.158691 0.00631574  4.18e+07  0.00098
0.04875  313.85 -0.158691 0.000195474  4.18e+07  0.00098
0.05  653.55  -10.2092 0.00166434  2e+07  4e-07
0.0525  783.501  -10.6736 0.00166434  2e+07  4e-07
0.055  878.927  -11.1093 0.00166434  2e+07  4e-07
0.0575  954.2  -11.4541 0.00166434  2e+07  4e-07
0.06  1015.98  -11.7071 0.00166434  2e+07  4e-07
0.0625  1068  -11.8776 0.00166434  2e+07  4e-07
0.065  1112.58  -11.9757 0.00166434  2e+07  4e-07
0.0675  1151.28  -12.0106 0.00166434  2e+07  4e-07
0.07  1185.22  -11.9902 0.00166434  2e+07  4e-07
0.0725  1215.22  -11.9214 0.00166434  2e+07  4e-07
0.075  1241.9  -11.8101 0.00166434  2e+07  4e-07
0.0775  1265.76  -11.6615 0.00166434  2e+07  4e-07
0.08  1287.18  -11.4801 0.00166434  2e+07  4e-07
0.0825  1306.49  -11.2699 0.00166434  2e+07  4e-07
0.085  1323.93  -11.0347 0.00166434  2e+07  4e-07
0.0875  1339.74  -10.7777 0.00166434  2e+07  4e-07
0.09  1354.09  -10.5019 0.00166434  2e+07  4e-07
0.0925  1367.13  -10.2101 0.00166434  2e+07  4e-07
0.095  1379.02  -9.90492 0.00166434  2e+07  4e-07
0.0975  1389.85  -9.5886 0.00166434  2e+07  4e-07
0.1  1399.73  -9.26335 0.00166434  2e+07  4e-07
0.1025  1408.76  -8.93121 0.00166434  2e+07  4e-07
0.105  1417  -8.59404 0.00166434  2e+07  4e-07
0.1075  1424.54  -8.25358 0.00166434  2e+07  4e-07
0.11  1431.43  -7.91147 0.00166434  2e+07  4e-07
0.1125  1437.73  -7.56919 0.00166434  2e+07  4e-07
0.115  1443.48  -7.22813 0.00166434  2e+07  4e-07
0.1175  1448.74  -6.88957 0.00166434  2e+07  4e-07
0.12  1453.55  -6.55469 0.00166434  2e+07  4e-07
0.1225  1457.94  -6.22456 0.00166434  2e+07  4e-07
0.125  1461.94  -5.90016 0.00166434  2e+07  4e-07
0.1275  1465.6  -5.58236 0.00166434  2e+07  4e-07
0.13  1468.93  -5.27197 0.00166434  2e+07  4e-07
0.1325  1471.97  -4.96969 0.00166434  2e+07  4e-07
0.135  1474.74  -4.67613 0.00166434  2e+07  4e-07
0.1375  1477.25  -4.39182 0.00166434  2e+07  4e-07
0.14  1479.54  -4.11722 0.00166434  2e+07  4e-07
0.1425  1481.61  -3.8527 0.00166434  2e+07  4e-07
0.145  1483.5  -3.59854 0.00166434  2e+07  4e-07
0.1475  1485.2  -3.35498 0.00166434  2e+07  4e-07
0.15  1486.75  -3.12216 0.00166434  2e+07  4e-07
0.1525  1488.15  -2.90018 0.00166434  2e+07  4e-07
0.155  1489.41  -2.68905 0.00166434  2e+07  4e-07
0.1575  1490.55  -2.48874 0.00166434  2e+07  4e-07
0.16  1491.57  -2.29916 0.00166434  2e+07  4e-07
0.1625  1492.5  -2.12016 0.00166434  2e+07  4e-07
0.165  1493.33  -1.95157 0.00166434  2e+07  4e-07
0.1675  1494.07  -1.79315 0.00166434  2e+07  4e-07
0.17  1494.74  -1.64463 0.00166434  2e+07  4e-07
0.1725  1495.34  -1.50572 0.00166434  2e+07  4e-07
0.175  1495.87  -1.37609 0.00166434  2e+07  4e-07
0.1775  1496.35  -1.25539 0.00166434  2e+07  4e-07
0.18  1496.78  -1.14326 0.00166434  2e+07  4e-07
0.1825  1497.16  -1.03931 0.00166434  2e+07  4e-07
0.185  1497.5  -0.943146 0.00166434  2e+07  4e-07
0.1875  1497.8  -0.854371 0.00166434  2e+07  4e-07
0.19  1498.06  -0.772582 0.00166434  2e+07  4e-07
0.1925  1498.3  -0.697373 0.00166434  2e+07  4e-07
0.195  1498.51  -0.628345 0.00166434  2e+07  4e-07
0.1975  1498.7  -0.565102 0.00166434  2e+07  4e-07
0.2  1498.86  -0.507257 0.00166434  2e+07  4e-07
0.2025  1499  -0.454433 0.00166434  2e+07  4e-07
0.205  1499.13  -0.406261 0.00166434  2e+07  4e-07
0.2075  1499.24  -0.362389 0.00166434  2e+07  4e-07
0.21  1499.34  -0.322475 0.00166434  2e+07  4e-07
0.2125  1499.43  -0.286193 0.00166434  2e+07  4e-07
0.215  1499.51  -0.253231 0.00166434  2e+07  4e-07
0.2175  1499.57  -0.223293 0.00166434  2e+07  4e-07
0.22  1499.63  -0.196098 0.00166434  2e+07  4e-07
0.2225  1499.69  -0.171378 0.00166434  2e+07  4e-07
0.225  1499.73  -0.148882 0.00166434  2e+07  4e-07
0.2275  1499.77  -0.128371 0.00166434  2e+07  4e-07
0.23  1499.81  -0.109622 0.00166434  2e+07  4e-07
0.2325  1499.84  -0.0924225 0.00166434  2e+07  4e-07
0.235  1499.87  -0.0765734 0.00166434  2e+07  4e-07
0.2375  1499.9  -0.0618868 0.00166434  2e+07  4e-07
0.24  1499.92  -0.0481853 0.00166434  2e+07  4e-07
0.2425  1499.94  -0.035301 0.00166434  2e+07  4e-07
0.245  1499.96  -0.0230749 0.00166434  2e+07  4e-07
0.2475  1499.98  -0.0113559 0.00166434  2e+07  4e-07
0.25  1500  0  0.00166434  2e+07  4e-07
