TITLE="Graphics"
VARIABLES= "rj, m", "T, K", "Lambda, W/m*K" 
0 300.346 0.610591
2.5e-05 300.346 0.610591
5e-05 312.874 0.630193
7.5e-05 317.638 0.636722
0.0001 320.579 0.640481
0.000125 322.986 0.643407
0.00015 325.295 0.646089
0.000175 327.687 0.648744
0.0002 330.245 0.651446
0.000225 333.003 0.654207
0.00025 335.965 0.657002
0.000275 339.12 0.65979
0.0003 342.437 0.662518
0.000325 345.878 0.665134
0.00035 349.391 0.66759
0.000375 352.919 0.669844
0.0004 356.401 0.671868
0.000425 359.772 0.673646
0.00045 362.97 0.675176
0.000475 365.939 0.676464
0.0005 374.65 0.0242801
0.000525 539.079 0.0397599
0.00055 640.09 0.0507513
0.000575 715.142 0.0594816
0.0006 775.029 0.0667388
0.000625 824.74 0.072935
0.00065 867.075 0.0783226
0.000675 903.791 0.0830704
0.0007 936.076 0.0872985
0.000725 964.773 0.091096
0.00075 990.508 0.094531
0.000775 1013.76 0.0976567
0.0008 1034.89 0.100516
0.000825 1054.21 0.103143
0.00085 1071.94 0.105567
0.000875 1088.3 0.107812
0.0009 1103.44 0.109897
0.000925 1117.5 0.111839
0.00095 1130.59 0.113655
0.000975 1142.83 0.115354
0.001 1154.28 0.11695
0.001025 1165.04 0.118451
0.00105303 1176.34 0.120033
0.00108447 1188.16 0.121689
0.00111973 1200.45 0.123416
0.00115926 1213.15 0.125206
0.0012036 1226.22 0.12705
0.00125331 1239.57 0.128938
0.00130906 1253.14 0.130861
0.00137158 1266.83 0.132806
0.00144169 1280.56 0.134761
0.00152031 1294.26 0.136714
0.00160848 1307.83 0.138652
0.00170735 1321.18 0.140564
0.00181822 1334.25 0.142438
0.00194255 1346.97 0.144264
0.00208197 1359.26 0.146032
0.00223832 1371.08 0.147734
0.00241364 1382.38 0.149364
0.00261026 1393.12 0.150915
0.00283074 1403.29 0.152385
0.00307798 1412.87 0.15377
0.00335525 1421.84 0.15507
0.00366617 1430.21 0.156283
0.00401483 1437.99 0.157412
0.00440583 1445.19 0.158457
0.00484428 1451.83 0.15942
0.00533597 1457.92 0.160306
0.00588734 1463.49 0.161116
0.00650565 1468.57 0.161855
0.00719903 1473.17 0.162525
0.00797657 1477.33 0.163131
0.00884851 1481.07 0.163675
0.0098263 1484.41 0.164161
0.0109228 1487.36 0.164592
0.0121524 1489.96 0.16497
0.0135313 1492.2 0.165297
0.0150775 1494.11 0.165575
0.0168115 1495.7 0.165807
0.018756 1496.99 0.165995
0.0209365 1498 0.166142
0.0233817 1498.75 0.166251
0.0261238 1499.27 0.166328
0.0291988 1499.62 0.166378
0.032647 1499.82 0.166408
0.0365139 1499.93 0.166423
0.0408502 1499.97 0.16643
0.0457129 1499.99 0.166433
0.0511659 1500 0.166434
0.0572809 1500 0.166434
0.0641383 1500 0.166434
0.0718281 1500 0.166434
0.0804515 1500 0.166434
0.0901217 1500 0.166434
0.100966 1500 0.166434
0.113126 1500 0.166434
0.126763 1500 0.166434
0.142056 1500 0.166434
0.159204 1500 0.166434
0.178435 1500 0.166434
0.2 1500 0.166434
