TITLE="Graphics"
VARIABLES= "rj, m", "T, K", "Lambda, W/m*K" 
0 300.182 0.610315
2.5e-05 300.182 0.610315
5e-05 306.772 0.621043
7.5e-05 309.418 0.625116
0.0001 311.229 0.627811
0.000125 312.897 0.630225
0.00015 314.666 0.632713
0.000175 316.651 0.635414
0.0002 318.917 0.638382
0.000225 321.508 0.641626
0.00025 324.454 0.645125
0.000275 327.778 0.648841
0.0003 331.495 0.652717
0.000325 335.615 0.65668
0.00035 340.129 0.660642
0.000375 345.01 0.664495
0.0004 350.189 0.668118
0.000425 355.536 0.671383
0.00045 360.828 0.674168
0.000475 365.741 0.676382
0.0005 373.5 0.0241848
0.000525 538.531 0.0397029
0.00055 639.769 0.0507149
0.000575 714.967 0.0594607
0.0006 774.963 0.0667307
0.000625 824.761 0.0729377
0.00065 867.169 0.0783347
0.000675 903.947 0.0830907
0.0007 936.286 0.0873262
0.000725 965.03 0.0911302
0.00075 990.806 0.0945709
0.000775 1014.09 0.0977019
0.0008 1035.26 0.100566
0.000825 1054.6 0.103197
0.00085 1072.37 0.105625
0.000875 1088.75 0.107873
0.0009 1103.91 0.109961
0.000925 1117.99 0.111907
0.00095 1131.1 0.113725
0.000975 1143.35 0.115427
0.001 1154.82 0.117025
0.001025 1165.59 0.118528
0.00105303 1176.9 0.120111
0.00108447 1188.73 0.12177
0.00111973 1201.03 0.123499
0.00115926 1213.76 0.125291
0.0012036 1226.83 0.127136
0.00125331 1240.2 0.129027
0.00130906 1253.77 0.130951
0.00137158 1267.47 0.132897
0.00144169 1281.22 0.134854
0.00152031 1294.92 0.136808
0.00160848 1308.49 0.138748
0.00170735 1321.86 0.140661
0.00181822 1334.94 0.142536
0.00194255 1347.66 0.144363
0.00208197 1359.96 0.146132
0.00223832 1371.79 0.147836
0.00241364 1383.11 0.149469
0.00261026 1393.88 0.151024
0.00283074 1404.08 0.152498
0.00307798 1413.69 0.15389
0.00335525 1422.72 0.155198
0.00366617 1431.16 0.156421
0.00401483 1439.02 0.157561
0.00440583 1446.31 0.158619
0.00484428 1453.05 0.159598
0.00533597 1459.24 0.160498
0.00588734 1464.91 0.161323
0.00650565 1470.08 0.162075
0.00719903 1474.76 0.162756
0.00797657 1478.97 0.163369
0.00884851 1482.72 0.163916
0.0098263 1486.04 0.164399
0.0109228 1488.95 0.164823
0.0121524 1491.45 0.165188
0.0135313 1493.57 0.165497
0.0150775 1495.33 0.165754
0.0168115 1496.75 0.165961
0.018756 1497.85 0.166121
0.0209365 1498.67 0.16624
0.0233817 1499.24 0.166323
0.0261238 1499.6 0.166376
0.0291988 1499.81 0.166407
0.032647 1499.93 0.166423
0.0365139 1499.97 0.16643
0.0408502 1499.99 0.166433
0.0457129 1500 0.166434
0.0511659 1500 0.166434
0.0572809 1500 0.166434
0.0641383 1500 0.166434
0.0718281 1500 0.166434
0.0804515 1500 0.166434
0.0901217 1500 0.166434
0.100966 1500 0.166434
0.113126 1500 0.166434
0.126763 1500 0.166434
0.142056 1500 0.166434
0.159204 1500 0.166434
0.178435 1500 0.166434
0.2 1500 0.166434
