TITLE="Graphics"
VARIABLES= "rj, m", "q, W", "rho, kg/m^3", "u_r, m/s" 
0.0005125 64787.7 0.569369 0
0.0005375 252510 0.401634 0
0.0005625 200479 0.339221 0
0.0005875 175271 0.303937 0
0.0006125 157339 0.280573 0
0.0006375 143040 0.263706 0
0.0006625 131062 0.250839 0
0.0006875 120764 0.24064 0
0.0007125 111765 0.232321 0
0.0007375 103815 0.225387 0
0.0007625 96735.2 0.219506 0
0.0007875 90388.5 0.214445 0
0.0008125 84669.2 0.210039 0
0.0008375 79491.9 0.206164 0
0.0008625 74786.7 0.202727 0
0.0008875 70495.5 0.199655 0
0.0009125 66569.6 0.196892 0
0.0009375 62967.4 0.194391 0
0.0009625 59653.4 0.192117 0
0.0009875 56597.2 0.19004 0
0.0010125 53772.1 0.188133 0
0.00104053 51042.6 0.186174 0
0.00107197 48219.4 0.184171 0
0.00110723 45321.1 0.182138 0
0.00114676 42368.9 0.180086 0
0.0011911 39386.7 0.178027 0
0.00124081 36400.3 0.175975 0
0.00129656 33436.3 0.173942 0
0.00135908 30521.9 0.171941 0
0.00142919 27683.5 0.169982 0
0.00150781 24945.9 0.168076 0
0.00159598 22331.3 0.166233 0
0.00169485 19859 0.164461 0
0.00180572 17544.2 0.162765 0
0.00193005 15398.1 0.161151 0
0.00206947 13427.6 0.159624 0
0.00222582 11635.5 0.158184 0
0.00240114 10020.7 0.156833 0
0.00259776 8578.67 0.155572 0
0.00281824 7301.88 0.154398 0
0.00306548 6180.68 0.153311 0
0.00334275 5203.76 0.152307 0
0.00365367 4358.81 0.151383 0
0.00400233 3633 0.150536 0
0.00439333 3013.52 0.149762 0
0.00483178 2487.92 0.149057 0
0.00532347 2044.36 0.148417 0
0.00587484 1671.87 0.147837 0
0.00649315 1360.43 0.147315 0
0.00718653 1101.04 0.146846 0
0.00796407 885.746 0.146427 0
0.00883601 707.581 0.146055 0
0.0098138 560.549 0.145727 0
0.0109103 439.541 0.145441 0
0.0121399 340.265 0.145194 0
0.0135188 259.162 0.144984 0
0.015065 193.325 0.144809 0
0.016799 140.41 0.144667 0
0.0187435 98.5334 0.144555 0
0.020924 66.1616 0.144472 0
0.0233692 41.9865 0.144412 0
0.0261113 24.7973 0.144373 0
0.0291863 13.3743 0.144349 0
0.0326345 6.43935 0.144336 0
0.0365014 2.69574 0.14433 0
0.0408377 0.953181 0.144328 0
0.0457004 0.276293 0.144327 0
0.0511534 0.063832 0.144327 0
0.0572684 0.011474 0.144327 0
0.0641258 0.00157513 0.144327 0
0.0718156 0.000163004 0.144327 0
0.080439 1.26146e-05 0.144327 0
0.0901092 7.27615e-07 0.144327 0
0.100953 3.00882e-08 0.144327 0
0.113114 1.30701e-09 0.144327 0
0.126751 0 0.144327 0
0.142043 0 0.144327 0
0.159192 0 0.144327 0
0.178422 0 0.144327 0
