TITLE="Graphics"
VARIABLES= "rj, m", "q, W", "rho, kg/m^3", "u_r, m/s" 
0.000512195 217837 0.437768 0
0.000536585 221314 0.35561 0
0.000560976 192434 0.31304 0
0.000585366 172105 0.286111 0
0.000609756 156032 0.26721 0
0.000634146 142649 0.253066 0
0.000658537 131193 0.24201 0
0.000682927 121217 0.233087 0
0.000707317 112429 0.225712 0
0.000731707 104621 0.219497 0
0.000756098 97636.9 0.21418 0
0.000780488 91355.3 0.209572 0
0.000804878 85678.8 0.205536 0
0.000829268 80528 0.201968 0
0.000853659 75837.4 0.19879 0
0.000878049 71551.7 0.195938 0
0.000902439 67624.4 0.193363 0
0.000926829 64015.6 0.191027 0
0.00095122 60691.1 0.188897 0
0.00097561 57621.2 0.186945 0
0.001 54780.2 0.185151 0
0.00102736 52029.9 0.183301 0
0.00105807 49181.1 0.181407 0
0.00109251 46252.2 0.179478 0
0.00113116 43264.6 0.177527 0
0.00117452 40242.1 0.175565 0
0.00122316 37210.7 0.173604 0
0.00127774 34197.7 0.171658 0
0.00133897 31230.7 0.169738 0
0.00140767 28336.9 0.167855 0
0.00148475 25541.9 0.16602 0
0.00157123 22868.9 0.164242 0
0.00166825 20337.9 0.16253 0
0.00177711 17965 0.160891 0
0.00189923 15762.4 0.159329 0
0.00203626 13737.5 0.157849 0
0.00218999 11893.7 0.156455 0
0.00236246 10230.4 0.155147 0
0.00255597 8743.04 0.153926 0
0.00277308 7424.47 0.152791 0
0.00301666 6264.92 0.151742 0
0.00328995 5252.98 0.150776 0
0.00359656 4376.13 0.149892 0
0.00394056 3621.32 0.149085 0
0.00432651 2975.52 0.148354 0
0.00475953 2426.04 0.147696 0
0.00524535 1960.94 0.147107 0
0.00579041 1569.19 0.146584 0
0.00640194 1240.84 0.146126 0
0.00708805 967.143 0.145728 0
0.00785782 740.503 0.14539 0
0.00872145 554.493 0.145108 0
0.00969041 403.735 0.144878 0
0.0107775 283.741 0.144698 0
0.0119972 190.687 0.144563 0
0.0133656 121.122 0.144467 0
0.0149009 71.6813 0.144403 0
0.0166234 38.8477 0.144364 0
0.018556 18.8929 0.144343 0
0.0207242 8.0582 0.144333 0
0.0231568 2.94054 0.144329 0
0.0258861 0.895211 0.144327 0
0.0289482 0.222004 0.144327 0
0.0323837 0.0439166 0.144327 0
0.0362382 0.00681307 0.144327 0
0.0405626 0.000818394 0.144327 0
0.0454145 7.54489e-05 0.144327 0
0.0508579 5.30885e-06 0.144327 0
0.0569652 2.84238e-07 0.144327 0
0.0638172 1.15483e-08 0.144327 0
0.0715049 3.54425e-10 0.144327 0
0.0801299 0 0.144327 0
0.0898068 0 0.144327 0
0.100664 0 0.144327 0
0.112844 0 0.144327 0
0.126511 0 0.144327 0
0.141843 0 0.144327 0
0.159046 0 0.144327 0
0.178346 0 0.144327 0
