TITLE="Graphics"
VARIABLES= "rj, m", "q, W", "rho, kg/m^3", "u_r, m/s" 
0.0005125 64411.1 0.565655 0
0.0005375 250230 0.401074 0
0.0005625 199275 0.339153 0
0.0005875 174308 0.30404 0
0.0006125 156504 0.280756 0
0.0006375 142293 0.263931 0
0.0006625 130384 0.251089 0
0.0006875 120142 0.240905 0
0.0007125 111192 0.232596 0
0.0007375 103285 0.225669 0
0.0007625 96241.7 0.219791 0
0.0007875 89928.2 0.214734 0
0.0008125 84238.6 0.210329 0
0.0008375 79088 0.206456 0
0.0008625 74407.1 0.203019 0
0.0008875 70138.1 0.199948 0
0.0009125 66232.3 0.197185 0
0.0009375 62648.7 0.194684 0
0.0009625 59351.7 0.19241 0
0.0009875 56311.2 0.190332 0
0.0010125 53500.6 0.188426 0
0.00104053 50785.1 0.186466 0
0.00107197 47976.3 0.184463 0
0.00110723 45092.8 0.182429 0
0.00114676 42155.8 0.180376 0
0.0011911 39188.9 0.178316 0
0.00124081 36217.8 0.176263 0
0.00129656 33269 0.174229 0
0.00135908 30369.7 0.172227 0
0.00142919 27545.9 0.170267 0
0.00150781 24822.4 0.16836 0
0.00159598 22221.4 0.166515 0
0.00169485 19761.9 0.164741 0
0.00180572 17459.1 0.163044 0
0.00193005 15324.2 0.161429 0
0.00206947 13364.1 0.1599 0
0.00222582 11581.5 0.158459 0
0.00240114 9975.4 0.157106 0
0.00259776 8541.12 0.155843 0
0.00281824 7271.34 0.154668 0
0.00306548 6156.41 0.153578 0
0.00334275 5185.09 0.152572 0
0.00365367 4345.12 0.151646 0
0.00400233 3623.77 0.150796 0
0.00439333 3008.26 0.150019 0
0.00483178 2486.22 0.14931 0
0.00532347 2045.88 0.148666 0
0.00587484 1676.31 0.148082 0
0.00649315 1367.53 0.147554 0
0.00718653 1110.57 0.147078 0
0.00796407 897.496 0.146652 0
0.00883601 721.346 0.146271 0
0.0098138 576.107 0.145932 0
0.0109103 456.633 0.145633 0
0.0121399 358.574 0.145372 0
0.0135188 278.294 0.145145 0
0.015065 212.794 0.144952 0
0.016799 159.63 0.14479 0
0.0187435 116.838 0.144658 0
0.020924 82.8465 0.144553 0
0.0233692 56.3945 0.144473 0
0.0261113 36.4298 0.144415 0
0.0291863 22.0114 0.144376 0
0.0326345 12.219 0.144351 0
0.0365014 6.09837 0.144338 0
0.0408377 2.66767 0.144331 0
0.0457004 0.994029 0.144328 0
0.0511534 0.306176 0.144327 0
0.0572684 0.0757188 0.144327 0
0.0641258 0.0146541 0.144327 0
0.0718156 0.00217455 0.144327 0
0.080439 0.000243822 0.144327 0
0.0901092 2.04642e-05 0.144327 0
0.100953 1.27903e-06 0.144327 0
0.113114 5.88246e-08 0.144327 0
0.126751 2.14788e-09 0.144327 0
0.142043 0 0.144327 0
0.159192 0 0.144327 0
0.178422 0 0.144327 0
