TITLE="Graphics"
VARIABLES= "rj, m", "q, W", "rho, kg/m^3", "u_r, m/s" 
0.000512195 189027 0.435037 0
0.000536585 213838 0.35596 0
0.000560976 186378 0.314289 0
0.000585366 166834 0.28772 0
0.000609756 151317 0.268989 0
0.000634146 138370 0.25493 0
0.000658537 127276 0.243917 0
0.000682927 117609 0.235017 0
0.000707317 109091 0.22765 0
0.000731707 101521 0.221438 0
0.000756098 94749 0.216119 0
0.000780488 88657.2 0.211506 0
0.000804878 83151.8 0.207464 0
0.000829268 78156.1 0.203888 0
0.000853659 73606.4 0.200702 0
0.000878049 69449.5 0.197842 0
0.000902439 65640.2 0.195259 0
0.000926829 62139.8 0.192915 0
0.00095122 58915.1 0.190777 0
0.00097561 55937.4 0.188818 0
0.001 53181.7 0.187016 0
0.00102736 50514 0.185158 0
0.00105807 47750.8 0.183255 0
0.00109251 44910 0.181317 0
0.00113116 42012.4 0.179356 0
0.00117452 39081 0.177383 0
0.00122316 36141.3 0.175412 0
0.00127774 33219.5 0.173454 0
0.00133897 30342.6 0.171522 0
0.00140767 27537 0.169626 0
0.00148475 24827.4 0.167779 0
0.00157123 22236.5 0.165988 0
0.00166825 19783.7 0.164263 0
0.00177711 17484.7 0.162609 0
0.00189923 15351.2 0.161033 0
0.00203626 13390.6 0.159539 0
0.00218999 11606.2 0.158129 0
0.00236246 9997.25 0.156804 0
0.00255597 8559.69 0.155566 0
0.00277308 7286.4 0.154413 0
0.00301666 6167.99 0.153343 0
0.00328995 5193.39 0.152354 0
0.00359656 4350.43 0.151444 0
0.00394056 3626.44 0.150609 0
0.00432651 3008.68 0.149844 0
0.00475953 2484.74 0.149148 0
0.00524535 2042.83 0.148514 0
0.00579041 1671.98 0.14794 0
0.00640194 1362.17 0.147421 0
0.00708805 1104.38 0.146955 0
0.00785782 890.643 0.146537 0
0.00872145 713.963 0.146164 0
0.00969041 568.31 0.145834 0
0.0107775 448.534 0.145543 0
0.0119972 350.288 0.14529 0
0.0133656 269.951 0.145073 0
0.0149009 204.545 0.144889 0
0.0166234 151.655 0.144736 0
0.018556 109.34 0.144613 0
0.0207242 76.0474 0.144517 0
0.0231568 50.5061 0.144446 0
0.0258861 31.6223 0.144396 0
0.0289482 18.3709 0.144364 0
0.0323837 9.71292 0.144344 0
0.0362382 4.56754 0.144334 0
0.0405626 1.86101 0.144329 0
0.0454145 0.638619 0.144328 0
0.0508579 0.179375 0.144327 0
0.0569652 0.0401641 0.144327 0
0.0638172 0.0070115 0.144327 0
0.0715049 0.000938187 0.144327 0
0.0801299 9.50939e-05 0.144327 0
0.0898068 7.24818e-06 0.144327 0
0.100664 4.13835e-07 0.144327 0
0.112844 1.76587e-08 0.144327 0
0.126511 5.51045e-10 0.144327 0
0.141843 0 0.144327 0
0.159046 0 0.144327 0
0.178346 0 0.144327 0
