TITLE="Graphics"
VARIABLES= "rj, m", "q, W", "rho, kg/m^3", "u_r, m/s" 
0.0005125 63350.2 0.541673 0
0.0005375 241259 0.395109 0
0.0005625 195240 0.336482 0
0.0005875 171289 0.302633 0
0.0006125 153958 0.279985 0
0.0006375 140050 0.263532 0
0.0006625 128365 0.250927 0
0.0006875 118302 0.240905 0
0.0007125 109502 0.232713 0
0.0007375 101722 0.225872 0
0.0007625 94791.3 0.220061 0
0.0007875 88576.7 0.215055 0
0.0008125 82975.3 0.210693 0
0.0008375 77904.1 0.206853 0
0.0008625 73294.9 0.203444 0
0.0008875 69091 0.200396 0
0.0009125 65244.6 0.197652 0
0.0009375 61715.2 0.195169 0
0.0009625 58468.1 0.192909 0
0.0009875 55473.5 0.190844 0
0.0010125 52705.3 0.188948 0
0.00104053 50030.3 0.186999 0
0.00107197 47263.6 0.185006 0
0.00110723 44423.2 0.182982 0
0.00114676 41530.1 0.180938 0
0.0011911 38607.7 0.178887 0
0.00124081 35681.1 0.176842 0
0.00129656 32776.6 0.174816 0
0.00135908 29920.8 0.17282 0
0.00142919 27139.4 0.170866 0
0.00150781 24456.8 0.168965 0
0.00159598 21895 0.167125 0
0.00169485 19472.5 0.165356 0
0.00180572 17204.4 0.163662 0
0.00193005 15101.8 0.16205 0
0.00206947 13171.4 0.160523 0
0.00222582 11415.9 0.159083 0
0.00240114 9834.29 0.157733 0
0.00259776 8422.03 0.15647 0
0.00281824 7171.86 0.155295 0
0.00306548 6074.32 0.154206 0
0.00334275 5118.33 0.153199 0
0.00365367 4291.82 0.152272 0
0.00400233 3582.25 0.15142 0
0.00439333 2977.08 0.15064 0
0.00483178 2464.08 0.149928 0
0.00532347 2031.69 0.149279 0
0.00587484 1669.14 0.14869 0
0.00649315 1366.61 0.148155 0
0.00718653 1115.26 0.147671 0
0.00796407 907.251 0.147234 0
0.00883601 735.72 0.14684 0
0.0098138 594.705 0.146486 0
0.0109103 479.088 0.146169 0
0.0121399 384.509 0.145885 0
0.0135188 307.283 0.145632 0
0.015065 244.321 0.145408 0
0.016799 193.049 0.14521 0
0.0187435 151.343 0.145037 0
0.020924 117.459 0.144887 0
0.0233692 89.9848 0.144758 0
0.0261113 67.7832 0.14465 0
0.0291863 49.9509 0.144561 0
0.0326345 35.7751 0.144489 0
0.0365014 24.693 0.144434 0
0.0408377 16.2507 0.144393 0
0.0457004 10.0604 0.144365 0
0.0511534 5.76152 0.144347 0
0.0572684 2.99062 0.144336 0
0.0641258 1.37325 0.14433 0
0.0718156 0.542598 0.144328 0
0.080439 0.179051 0.144327 0
0.0901092 0.047896 0.144327 0
0.100953 0.0101077 0.144327 0
0.113114 0.00164564 0.144327 0
0.126751 0.000203302 0.144327 0
0.142043 1.88489e-05 0.144327 0
0.159192 1.30284e-06 0.144327 0
0.178422 6.67669e-08 0.144327 0
