TITLE="Graphics"
VARIABLES= "rj, m", "q, W", "rho, kg/m^3", "u_r, m/s" 
0.0005125 63598.1 0.550346 0
0.0005375 243970 0.397529 0
0.0005625 196361 0.337686 0
0.0005875 172092 0.303358 0
0.0006125 154620 0.280463 0
0.0006375 140627 0.263863 0
0.0006625 128881 0.251164 0
0.0006875 118770 0.241075 0
0.0007125 109930 0.232835 0
0.0007375 102117 0.225958 0
0.0007625 95157.4 0.220118 0
0.0007875 88917.5 0.21509 0
0.0008125 83293.6 0.210709 0
0.0008375 78202.2 0.206854 0
0.0008625 73574.8 0.203433 0
0.0008875 69354.4 0.200374 0
0.0009125 65493 0.197621 0
0.0009375 61949.9 0.19513 0
0.0009625 58690.3 0.192864 0
0.0009875 55684 0.190792 0
0.0010125 52905.2 0.188891 0
0.00104053 50220 0.186936 0
0.00107197 47442.8 0.184939 0
0.00110723 44591.6 0.182909 0
0.00114676 41687.5 0.180861 0
0.0011911 38753.9 0.178805 0
0.00124081 35816.2 0.176756 0
0.00129656 32900.6 0.174725 0
0.00135908 30033.8 0.172726 0
0.00142919 27241.9 0.170768 0
0.00150781 24549 0.168863 0
0.00159598 21977.4 0.167021 0
0.00169485 19545.6 0.165248 0
0.00180572 17268.9 0.163552 0
0.00193005 15158.2 0.161938 0
0.00206947 13220.4 0.160409 0
0.00222582 11458.2 0.158967 0
0.00240114 9870.45 0.157615 0
0.00259776 8452.73 0.156351 0
0.00281824 7197.72 0.155175 0
0.00306548 6095.9 0.154084 0
0.00334275 5136.16 0.153077 0
0.00365367 4306.37 0.152149 0
0.00400233 3593.96 0.151296 0
0.00439333 2986.32 0.150516 0
0.00483178 2471.2 0.149804 0
0.00532347 2036.96 0.149156 0
0.00587484 1672.82 0.148566 0
0.00649315 1368.9 0.148032 0
0.00718653 1116.33 0.147549 0
0.00796407 907.256 0.147113 0
0.00883601 734.777 0.146721 0
0.0098138 592.915 0.146369 0
0.0109103 476.535 0.146054 0
0.0121399 381.267 0.145773 0
0.0135188 303.419 0.145524 0
0.015065 239.902 0.145305 0
0.016799 188.148 0.145113 0
0.0187435 146.043 0.144946 0
0.020924 111.864 0.144803 0
0.0233692 84.2208 0.144683 0
0.0261113 62.0062 0.144584 0
0.0291863 44.345 0.144505 0
0.0326345 30.5449 0.144444 0
0.0365014 20.045 0.144399 0
0.0408377 12.363 0.144368 0
0.0457004 7.04595 0.144348 0
0.0511534 3.63502 0.144337 0
0.0572684 1.65661 0.144331 0
0.0641258 0.648653 0.144328 0
0.0718156 0.211806 0.144327 0
0.080439 0.055993 0.144327 0
0.0901092 0.0116668 0.144327 0
0.100953 0.00187437 0.144327 0
0.113114 0.000228453 0.144327 0
0.126751 2.08985e-05 0.144327 0
0.142043 1.42679e-06 0.144327 0
0.159192 7.04301e-08 0.144327 0
0.178422 3.40043e-09 0.144327 0
