TITLE="Graphics"
VARIABLES= "rj, m", "q, W", "rho, kg/m^3", "u_r, m/s" 
0.0005125 64749.5 0.569083 0
0.0005375 252294 0.401605 0
0.0005625 200360 0.33923 0
0.0005875 175174 0.303958 0
0.0006125 157254 0.2806 0
0.0006375 142964 0.263736 0
0.0006625 130993 0.25087 0
0.0006875 120700 0.240672 0
0.0007125 111706 0.232354 0
0.0007375 103761 0.22542 0
0.0007625 96684.7 0.219538 0
0.0007875 90341.4 0.214478 0
0.0008125 84625.1 0.210072 0
0.0008375 79450.5 0.206197 0
0.0008625 74747.8 0.202759 0
0.0008875 70458.9 0.199687 0
0.0009125 66535.1 0.196924 0
0.0009375 62934.8 0.194424 0
0.0009625 59622.6 0.19215 0
0.0009875 56567.9 0.190072 0
0.0010125 53744.3 0.188165 0
0.00104053 51016.3 0.186206 0
0.00107197 48194.6 0.184203 0
0.00110723 45297.7 0.18217 0
0.00114676 42347.1 0.180117 0
0.0011911 39366.5 0.178058 0
0.00124081 36381.6 0.176006 0
0.00129656 33419.2 0.173973 0
0.00135908 30506.3 0.171971 0
0.00142919 27669.4 0.170012 0
0.00150781 24933.3 0.168107 0
0.00159598 22320.1 0.166263 0
0.00169485 19849.1 0.164491 0
0.00180572 17535.5 0.162795 0
0.00193005 15390.5 0.161181 0
0.00206947 13421.1 0.159653 0
0.00222582 11630 0.158213 0
0.00240114 10016.1 0.156862 0
0.00259776 8574.83 0.155601 0
0.00281824 7298.75 0.154427 0
0.00306548 6178.2 0.153339 0
0.00334275 5201.86 0.152335 0
0.00365367 4357.41 0.151411 0
0.00400233 3632.07 0.150564 0
0.00439333 3013 0.14979 0
0.00483178 2487.77 0.149084 0
0.00532347 2044.55 0.148443 0
0.00587484 1672.37 0.147863 0
0.00649315 1361.22 0.14734 0
0.00718653 1102.1 0.146871 0
0.00796407 887.053 0.146451 0
0.00883601 709.119 0.146078 0
0.0098138 562.298 0.145749 0
0.0109103 441.473 0.145461 0
0.0121399 342.344 0.145212 0
0.0135188 261.339 0.145 0
0.015065 195.537 0.144823 0
0.016799 142.579 0.144679 0
0.0187435 100.573 0.144565 0
0.020924 67.9829 0.144479 0
0.0233692 43.5132 0.144418 0
0.0261113 25.9807 0.144377 0
0.0291863 14.2066 0.144351 0
0.0326345 6.95839 0.144337 0
0.0365014 2.97495 0.144331 0
0.0408377 1.0788 0.144328 0
0.0457004 0.322072 0.144327 0
0.0511534 0.0769404 0.144327 0
0.0572684 0.0143491 0.144327 0
0.0641258 0.00204909 0.144327 0
0.0718156 0.000221014 0.144327 0
0.080439 1.78505e-05 0.144327 0
0.0901092 1.07518e-06 0.144327 0
0.100953 4.68527e-08 0.144327 0
0.113114 2.16901e-09 0.144327 0
0.126751 0 0.144327 0
0.142043 0 0.144327 0
0.159192 0 0.144327 0
0.178422 0 0.144327 0
