TITLE="Graphics"
VARIABLES= "rj, m", "q, W", "rho, kg/m^3", "u_r, m/s" 
0.000512195 204967 0.439882 0
0.000536585 216429 0.357889 0
0.000560976 188301 0.315245 0
0.000585366 168444 0.288224 0
0.000609756 152729 0.269241 0
0.000634146 139638 0.255027 0
0.000658537 128428 0.243911 0
0.000682927 118666 0.234938 0
0.000707317 110066 0.227519 0
0.000731707 102425 0.221267 0
0.000756098 95589.5 0.215916 0
0.000780488 89441.6 0.211279 0
0.000804878 83886 0.207217 0
0.000829268 78845 0.203626 0
0.000853659 74254.3 0.200426 0
0.000878049 70060 0.197554 0
0.000902439 66216.5 0.194963 0
0.000926829 62684.7 0.19261 0
0.00095122 59431.1 0.190465 0
0.00097561 56426.9 0.1885 0
0.001 53646.7 0.186693 0
0.00102736 50955.3 0.18483 0
0.00105807 48167.6 0.182922 0
0.00109251 45301.6 0.180979 0
0.00113116 42378.2 0.179013 0
0.00117452 39420.8 0.177036 0
0.00122316 36454.9 0.175061 0
0.00127774 33507.1 0.1731 0
0.00133897 30604.6 0.171164 0
0.00140767 27773.9 0.169266 0
0.00148475 25040.1 0.167416 0
0.00157123 22426 0.165624 0
0.00166825 19951.1 0.163896 0
0.00177711 17631.4 0.162242 0
0.00189923 15478.6 0.160665 0
0.00203626 13500.2 0.15917 0
0.00218999 11699.4 0.157759 0
0.00236246 10075.6 0.156435 0
0.00255597 8624.66 0.155197 0
0.00277308 7339.32 0.154044 0
0.00301666 6210.14 0.152976 0
0.00328995 5225.93 0.151989 0
0.00359656 4374.43 0.151081 0
0.00394056 3642.83 0.150249 0
0.00432651 3018.29 0.149488 0
0.00475953 2488.29 0.148795 0
0.00524535 2040.93 0.148167 0
0.00579041 1665.16 0.1476 0
0.00640194 1350.89 0.14709 0
0.00708805 1089.06 0.146633 0
0.00785782 871.655 0.146227 0
0.00872145 691.715 0.145868 0
0.00969041 543.24 0.145554 0
0.0107775 421.154 0.145283 0
0.0119972 321.223 0.145053 0
0.0133656 239.963 0.14486 0
0.0149009 174.549 0.144704 0
0.0166234 122.699 0.144581 0
0.018556 82.5503 0.144488 0
0.0207242 52.5079 0.144422 0
0.0231568 31.0958 0.144378 0
0.0258861 16.8249 0.144352 0
0.0289482 8.13064 0.144338 0
0.0323837 3.41802 0.144331 0
0.0362382 1.21414 0.144328 0
0.0405626 0.35367 0.144327 0
0.0454145 0.0821238 0.144327 0
0.0508579 0.0148372 0.144327 0
0.0569652 0.0020469 0.144327 0
0.0638172 0.000212825 0.144327 0
0.0715049 1.65429e-05 0.144327 0
0.0801299 9.57145e-07 0.144327 0
0.0898068 4.11127e-08 0.144327 0
0.100664 1.47789e-09 0.144327 0
0.112844 0 0.144327 0
0.126511 0 0.144327 0
0.141843 0 0.144327 0
0.159046 0 0.144327 0
0.178346 0 0.144327 0
