TITLE="Graphics"
VARIABLES= "rj, m", "q, W", "rho, kg/m^3", "u_r, m/s" 
0.0005125 63401.4 0.543518 0
0.0005375 241834 0.395633 0
0.0005625 195480 0.336744 0
0.0005875 171461 0.302792 0
0.0006125 154100 0.28009 0
0.0006375 140174 0.263605 0
0.0006625 128476 0.25098 0
0.0006875 118402 0.240944 0
0.0007125 109593 0.232741 0
0.0007375 101807 0.225892 0
0.0007625 94869.7 0.220075 0
0.0007875 88649.7 0.215064 0
0.0008125 83043.5 0.210697 0
0.0008375 77968 0.206854 0
0.0008625 73354.9 0.203443 0
0.0008875 69147.4 0.200392 0
0.0009125 65297.8 0.197647 0
0.0009375 61765.5 0.195162 0
0.0009625 58515.8 0.1929 0
0.0009875 55518.7 0.190834 0
0.0010125 52748.2 0.188936 0
0.00104053 50071 0.186986 0
0.00107197 47302.1 0.184992 0
0.00110723 44459.4 0.182967 0
0.00114676 41564 0.180922 0
0.0011911 38639.2 0.17887 0
0.00124081 35710.2 0.176825 0
0.00129656 32803.3 0.174797 0
0.00135908 29945.2 0.1728 0
0.00142919 27161.5 0.170846 0
0.00150781 24476.8 0.168944 0
0.00159598 21912.8 0.167103 0
0.00169485 19488.4 0.165333 0
0.00180572 17218.5 0.163639 0
0.00193005 15114.2 0.162026 0
0.00206947 13182.2 0.160499 0
0.00222582 11425.3 0.159059 0
0.00240114 9842.41 0.157708 0
0.00259776 8429 0.156445 0
0.00281824 7177.83 0.155269 0
0.00306548 6079.4 0.15418 0
0.00334275 5122.63 0.153172 0
0.00365367 4295.45 0.152245 0
0.00400233 3585.3 0.151393 0
0.00439333 2979.61 0.150613 0
0.00483178 2466.18 0.149901 0
0.00532347 2033.4 0.149252 0
0.00587484 1670.51 0.148662 0
0.00649315 1367.67 0.148127 0
0.00718653 1116.05 0.147643 0
0.00796407 907.783 0.147206 0
0.00883601 736.013 0.146813 0
0.0098138 594.77 0.146459 0
0.0109103 478.936 0.146142 0
0.0121399 384.149 0.145858 0
0.0135188 306.725 0.145606 0
0.015065 243.576 0.145383 0
0.016799 192.135 0.145186 0
0.0187435 150.279 0.145014 0
0.020924 116.274 0.144866 0
0.0233692 88.7118 0.144739 0
0.0261113 66.464 0.144633 0
0.0291863 48.6332 0.144546 0
0.0326345 34.5118 0.144477 0
0.0365014 23.5384 0.144424 0
0.0408377 15.2545 0.144386 0
0.0457004 9.25993 0.14436 0
0.0511534 5.17255 0.144343 0
0.0572684 2.60229 0.144334 0
0.0641258 1.14967 0.14433 0
0.0718156 0.433488 0.144328 0
0.080439 0.135357 0.144327 0
0.0901092 0.033987 0.144327 0
0.100953 0.00668603 0.144327 0
0.113114 0.00100924 0.144327 0
0.126751 0.000115154 0.144327 0
0.142043 9.83635e-06 0.144327 0
0.159192 6.25388e-07 0.144327 0
0.178422 2.98876e-08 0.144327 0
