TITLE="Graphics"
VARIABLES= "rj, m", "q, W", "rho, kg/m^3", "u_r, m/s" 
0.0005125 64170 0.562423 0
0.0005375 248620 0.400447 0
0.0005625 198473 0.338957 0
0.0005875 173681 0.304002 0
0.0006125 155964 0.280793 0
0.0006375 141812 0.264011 0
0.0006625 129949 0.251195 0
0.0006875 119744 0.241027 0
0.0007125 110825 0.232731 0
0.0007375 102945 0.225811 0
0.0007625 95926.2 0.21994 0
0.0007875 89633.9 0.214887 0
0.0008125 83963.3 0.210486 0
0.0008375 78829.9 0.206615 0
0.0008625 74164.6 0.20318 0
0.0008875 69909.7 0.200111 0
0.0009125 66016.9 0.197349 0
0.0009375 62445 0.19485 0
0.0009625 59159 0.192576 0
0.0009875 56128.4 0.190499 0
0.0010125 53327.1 0.188593 0
0.00104053 50620.5 0.186633 0
0.00107197 47821 0.184631 0
0.00110723 44946.9 0.182597 0
0.00114676 42019.5 0.180544 0
0.0011911 39062.4 0.178485 0
0.00124081 36101 0.176432 0
0.00129656 33162 0.174398 0
0.00135908 30272.2 0.172395 0
0.00142919 27457.8 0.170435 0
0.00150781 24743.3 0.168528 0
0.00159598 22150.9 0.166683 0
0.00169485 19699.5 0.164909 0
0.00180572 17404.4 0.163211 0
0.00193005 15276.7 0.161595 0
0.00206947 13323.2 0.160066 0
0.00222582 11546.6 0.158624 0
0.00240114 9945.93 0.157271 0
0.00259776 8516.58 0.156007 0
0.00281824 7251.21 0.15483 0
0.00306548 6140.22 0.15374 0
0.00334275 5172.39 0.152733 0
0.00365367 4335.51 0.151805 0
0.00400233 3616.87 0.150954 0
0.00439333 3003.78 0.150176 0
0.00483178 2483.86 0.149465 0
0.00532347 2045.41 0.148819 0
0.00587484 1677.51 0.148232 0
0.00649315 1370.23 0.147702 0
0.00718653 1114.63 0.147223 0
0.00796407 902.775 0.146792 0
0.00883601 727.734 0.146407 0
0.0098138 583.497 0.146063 0
0.0109103 464.917 0.145757 0
0.0121399 367.632 0.145489 0
0.0135188 287.981 0.145254 0
0.015065 222.923 0.145051 0
0.016799 169.965 0.144878 0
0.0187435 127.085 0.144734 0
0.020924 92.6603 0.144616 0
0.0233692 65.4004 0.144523 0
0.0261113 44.2671 0.144453 0
0.0291863 28.3948 0.144402 0
0.0326345 17.0056 0.144368 0
0.0365014 9.33636 0.144347 0
0.0408377 4.59598 0.144336 0
0.0457004 1.97676 0.14433 0
0.0511534 0.721721 0.144328 0
0.0572684 0.217044 0.144327 0
0.0641258 0.052233 0.144327 0
0.0718156 0.00980928 0.144327 0
0.080439 0.00140942 0.144327 0
0.0901092 0.000152784 0.144327 0
0.100953 1.23853e-05 0.144327 0
0.113114 7.46627e-07 0.144327 0
0.126751 3.43966e-08 0.144327 0
0.142043 5.86486e-10 0.144327 0
0.159192 0 0.144327 0
0.178422 0 0.144327 0
