TITLE="Graphics"
VARIABLES= "rj, m", "q, W", "rho, kg/m^3", "u_r, m/s" 
0.0005125 64451.7 0.566093 0
0.0005375 250483 0.401146 0
0.0005625 199406 0.339167 0
0.0005875 174413 0.304034 0
0.0006125 156594 0.280739 0
0.0006375 142374 0.263909 0
0.0006625 130458 0.251064 0
0.0006875 120210 0.240878 0
0.0007125 111254 0.232568 0
0.0007375 103342 0.22564 0
0.0007625 96295.2 0.219762 0
0.0007875 89978.1 0.214704 0
0.0008125 84285.2 0.210299 0
0.0008375 79131.8 0.206425 0
0.0008625 74448.3 0.202989 0
0.0008875 70176.9 0.199917 0
0.0009125 66268.9 0.197154 0
0.0009375 62683.3 0.194654 0
0.0009625 59384.5 0.19238 0
0.0009875 56342.3 0.190302 0
0.0010125 53530.1 0.188395 0
0.00104053 50813.1 0.186435 0
0.00107197 48002.8 0.184432 0
0.00110723 45117.7 0.182398 0
0.00114676 42179 0.180345 0
0.0011911 39210.4 0.178286 0
0.00124081 36237.7 0.176233 0
0.00129656 33287.3 0.174199 0
0.00135908 30386.3 0.172196 0
0.00142919 27561 0.170236 0
0.00150781 24836 0.16833 0
0.00159598 22233.5 0.166485 0
0.00169485 19772.6 0.164711 0
0.00180572 17468.5 0.163014 0
0.00193005 15332.5 0.161399 0
0.00206947 13371.3 0.15987 0
0.00222582 11587.7 0.158429 0
0.00240114 9980.63 0.157077 0
0.00259776 8545.54 0.155814 0
0.00281824 7275.02 0.154639 0
0.00306548 6159.44 0.153549 0
0.00334275 5187.54 0.152543 0
0.00365367 4347.06 0.151617 0
0.00400233 3625.25 0.150768 0
0.00439333 3009.34 0.149991 0
0.00483178 2486.93 0.149282 0
0.00532347 2046.25 0.148638 0
0.00587484 1676.37 0.148054 0
0.00649315 1367.3 0.147527 0
0.00718653 1110.07 0.147052 0
0.00796407 896.726 0.146626 0
0.00883601 720.318 0.146246 0
0.0098138 574.831 0.145908 0
0.0109103 455.126 0.14561 0
0.0121399 356.86 0.14535 0
0.0135188 276.41 0.145125 0
0.015065 210.789 0.144934 0
0.016799 157.568 0.144774 0
0.0187435 114.795 0.144644 0
0.020924 80.9092 0.144542 0
0.0233692 54.6488 0.144464 0
0.0261113 34.9512 0.144409 0
0.0291863 20.8509 0.144371 0
0.0326345 11.39 0.144349 0
0.0365014 5.57142 0.144336 0
0.0408377 2.37754 0.14433 0
0.0457004 0.859852 0.144328 0
0.0511534 0.255716 0.144327 0
0.0572684 0.0607604 0.144327 0
0.0641258 0.0112506 0.144327 0
0.0718156 0.00159198 0.144327 0
0.080439 0.000169798 0.144327 0
0.0901092 1.35335e-05 0.144327 0
0.100953 8.02404e-07 0.144327 0
0.113114 3.51554e-08 0.144327 0
0.126751 8.40836e-10 0.144327 0
0.142043 0 0.144327 0
0.159192 0 0.144327 0
0.178422 0 0.144327 0
