TITLE="Graphics"
VARIABLES= "rj, m", "q, W", "rho, kg/m^3", "u_r, m/s" 
0.0005125 65314.9 0.572613 0
0.0005375 255376 0.401819 0
0.0005625 202113 0.338978 0
0.0005875 176605 0.303558 0
0.0006125 158507 0.280138 0
0.0006375 144090 0.263246 0
0.0006625 132018 0.250367 0
0.0006875 121641 0.240161 0
0.0007125 112575 0.231841 0
0.0007375 104566 0.224907 0
0.0007625 97433.3 0.219027 0
0.0007875 91040 0.213968 0
0.0008125 85278.7 0.209564 0
0.0008375 80063.5 0.205691 0
0.0008625 75323.9 0.202256 0
0.0008875 71001.5 0.199187 0
0.0009125 67046.9 0.196426 0
0.0009375 63418.4 0.193928 0
0.0009625 60080.4 0.191656 0
0.0009875 57001.8 0.189581 0
0.0010125 54156.2 0.187676 0
0.00104053 51406.8 0.185719 0
0.00107197 48563.1 0.183719 0
0.00110723 45643.6 0.181688 0
0.00114676 42669.9 0.179638 0
0.0011911 39665.9 0.177583 0
0.00124081 36657.6 0.175533 0
0.00129656 33672 0.173503 0
0.00135908 30736.3 0.171505 0
0.00142919 27877 0.169549 0
0.00150781 25119.2 0.167647 0
0.00159598 22485.3 0.165807 0
0.00169485 19994.6 0.164037 0
0.00180572 17662.5 0.162345 0
0.00193005 15500.3 0.160735 0
0.00206947 13514.9 0.15921 0
0.00222582 11709.2 0.157774 0
0.00240114 10081.9 0.156427 0
0.00259776 8628.46 0.155169 0
0.00281824 7341.42 0.153999 0
0.00306548 6211 0.152916 0
0.00334275 5225.79 0.151916 0
0.00365367 4373.37 0.150997 0
0.00400233 3640.84 0.150156 0
0.00439333 3015.29 0.149388 0
0.00483178 2484.16 0.148689 0
0.00532347 2035.56 0.148057 0
0.00587484 1658.46 0.147487 0
0.00649315 1342.78 0.146975 0
0.00718653 1079.53 0.146519 0
0.00796407 860.737 0.146115 0
0.00883601 679.5 0.14576 0
0.0098138 529.902 0.145452 0
0.0109103 406.956 0.145188 0
0.0121399 306.524 0.144967 0
0.0135188 225.225 0.144785 0
0.015065 160.318 0.144641 0
0.016799 109.568 0.14453 0
0.0187435 71.0898 0.14445 0
0.020924 43.1694 0.144396 0
0.0233692 24.1077 0.144361 0
0.0261113 12.1196 0.144342 0
0.0291863 5.3493 0.144333 0
0.0326345 2.01532 0.144329 0
0.0365014 0.62908 0.144327 0
0.0408377 0.158044 0.144327 0
0.0457004 0.0311442 0.144327 0
0.0511534 0.0047154 0.144327 0
0.0572684 0.000540358 0.144327 0
0.0641258 4.64107e-05 0.144327 0
0.0718156 2.97099e-06 0.144327 0
0.080439 1.41008e-07 0.144327 0
0.0901092 5.15778e-09 0.144327 0
0.100953 1.64016e-10 0.144327 0
0.113114 0 0.144327 0
0.126751 0 0.144327 0
0.142043 0 0.144327 0
0.159192 0 0.144327 0
0.178422 0 0.144327 0
