TITLE="Graphics"
VARIABLES= "rj, m", "q, W", "rho, kg/m^3", "u_r, m/s" 
0.0005125 63436.3 0.544894 0
0.0005375 242248 0.396026 0
0.0005625 195647 0.336943 0
0.0005875 171579 0.302914 0
0.0006125 154197 0.280173 0
0.0006375 140258 0.263664 0
0.0006625 128550 0.251023 0
0.0006875 118470 0.240976 0
0.0007125 109655 0.232766 0
0.0007375 101864 0.225911 0
0.0007625 94922.7 0.220089 0
0.0007875 88699 0.215074 0
0.0008125 83089.6 0.210705 0
0.0008375 78011.1 0.206859 0
0.0008625 73395.4 0.203446 0
0.0008875 69185.5 0.200393 0
0.0009125 65333.7 0.197646 0
0.0009375 61799.5 0.19516 0
0.0009625 58547.9 0.192898 0
0.0009875 55549.1 0.19083 0
0.0010125 52777.1 0.188932 0
0.00104053 50098.5 0.18698 0
0.00107197 47328 0.184986 0
0.00110723 44483.7 0.18296 0
0.00114676 41586.7 0.180914 0
0.0011911 38660.3 0.178861 0
0.00124081 35729.7 0.176815 0
0.00129656 32821.3 0.174787 0
0.00135908 29961.5 0.172789 0
0.00142919 27176.4 0.170834 0
0.00150781 24490.1 0.168931 0
0.00159598 21924.8 0.167091 0
0.00169485 19499 0.16532 0
0.00180572 17227.8 0.163625 0
0.00193005 15122.4 0.162012 0
0.00206947 13189.3 0.160484 0
0.00222582 11431.5 0.159044 0
0.00240114 9847.66 0.157692 0
0.00259776 8433.47 0.156429 0
0.00281824 7181.6 0.155254 0
0.00306548 6082.55 0.154164 0
0.00334275 5125.25 0.153157 0
0.00365367 4297.59 0.152229 0
0.00400233 3587.04 0.151377 0
0.00439333 2981 0.150597 0
0.00483178 2467.26 0.149885 0
0.00532347 2034.21 0.149236 0
0.00587484 1671.1 0.148646 0
0.00649315 1368.06 0.148111 0
0.00718653 1116.26 0.147627 0
0.00796407 907.846 0.14719 0
0.00883601 735.939 0.146797 0
0.0098138 594.574 0.146443 0
0.0109103 478.63 0.146126 0
0.0121399 383.743 0.145843 0
0.0135188 306.23 0.145592 0
0.015065 243.003 0.145369 0
0.016799 191.493 0.145173 0
0.0187435 149.583 0.145002 0
0.020924 115.537 0.144854 0
0.0233692 87.9527 0.144729 0
0.0261113 65.7026 0.144624 0
0.0291863 47.8929 0.144538 0
0.0326345 33.818 0.144471 0
0.0365014 22.9174 0.144419 0
0.0408377 14.7296 0.144382 0
0.0457004 8.84713 0.144357 0
0.0511534 4.8762 0.144342 0
0.0572684 2.41245 0.144333 0
0.0641258 1.04407 0.144329 0
0.0718156 0.384041 0.144328 0
0.080439 0.116493 0.144327 0
0.0901092 0.0283064 0.144327 0
0.100953 0.00537178 0.144327 0
0.113114 0.000780395 0.144327 0
0.126751 8.55674e-05 0.144327 0
0.142043 7.01811e-06 0.144327 0
0.159192 4.28027e-07 0.144327 0
0.178422 1.95643e-08 0.144327 0
