TITLE="Graphics"
VARIABLES= "rj, m", "q, W", "rho, kg/m^3", "u_r, m/s" 
0.0005125 62964 0.522267 0
0.0005375 235695 0.389169 0
0.0005625 192972 0.333369 0
0.0005875 169703 0.300666 0
0.0006125 152669 0.278618 0
0.0006375 138937 0.262525 0
0.0006625 127376 0.250158 0
0.0006875 117408 0.240302 0
0.0007125 108684 0.232232 0
0.0007375 100970 0.225484 0
0.0007625 94094.5 0.219745 0
0.0007875 87928.8 0.214797 0
0.0008125 82370.7 0.210482 0
0.0008375 77338.1 0.206681 0
0.0008625 72763.7 0.203306 0
0.0008875 68591.2 0.200286 0
0.0009125 64773.4 0.197566 0
0.0009375 61270.1 0.195104 0
0.0009625 58046.9 0.192862 0
0.0009875 55074.2 0.190813 0
0.0010125 52326.3 0.188931 0
0.00104053 49670.6 0.186996 0
0.00107197 46923.8 0.185018 0
0.00110723 44103.9 0.183007 0
0.00114676 41231.7 0.180977 0
0.0011911 38330.4 0.178939 0
0.00124081 35424.9 0.176907 0
0.00129656 32541.4 0.174892 0
0.00135908 29706.2 0.172907 0
0.00142919 26944.9 0.170964 0
0.00150781 24281.8 0.169072 0
0.00159598 21738.4 0.167242 0
0.00169485 19333.4 0.16548 0
0.00180572 17081.8 0.163794 0
0.00193005 14994.4 0.162189 0
0.00206947 13077.9 0.160668 0
0.00222582 11335.2 0.159235 0
0.00240114 9764.98 0.157889 0
0.00259776 8362.96 0.156631 0
0.00281824 7121.89 0.15546 0
0.00306548 6032.34 0.154374 0
0.00334275 5083.35 0.153371 0
0.00365367 4262.91 0.152446 0
0.00400233 3558.59 0.151597 0
0.00439333 2957.91 0.150819 0
0.00483178 2448.78 0.150109 0
0.00532347 2019.68 0.149461 0
0.00587484 1659.94 0.148872 0
0.00649315 1359.81 0.148338 0
0.00718653 1110.52 0.147854 0
0.00796407 904.28 0.147417 0
0.00883601 734.284 0.147022 0
0.0098138 594.617 0.146667 0
0.0109103 480.199 0.146347 0
0.0121399 386.699 0.146061 0
0.0135188 310.458 0.145804 0
0.015065 248.4 0.145575 0
0.016799 197.959 0.145372 0
0.0187435 157.004 0.145192 0
0.020924 123.78 0.145033 0
0.0233692 96.8456 0.144894 0
0.0261113 75.0306 0.144774 0
0.0291863 57.3896 0.144671 0
0.0326345 43.1674 0.144584 0
0.0365014 31.7665 0.144513 0
0.0408377 22.7187 0.144456 0
0.0457004 15.6564 0.144412 0
0.0511534 10.2846 0.144379 0
0.0572684 6.35277 0.144357 0
0.0641258 3.62815 0.144342 0
0.0718156 1.87682 0.144334 0
0.080439 0.858188 0.14433 0
0.0901092 0.337369 0.144328 0
0.100953 0.110669 0.144327 0
0.113114 0.0294059 0.144327 0
0.126751 0.00616067 0.144327 0
0.142043 0.000995399 0.144327 0
0.159192 0.000122022 0.144327 0
0.178422 1.12292e-05 0.144327 0
