TITLE="Graphics"
VARIABLES= "rj, m", "q, W", "rho, kg/m^3", "u_r, m/s" 
0.0005125 64212.6 0.563104 0
0.0005375 248923 0.400592 0
0.0005625 198618 0.339011 0
0.0005875 173793 0.304022 0
0.0006125 156060 0.280797 0
0.0006375 141897 0.264005 0
0.0006625 130026 0.251183 0
0.0006875 119814 0.241012 0
0.0007125 110890 0.232713 0
0.0007375 103005 0.225791 0
0.0007625 95981.6 0.219918 0
0.0007875 89685.6 0.214864 0
0.0008125 84011.6 0.210462 0
0.0008375 78875.2 0.206591 0
0.0008625 74207.1 0.203156 0
0.0008875 69949.8 0.200085 0
0.0009125 66054.7 0.197323 0
0.0009375 62480.8 0.194824 0
0.0009625 59192.8 0.19255 0
0.0009875 56160.5 0.190473 0
0.0010125 53357.6 0.188566 0
0.00104053 50649.4 0.186606 0
0.00107197 47848.2 0.184604 0
0.00110723 44972.5 0.18257 0
0.00114676 42043.4 0.180517 0
0.0011911 39084.6 0.178457 0
0.00124081 36121.5 0.176404 0
0.00129656 33180.8 0.17437 0
0.00135908 30289.3 0.172367 0
0.00142919 27473.2 0.170407 0
0.00150781 24757.2 0.1685 0
0.00159598 22163.3 0.166655 0
0.00169485 19710.5 0.164881 0
0.00180572 17414 0.163183 0
0.00193005 15285.1 0.161568 0
0.00206947 13330.4 0.160038 0
0.00222582 11552.8 0.158596 0
0.00240114 9951.16 0.157243 0
0.00259776 8520.96 0.155979 0
0.00281824 7254.82 0.154803 0
0.00306548 6143.14 0.153713 0
0.00334275 5174.7 0.152706 0
0.00365367 4337.28 0.151779 0
0.00400233 3618.17 0.150928 0
0.00439333 3004.65 0.150149 0
0.00483178 2484.36 0.149439 0
0.00532347 2045.57 0.148793 0
0.00587484 1677.38 0.148207 0
0.00649315 1369.83 0.147677 0
0.00718653 1113.99 0.147198 0
0.00796407 901.919 0.146768 0
0.00883601 726.683 0.146384 0
0.0098138 582.274 0.14604 0
0.0109103 463.546 0.145736 0
0.0121399 366.138 0.145469 0
0.0135188 286.391 0.145235 0
0.015065 221.27 0.145034 0
0.016799 168.285 0.144863 0
0.0187435 125.42 0.144721 0
0.020924 91.0597 0.144605 0
0.0233692 63.9176 0.144514 0
0.0261113 42.9565 0.144446 0
0.0291863 27.3031 0.144397 0
0.0326345 16.1623 0.144365 0
0.0365014 8.74383 0.144345 0
0.0408377 4.22623 0.144335 0
0.0457004 1.7775 0.14433 0
0.0511534 0.631864 0.144328 0
0.0572684 0.184226 0.144327 0
0.0641258 0.042821 0.144327 0
0.0718156 0.00774392 0.144327 0
0.080439 0.00106923 0.144327 0
0.0901092 0.000111243 0.144327 0
0.100953 8.65026e-06 0.144327 0
0.113114 4.99818e-07 0.144327 0
0.126751 2.21837e-08 0.144327 0
0.142043 4.50382e-10 0.144327 0
0.159192 0 0.144327 0
0.178422 0 0.144327 0
