TITLE="Graphics"
VARIABLES= "rj, m", "q, W", "rho, kg/m^3", "u_r, m/s" 
0.000512195 202657 0.43937 0
0.000536585 216046 0.357714 0
0.000560976 188009 0.315179 0
0.000585366 168196 0.288207 0
0.000609756 152510 0.269251 0
0.000634146 139440 0.255053 0
0.000658537 128248 0.243947 0
0.000682927 118500 0.234982 0
0.000707317 109913 0.227568 0
0.000731707 102283 0.221319 0
0.000756098 95457.4 0.215971 0
0.000780488 89318.3 0.211336 0
0.000804878 83770.6 0.207276 0
0.000829268 78736.7 0.203686 0
0.000853659 74152.4 0.200487 0
0.000878049 69964 0.197617 0
0.000902439 66125.8 0.195026 0
0.000926829 62598.9 0.192674 0
0.00095122 59349.9 0.190529 0
0.00097561 56349.9 0.188564 0
0.001 53573.5 0.186758 0
0.00102736 50885.9 0.184895 0
0.00105807 48102.1 0.182988 0
0.00109251 45240.1 0.181045 0
0.00113116 42320.7 0.179079 0
0.00117452 39367.4 0.177103 0
0.00122316 36405.6 0.175128 0
0.00127774 33462 0.173167 0
0.00133897 30563.5 0.171231 0
0.00140767 27736.8 0.169333 0
0.00148475 25006.8 0.167483 0
0.00157123 22396.4 0.16569 0
0.00166825 19925 0.163963 0
0.00177711 17608.5 0.162308 0
0.00189923 15458.8 0.160731 0
0.00203626 13483.2 0.159236 0
0.00218999 11685.1 0.157825 0
0.00236246 10063.7 0.1565 0
0.00255597 8614.85 0.155262 0
0.00277308 7331.44 0.154109 0
0.00301666 6204 0.15304 0
0.00328995 5221.35 0.152053 0
0.00359656 4371.24 0.151144 0
0.00394056 3640.9 0.150311 0
0.00432651 3017.49 0.14955 0
0.00475953 2488.5 0.148856 0
0.00524535 2042.06 0.148227 0
0.00579041 1667.13 0.147658 0
0.00640194 1353.62 0.147146 0
0.00708805 1092.48 0.146687 0
0.00785782 875.701 0.146279 0
0.00872145 696.309 0.145917 0
0.00969041 548.294 0.145601 0
0.0107775 426.562 0.145326 0
0.0119972 326.85 0.145091 0
0.0133656 245.648 0.144894 0
0.0149009 180.1 0.144732 0
0.0166234 127.907 0.144604 0
0.018556 87.2011 0.144506 0
0.0207242 56.4172 0.144435 0
0.0231568 34.1425 0.144387 0
0.0258861 18.9854 0.144357 0
0.0289482 9.4928 0.14434 0
0.0323837 4.16095 0.144332 0
0.0362382 1.55398 0.144328 0
0.0405626 0.479889 0.144327 0
0.0454145 0.119034 0.144327 0
0.0508579 0.0231166 0.144327 0
0.0569652 0.00344397 0.144327 0
0.0638172 0.000387906 0.144327 0
0.0715049 3.27228e-05 0.144327 0
0.0801299 2.05659e-06 0.144327 0
0.0898068 9.6069e-08 0.144327 0
0.100664 3.41937e-09 0.144327 0
0.112844 1.4291e-10 0.144327 0
0.126511 0 0.144327 0
0.141843 0 0.144327 0
0.159046 0 0.144327 0
0.178346 0 0.144327 0
