TITLE="Graphics"
VARIABLES= "rj, m", "q, W", "rho, kg/m^3", "u_r, m/s" 
0.000512195 221351 0.442005 0
0.000536585 219268 0.358301 0
0.000560976 190545 0.315136 0
0.000585366 170378 0.287891 0
0.000609756 154451 0.268793 0
0.000634146 141196 0.254514 0
0.000658537 129852 0.243359 0
0.000682927 119976 0.234361 0
0.000707317 111277 0.226926 0
0.000731707 103549 0.220662 0
0.000756098 96637 0.215305 0
0.000780488 90420.2 0.210663 0
0.000804878 84802.4 0.206597 0
0.000829268 79705.1 0.203004 0
0.000853659 75063.3 0.199803 0
0.000878049 70822.3 0.196931 0
0.000902439 66936 0.19434 0
0.000926829 63365 0.191988 0
0.00095122 60075.3 0.189843 0
0.00097561 57037.7 0.187878 0
0.001 54226.6 0.186072 0
0.00102736 51505.4 0.18421 0
0.00105807 48686.9 0.182304 0
0.00109251 45789.1 0.180362 0
0.00113116 42833.2 0.178398 0
0.00117452 39842.9 0.176423 0
0.00122316 36843.9 0.17445 0
0.00127774 33863.2 0.172491 0
0.00133897 30928.3 0.170559 0
0.00140767 28065.8 0.168663 0
0.00148475 25301.3 0.166816 0
0.00157123 22657.6 0.165027 0
0.00166825 20154.7 0.163303 0
0.00177711 17808.5 0.161652 0
0.00189923 15630.9 0.160078 0
0.00203626 13629.5 0.158587 0
0.00218999 11807.6 0.157181 0
0.00236246 10164.5 0.155861 0
0.00255597 8695.91 0.154628 0
0.00277308 7394.59 0.153481 0
0.00301666 6250.95 0.152419 0
0.00328995 5253.68 0.151439 0
0.00359656 4390.37 0.150538 0
0.00394056 3648.08 0.149714 0
0.00432651 3013.82 0.148964 0
0.00475953 2474.95 0.148283 0
0.00524535 2019.5 0.147669 0
0.00579041 1636.34 0.147117 0
0.00640194 1315.36 0.146625 0
0.00708805 1047.54 0.14619 0
0.00785782 824.952 0.14581 0
0.00872145 640.768 0.14548 0
0.00969041 489.203 0.1452 0
0.0107775 365.44 0.144967 0
0.0119972 265.519 0.144778 0
0.0133656 186.203 0.144629 0
0.0149009 124.801 0.144518 0
0.0166234 78.9536 0.144439 0
0.018556 46.4183 0.144387 0
0.0207242 24.8803 0.144356 0
0.0231568 11.8824 0.144339 0
0.0258861 4.92381 0.144331 0
0.0289482 1.71946 0.144328 0
0.0323837 0.491166 0.144327 0
0.0362382 0.111602 0.144327 0
0.0405626 0.0196974 0.144327 0
0.0454145 0.00265158 0.144327 0
0.0508579 0.000268825 0.144327 0
0.0569652 2.03665e-05 0.144327 0
0.0638172 1.14844e-06 0.144327 0
0.0715049 4.8123e-08 0.144327 0
0.0801299 1.54002e-09 0.144327 0
0.0898068 0 0.144327 0
0.100664 0 0.144327 0
0.112844 0 0.144327 0
0.126511 0 0.144327 0
0.141843 0 0.144327 0
0.159046 0 0.144327 0
0.178346 0 0.144327 0
