TITLE="Graphics"
VARIABLES= "rj, m", "q, W", "rho, kg/m^3", "u_r, m/s" 
0.0005125 64623.8 0.567949 0
0.0005375 251551 0.401451 0
0.0005625 199961 0.339226 0
0.0005875 174853 0.304006 0
0.0006125 156975 0.280671 0
0.0006375 142714 0.263819 0
0.0006625 130767 0.250961 0
0.0006875 120493 0.240766 0
0.0007125 111515 0.232451 0
0.0007375 103584 0.225519 0
0.0007625 96519.8 0.219638 0
0.0007875 90187.6 0.214578 0
0.0008125 84481.2 0.210172 0
0.0008375 79315.6 0.206297 0
0.0008625 74621 0.20286 0
0.0008875 70339.6 0.199788 0
0.0009125 66422.4 0.197025 0
0.0009375 62828.4 0.194524 0
0.0009625 59521.9 0.19225 0
0.0009875 56472.5 0.190172 0
0.0010125 53653.8 0.188265 0
0.00104053 50930.4 0.186305 0
0.00107197 48113.5 0.184303 0
0.00110723 45221.7 0.182269 0
0.00114676 42276.1 0.180216 0
0.0011911 39300.6 0.178157 0
0.00124081 36320.9 0.176104 0
0.00129656 33363.6 0.174071 0
0.00135908 30455.8 0.172069 0
0.00142919 27623.9 0.170109 0
0.00150781 24892.4 0.168203 0
0.00159598 22283.8 0.166359 0
0.00169485 19817.1 0.164586 0
0.00180572 17507.6 0.162889 0
0.00193005 15366.5 0.161275 0
0.00206947 13400.6 0.159746 0
0.00222582 11612.7 0.158306 0
0.00240114 10001.8 0.156954 0
0.00259776 8563.16 0.155692 0
0.00281824 7289.49 0.154517 0
0.00306548 6171.09 0.153429 0
0.00334275 5196.67 0.152424 0
0.00365367 4353.94 0.151499 0
0.00400233 3630.12 0.15065 0
0.00439333 3012.41 0.149875 0
0.00483178 2488.37 0.149168 0
0.00532347 2046.21 0.148525 0
0.00587484 1674.97 0.147943 0
0.00649315 1364.64 0.147418 0
0.00718653 1106.25 0.146946 0
0.00796407 891.835 0.146523 0
0.00883601 714.446 0.146147 0
0.0098138 568.082 0.145814 0
0.0109103 447.623 0.145522 0
0.0121399 348.754 0.145268 0
0.0135188 267.886 0.14505 0
0.015065 202.069 0.144867 0
0.016799 148.914 0.144716 0
0.0187435 106.502 0.144596 0
0.020924 73.2892 0.144503 0
0.0233692 47.9998 0.144435 0
0.0261113 29.5116 0.144388 0
0.0291863 16.7456 0.144358 0
0.0326345 8.58931 0.144341 0
0.0365014 3.88603 0.144333 0
0.0408377 1.50813 0.144329 0
0.0457004 0.487314 0.144327 0
0.0511534 0.12729 0.144327 0
0.0572684 0.026172 0.144327 0
0.0641258 0.00414481 0.144327 0
0.0718156 0.000497569 0.144327 0
0.080439 4.4802e-05 0.144327 0
0.0901092 3.00775e-06 0.144327 0
0.100953 1.4968e-07 0.144327 0
0.113114 5.56411e-09 0.144327 0
0.126751 0 0.144327 0
0.142043 0 0.144327 0
0.159192 0 0.144327 0
0.178422 0 0.144327 0
