TITLE="Graphics"
VARIABLES= "rj, m", "q, W", "rho, kg/m^3", "u_r, m/s" 
0.000513889 63308 0.511098 0
0.000541667 235269 0.377169 0
0.000569444 189237 0.322716 0
0.000597222 164756 0.291139 0
0.000625 146992 0.269981 0
0.000652778 132787 0.254606 0
0.000680556 120923 0.242833 0
0.000708333 110776 0.233477 0
0.000736111 101965 0.225836 0
0.000763889 94230 0.21946 0
0.000791667 87384.7 0.214049 0
0.000819444 81286.5 0.209392 0
0.000847222 75823.7 0.205337 0
0.000875 70906.6 0.201771 0
0.000902778 66462.1 0.198609 0
0.000930556 62429.5 0.195783 0
0.000958333 58758.2 0.193241 0
0.000986111 55405.3 0.190942 0
0.00101389 52334.3 0.188852 0
0.00104167 49514.1 0.186943 0
0.00106944 46917.6 0.185191 0
0.00110053 44416.5 0.183396 0
0.00113532 41845.8 0.181565 0
0.00117424 39223.3 0.179709 0
0.00121781 36568.9 0.177839 0
0.00126656 33904.3 0.175967 0
0.00132111 31252.2 0.174104 0
0.00138216 28636 0.17226 0
0.00145048 26078.6 0.170447 0
0.00152694 23601.8 0.168675 0
0.0016125 21225.7 0.166951 0
0.00170824 18967.9 0.165285 0
0.00181538 16842.9 0.163683 0
0.00193529 14861.9 0.162151 0
0.00206947 13032.5 0.160692 0
0.00221962 11358.6 0.159311 0
0.00238765 9840.86 0.158008 0
0.00257569 8476.83 0.156785 0
0.00278612 7261.33 0.155641 0
0.00302161 6187 0.154576 0
0.00328513 5244.85 0.153587 0
0.00358003 4424.72 0.152672 0
0.00391004 3715.82 0.151829 0
0.00427935 3107.1 0.151053 0
0.00469263 2587.62 0.150342 0
0.00515512 2146.86 0.149691 0
0.00567267 1774.88 0.149097 0
0.00625185 1462.5 0.148556 0
0.00689999 1201.37 0.148065 0
0.0076253 983.98 0.147619 0
0.00843697 803.69 0.147215 0
0.00934528 654.678 0.14685 0
0.0103617 531.893 0.146521 0
0.0114992 430.99 0.146224 0
0.0127722 348.263 0.145957 0
0.0141967 280.572 0.145719 0
0.0157908 225.275 0.145505 0
0.0175747 180.161 0.145315 0
0.019571 143.391 0.145146 0
0.021805 113.446 0.144997 0
0.024305 89.0761 0.144866 0
0.0271027 69.2628 0.144753 0
0.0302335 53.181 0.144656 0
0.033737 40.169 0.144574 0
0.0376577 29.7013 0.144507 0
0.0420453 21.3633 0.144452 0
0.0469552 14.8276 0.14441 0
0.0524498 9.83029 0.144379 0
0.0585986 6.1464 0.144357 0
0.0654795 3.56776 0.144343 0
0.0731797 1.88617 0.144334 0
0.0817967 0.887813 0.14433 0
0.0914397 0.362531 0.144328 0
0.102231 0.124858 0.144327 0
0.114307 0.0352489 0.144327 0
0.127821 0.00794342 0.144327 0
0.142944 0.00139717 0.144327 0
0.159868 0.000188535 0.144327 0
0.178806 1.92938e-05 0.144327 0
