TITLE="Graphics"
VARIABLES= "rj, m", "q, W", "rho, kg/m^3", "u_r, m/s" 
0.0005125 63942.8 0.558587 0
0.0005375 246958 0.399602 0
0.0005625 197683 0.33863 0
0.0005875 173074 0.303868 0
0.0006125 155446 0.280754 0
0.0006375 141353 0.264026 0
0.0006625 129534 0.251244 0
0.0006875 119365 0.241099 0
0.0007125 110477 0.232819 0
0.0007375 102623 0.225911 0
0.0007625 95626.3 0.220049 0
0.0007875 89354.3 0.215002 0
0.0008125 83701.9 0.210607 0
0.0008375 78584.8 0.20674 0
0.0008625 73934.2 0.203309 0
0.0008875 69692.8 0.200242 0
0.0009125 65812.2 0.197482 0
0.0009375 62251.6 0.194985 0
0.0009625 58975.8 0.192713 0
0.0009875 55954.8 0.190637 0
0.0010125 53162.2 0.188732 0
0.00104053 50464 0.186774 0
0.00107197 47673.2 0.184773 0
0.00110723 44808 0.18274 0
0.00114676 41889.7 0.180688 0
0.0011911 38941.8 0.178629 0
0.00124081 35989.7 0.176577 0
0.00129656 33059.8 0.174544 0
0.00135908 30179 0.172541 0
0.00142919 27373.3 0.170581 0
0.00150781 24667.3 0.168675 0
0.00159598 22083 0.16683 0
0.00169485 19639.3 0.165056 0
0.00180572 17351.4 0.163358 0
0.00193005 15230.3 0.161743 0
0.00206947 13282.9 0.160213 0
0.00222582 11512 0.158771 0
0.00240114 9916.37 0.157418 0
0.00259776 8491.57 0.156153 0
0.00281824 7230.25 0.154977 0
0.00306548 6122.85 0.153886 0
0.00334275 5158.2 0.152878 0
0.00365367 4324.12 0.151951 0
0.00400233 3607.95 0.151099 0
0.00439333 2997.02 0.15032 0
0.00483178 2479.04 0.149608 0
0.00532347 2042.3 0.148961 0
0.00587484 1675.95 0.148373 0
0.00649315 1370.09 0.14784 0
0.00718653 1115.79 0.14736 0
0.00796407 905.16 0.146927 0
0.00883601 731.267 0.146538 0
0.0098138 588.112 0.14619 0
0.0109103 470.546 0.145881 0
0.0121399 374.191 0.145606 0
0.0135188 295.363 0.145365 0
0.015065 230.986 0.145154 0
0.016799 178.524 0.144972 0
0.0187435 135.903 0.144817 0
0.020924 101.452 0.144688 0
0.0233692 73.8408 0.144583 0
0.0261113 52.0115 0.1445 0
0.0291863 35.1192 0.144438 0
0.0326345 22.4601 0.144393 0
0.0365014 13.4021 0.144363 0
0.0408377 7.32475 0.144345 0
0.0457004 3.58578 0.144335 0
0.0511534 1.53201 0.14433 0
0.0572684 0.554997 0.144328 0
0.0641258 0.165443 0.144327 0
0.0718156 0.039437 0.144327 0
0.080439 0.00733314 0.144327 0
0.0901092 0.00104324 0.144327 0
0.100953 0.000112006 0.144327 0
0.113114 8.99756e-06 0.144327 0
0.126751 5.38896e-07 0.144327 0
0.142043 2.3207e-08 0.144327 0
0.159192 1.03937e-09 0.144327 0
0.178422 0 0.144327 0
