TITLE="Graphics"
VARIABLES= "rj, m", "q, W", "rho, kg/m^3", "u_r, m/s" 
0.0005125 63753.5 0.554217 0
0.0005375 245352 0.398521 0
0.0005625 196971 0.338144 0
0.0005875 172544 0.303609 0
0.0006125 155000 0.28061 0
0.0006375 140960 0.263949 0
0.0006625 129181 0.25121 0
0.0006875 119043 0.241095 0
0.0007125 110181 0.232835 0
0.0007375 102349 0.225943 0
0.0007625 95372.5 0.220092 0
0.0007875 89117.9 0.215055 0
0.0008125 83480.9 0.210667 0
0.0008375 78377.8 0.206807 0
0.0008625 73739.7 0.203381 0
0.0008875 69509.6 0.200318 0
0.0009125 65639.5 0.197562 0
0.0009375 62088.3 0.195067 0
0.0009625 58821.3 0.192798 0
0.0009875 55808.3 0.190725 0
0.0010125 53023.2 0.188822 0
0.00104053 50332.1 0.186865 0
0.00107197 47548.6 0.184866 0
0.00110723 44691 0.182835 0
0.00114676 41780.4 0.180784 0
0.0011911 38840.3 0.178727 0
0.00124081 35896 0.176677 0
0.00129656 32973.9 0.174645 0
0.00135908 30100.7 0.172644 0
0.00142919 27302.5 0.170685 0
0.00150781 24603.6 0.168779 0
0.00159598 22026.2 0.166935 0
0.00169485 19589 0.165162 0
0.00180572 17307.2 0.163465 0
0.00193005 15191.8 0.16185 0
0.00206947 13249.6 0.16032 0
0.00222582 11483.4 0.158879 0
0.00240114 9892.14 0.157526 0
0.00259776 8471.22 0.156262 0
0.00281824 7213.37 0.155085 0
0.00306548 6109.04 0.153994 0
0.00334275 5147.1 0.152986 0
0.00365367 4315.39 0.152058 0
0.00400233 3601.31 0.151206 0
0.00439333 2992.21 0.150426 0
0.00483178 2475.8 0.149714 0
0.00532347 2040.45 0.149066 0
0.00587484 1675.31 0.148477 0
0.00649315 1370.5 0.147943 0
0.00718653 1117.13 0.14746 0
0.00796407 907.308 0.147026 0
0.00883601 734.131 0.146634 0
0.0098138 591.609 0.146284 0
0.0109103 474.601 0.145971 0
0.0121399 378.735 0.145693 0
0.0135188 300.325 0.145447 0
0.015065 236.292 0.145231 0
0.016799 184.086 0.145043 0
0.0187435 141.617 0.144881 0
0.020924 107.189 0.144745 0
0.0233692 79.4418 0.144632 0
0.0261113 57.2947 0.14454 0
0.0291863 39.8909 0.144469 0
0.0326345 26.5401 0.144416 0
0.0365014 16.6575 0.144379 0
0.0408377 9.70598 0.144354 0
0.0457004 5.1482 0.14434 0
0.0511534 2.42804 0.144332 0
0.0572684 0.991016 0.144329 0
0.0641258 0.33984 0.144327 0
0.0718156 0.0950118 0.144327 0
0.080439 0.0210601 0.144327 0
0.0901092 0.00361512 0.144327 0
0.100953 0.000472104 0.144327 0
0.113114 4.6338e-05 0.144327 0
0.126751 3.39393e-06 0.144327 0
0.142043 1.86141e-07 0.144327 0
0.159192 6.05307e-09 0.144327 0
0.178422 0 0.144327 0
