TITLE="Graphics"
VARIABLES= "rj, m", "q, W", "rho, kg/m^3", "u_r, m/s" 
0.0005125 64102.1 0.561257 0
0.0005375 248121 0.40019 0
0.0005625 198238 0.338857 0
0.0005875 173501 0.30396 0
0.0006125 155811 0.28078 0
0.0006375 141676 0.264014 0
0.0006625 129826 0.251208 0
0.0006875 119632 0.241048 0
0.0007125 110722 0.232756 0
0.0007375 102850 0.22584 0
0.0007625 95837.4 0.219971 0
0.0007875 89551.1 0.21492 0
0.0008125 83885.9 0.210521 0
0.0008375 78757.4 0.206651 0
0.0008625 74096.4 0.203218 0
0.0008875 69845.5 0.200149 0
0.0009125 65956.3 0.197388 0
0.0009375 62387.8 0.194889 0
0.0009625 59104.8 0.192616 0
0.0009875 56077.1 0.190539 0
0.0010125 53278.4 0.188634 0
0.00104053 50574.2 0.186674 0
0.00107197 47777.3 0.184672 0
0.00110723 44905.9 0.182639 0
0.00114676 41981.2 0.180586 0
0.0011911 39026.8 0.178527 0
0.00124081 36068.2 0.176474 0
0.00129656 33131.9 0.174441 0
0.00135908 30244.7 0.172438 0
0.00142919 27432.9 0.170478 0
0.00150781 24720.9 0.168571 0
0.00159598 22130.9 0.166726 0
0.00169485 19681.9 0.164952 0
0.00180572 17388.9 0.163254 0
0.00193005 15263.2 0.161639 0
0.00206947 13311.5 0.160109 0
0.00222582 11536.6 0.158667 0
0.00240114 9937.44 0.157314 0
0.00259776 8509.46 0.156049 0
0.00281824 7245.32 0.154873 0
0.00306548 6135.41 0.153783 0
0.00334275 5168.54 0.152775 0
0.00365367 4332.51 0.151848 0
0.00400233 3614.63 0.150996 0
0.00439333 3002.2 0.150217 0
0.00483178 2482.87 0.149507 0
0.00532347 2044.94 0.14886 0
0.00587484 1677.51 0.148273 0
0.00649315 1370.66 0.147741 0
0.00718653 1115.44 0.147262 0
0.00796407 903.934 0.14683 0
0.00883601 729.21 0.146443 0
0.0098138 585.26 0.146098 0
0.0109103 466.936 0.145791 0
0.0121399 369.87 0.145521 0
0.0135188 290.396 0.145284 0
0.015065 225.466 0.145078 0
0.016799 172.578 0.144903 0
0.0187435 129.697 0.144755 0
0.020924 95.1937 0.144635 0
0.0233692 67.7686 0.144538 0
0.0261113 46.3826 0.144464 0
0.0291863 30.1797 0.144411 0
0.0326345 18.4072 0.144374 0
0.0365014 10.3415 0.144351 0
0.0408377 5.23949 0.144338 0
0.0457004 2.33465 0.144331 0
0.0511534 0.889372 0.144328 0
0.0572684 0.281059 0.144327 0
0.0641258 0.071538 0.144327 0
0.0718156 0.0142843 0.144327 0
0.080439 0.00219049 0.144327 0
0.0901092 0.000254034 0.144327 0
0.100953 2.20573e-05 0.144327 0
0.113114 1.42533e-06 0.144327 0
0.126751 7.00864e-08 0.144327 0
0.142043 1.21257e-09 0.144327 0
0.159192 0 0.144327 0
0.178422 0 0.144327 0
