TITLE="Graphics"
VARIABLES= "rj, m", "q, W", "rho, kg/m^3", "u_r, m/s" 
0.000513889 66633.7 0.565334 0
0.000541667 260627 0.388764 0
0.000569444 200987 0.327144 0
0.000597222 173731 0.292893 0
0.000625 154603 0.270417 0
0.000652778 139494 0.254289 0
0.000680556 126947 0.242041 0
0.000708333 116247 0.232368 0
0.000736111 106971 0.224502 0
0.000763889 98837.2 0.217963 0
0.000791667 91644 0.212429 0
0.000819444 85238.8 0.207677 0
0.000847222 79503 0.203548 0
0.000875 74341.4 0.199922 0
0.000902778 69676.8 0.196711 0
0.000930556 65445 0.193846 0
0.000958333 61592.8 0.191272 0
0.000986111 58074.9 0.188945 0
0.00101389 54853 0.186832 0
0.00104167 51894.3 0.184903 0
0.00106944 49170.4 0.183135 0
0.00110053 46547.3 0.181324 0
0.00113532 43851 0.179478 0
0.00117424 41100.3 0.177608 0
0.00121781 38315.9 0.175726 0
0.00126656 35520.7 0.173843 0
0.00132111 32738.6 0.17197 0
0.00138216 29993.8 0.170118 0
0.00145048 27310.6 0.168298 0
0.00152694 24711.7 0.16652 0
0.0016125 22218.2 0.164793 0
0.00170824 19848.5 0.163124 0
0.00181538 17617.7 0.161521 0
0.00193529 15537.7 0.159989 0
0.00206947 13616.3 0.158533 0
0.00221962 11857.7 0.157154 0
0.00238765 10262.4 0.155856 0
0.00257569 8827.94 0.15464 0
0.00278612 7548.73 0.153504 0
0.00302161 6417.06 0.152449 0
0.00328513 5423.48 0.151473 0
0.00358003 4557.32 0.150573 0
0.00391004 3807.25 0.149748 0
0.00427935 3161.67 0.148994 0
0.00469263 2609.16 0.148308 0
0.00515512 2138.73 0.147689 0
0.00567267 1740.08 0.147131 0
0.00625185 1403.73 0.146634 0
0.00689999 1121.14 0.146195 0
0.0076253 884.778 0.14581 0
0.00843697 688.078 0.145478 0
0.00934528 525.456 0.145196 0
0.0103617 392.221 0.144961 0
0.0114992 284.479 0.144772 0
0.0127722 198.986 0.144625 0
0.0141967 132.962 0.144515 0
0.0157908 83.8791 0.144437 0
0.0175747 49.2418 0.144386 0
0.019571 26.4389 0.144356 0
0.021805 12.7227 0.144339 0
0.024305 5.3629 0.144331 0
0.0271027 1.93194 0.144328 0
0.0302335 0.580095 0.144327 0
0.033737 0.141795 0.144327 0
0.0376577 0.0276387 0.144327 0
0.0420453 0.00422517 0.144327 0
0.0469552 0.000500335 0.144327 0
0.0524498 4.55082e-05 0.144327 0
0.0585986 3.1627e-06 0.144327 0
0.0654795 1.67509e-07 0.144327 0
0.0731797 6.71815e-09 0.144327 0
0.0817967 1.58098e-10 0.144327 0
0.0914397 0 0.144327 0
0.102231 0 0.144327 0
0.114307 0 0.144327 0
0.127821 0 0.144327 0
0.142944 0 0.144327 0
0.159868 0 0.144327 0
0.178806 0 0.144327 0
