TITLE="Graphics"
VARIABLES= "rj, m", "q, W", "rho, kg/m^3", "u_r, m/s" 
0.0005125 63417.4 0.544156 0
0.0005375 242025 0.395816 0
0.0005625 195557 0.336837 0
0.0005875 171515 0.302849 0
0.0006125 154145 0.280129 0
0.0006375 140212 0.263633 0
0.0006625 128510 0.251 0
0.0006875 118434 0.240959 0
0.0007125 109622 0.232753 0
0.0007375 101833 0.225901 0
0.0007625 94894.1 0.220082 0
0.0007875 88672.4 0.215069 0
0.0008125 83064.7 0.210701 0
0.0008375 77987.9 0.206857 0
0.0008625 73373.5 0.203444 0
0.0008875 69165 0.200393 0
0.0009125 65314.4 0.197647 0
0.0009375 61781.2 0.195161 0
0.0009625 58530.6 0.192899 0
0.0009875 55532.7 0.190832 0
0.0010125 52761.5 0.188934 0
0.00104053 50083.7 0.186984 0
0.00107197 47314 0.184989 0
0.00110723 44470.6 0.182964 0
0.00114676 41574.5 0.180918 0
0.0011911 38648.9 0.178866 0
0.00124081 35719.2 0.17682 0
0.00129656 32811.6 0.174792 0
0.00135908 29952.7 0.172795 0
0.00142919 27168.4 0.170841 0
0.00150781 24482.9 0.168938 0
0.00159598 21918.3 0.167098 0
0.00169485 19493.3 0.165327 0
0.00180572 17222.8 0.163633 0
0.00193005 15118 0.16202 0
0.00206947 13185.5 0.160492 0
0.00222582 11428.2 0.159052 0
0.00240114 9844.83 0.157701 0
0.00259776 8431.06 0.156438 0
0.00281824 7179.57 0.155262 0
0.00306548 6080.85 0.154172 0
0.00334275 5123.84 0.153165 0
0.00365367 4296.44 0.152238 0
0.00400233 3586.1 0.151386 0
0.00439333 2980.25 0.150606 0
0.00483178 2466.68 0.149893 0
0.00532347 2033.78 0.149245 0
0.00587484 1670.78 0.148655 0
0.00649315 1367.86 0.14812 0
0.00718653 1116.15 0.147636 0
0.00796407 907.817 0.147199 0
0.00883601 735.984 0.146805 0
0.0098138 594.686 0.146452 0
0.0109103 478.801 0.146135 0
0.0121399 383.968 0.145852 0
0.0135188 306.503 0.1456 0
0.015065 243.318 0.145376 0
0.016799 191.845 0.14518 0
0.0187435 149.963 0.145009 0
0.020924 115.939 0.144861 0
0.0233692 88.366 0.144734 0
0.0261113 66.1165 0.144629 0
0.0291863 48.2947 0.144542 0
0.0326345 34.194 0.144474 0
0.0365014 23.2533 0.144422 0
0.0408377 15.013 0.144384 0
0.0457004 9.06939 0.144359 0
0.0511534 5.03523 0.144343 0
0.0572684 2.5139 0.144334 0
0.0641258 1.10021 0.14433 0
0.0718156 0.410164 0.144328 0
0.080439 0.126385 0.144327 0
0.0901092 0.0312602 0.144327 0
0.100953 0.0060488 0.144327 0
0.113114 0.000897114 0.144327 0
0.126751 0.000100501 0.144327 0
0.142043 8.42551e-06 0.144327 0
0.159192 5.25567e-07 0.144327 0
0.178422 2.45882e-08 0.144327 0
