TITLE="Graphics"
VARIABLES= "rj, m", "q, W", "rho, kg/m^3", "u_r, m/s" 
0.0005125 63651.8 0.551687 0
0.0005375 244450 0.397875 0
0.0005625 196574 0.337846 0
0.0005875 172249 0.303446 0
0.0006125 154753 0.280515 0
0.0006375 140743 0.263893 0
0.0006625 128985 0.25118 0
0.0006875 118865 0.241082 0
0.0007125 110017 0.232835 0
0.0007375 102198 0.225953 0
0.0007625 95232.6 0.220109 0
0.0007875 88987.5 0.215078 0
0.0008125 83359 0.210694 0
0.0008375 78263.5 0.206837 0
0.0008625 73632.4 0.203415 0
0.0008875 69408.6 0.200354 0
0.0009125 65544.1 0.197601 0
0.0009375 61998.3 0.195108 0
0.0009625 58736 0.192841 0
0.0009875 55727.4 0.190768 0
0.0010125 52946.4 0.188867 0
0.00104053 50259.2 0.186911 0
0.00107197 47479.7 0.184913 0
0.00110723 44626.3 0.182883 0
0.00114676 41719.9 0.180834 0
0.0011911 38784.1 0.178778 0
0.00124081 35844 0.176728 0
0.00129656 32926.2 0.174697 0
0.00135908 30057.1 0.172697 0
0.00142919 27263 0.170739 0
0.00150781 24568 0.168834 0
0.00159598 21994.3 0.166991 0
0.00169485 19560.7 0.165218 0
0.00180572 17282.2 0.163522 0
0.00193005 15169.9 0.161907 0
0.00206947 13230.5 0.160378 0
0.00222582 11466.9 0.158936 0
0.00240114 9877.92 0.157584 0
0.00259776 8459.08 0.15632 0
0.00281824 7203.07 0.155144 0
0.00306548 6100.36 0.154053 0
0.00334275 5139.85 0.153045 0
0.00365367 4309.39 0.152117 0
0.00400233 3596.39 0.151265 0
0.00439333 2988.24 0.150485 0
0.00483178 2472.67 0.149773 0
0.00532347 2038.06 0.149124 0
0.00587484 1673.57 0.148535 0
0.00649315 1369.36 0.148001 0
0.00718653 1116.53 0.147518 0
0.00796407 907.221 0.147083 0
0.00883601 734.525 0.146691 0
0.0098138 592.461 0.14634 0
0.0109103 475.891 0.146025 0
0.0121399 380.441 0.145746 0
0.0135188 302.421 0.145497 0
0.015065 238.742 0.145279 0
0.016799 186.84 0.145088 0
0.0187435 144.609 0.144923 0
0.020924 110.336 0.144783 0
0.0233692 82.6418 0.144665 0
0.0261113 60.43 0.144568 0
0.0291863 42.8342 0.144492 0
0.0326345 29.1652 0.144434 0
0.0365014 18.8568 0.144391 0
0.0408377 11.4111 0.144363 0
0.0457004 6.34867 0.144345 0
0.0511534 3.17793 0.144335 0
0.0572684 1.39533 0.14433 0
0.0641258 0.522264 0.144328 0
0.0718156 0.161706 0.144327 0
0.080439 0.0402261 0.144327 0
0.0901092 0.00783504 0.144327 0
0.100953 0.00117061 0.144327 0
0.113114 0.000132196 0.144327 0
0.126751 1.11779e-05 0.144327 0
0.142043 7.05033e-07 0.144327 0
0.159192 3.14923e-08 0.144327 0
0.178422 1.19842e-09 0.144327 0
