TITLE="Graphics"
VARIABLES= "rj, m", "q, W", "rho, kg/m^3", "u_r, m/s" 
0.000513889 63838.5 0.536056 0
0.000541667 242885 0.38431 0
0.000569444 192152 0.326397 0
0.000597222 166776 0.293443 0
0.000625 148625 0.27157 0
0.000652778 134190 0.255769 0
0.000680556 122165 0.243714 0
0.000708333 111893 0.234163 0
0.000736111 102980 0.226378 0
0.000763889 95160.8 0.219893 0
0.000791667 88242.7 0.214397 0
0.000819444 82080.9 0.209672 0
0.000847222 76562.1 0.205561 0
0.000875 71595.2 0.201949 0
0.000902778 67106.1 0.198748 0
0.000930556 63033.4 0.195889 0
0.000958333 59325.7 0.193319 0
0.000986111 55939.7 0.190995 0
0.00101389 52838.6 0.188883 0
0.00104167 49990.7 0.186955 0
0.00106944 47368.8 0.185187 0
0.00110053 44843.7 0.183374 0
0.00113532 42248.2 0.181527 0
0.00117424 39600.4 0.179655 0
0.00121781 36920.4 0.17777 0
0.00126656 34230 0.175883 0
0.00132111 31552.3 0.174005 0
0.00138216 28910.8 0.172148 0
0.00145048 26328.7 0.170321 0
0.00152694 23828 0.168536 0
0.0016125 21428.9 0.166802 0
0.00170824 19149.3 0.165125 0
0.00181538 17003.8 0.163513 0
0.00193529 15003.6 0.161972 0
0.00206947 13156.4 0.160505 0
0.00221962 11466.3 0.159116 0
0.00238765 9933.89 0.157806 0
0.00257569 8556.62 0.156577 0
0.00278612 7329.3 0.155428 0
0.00302161 6244.5 0.154358 0
0.00328513 5293.14 0.153365 0
0.00358003 4464.96 0.152446 0
0.00391004 3749.05 0.1516 0
0.00427935 3134.26 0.150821 0
0.00469263 2609.55 0.150107 0
0.00515512 2164.29 0.149455 0
0.00567267 1788.45 0.148859 0
0.00625185 1472.75 0.148318 0
0.00689999 1208.74 0.147826 0
0.0076253 988.872 0.14738 0
0.00843697 806.418 0.146977 0
0.00934528 655.504 0.146613 0
0.0103617 531.032 0.146286 0
0.0114992 428.619 0.145993 0
0.0127722 344.527 0.145731 0
0.0141967 275.597 0.145497 0
0.0157908 219.174 0.14529 0
0.0175747 173.047 0.145108 0
0.019571 135.386 0.14495 0
0.021805 104.693 0.144813 0
0.024305 79.7517 0.144696 0
0.0271027 59.5856 0.144599 0
0.0302335 43.4172 0.14452 0
0.033737 30.6305 0.144458 0
0.0376577 20.731 0.144411 0
0.0420453 13.3057 0.144377 0
0.0469552 7.98296 0.144355 0
0.0524498 4.39903 0.144341 0
0.0585986 2.18001 0.144333 0
0.0654795 0.948043 0.144329 0
0.0731797 0.352087 0.144328 0
0.0817967 0.10854 0.144327 0
0.0914397 0.027024 0.144327 0
0.102231 0.00530437 0.144327 0
0.114307 0.000805079 0.144327 0
0.127821 9.31656e-05 0.144327 0
0.142944 8.145e-06 0.144327 0
0.159868 5.35178e-07 0.144327 0
0.178806 2.62799e-08 0.144327 0
