TITLE="Graphics"
VARIABLES= "rj, m", "q, W", "rho, kg/m^3", "u_r, m/s" 
0.000512195 252868 0.439766 0
0.000536585 226341 0.35545 0
0.000560976 196477 0.312266 0
0.000585366 175613 0.285093 0
0.000609756 159166 0.266078 0
0.000634146 145489 0.251877 0
0.000658537 133789 0.24079 0
0.000682927 123606 0.231853 0
0.000707317 114637 0.224471 0
0.000731707 106670 0.218255 0
0.000756098 99543.7 0.212939 0
0.000780488 93134.8 0.208335 0
0.000804878 87343.4 0.204303 0
0.000829268 82088.5 0.20074 0
0.000853659 77303.1 0.197567 0
0.000878049 72930.9 0.194721 0
0.000902439 68924.3 0.192152 0
0.000926829 65242.5 0.189821 0
0.00095122 61850.8 0.187696 0
0.00097561 58718.8 0.18575 0
0.001 55820.2 0.183961 0
0.00102736 53014.2 0.182117 0
0.00105807 50107.6 0.180229 0
0.00109251 47119.1 0.178307 0
0.00113116 44070.5 0.176362 0
0.00117452 40986.1 0.174408 0
0.00122316 37892.5 0.172456 0
0.00127774 34817.3 0.170518 0
0.00133897 31788.9 0.168606 0
0.00140767 28834.7 0.166733 0
0.00148475 25981 0.164908 0
0.00157123 23251.2 0.163141 0
0.00166825 20665.9 0.16144 0
0.00177711 18241.5 0.159812 0
0.00189923 15990.2 0.158263 0
0.00203626 13919.7 0.156797 0
0.00218999 12033.3 0.155417 0
0.00236246 10330.4 0.154125 0
0.00255597 8806.42 0.152922 0
0.00277308 7454.03 0.151807 0
0.00301666 6263.33 0.15078 0
0.00328995 5222.77 0.14984 0
0.00359656 4319.71 0.148984 0
0.00394056 3541.07 0.148211 0
0.00432651 2873.85 0.147518 0
0.00475953 2305.54 0.146904 0
0.00524535 1824.49 0.146365 0
0.00579041 1420.15 0.145899 0
0.00640194 1083.17 0.145505 0
0.00708805 805.505 0.145178 0
0.00785782 580.267 0.144916 0
0.00872145 401.56 0.144714 0
0.00969041 264.128 0.144565 0
0.0107775 162.93 0.144462 0
0.0119972 92.7012 0.144396 0
0.0133656 47.6743 0.144359 0
0.0149009 21.6379 0.144339 0
0.0166234 8.43554 0.144331 0
0.018556 2.74412 0.144328 0
0.0207242 0.723792 0.144327 0
0.0231568 0.15081 0.144327 0
0.0258861 0.0242941 0.144327 0
0.0289482 0.00297724 0.144327 0
0.0323837 0.000274523 0.144327 0
0.0362382 1.89177e-05 0.144327 0
0.0405626 9.70835e-07 0.144327 0
0.0454145 3.70486e-08 0.144327 0
0.0508579 1.04974e-09 0.144327 0
0.0569652 0 0.144327 0
0.0638172 0 0.144327 0
0.0715049 0 0.144327 0
0.0801299 0 0.144327 0
0.0898068 0 0.144327 0
0.100664 0 0.144327 0
0.112844 0 0.144327 0
0.126511 0 0.144327 0
0.141843 0 0.144327 0
0.159046 0 0.144327 0
0.178346 0 0.144327 0
