TITLE="Graphics"
VARIABLES= "rj, m", "q, W", "rho, kg/m^3", "u_r, m/s" 
0.0005125 64521.8 0.566864 0
0.0005375 250920 0.401276 0
0.0005625 199633 0.339194 0
0.0005875 174592 0.304024 0
0.0006125 156750 0.280713 0
0.0006375 142513 0.263874 0
0.0006625 130584 0.251023 0
0.0006875 120325 0.240833 0
0.0007125 111360 0.232521 0
0.0007375 103441 0.225591 0
0.0007625 96386.6 0.219712 0
0.0007875 90063.4 0.214653 0
0.0008125 84365 0.210248 0
0.0008375 79206.6 0.206374 0
0.0008625 74518.6 0.202937 0
0.0008875 70243.1 0.199865 0
0.0009125 66331.5 0.197102 0
0.0009375 62742.4 0.194601 0
0.0009625 59440.5 0.192327 0
0.0009875 56395.3 0.190249 0
0.0010125 53580.5 0.188343 0
0.00104053 50860.9 0.186383 0
0.00107197 48047.9 0.18438 0
0.00110723 45160.1 0.182346 0
0.00114676 42218.6 0.180293 0
0.0011911 39247.3 0.178234 0
0.00124081 36271.7 0.176181 0
0.00129656 33318.5 0.174147 0
0.00135908 30414.8 0.172145 0
0.00142919 27586.7 0.170185 0
0.00150781 24859.1 0.168278 0
0.00159598 22254.2 0.166434 0
0.00169485 19791 0.16466 0
0.00180572 17484.7 0.162964 0
0.00193005 15346.6 0.161349 0
0.00206947 13383.5 0.15982 0
0.00222582 11598.2 0.158379 0
0.00240114 9989.59 0.157027 0
0.00259776 8553.09 0.155764 0
0.00281824 7281.32 0.154589 0
0.00306548 6164.62 0.1535 0
0.00334275 5191.72 0.152494 0
0.00365367 4350.35 0.151569 0
0.00400233 3627.73 0.15072 0
0.00439333 3011.1 0.149943 0
0.00483178 2488.03 0.149235 0
0.00532347 2046.75 0.148591 0
0.00587484 1676.3 0.148008 0
0.00649315 1366.7 0.147481 0
0.00718653 1108.96 0.147007 0
0.00796407 895.131 0.146583 0
0.00883601 718.267 0.146204 0
0.0098138 572.358 0.145868 0
0.0109103 452.275 0.145572 0
0.0121399 353.689 0.145315 0
0.0135188 272.995 0.145093 0
0.015065 207.226 0.144905 0
0.016799 153.971 0.144749 0
0.0187435 111.295 0.144623 0
0.020924 77.6471 0.144524 0
0.0233692 51.7614 0.144451 0
0.0261113 32.5524 0.144399 0
0.0291863 19.0086 0.144365 0
0.0326345 10.1072 0.144345 0
0.0365014 4.78061 0.144334 0
0.0408377 1.95788 0.14433 0
0.0457004 0.674074 0.144328 0
0.0511534 0.189312 0.144327 0
0.0572684 0.042171 0.144327 0
0.0641258 0.00727675 0.144327 0
0.0718156 0.000955262 0.144327 0
0.080439 9.42341e-05 0.144327 0
0.0901092 6.93366e-06 0.144327 0
0.100953 3.79034e-07 0.144327 0
0.113114 1.53604e-08 0.144327 0
0.126751 3.60755e-11 0.144327 0
0.142043 0 0.144327 0
0.159192 0 0.144327 0
0.178422 0 0.144327 0
