TITLE="Graphics"
VARIABLES= "rj, m", "q, W", "rho, kg/m^3", "u_r, m/s" 
0.000512195 237003 0.441818 0
0.000536585 222435 0.357437 0
0.000560976 193163 0.314124 0
0.000585366 172675 0.286843 0
0.000609756 156515 0.267743 0
0.000634146 143073 0.253474 0
0.000658537 131572 0.242331 0
0.000682927 121562 0.233347 0
0.000707317 112745 0.225926 0
0.000731707 104912 0.219676 0
0.000756098 97907 0.214331 0
0.000780488 91606.6 0.2097 0
0.000804878 85913.3 0.205645 0
0.000829268 80747.6 0.202062 0
0.000853659 76043.5 0.19887 0
0.000878049 71745.6 0.196007 0
0.000902439 67807.1 0.193423 0
0.000926829 64188.1 0.191078 0
0.00095122 60854.2 0.18894 0
0.00097561 57775.7 0.186982 0
0.001 54926.8 0.185182 0
0.00102736 52168.9 0.183327 0
0.00105807 49312.4 0.181426 0
0.00109251 46375.4 0.179492 0
0.00113116 43379.5 0.177535 0
0.00117452 40348.7 0.175568 0
0.00122316 37308.9 0.173602 0
0.00127774 34287.6 0.171651 0
0.00133897 31312.5 0.169726 0
0.00140767 28410.7 0.167839 0
0.00148475 25608 0.166 0
0.00157123 22927.5 0.164218 0
0.00166825 20389.5 0.162503 0
0.00177711 18010.1 0.16086 0
0.00189923 15801.3 0.159296 0
0.00203626 13770.7 0.157814 0
0.00218999 11921.8 0.156417 0
0.00236246 10253.7 0.155107 0
0.00255597 8762.18 0.153884 0
0.00277308 7439.81 0.152748 0
0.00301666 6276.88 0.151698 0
0.00328995 5261.94 0.150732 0
0.00359656 4382.42 0.149847 0
0.00394056 3625.27 0.14904 0
0.00432651 2977.4 0.14831 0
0.00475953 2426.1 0.147652 0
0.00524535 1959.4 0.147064 0
0.00579041 1566.25 0.146543 0
0.00640194 1236.72 0.146086 0
0.00708805 962.022 0.145691 0
0.00785782 734.605 0.145356 0
0.00872145 548.058 0.145077 0
0.00969041 397.036 0.144851 0
0.0107775 277.085 0.144676 0
0.0119972 184.403 0.144545 0
0.0133656 115.537 0.144453 0
0.0149009 67.0695 0.144393 0
0.0166234 35.373 0.144358 0
0.018556 16.5582 0.14434 0
0.0207242 6.69729 0.144331 0
0.0231568 2.27339 0.144328 0
0.0258861 0.628848 0.144327 0
0.0289482 0.137937 0.144327 0
0.0323837 0.02345 0.144327 0
0.0362382 0.00303651 0.144327 0
0.0405626 0.000295925 0.144327 0
0.0454145 2.15467e-05 0.144327 0
0.0508579 1.1677e-06 0.144327 0
0.0569652 4.70426e-08 0.144327 0
0.0638172 1.44699e-09 0.144327 0
0.0715049 0 0.144327 0
0.0801299 0 0.144327 0
0.0898068 0 0.144327 0
0.100664 0 0.144327 0
0.112844 0 0.144327 0
0.126511 0 0.144327 0
0.141843 0 0.144327 0
0.159046 0 0.144327 0
0.178346 0 0.144327 0
