TITLE="Graphics"
VARIABLES= "rj, m", "q, W", "rho, kg/m^3", "u_r, m/s" 
0.000513889 63875.6 0.537247 0
0.000541667 243285 0.384618 0
0.000569444 192309 0.326546 0
0.000597222 166888 0.293531 0
0.000625 148717 0.271627 0
0.000652778 134270 0.255807 0
0.000680556 122236 0.243741 0
0.000708333 111957 0.234181 0
0.000736111 103039 0.22639 0
0.000763889 95214.4 0.219901 0
0.000791667 88292.2 0.214401 0
0.000819444 82126.8 0.209673 0
0.000847222 76604.8 0.20556 0
0.000875 71635.1 0.201946 0
0.000902778 67143.4 0.198743 0
0.000930556 63068.3 0.195883 0
0.000958333 59358.5 0.193312 0
0.000986111 55970.7 0.190987 0
0.00101389 52867.8 0.188875 0
0.00104167 50018.3 0.186946 0
0.00106944 47394.9 0.185177 0
0.00110053 44868.4 0.183364 0
0.00113532 42271.5 0.181515 0
0.00117424 39622.2 0.179643 0
0.00121781 36940.7 0.177757 0
0.00126656 34248.9 0.175869 0
0.00132111 31569.7 0.173991 0
0.00138216 28926.7 0.172133 0
0.00145048 26343.2 0.170307 0
0.00152694 23841.1 0.168521 0
0.0016125 21440.7 0.166786 0
0.00170824 19159.8 0.165109 0
0.00181538 17013 0.163497 0
0.00193529 15011.7 0.161955 0
0.00206947 13163.5 0.160488 0
0.00221962 11472.5 0.159099 0
0.00238765 9939.23 0.157789 0
0.00257569 8561.19 0.15656 0
0.00278612 7333.18 0.15541 0
0.00302161 6247.77 0.15434 0
0.00328513 5295.86 0.153347 0
0.00358003 4467.2 0.152428 0
0.00391004 3750.88 0.151581 0
0.00427935 3135.74 0.150803 0
0.00469263 2610.72 0.150089 0
0.00515512 2165.18 0.149436 0
0.00567267 1789.1 0.148841 0
0.00625185 1473.19 0.148299 0
0.00689999 1209.01 0.147808 0
0.0076253 988.981 0.147362 0
0.00843697 806.385 0.146959 0
0.00934528 655.344 0.146596 0
0.0103617 530.757 0.146269 0
0.0114992 428.237 0.145976 0
0.0127722 344.049 0.145714 0
0.0141967 275.03 0.145481 0
0.0157908 218.527 0.145275 0
0.0175747 172.329 0.145094 0
0.019571 134.609 0.144936 0
0.021805 103.873 0.144801 0
0.024305 78.9083 0.144685 0
0.0271027 58.7418 0.14459 0
0.0302335 42.6008 0.144512 0
0.033737 29.8714 0.144452 0
0.0376577 20.0591 0.144406 0
0.0420453 12.7461 0.144374 0
0.0469552 7.55079 0.144352 0
0.0524498 4.09519 0.144339 0
0.0585986 1.98984 0.144332 0
0.0654795 0.844825 0.144329 0
0.0731797 0.30491 0.144327 0
0.0817967 0.0909309 0.144327 0
0.0914397 0.0218103 0.144327 0
0.102231 0.00411003 0.144327 0
0.114307 0.000597361 0.144327 0
0.127821 6.60845e-05 0.144327 0
0.142944 5.51759e-06 0.144327 0
0.159868 3.46084e-07 0.144327 0
0.178806 1.61792e-08 0.144327 0
