TITLE="Graphics"
VARIABLES= "rj, m", "q, W", "rho, kg/m^3", "u_r, m/s" 
0.0005125 64571.5 0.567409 0
0.0005375 251230 0.401366 0
0.0005625 199793 0.339212 0
0.0005875 174720 0.304017 0
0.0006125 156860 0.280694 0
0.0006375 142611 0.263848 0
0.0006625 130673 0.250994 0
0.0006875 120407 0.240801 0
0.0007125 111436 0.232488 0
0.0007375 103510 0.225557 0
0.0007625 96451.5 0.219677 0
0.0007875 90123.9 0.214617 0
0.0008125 84421.6 0.210212 0
0.0008375 79259.7 0.206337 0
0.0008625 74568.5 0.2029 0
0.0008875 70290.1 0.199828 0
0.0009125 66375.8 0.197065 0
0.0009375 62784.3 0.194564 0
0.0009625 59480.1 0.19229 0
0.0009875 56432.9 0.190212 0
0.0010125 53616.2 0.188305 0
0.00104053 50894.7 0.186345 0
0.00107197 48079.9 0.184343 0
0.00110723 45190.1 0.182309 0
0.00114676 42246.6 0.180256 0
0.0011911 39273.3 0.178197 0
0.00124081 36295.7 0.176144 0
0.00129656 33340.5 0.17411 0
0.00135908 30434.8 0.172108 0
0.00142919 27604.8 0.170148 0
0.00150781 24875.4 0.168242 0
0.00159598 22268.7 0.166398 0
0.00169485 19803.7 0.164624 0
0.00180572 17495.9 0.162928 0
0.00193005 15356.3 0.161313 0
0.00206947 13391.9 0.159784 0
0.00222582 11605.3 0.158343 0
0.00240114 9995.56 0.156992 0
0.00259776 8558.04 0.155729 0
0.00281824 7285.35 0.154554 0
0.00306548 6167.82 0.153466 0
0.00334275 5194.19 0.15246 0
0.00365367 4352.16 0.151535 0
0.00400233 3628.96 0.150686 0
0.00439333 3011.81 0.14991 0
0.00483178 2488.27 0.149202 0
0.00532347 2046.56 0.148559 0
0.00587484 1675.73 0.147977 0
0.00649315 1365.77 0.147451 0
0.00718653 1107.71 0.146977 0
0.00796407 893.599 0.146554 0
0.00883601 716.474 0.146176 0
0.0098138 570.336 0.145841 0
0.0109103 450.061 0.145547 0
0.0121399 351.328 0.145292 0
0.0135188 270.539 0.145072 0
0.015065 204.736 0.144886 0
0.016799 151.519 0.144733 0
0.0187435 108.962 0.144609 0
0.020924 75.5167 0.144514 0
0.0233692 49.9131 0.144443 0
0.0261113 31.0488 0.144394 0
0.0291863 17.8808 0.144362 0
0.0326345 9.34338 0.144343 0
0.0365014 4.32505 0.144333 0
0.0408377 1.72556 0.144329 0
0.0457004 0.575987 0.144327 0
0.0511534 0.156125 0.144327 0
0.0572684 0.0334366 0.144327 0
0.0641258 0.00553085 0.144327 0
0.0718156 0.000694693 0.144327 0
0.080439 6.55018e-05 0.144327 0
0.0901092 4.6053e-06 0.144327 0
0.100953 2.40409e-07 0.144327 0
0.113114 9.28597e-09 0.144327 0
0.126751 8.32511e-12 0.144327 0
0.142043 0 0.144327 0
0.159192 0 0.144327 0
0.178422 0 0.144327 0
