TITLE="Graphics"
VARIABLES= "rj, m", "q, W", "rho, kg/m^3", "u_r, m/s" 
0.0005125 64580.3 0.567502 0
0.0005375 251284 0.401381 0
0.0005625 199821 0.339215 0
0.0005875 174742 0.304016 0
0.0006125 156879 0.28069 0
0.0006375 142628 0.263844 0
0.0006625 130689 0.250988 0
0.0006875 120421 0.240796 0
0.0007125 111449 0.232482 0
0.0007375 103523 0.22555 0
0.0007625 96463 0.21967 0
0.0007875 90134.6 0.214611 0
0.0008125 84431.6 0.210205 0
0.0008375 79269.1 0.206331 0
0.0008625 74577.3 0.202893 0
0.0008875 70298.4 0.199822 0
0.0009125 66383.6 0.197058 0
0.0009375 62791.6 0.194558 0
0.0009625 59487.1 0.192283 0
0.0009875 56439.5 0.190205 0
0.0010125 53622.5 0.188299 0
0.00104053 50900.7 0.186339 0
0.00107197 48085.5 0.184336 0
0.00110723 45195.4 0.182302 0
0.00114676 42251.6 0.180249 0
0.0011911 39277.9 0.17819 0
0.00124081 36299.9 0.176137 0
0.00129656 33344.4 0.174104 0
0.00135908 30438.3 0.172101 0
0.00142919 27608 0.170142 0
0.00150781 24878.2 0.168235 0
0.00159598 22271.2 0.166391 0
0.00169485 19806 0.164618 0
0.00180572 17497.9 0.162921 0
0.00193005 15358 0.161307 0
0.00206947 13393.3 0.159778 0
0.00222582 11606.6 0.158337 0
0.00240114 9996.61 0.156985 0
0.00259776 8558.91 0.155723 0
0.00281824 7286.05 0.154548 0
0.00306548 6168.38 0.153459 0
0.00334275 5194.61 0.152454 0
0.00365367 4352.47 0.151529 0
0.00400233 3629.16 0.15068 0
0.00439333 3011.92 0.149904 0
0.00483178 2488.3 0.149196 0
0.00532347 2046.52 0.148553 0
0.00587484 1675.61 0.147971 0
0.00649315 1365.6 0.147445 0
0.00718653 1107.48 0.146972 0
0.00796407 893.314 0.146548 0
0.00883601 716.145 0.146171 0
0.0098138 569.968 0.145837 0
0.0109103 449.66 0.145543 0
0.0121399 350.903 0.145288 0
0.0135188 270.099 0.145068 0
0.015065 204.292 0.144883 0
0.016799 151.084 0.14473 0
0.0187435 108.55 0.144607 0
0.020924 75.1422 0.144512 0
0.0233692 49.59 0.144442 0
0.0261113 30.7878 0.144393 0
0.0291863 17.6868 0.144361 0
0.0326345 9.21345 0.144343 0
0.0365014 4.24863 0.144333 0
0.0408377 1.68724 0.144329 0
0.0457004 0.560134 0.144327 0
0.0511534 0.150886 0.144327 0
0.0572684 0.0320928 0.144327 0
0.0641258 0.00526961 0.144327 0
0.0718156 0.000656821 0.144327 0
0.080439 6.14477e-05 0.144327 0
0.0901092 4.28642e-06 0.144327 0
0.100953 2.21983e-07 0.144327 0
0.113114 8.50488e-09 0.144327 0
0.126751 0 0.144327 0
0.142043 0 0.144327 0
0.159192 0 0.144327 0
0.178422 0 0.144327 0
