TITLE="Graphics"
VARIABLES= "rj, m", "q, W", "rho, kg/m^3", "u_r, m/s" 
0.000512195 221912 0.442034 0
0.000536585 219372 0.358291 0
0.000560976 190630 0.315115 0
0.000585366 170452 0.287865 0
0.000609756 154517 0.268766 0
0.000634146 141256 0.254487 0
0.000658537 129907 0.243331 0
0.000682927 120027 0.234333 0
0.000707317 111324 0.226897 0
0.000731707 103593 0.220634 0
0.000756098 96677.4 0.215277 0
0.000780488 90457.9 0.210635 0
0.000804878 84837.7 0.20657 0
0.000829268 79738.2 0.202977 0
0.000853659 75094.4 0.199776 0
0.000878049 70851.6 0.196904 0
0.000902439 66963.7 0.194312 0
0.000926829 63391.2 0.191961 0
0.00095122 60100.1 0.189816 0
0.00097561 57061.2 0.187851 0
0.001 54248.9 0.186045 0
0.00102736 51526.6 0.184184 0
0.00105807 48706.8 0.182277 0
0.00109251 45807.8 0.180336 0
0.00113116 42850.6 0.178372 0
0.00117452 39859.1 0.176397 0
0.00122316 36858.8 0.174425 0
0.00127774 33876.9 0.172466 0
0.00133897 30940.6 0.170533 0
0.00140767 28077 0.168638 0
0.00148475 25311.2 0.166791 0
0.00157123 22666.4 0.165002 0
0.00166825 20162.4 0.163278 0
0.00177711 17815.1 0.161627 0
0.00189923 15636.6 0.160054 0
0.00203626 13634.3 0.158564 0
0.00218999 11811.6 0.157158 0
0.00236246 10167.7 0.155838 0
0.00255597 8698.39 0.154605 0
0.00277308 7396.43 0.153459 0
0.00301666 6252.2 0.152396 0
0.00328995 5254.4 0.151417 0
0.00359656 4390.61 0.150517 0
0.00394056 3647.87 0.149693 0
0.00432651 3013.21 0.148943 0
0.00475953 2473.98 0.148263 0
0.00524535 2018.19 0.147649 0
0.00579041 1634.72 0.147098 0
0.00640194 1313.47 0.146607 0
0.00708805 1045.41 0.146174 0
0.00785782 822.627 0.145794 0
0.00872145 638.301 0.145466 0
0.00969041 486.66 0.145188 0
0.0107775 362.897 0.144956 0
0.0119972 263.065 0.144768 0
0.0133656 183.934 0.144622 0
0.0149009 122.809 0.144512 0
0.0166234 77.3139 0.144435 0
0.018556 45.1728 0.144384 0
0.0207242 24.0244 0.144354 0
0.0231568 11.3631 0.144338 0
0.0258861 4.65342 0.144331 0
0.0289482 1.60241 0.144328 0
0.0323837 0.450375 0.144327 0
0.0362382 0.100496 0.144327 0
0.0405626 0.0173917 0.144327 0
0.0454145 0.00229305 0.144327 0
0.0508579 0.000227532 0.144327 0
0.0569652 1.68647e-05 0.144327 0
0.0638172 9.30241e-07 0.144327 0
0.0715049 3.81302e-08 0.144327 0
0.0801299 1.19341e-09 0.144327 0
0.0898068 0 0.144327 0
0.100664 0 0.144327 0
0.112844 0 0.144327 0
0.126511 0 0.144327 0
0.141843 0 0.144327 0
0.159046 0 0.144327 0
0.178346 0 0.144327 0
