TITLE="Graphics"
VARIABLES= "rj, m", "q, W", "rho, kg/m^3", "u_r, m/s" 
0.0005125 62942.7 0.520645 0
0.0005375 235263 0.388639 0
0.0005625 192800 0.333081 0
0.0005875 169586 0.300479 0
0.0006125 152575 0.278483 0
0.0006375 138857 0.262423 0
0.0006625 127305 0.250077 0
0.0006875 117344 0.240236 0
0.0007125 108626 0.232177 0
0.0007375 100916 0.225438 0
0.0007625 94045 0.219706 0
0.0007875 87882.8 0.214763 0
0.0008125 82327.8 0.210452 0
0.0008375 77298 0.206655 0
0.0008625 72726 0.203283 0
0.0008875 68555.7 0.200265 0
0.0009125 64740 0.197548 0
0.0009375 61238.6 0.195088 0
0.0009625 58017.1 0.192848 0
0.0009875 55046 0.1908 0
0.0010125 52299.5 0.18892 0
0.00104053 49645.1 0.186986 0
0.00107197 46899.7 0.185009 0
0.00110723 44081.3 0.183 0
0.00114676 41210.6 0.180971 0
0.0011911 38310.8 0.178934 0
0.00124081 35406.8 0.176903 0
0.00129656 32524.8 0.174889 0
0.00135908 29691 0.172906 0
0.00142919 26931.2 0.170963 0
0.00150781 24269.4 0.169073 0
0.00159598 21727.3 0.167243 0
0.00169485 19323.6 0.165482 0
0.00180572 17073.1 0.163797 0
0.00193005 14986.8 0.162193 0
0.00206947 13071.3 0.160673 0
0.00222582 11329.5 0.159239 0
0.00240114 9760.09 0.157894 0
0.00259776 8358.8 0.156637 0
0.00281824 7118.37 0.155466 0
0.00306548 6029.4 0.154381 0
0.00334275 5080.89 0.153378 0
0.00365367 4260.89 0.152453 0
0.00400233 3556.94 0.151604 0
0.00439333 2956.59 0.150827 0
0.00483178 2447.72 0.150116 0
0.00532347 2018.86 0.149469 0
0.00587484 1659.32 0.14888 0
0.00649315 1359.36 0.148346 0
0.00718653 1110.21 0.147862 0
0.00796407 904.093 0.147425 0
0.00883601 734.197 0.14703 0
0.0098138 594.611 0.146675 0
0.0109103 480.259 0.146355 0
0.0121399 386.812 0.146069 0
0.0135188 310.612 0.145812 0
0.015065 248.586 0.145583 0
0.016799 198.17 0.145379 0
0.0187435 157.236 0.145199 0
0.020924 124.03 0.14504 0
0.0233692 97.1111 0.1449 0
0.0261113 75.3089 0.14478 0
0.0291863 57.6768 0.144676 0
0.0326345 43.4579 0.144589 0
0.0365014 32.053 0.144517 0
0.0408377 22.9921 0.144459 0
0.0457004 15.9064 0.144414 0
0.0511534 10.5014 0.144381 0
0.0572684 6.52856 0.144358 0
0.0641258 3.75914 0.144343 0
0.0718156 1.96465 0.144334 0
0.080439 0.909842 0.14433 0
0.0901092 0.363233 0.144328 0
0.100953 0.121344 0.144327 0
0.113114 0.0329232 0.144327 0
0.126751 0.00705924 0.144327 0
0.142043 0.00116938 0.144327 0
0.159192 0.000147146 0.144327 0
0.178422 1.39104e-05 0.144327 0
