TITLE="Graphics"
VARIABLES= "rj, m", "q, W", "rho, kg/m^3", "u_r, m/s" 
0.0005125 63344.3 0.541465 0
0.0005375 241193 0.39505 0
0.0005625 195212 0.336452 0
0.0005875 171268 0.302615 0
0.0006125 153942 0.279974 0
0.0006375 140036 0.263524 0
0.0006625 128352 0.250922 0
0.0006875 118290 0.240901 0
0.0007125 109491 0.232711 0
0.0007375 101712 0.22587 0
0.0007625 94782.1 0.22006 0
0.0007875 88568.1 0.215055 0
0.0008125 82967.3 0.210692 0
0.0008375 77896.6 0.206853 0
0.0008625 73287.9 0.203445 0
0.0008875 69084.3 0.200397 0
0.0009125 65238.3 0.197653 0
0.0009375 61709.3 0.19517 0
0.0009625 58462.5 0.192911 0
0.0009875 55468.2 0.190845 0
0.0010125 52700.2 0.188949 0
0.00104053 50025.5 0.187 0
0.00107197 47259.1 0.185008 0
0.00110723 44419 0.182984 0
0.00114676 41526.2 0.18094 0
0.0011911 38604 0.178889 0
0.00124081 35677.7 0.176845 0
0.00129656 32773.5 0.174818 0
0.00135908 29917.9 0.172823 0
0.00142919 27136.8 0.170869 0
0.00150781 24454.5 0.168968 0
0.00159598 21892.9 0.167128 0
0.00169485 19470.6 0.165358 0
0.00180572 17202.8 0.163665 0
0.00193005 15100.4 0.162053 0
0.00206947 13170.2 0.160526 0
0.00222582 11414.9 0.159086 0
0.00240114 9833.36 0.157736 0
0.00259776 8421.23 0.156473 0
0.00281824 7171.19 0.155298 0
0.00306548 6073.75 0.154209 0
0.00334275 5117.85 0.153202 0
0.00365367 4291.42 0.152275 0
0.00400233 3581.93 0.151423 0
0.00439333 2976.81 0.150643 0
0.00483178 2463.87 0.149931 0
0.00532347 2031.52 0.149283 0
0.00587484 1669.01 0.148693 0
0.00649315 1366.51 0.148158 0
0.00718653 1115.19 0.147674 0
0.00796407 907.206 0.147237 0
0.00883601 735.698 0.146843 0
0.0098138 594.705 0.146489 0
0.0109103 479.109 0.146172 0
0.0121399 384.551 0.145888 0
0.0135188 307.345 0.145635 0
0.015065 244.403 0.145411 0
0.016799 193.15 0.145213 0
0.0187435 151.46 0.14504 0
0.020924 117.591 0.14489 0
0.0233692 90.1275 0.144761 0
0.0261113 67.9327 0.144652 0
0.0291863 50.1017 0.144563 0
0.0326345 35.921 0.144491 0
0.0365014 24.8278 0.144435 0
0.0408377 16.3682 0.144394 0
0.0457004 10.1562 0.144365 0
0.0511534 5.83306 0.144347 0
0.0572684 3.03869 0.144336 0
0.0641258 1.40158 0.144331 0
0.0718156 0.556807 0.144328 0
0.080439 0.184928 0.144327 0
0.0901092 0.0498366 0.144327 0
0.100953 0.0106047 0.144327 0
0.113114 0.00174209 0.144327 0
0.126751 0.000217262 0.144327 0
0.142043 2.03412e-05 0.144327 0
0.159192 1.42011e-06 0.144327 0
0.178422 7.33749e-08 0.144327 0
