TITLE="Graphics"
VARIABLES= "rj, m", "q, W", "rho, kg/m^3", "u_r, m/s" 
0.000512195 202150 0.43925 0
0.000536585 215963 0.357671 0
0.000560976 187945 0.315161 0
0.000585366 168142 0.288201 0
0.000609756 152462 0.269251 0
0.000634146 139397 0.255057 0
0.000658537 128209 0.243954 0
0.000682927 118464 0.23499 0
0.000707317 109880 0.227577 0
0.000731707 102252 0.221329 0
0.000756098 95428.8 0.215983 0
0.000780488 89291.7 0.211348 0
0.000804878 83745.6 0.207288 0
0.000829268 78713.2 0.203699 0
0.000853659 74130.4 0.2005 0
0.000878049 69943.2 0.19763 0
0.000902439 66106.2 0.195039 0
0.000926829 62580.4 0.192687 0
0.00095122 59332.4 0.190543 0
0.00097561 56333.2 0.188578 0
0.001 53557.7 0.186771 0
0.00102736 50870.9 0.184909 0
0.00105807 48087.9 0.183001 0
0.00109251 45226.7 0.181059 0
0.00113116 42308.3 0.179093 0
0.00117452 39355.9 0.177117 0
0.00122316 36395 0.175142 0
0.00127774 33452.2 0.173181 0
0.00133897 30554.6 0.171245 0
0.00140767 27728.7 0.169347 0
0.00148475 24999.6 0.167497 0
0.00157123 22389.9 0.165704 0
0.00166825 19919.3 0.163977 0
0.00177711 17603.6 0.162322 0
0.00189923 15454.5 0.160745 0
0.00203626 13479.5 0.15925 0
0.00218999 11682 0.157839 0
0.00236246 10061.1 0.156514 0
0.00255597 8612.7 0.155276 0
0.00277308 7329.72 0.154123 0
0.00301666 6202.65 0.153054 0
0.00328995 5220.33 0.152067 0
0.00359656 4370.52 0.151158 0
0.00394056 3640.45 0.150325 0
0.00432651 3017.27 0.149563 0
0.00475953 2488.5 0.148869 0
0.00524535 2042.26 0.14824 0
0.00579041 1667.51 0.147671 0
0.00640194 1354.16 0.147158 0
0.00708805 1093.17 0.146699 0
0.00785782 876.524 0.14629 0
0.00872145 697.25 0.145928 0
0.00969041 549.336 0.145611 0
0.0107775 427.681 0.145335 0
0.0119972 328.021 0.145099 0
0.0133656 246.836 0.144901 0
0.0149009 181.268 0.144738 0
0.0166234 129.011 0.144609 0
0.018556 88.1964 0.14451 0
0.0207242 57.2634 0.144438 0
0.0231568 34.8114 0.144389 0
0.0258861 19.4682 0.144358 0
0.0289482 9.80394 0.144341 0
0.0323837 4.33521 0.144332 0
0.0362382 1.63627 0.144329 0
0.0405626 0.511598 0.144327 0
0.0454145 0.128697 0.144327 0
0.0508579 0.0253831 0.144327 0
0.0569652 0.00384474 0.144327 0
0.0638172 0.000440593 0.144327 0
0.0715049 3.78314e-05 0.144327 0
0.0801299 2.42073e-06 0.144327 0
0.0898068 1.15102e-07 0.144327 0
0.100664 4.11998e-09 0.144327 0
0.112844 2.08152e-10 0.144327 0
0.126511 0 0.144327 0
0.141843 0 0.144327 0
0.159046 0 0.144327 0
0.178346 0 0.144327 0
