TITLE="Graphics"
VARIABLES= "rj, m", "q, W", "rho, kg/m^3", "u_r, m/s" 
0.0005125 63082.8 0.52883 0
0.0005375 237560 0.391241 0
0.0005625 193744 0.334467 0
0.0005875 170243 0.301366 0
0.0006125 153108 0.279108 0
0.0006375 139315 0.262888 0
0.0006625 127712 0.250438 0
0.0006875 117711 0.240523 0
0.0007125 108961 0.23241 0
0.0007375 101225 0.225629 0
0.0007625 94330.8 0.219865 0
0.0007875 88148.4 0.214897 0
0.0008125 82575.7 0.210564 0
0.0008375 77530 0.20675 0
0.0008625 72943.7 0.203363 0
0.0008875 68760.6 0.200332 0
0.0009125 64933.1 0.197605 0
0.0009375 61420.9 0.195134 0
0.0009625 58189.7 0.192887 0
0.0009875 55209.5 0.190831 0
0.0010125 52454.7 0.188945 0
0.00104053 49792.5 0.187005 0
0.00107197 47039 0.185021 0
0.00110723 44212.1 0.183006 0
0.00114676 41332.9 0.18097 0
0.0011911 38424.4 0.178928 0
0.00124081 35511.8 0.176891 0
0.00129656 32621.2 0.174872 0
0.00135908 29778.9 0.172883 0
0.00142919 27010.9 0.170936 0
0.00150781 24341.1 0.169041 0
0.00159598 21791.5 0.167207 0
0.00169485 19380.6 0.165443 0
0.00180572 17123.4 0.163754 0
0.00193005 15030.8 0.162146 0
0.00206947 13109.7 0.160623 0
0.00222582 11362.6 0.159188 0
0.00240114 9788.56 0.15784 0
0.00259776 8383.08 0.156581 0
0.00281824 7138.94 0.155408 0
0.00306548 6046.7 0.154321 0
0.00334275 5095.35 0.153316 0
0.00365367 4272.88 0.15239 0
0.00400233 3566.8 0.15154 0
0.00439333 2964.63 0.150762 0
0.00483178 2454.21 0.150051 0
0.00532347 2024.03 0.149402 0
0.00587484 1663.38 0.148813 0
0.00649315 1362.47 0.148279 0
0.00718653 1112.51 0.147795 0
0.00796407 905.706 0.147357 0
0.00883601 735.222 0.146962 0
0.0098138 595.126 0.146607 0
0.0109103 480.322 0.146288 0
0.0121399 386.471 0.146002 0
0.0135188 309.902 0.145747 0
0.015065 247.533 0.145519 0
0.016799 196.797 0.145317 0
0.0187435 155.563 0.145138 0
0.020924 122.081 0.144982 0
0.0233692 94.9183 0.144846 0
0.0261113 72.9159 0.144729 0
0.0291863 55.1424 0.14463 0
0.0326345 40.8576 0.144549 0
0.0365014 29.4783 0.144482 0
0.0408377 20.5458 0.144431 0
0.0457004 13.6942 0.144392 0
0.0511534 8.61788 0.144365 0
0.0572684 5.03961 0.144347 0
0.0641258 2.68568 0.144337 0
0.0718156 1.27418 0.144331 0
0.080439 0.523859 0.144328 0
0.0901092 0.18121 0.144327 0
0.100953 0.0511745 0.144327 0
0.113114 0.011472 0.144327 0
0.126751 0.00199363 0.144327 0
0.142043 0.000263779 0.144327 0
0.159192 2.62463e-05 0.144327 0
0.178422 1.94915e-06 0.144327 0
