TITLE="Graphics"
VARIABLES= "rj, m", "q, W", "rho, kg/m^3", "u_r, m/s" 
0.0005125 63479.3 0.546506 0
0.0005375 242738 0.39648 0
0.0005625 195847 0.337172 0
0.0005875 171720 0.303053 0
0.0006125 154313 0.280266 0
0.0006375 140359 0.26373 0
0.0006625 128641 0.251071 0
0.0006875 118552 0.241012 0
0.0007125 109730 0.232792 0
0.0007375 101933 0.225931 0
0.0007625 94986.7 0.220103 0
0.0007875 88758.5 0.215084 0
0.0008125 83145.1 0.210711 0
0.0008375 78063.2 0.206863 0
0.0008625 73444.2 0.203447 0
0.0008875 69231.5 0.200393 0
0.0009125 65377.1 0.197644 0
0.0009375 61840.4 0.195156 0
0.0009625 58586.7 0.192892 0
0.0009875 55585.8 0.190823 0
0.0010125 52811.9 0.188924 0
0.00104053 50131.6 0.186972 0
0.00107197 47359.2 0.184976 0
0.00110723 44513.1 0.182949 0
0.00114676 41614.2 0.180903 0
0.0011911 38685.8 0.178849 0
0.00124081 35753.3 0.176802 0
0.00129656 32842.9 0.174773 0
0.00135908 29981.2 0.172775 0
0.00142919 27194.2 0.170819 0
0.00150781 24506.2 0.168915 0
0.00159598 21939.1 0.167074 0
0.00169485 19511.7 0.165302 0
0.00180572 17239.1 0.163607 0
0.00193005 15132.2 0.161994 0
0.00206947 13197.9 0.160466 0
0.00222582 11438.8 0.159025 0
0.00240114 9853.98 0.157673 0
0.00259776 8438.84 0.15641 0
0.00281824 7186.12 0.155234 0
0.00306548 6086.33 0.154144 0
0.00334275 5128.37 0.153136 0
0.00365367 4300.15 0.152209 0
0.00400233 3589.09 0.151357 0
0.00439333 2982.63 0.150576 0
0.00483178 2468.51 0.149864 0
0.00532347 2035.15 0.149215 0
0.00587484 1671.75 0.148625 0
0.00649315 1368.47 0.148091 0
0.00718653 1116.46 0.147607 0
0.00796407 907.854 0.14717 0
0.00883601 735.779 0.146777 0
0.0098138 594.266 0.146424 0
0.0109103 478.188 0.146107 0
0.0121399 383.182 0.145825 0
0.0135188 305.563 0.145574 0
0.015065 242.244 0.145352 0
0.016799 190.658 0.145157 0
0.0187435 148.687 0.144987 0
0.020924 114.601 0.144841 0
0.0233692 86.9958 0.144716 0
0.0261113 64.7501 0.144613 0
0.0291863 46.9731 0.144529 0
0.0326345 32.9623 0.144463 0
0.0365014 22.1576 0.144414 0
0.0408377 14.0939 0.144378 0
0.0457004 8.35373 0.144355 0
0.0511534 4.5277 0.14434 0
0.0572684 2.19367 0.144333 0
0.0641258 0.925365 0.144329 0
0.0718156 0.330091 0.144327 0
0.080439 0.0966166 0.144327 0
0.0901092 0.0225515 0.144327 0
0.100953 0.00409606 0.144327 0
0.113114 0.000568041 0.144327 0
0.126751 5.93568e-05 0.144327 0
0.142043 4.63575e-06 0.144327 0
0.159192 2.68681e-07 0.144327 0
0.178422 1.17598e-08 0.144327 0
