TITLE="Graphics"
VARIABLES= "rj, m", "q, W", "rho, kg/m^3", "u_r, m/s" 
0.0005125 65306 0.572574 0
0.0005375 255330 0.40182 0
0.0005625 202085 0.338985 0
0.0005875 176583 0.303566 0
0.0006125 158488 0.280147 0
0.0006375 144072 0.263255 0
0.0006625 132002 0.250376 0
0.0006875 121626 0.24017 0
0.0007125 112561 0.23185 0
0.0007375 104553 0.224916 0
0.0007625 97421.4 0.219035 0
0.0007875 91028.8 0.213976 0
0.0008125 85268.3 0.209572 0
0.0008375 80053.7 0.2057 0
0.0008625 75314.7 0.202265 0
0.0008875 70992.8 0.199195 0
0.0009125 67038.7 0.196434 0
0.0009375 63410.7 0.193936 0
0.0009625 60073.1 0.191664 0
0.0009875 56994.9 0.189589 0
0.0010125 54149.6 0.187684 0
0.00104053 51400.6 0.185727 0
0.00107197 48557.2 0.183727 0
0.00110723 45638.1 0.181696 0
0.00114676 42664.7 0.179646 0
0.0011911 39661.2 0.17759 0
0.00124081 36653.2 0.175541 0
0.00129656 33668 0.173511 0
0.00135908 30732.6 0.171513 0
0.00142919 27873.7 0.169557 0
0.00150781 25116.2 0.167654 0
0.00159598 22482.7 0.165814 0
0.00169485 19992.3 0.164045 0
0.00180572 17660.5 0.162352 0
0.00193005 15498.6 0.160742 0
0.00206947 13513.4 0.159218 0
0.00222582 11707.9 0.157781 0
0.00240114 10080.8 0.156434 0
0.00259776 8627.62 0.155176 0
0.00281824 7340.76 0.154006 0
0.00306548 6210.49 0.152923 0
0.00334275 5225.43 0.151923 0
0.00365367 4373.14 0.151004 0
0.00400233 3640.73 0.150162 0
0.00439333 3015.28 0.149394 0
0.00483178 2484.25 0.148696 0
0.00532347 2035.75 0.148063 0
0.00587484 1658.73 0.147493 0
0.00649315 1343.14 0.146981 0
0.00718653 1079.95 0.146524 0
0.00796407 861.228 0.14612 0
0.00883601 680.051 0.145765 0
0.0098138 530.502 0.145456 0
0.0109103 407.591 0.145192 0
0.0121399 307.176 0.144971 0
0.0135188 225.872 0.144788 0
0.015065 160.935 0.144643 0
0.016799 110.128 0.144532 0
0.0187435 71.569 0.144452 0
0.020924 43.5502 0.144397 0
0.0233692 24.3839 0.144362 0
0.0261113 12.2987 0.144343 0
0.0291863 5.45031 0.144333 0
0.0326345 2.06345 0.144329 0
0.0365014 0.647837 0.144327 0
0.0408377 0.163841 0.144327 0
0.0457004 0.0325265 0.144327 0
0.0511534 0.00496444 0.144327 0
0.0572684 0.000573774 0.144327 0
0.0641258 4.97223e-05 0.144327 0
0.0718156 3.21246e-06 0.144327 0
0.080439 1.53928e-07 0.144327 0
0.0901092 5.67434e-09 0.144327 0
0.100953 1.88444e-10 0.144327 0
0.113114 0 0.144327 0
0.126751 0 0.144327 0
0.142043 0 0.144327 0
0.159192 0 0.144327 0
0.178422 0 0.144327 0
