TITLE="Graphics"
VARIABLES= "rj, m", "q, W", "rho, kg/m^3", "u_r, m/s" 
0.0005125 63698.1 0.552802 0
0.0005375 244855 0.398158 0
0.0005625 196755 0.337975 0
0.0005875 172384 0.303516 0
0.0006125 154866 0.280555 0
0.0006375 140843 0.263916 0
0.0006625 129075 0.251191 0
0.0006875 118947 0.241086 0
0.0007125 110092 0.232833 0
0.0007375 102268 0.225946 0
0.0007625 95296.8 0.2201 0
0.0007875 89047.3 0.215066 0
0.0008125 83415 0.21068 0
0.0008375 78316 0.206822 0
0.0008625 73681.7 0.203398 0
0.0008875 69455 0.200336 0
0.0009125 65587.9 0.197582 0
0.0009375 62039.6 0.195088 0
0.0009625 58775.2 0.19282 0
0.0009875 55764.6 0.190747 0
0.0010125 52981.6 0.188845 0
0.00104053 50292.6 0.186889 0
0.00107197 47511.3 0.18489 0
0.00110723 44656 0.18286 0
0.00114676 41747.7 0.18081 0
0.0011911 38809.9 0.178754 0
0.00124081 35867.9 0.176704 0
0.00129656 32948.1 0.174672 0
0.00135908 30077.1 0.172672 0
0.00142919 27281.1 0.170713 0
0.00150781 24584.4 0.168808 0
0.00159598 22008.9 0.166965 0
0.00169485 19573.7 0.165192 0
0.00180572 17293.6 0.163495 0
0.00193005 15179.9 0.16188 0
0.00206947 13239.2 0.160351 0
0.00222582 11474.5 0.158909 0
0.00240114 9884.4 0.157557 0
0.00259776 8464.6 0.156293 0
0.00281824 7207.74 0.155116 0
0.00306548 6104.29 0.154025 0
0.00334275 5143.12 0.153018 0
0.00365367 4312.09 0.15209 0
0.00400233 3598.6 0.151238 0
0.00439333 2990.02 0.150458 0
0.00483178 2474.07 0.149746 0
0.00532347 2039.13 0.149097 0
0.00587484 1674.36 0.148508 0
0.00649315 1369.88 0.147974 0
0.00718653 1116.82 0.147491 0
0.00796407 907.294 0.147056 0
0.00883601 734.392 0.146665 0
0.0098138 592.129 0.146314 0
0.0109103 475.366 0.146 0
0.0121399 379.727 0.145721 0
0.0135188 301.526 0.145474 0
0.015065 237.677 0.145256 0
0.016799 185.625 0.145067 0
0.0187435 143.27 0.144903 0
0.020924 108.91 0.144764 0
0.0233692 81.175 0.144649 0
0.0261113 58.9778 0.144555 0
0.0291863 41.4573 0.144481 0
0.0326345 27.9247 0.144425 0
0.0365014 17.8063 0.144385 0
0.0408377 10.5866 0.144359 0
0.0457004 5.75985 0.144342 0
0.0511534 2.80383 0.144333 0
0.0572684 1.18954 0.144329 0
0.0641258 0.42722 0.144328 0
0.0718156 0.126027 0.144327 0
0.080439 0.0296727 0.144327 0
0.0901092 0.00543985 0.144327 0
0.100953 0.00076172 0.144327 0
0.113114 8.0377e-05 0.144327 0
0.126751 6.33835e-06 0.144327 0
0.142043 3.73166e-07 0.144327 0
0.159192 1.48668e-08 0.144327 0
0.178422 2.63691e-10 0.144327 0
