TITLE="Graphics"
VARIABLES= "rj, m", "q, W", "rho, kg/m^3", "u_r, m/s" 
0.0005125 65207.1 0.572108 0
0.0005375 254815 0.401829 0
0.0005625 201781 0.339055 0
0.0005875 176332 0.303654 0
0.0006125 158267 0.280242 0
0.0006375 143874 0.263352 0
0.0006625 131821 0.250473 0
0.0006875 121460 0.240268 0
0.0007125 112408 0.231947 0
0.0007375 104411 0.225013 0
0.0007625 97289.3 0.219131 0
0.0007875 90905.5 0.214072 0
0.0008125 85152.9 0.209667 0
0.0008375 79945.5 0.205793 0
0.0008625 75213 0.202358 0
0.0008875 70897 0.199288 0
0.0009125 66948.4 0.196526 0
0.0009375 63325.4 0.194027 0
0.0009625 59992.3 0.191755 0
0.0009875 56918.3 0.189679 0
0.0010125 54077 0.187774 0
0.00104053 51331.7 0.185816 0
0.00107197 48492.2 0.183815 0
0.00110723 45577.1 0.181784 0
0.00114676 42607.8 0.179734 0
0.0011911 39608.4 0.177677 0
0.00124081 36604.6 0.175627 0
0.00129656 33623.5 0.173596 0
0.00135908 30692.1 0.171597 0
0.00142919 27837.2 0.169641 0
0.00150781 25083.6 0.167738 0
0.00159598 22453.7 0.165897 0
0.00169485 19966.8 0.164127 0
0.00180572 17638.3 0.162434 0
0.00193005 15479.5 0.160823 0
0.00206947 13497.2 0.159297 0
0.00222582 11694.3 0.15786 0
0.00240114 10069.6 0.156512 0
0.00259776 8618.59 0.155254 0
0.00281824 7333.7 0.154083 0
0.00306548 6205.21 0.152999 0
0.00334275 5221.74 0.151998 0
0.00365367 4370.9 0.151078 0
0.00400233 3639.78 0.150235 0
0.00439333 3015.51 0.149466 0
0.00483178 2485.55 0.148766 0
0.00532347 2038.01 0.148132 0
0.00587484 1661.88 0.147559 0
0.00649315 1347.1 0.147045 0
0.00718653 1084.66 0.146586 0
0.00796407 866.605 0.146178 0
0.00883601 686.011 0.14582 0
0.0098138 536.938 0.145507 0
0.0109103 414.366 0.145239 0
0.0121399 314.117 0.145011 0
0.0135188 232.761 0.144823 0
0.015065 167.519 0.144672 0
0.016799 116.139 0.144555 0
0.0187435 76.7532 0.144469 0
0.020924 47.7179 0.144408 0
0.0233692 27.4536 0.144369 0
0.0261113 14.3267 0.144347 0
0.0291863 6.62195 0.144335 0
0.0326345 2.63824 0.14433 0
0.0365014 0.879819 0.144328 0
0.0408377 0.238487 0.144327 0
0.0457004 0.0511505 0.144327 0
0.0511534 0.00848915 0.144327 0
0.0572684 0.00107213 0.144327 0
0.0641258 0.000101882 0.144327 0
0.0718156 7.23584e-06 0.144327 0
0.080439 3.82358e-07 0.144327 0
0.0901092 1.52346e-08 0.144327 0
0.100953 5.58352e-10 0.144327 0
0.113114 0 0.144327 0
0.126751 0 0.144327 0
0.142043 0 0.144327 0
0.159192 0 0.144327 0
0.178422 0 0.144327 0
