TITLE="Graphics"
VARIABLES= "rj, m", "q, W", "rho, kg/m^3", "u_r, m/s" 
0.0005125 63495.7 0.547096 0
0.0005375 242920 0.396645 0
0.0005625 195921 0.337254 0
0.0005875 171773 0.303103 0
0.0006125 154357 0.280299 0
0.0006375 140397 0.263753 0
0.0006625 128675 0.251088 0
0.0006875 118583 0.241024 0
0.0007125 109758 0.232801 0
0.0007375 101959 0.225937 0
0.0007625 95010.7 0.220108 0
0.0007875 88780.9 0.215087 0
0.0008125 83166 0.210713 0
0.0008375 78082.7 0.206863 0
0.0008625 73462.6 0.203447 0
0.0008875 69248.8 0.200392 0
0.0009125 65393.4 0.197642 0
0.0009375 61855.8 0.195154 0
0.0009625 58601.2 0.19289 0
0.0009875 55599.6 0.19082 0
0.0010125 52825.1 0.188921 0
0.00104053 50144 0.186968 0
0.00107197 47371 0.184972 0
0.00110723 44524.2 0.182945 0
0.00114676 41624.5 0.180898 0
0.0011911 38695.4 0.178844 0
0.00124081 35762.2 0.176796 0
0.00129656 32851 0.174767 0
0.00135908 29988.7 0.172769 0
0.00142919 27201 0.170813 0
0.00150781 24512.3 0.168909 0
0.00159598 21944.5 0.167067 0
0.00169485 19516.5 0.165296 0
0.00180572 17243.3 0.1636 0
0.00193005 15135.9 0.161987 0
0.00206947 13201.1 0.160458 0
0.00222582 11441.6 0.159018 0
0.00240114 9856.35 0.157666 0
0.00259776 8440.85 0.156402 0
0.00281824 7187.81 0.155226 0
0.00306548 6087.74 0.154136 0
0.00334275 5129.54 0.153129 0
0.00365367 4301.1 0.152201 0
0.00400233 3589.85 0.151349 0
0.00439333 2983.22 0.150569 0
0.00483178 2468.97 0.149856 0
0.00532347 2035.48 0.149207 0
0.00587484 1671.98 0.148618 0
0.00649315 1368.6 0.148083 0
0.00718653 1116.51 0.147599 0
0.00796407 907.832 0.147163 0
0.00883601 735.693 0.14677 0
0.0098138 594.123 0.146416 0
0.0109103 477.996 0.1461 0
0.0121399 382.946 0.145818 0
0.0135188 305.289 0.145567 0
0.015065 241.939 0.145346 0
0.016799 190.327 0.145151 0
0.0187435 148.336 0.144981 0
0.020924 114.236 0.144836 0
0.0233692 86.6263 0.144712 0
0.0261113 64.3842 0.144609 0
0.0291863 46.6214 0.144526 0
0.0326345 32.6367 0.14446 0
0.0365014 21.8704 0.144411 0
0.0408377 13.8555 0.144377 0
0.0457004 8.17049 0.144354 0
0.0511534 4.39989 0.14434 0
0.0572684 2.11469 0.144332 0
0.0641258 0.883332 0.144329 0
0.0718156 0.311427 0.144327 0
0.080439 0.0899243 0.144327 0
0.0901092 0.0206723 0.144327 0
0.100953 0.00369314 0.144327 0
0.113114 0.000503295 0.144327 0
0.126751 5.16507e-05 0.144327 0
0.142043 3.9607e-06 0.144327 0
0.159192 2.25098e-07 0.144327 0
0.178422 9.75656e-09 0.144327 0
