TITLE="Graphics"
VARIABLES= "rj, m", "q, W", "rho, kg/m^3", "u_r, m/s" 
0.0005125 64113.7 0.561462 0
0.0005375 248207 0.400236 0
0.0005625 198278 0.338875 0
0.0005875 173532 0.303968 0
0.0006125 155837 0.280783 0
0.0006375 141700 0.264014 0
0.0006625 129847 0.251206 0
0.0006875 119651 0.241045 0
0.0007125 110740 0.232752 0
0.0007375 102866 0.225836 0
0.0007625 95852.5 0.219966 0
0.0007875 89565.2 0.214915 0
0.0008125 83899.1 0.210515 0
0.0008375 78769.8 0.206645 0
0.0008625 74108.1 0.203212 0
0.0008875 69856.5 0.200143 0
0.0009125 65966.7 0.197381 0
0.0009375 62397.6 0.194883 0
0.0009625 59114.1 0.19261 0
0.0009875 56085.9 0.190533 0
0.0010125 53286.7 0.188627 0
0.00104053 50582.1 0.186668 0
0.00107197 47784.7 0.184665 0
0.00110723 44912.9 0.182632 0
0.00114676 41987.7 0.180579 0
0.0011911 39032.9 0.17852 0
0.00124081 36073.8 0.176467 0
0.00129656 33137 0.174433 0
0.00135908 30249.4 0.172431 0
0.00142919 27437.1 0.170471 0
0.00150781 24724.7 0.168564 0
0.00159598 22134.3 0.166719 0
0.00169485 19684.9 0.164945 0
0.00180572 17391.6 0.163247 0
0.00193005 15265.5 0.161631 0
0.00206947 13313.5 0.160101 0
0.00222582 11538.3 0.158659 0
0.00240114 9938.9 0.157306 0
0.00259776 8510.69 0.156042 0
0.00281824 7246.33 0.154866 0
0.00306548 6136.24 0.153775 0
0.00334275 5169.21 0.152768 0
0.00365367 4333.03 0.151841 0
0.00400233 3615.02 0.150989 0
0.00439333 3002.48 0.15021 0
0.00483178 2483.06 0.1495 0
0.00532347 2045.03 0.148853 0
0.00587484 1677.53 0.148266 0
0.00649315 1370.6 0.147734 0
0.00718653 1115.32 0.147255 0
0.00796407 903.752 0.146824 0
0.00883601 728.974 0.146437 0
0.0098138 584.975 0.146092 0
0.0109103 466.606 0.145786 0
0.0121399 369.502 0.145515 0
0.0135188 289.996 0.145279 0
0.015065 225.043 0.145074 0
0.016799 172.14 0.144899 0
0.0187435 129.257 0.144752 0
0.020924 94.765 0.144631 0
0.0233692 67.3659 0.144536 0
0.0261113 46.0209 0.144462 0
0.0291863 29.8725 0.144409 0
0.0326345 18.164 0.144373 0
0.0365014 10.1653 0.14435 0
0.0408377 5.12525 0.144337 0
0.0457004 2.27013 0.144331 0
0.0511534 0.858582 0.144328 0
0.0572684 0.269047 0.144327 0
0.0641258 0.0678276 0.144327 0
0.0718156 0.0134017 0.144327 0
0.080439 0.00203224 0.144327 0
0.0901092 0.000232951 0.144327 0
0.100953 1.99878e-05 0.144327 0
0.113114 1.27619e-06 0.144327 0
0.126751 6.20332e-08 0.144327 0
0.142043 1.04924e-09 0.144327 0
0.159192 0 0.144327 0
0.178422 0 0.144327 0
