TITLE="Graphics"
VARIABLES= "rj, m", "q, W", "rho, kg/m^3", "u_r, m/s" 
0.0005125 63524.5 0.548099 0
0.0005375 243233 0.396923 0
0.0005625 196050 0.337392 0
0.0005875 171865 0.303186 0
0.0006125 154432 0.280354 0
0.0006375 140462 0.263791 0
0.0006625 128733 0.251115 0
0.0006875 118636 0.241043 0
0.0007125 109807 0.232815 0
0.0007375 102004 0.225947 0
0.0007625 95052.5 0.220114 0
0.0007875 88819.8 0.215091 0
0.0008125 83202.3 0.210715 0
0.0008375 78116.7 0.206864 0
0.0008625 73494.5 0.203446 0
0.0008875 69278.8 0.200389 0
0.0009125 65421.7 0.197639 0
0.0009375 61882.6 0.195149 0
0.0009625 58626.6 0.192885 0
0.0009875 55623.7 0.190814 0
0.0010125 52847.9 0.188915 0
0.00104053 50165.7 0.186961 0
0.00107197 47391.4 0.184965 0
0.00110723 44543.4 0.182937 0
0.00114676 41642.4 0.180889 0
0.0011911 38712.1 0.178835 0
0.00124081 35777.6 0.176787 0
0.00129656 32865.2 0.174757 0
0.00135908 30001.6 0.172758 0
0.00142919 27212.6 0.170802 0
0.00150781 24522.8 0.168898 0
0.00159598 21953.9 0.167056 0
0.00169485 19524.9 0.165283 0
0.00180572 17250.7 0.163588 0
0.00193005 15142.3 0.161974 0
0.00206947 13206.7 0.160445 0
0.00222582 11446.4 0.159005 0
0.00240114 9860.45 0.157652 0
0.00259776 8444.32 0.156389 0
0.00281824 7190.73 0.155213 0
0.00306548 6090.16 0.154122 0
0.00334275 5131.52 0.153115 0
0.00365367 4302.71 0.152187 0
0.00400233 3591.13 0.151335 0
0.00439333 2984.22 0.150555 0
0.00483178 2469.71 0.149842 0
0.00532347 2036.01 0.149193 0
0.00587484 1672.32 0.148604 0
0.00649315 1368.78 0.148069 0
0.00718653 1116.54 0.147586 0
0.00796407 907.743 0.147149 0
0.00883601 735.496 0.146756 0
0.0098138 593.83 0.146403 0
0.0109103 477.62 0.146088 0
0.0121399 382.499 0.145806 0
0.0135188 304.783 0.145555 0
0.015065 241.383 0.145334 0
0.016799 189.731 0.14514 0
0.0187435 147.711 0.144972 0
0.020924 113.591 0.144827 0
0.0233692 85.9742 0.144704 0
0.0261113 63.7404 0.144602 0
0.0291863 46.0045 0.14452 0
0.0326345 32.0679 0.144456 0
0.0365014 21.3709 0.144408 0
0.0408377 13.4434 0.144374 0
0.0457004 7.8562 0.144352 0
0.0511534 4.18277 0.144339 0
0.0572684 1.98211 0.144332 0
0.0641258 0.813792 0.144329 0
0.0718156 0.28108 0.144327 0
0.080439 0.0792597 0.144327 0
0.0901092 0.017744 0.144327 0
0.100953 0.00308027 0.144327 0
0.113114 0.000407264 0.144327 0
0.126751 4.05121e-05 0.144327 0
0.142043 3.01e-06 0.144327 0
0.159192 1.65152e-07 0.144327 0
0.178422 7.14524e-09 0.144327 0
