TITLE="Graphics"
VARIABLES= "rj, m", "q, W", "rho, kg/m^3", "u_r, m/s" 
0.000512195 230425 0.44214 0
0.000536585 221031 0.357943 0
0.000560976 191991 0.314654 0
0.000585366 171643 0.287369 0
0.000609756 155586 0.268259 0
0.000634146 142228 0.253978 0
0.000658537 130797 0.242824 0
0.000682927 120847 0.23383 0
0.000707317 112083 0.2264 0
0.000731707 104298 0.220141 0
0.000756098 97334.4 0.214789 0
0.000780488 91071.7 0.210152 0
0.000804878 85412.5 0.206091 0
0.000829268 80277.7 0.202502 0
0.000853659 75601.7 0.199305 0
0.000878049 71329.5 0.196437 0
0.000902439 67414.7 0.193849 0
0.000926829 63817.4 0.191501 0
0.00095122 60503.5 0.189359 0
0.00097561 57443.5 0.187397 0
0.001 54611.7 0.185594 0
0.00102736 51870.4 0.183736 0
0.00105807 49031.1 0.181832 0
0.00109251 46111.9 0.179894 0
0.00113116 43134.1 0.177933 0
0.00117452 40121.6 0.175962 0
0.00122316 37100.4 0.173993 0
0.00127774 34097.5 0.172038 0
0.00133897 31140.6 0.170109 0
0.00140767 28256.7 0.168217 0
0.00148475 25471.3 0.166374 0
0.00157123 22807.6 0.164589 0
0.00166825 20285.5 0.162869 0
0.00177711 17921.2 0.161222 0
0.00189923 15726.7 0.159654 0
0.00203626 13709.5 0.158167 0
0.00218999 11873 0.156765 0
0.00236246 10216.4 0.155451 0
0.00255597 8735.38 0.154223 0
0.00277308 7422.74 0.153081 0
0.00301666 6268.76 0.152025 0
0.00328995 5262.04 0.151052 0
0.00359656 4390.08 0.150159 0
0.00394056 3639.87 0.149344 0
0.00432651 2998.36 0.148603 0
0.00475953 2452.85 0.147933 0
0.00524535 1991.35 0.147332 0
0.00579041 1602.75 0.146796 0
0.00640194 1277 0.146322 0
0.00708805 1005.17 0.145907 0
0.00785782 779.515 0.14555 0
0.00872145 593.398 0.145246 0
0.00969041 441.271 0.144995 0
0.0107775 318.541 0.144792 0
0.0119972 221.409 0.144635 0
0.0133656 146.651 0.144518 0
0.0149009 91.3581 0.144437 0
0.0166234 52.6612 0.144385 0
0.018556 27.5327 0.144354 0
0.0207242 12.7499 0.144338 0
0.0231568 5.0894 0.144331 0
0.0258861 1.70046 0.144328 0
0.0289482 0.461745 0.144327 0
0.0323837 0.0991804 0.144327 0
0.0362382 0.0164765 0.144327 0
0.0405626 0.00208147 0.144327 0
0.0454145 0.000197676 0.144327 0
0.0508579 1.40158e-05 0.144327 0
0.0569652 7.39353e-07 0.144327 0
0.0638172 2.90392e-08 0.144327 0
0.0715049 8.66372e-10 0.144327 0
0.0801299 0 0.144327 0
0.0898068 0 0.144327 0
0.100664 0 0.144327 0
0.112844 0 0.144327 0
0.126511 0 0.144327 0
0.141843 0 0.144327 0
0.159046 0 0.144327 0
0.178346 0 0.144327 0
