TITLE="Graphics"
VARIABLES= "rj, m", "q, W", "rho, kg/m^3", "u_r, m/s" 
0.0005125 64018.4 0.559872 0
0.0005375 247514 0.399887 0
0.0005625 197948 0.338741 0
0.0005875 173278 0.303914 0
0.0006125 155620 0.280768 0
0.0006375 141507 0.264021 0
0.0006625 129673 0.251228 0
0.0006875 119492 0.241076 0
0.0007125 110594 0.23279 0
0.0007375 102731 0.225878 0
0.0007625 95727 0.220013 0
0.0007875 89448.1 0.214964 0
0.0008125 83789.6 0.210566 0
0.0008375 78667.1 0.206698 0
0.0008625 74011.5 0.203266 0
0.0008875 69765.6 0.200198 0
0.0009125 65880.9 0.197438 0
0.0009375 62316.5 0.19494 0
0.0009625 59037.3 0.192668 0
0.0009875 56013.1 0.190591 0
0.0010125 53217.6 0.188686 0
0.00104053 50516.5 0.186727 0
0.00107197 47722.8 0.184725 0
0.00110723 44854.6 0.182692 0
0.00114676 41933.3 0.18064 0
0.0011911 38982.3 0.178581 0
0.00124081 36027 0.176528 0
0.00129656 33094.1 0.174495 0
0.00135908 30210.3 0.172492 0
0.00142919 27401.7 0.170532 0
0.00150781 24692.8 0.168626 0
0.00159598 22105.8 0.166781 0
0.00169485 19659.5 0.165007 0
0.00180572 17369.2 0.163309 0
0.00193005 15245.8 0.161693 0
0.00206947 13296.4 0.160163 0
0.00222582 11523.6 0.158721 0
0.00240114 9926.25 0.157368 0
0.00259776 8499.92 0.156104 0
0.00281824 7237.25 0.154928 0
0.00306548 6128.64 0.153837 0
0.00334275 5162.93 0.15283 0
0.00365367 4327.91 0.151902 0
0.00400233 3610.92 0.151051 0
0.00439333 2999.29 0.150271 0
0.00483178 2480.67 0.14956 0
0.00532347 2043.38 0.148913 0
0.00587484 1676.54 0.148326 0
0.00649315 1370.23 0.147794 0
0.00718653 1115.53 0.147314 0
0.00796407 904.519 0.146881 0
0.00883601 730.274 0.146494 0
0.0098138 586.785 0.146147 0
0.0109103 468.9 0.145839 0
0.0121399 372.244 0.145566 0
0.0135188 293.136 0.145327 0
0.015065 228.514 0.145118 0
0.016799 175.853 0.144939 0
0.0187435 133.101 0.144788 0
0.020924 98.606 0.144662 0
0.0233692 71.0542 0.144561 0
0.0261113 49.4009 0.144483 0
0.0291863 32.7998 0.144424 0
0.0326345 20.5289 0.144383 0
0.0365014 11.9179 0.144357 0
0.0408377 6.29195 0.144341 0
0.0457004 2.95028 0.144333 0
0.0511534 1.19575 0.144329 0
0.0572684 0.406695 0.144327 0
0.0641258 0.112654 0.144327 0
0.0718156 0.0247203 0.144327 0
0.080439 0.00419873 0.144327 0
0.0901092 0.000542423 0.144327 0
0.100953 5.26683e-05 0.144327 0
0.113114 3.81612e-06 0.144327 0
0.126751 2.0666e-07 0.144327 0
0.142043 7.42882e-09 0.144327 0
0.159192 2.20673e-10 0.144327 0
0.178422 0 0.144327 0
