TITLE="Graphics"
VARIABLES= "rj, m", "q, W", "rho, kg/m^3", "u_r, m/s" 
0.000512195 213902 0.441354 0
0.000536585 217939 0.358288 0
0.000560976 189480 0.315308 0
0.000585366 169454 0.288139 0
0.000609756 153626 0.269079 0
0.000634146 140448 0.254819 0
0.000658537 129168 0.243674 0
0.000682927 119346 0.234682 0
0.000707317 110695 0.22725 0
0.000731707 103008 0.220989 0
0.000756098 96133 0.215631 0
0.000780488 89949.3 0.210989 0
0.000804878 84361.4 0.206924 0
0.000829268 79291.2 0.20333 0
0.000853659 74674 0.200128 0
0.000878049 70455.5 0.197255 0
0.000902439 66589.8 0.194662 0
0.000926829 63037.7 0.192309 0
0.00095122 59765.4 0.190163 0
0.00097561 56743.9 0.188197 0
0.001 53947.7 0.18639 0
0.00102736 51240.9 0.184527 0
0.00105807 48437.2 0.182619 0
0.00109251 45554.8 0.180677 0
0.00113116 42614.6 0.178711 0
0.00117452 39640.2 0.176734 0
0.00122316 36657.2 0.17476 0
0.00127774 33692.4 0.172799 0
0.00133897 30773.1 0.170864 0
0.00140767 27926 0.168967 0
0.00148475 25176.4 0.167118 0
0.00157123 22547 0.165326 0
0.00166825 20057.7 0.1636 0
0.00177711 17724.3 0.161947 0
0.00189923 15558.7 0.160371 0
0.00203626 13568.5 0.158878 0
0.00218999 11756.9 0.157469 0
0.00236246 10123.2 0.156147 0
0.00255597 8663.26 0.154911 0
0.00277308 7369.77 0.153761 0
0.00301666 6233.24 0.152695 0
0.00328995 5242.42 0.151711 0
0.00359656 4384.96 0.150806 0
0.00394056 3648 0.149978 0
0.00432651 3018.6 0.149221 0
0.00475953 2484.17 0.148534 0
0.00524535 2032.79 0.147912 0
0.00579041 1653.33 0.147352 0
0.00640194 1335.7 0.14685 0
0.00708805 1070.83 0.146403 0
0.00785782 850.735 0.146009 0
0.00872145 668.503 0.145664 0
0.00969041 518.22 0.145366 0
0.0107775 394.923 0.145113 0
0.0119972 294.508 0.144902 0
0.0133656 213.629 0.144731 0
0.0149009 149.563 0.144598 0
0.0166234 100.065 0.144498 0
0.018556 63.1789 0.144427 0
0.0207242 37.0576 0.14438 0
0.0231568 19.8072 0.144352 0
0.0258861 9.42694 0.144338 0
0.0289482 3.88977 0.144331 0
0.0323837 1.35135 0.144328 0
0.0362382 0.383646 0.144327 0
0.0405626 0.0865531 0.144327 0
0.0454145 0.0151548 0.144327 0
0.0508579 0.00202241 0.144327 0
0.0569652 0.000203154 0.144327 0
0.0638172 1.5244e-05 0.144327 0
0.0715049 8.51137e-07 0.144327 0
0.0801299 3.53196e-08 0.144327 0
0.0898068 1.11454e-09 0.144327 0
0.100664 0 0.144327 0
0.112844 0 0.144327 0
0.126511 0 0.144327 0
0.141843 0 0.144327 0
0.159046 0 0.144327 0
0.178346 0 0.144327 0
