TITLE="Graphics"
VARIABLES= "rj, m", "q, W", "rho, kg/m^3", "u_r, m/s" 
0.0005125 63180.8 0.534461 0
0.0005375 239116 0.392986 0
0.0005625 194361 0.335391 0
0.0005875 170668 0.301957 0
0.0006125 153450 0.279524 0
0.0006375 139610 0.2632 0
0.0006625 127973 0.25068 0
0.0006875 117947 0.240716 0
0.0007125 109177 0.232568 0
0.0007375 101423 0.225759 0
0.0007625 94513.9 0.219974 0
0.0007875 88318.6 0.214988 0
0.0008125 82734.4 0.210642 0
0.0008375 77678.6 0.206816 0
0.0008625 73083.2 0.203418 0
0.0008875 68891.7 0.20038 0
0.0009125 65056.7 0.197645 0
0.0009375 61537.7 0.195169 0
0.0009625 58300.2 0.192915 0
0.0009875 55314.3 0.190855 0
0.0010125 52554.2 0.188964 0
0.00104053 49886.9 0.18702 0
0.00107197 47128.1 0.185032 0
0.00110723 44295.9 0.183013 0
0.00114676 41411.2 0.180974 0
0.0011911 38497.2 0.178927 0
0.00124081 35579 0.176887 0
0.00129656 32682.9 0.174864 0
0.00135908 29835.3 0.172872 0
0.00142919 27062 0.170922 0
0.00150781 24387.2 0.169024 0
0.00159598 21832.7 0.167187 0
0.00169485 19417.2 0.16542 0
0.00180572 17155.7 0.163729 0
0.00193005 15059.2 0.162119 0
0.00206947 13134.4 0.160594 0
0.00222582 11384 0.159157 0
0.00240114 9806.93 0.157807 0
0.00259776 8398.78 0.156546 0
0.00281824 7152.27 0.155373 0
0.00306548 6057.94 0.154284 0
0.00334275 5104.77 0.153278 0
0.00365367 4280.71 0.152352 0
0.00400233 3573.27 0.151501 0
0.00439333 2969.91 0.150722 0
0.00483178 2458.48 0.15001 0
0.00532347 2027.43 0.149361 0
0.00587484 1666.03 0.148772 0
0.00649315 1364.47 0.148237 0
0.00718653 1113.95 0.147752 0
0.00796407 906.666 0.147315 0
0.00883601 735.756 0.14692 0
0.0098138 595.283 0.146565 0
0.0109103 480.146 0.146247 0
0.0121399 385.997 0.145961 0
0.0135188 309.163 0.145707 0
0.015065 246.558 0.14548 0
0.016799 195.614 0.145279 0
0.0187435 154.203 0.145103 0
0.020924 120.573 0.144948 0
0.0233692 93.2972 0.144815 0
0.0261113 71.2204 0.144701 0
0.0291863 53.4168 0.144605 0
0.0326345 39.153 0.144527 0
0.0365014 27.8521 0.144464 0
0.0408377 19.0593 0.144416 0
0.0457004 12.4058 0.144381 0
0.0511534 7.57329 0.144358 0
0.0572684 4.26095 0.144342 0
0.0641258 2.16314 0.144334 0
0.0718156 0.966414 0.14433 0
0.080439 0.369377 0.144328 0
0.0901092 0.117209 0.144327 0
0.100953 0.0299806 0.144327 0
0.113114 0.00602111 0.144327 0
0.126751 0.000929518 0.144327 0
0.142043 0.000108614 0.144327 0
0.159192 9.51029e-06 0.144327 0
0.178422 6.19831e-07 0.144327 0
