TITLE="Graphics"
VARIABLES= "rj, m", "q, W", "rho, kg/m^3", "u_r, m/s" 
0.0005125 64034.2 0.560131 0
0.0005375 247628 0.399944 0
0.0005625 198003 0.338763 0
0.0005875 173320 0.303922 0
0.0006125 155656 0.28077 0
0.0006375 141539 0.26402 0
0.0006625 129702 0.251224 0
0.0006875 119519 0.24107 0
0.0007125 110618 0.232783 0
0.0007375 102753 0.225871 0
0.0007625 95747.9 0.220005 0
0.0007875 89467.7 0.214955 0
0.0008125 83807.9 0.210558 0
0.0008375 78684.2 0.206689 0
0.0008625 74027.6 0.203257 0
0.0008875 69780.7 0.200189 0
0.0009125 65895.2 0.197428 0
0.0009375 62330 0.19493 0
0.0009625 59050.1 0.192658 0
0.0009875 56025.2 0.190581 0
0.0010125 53229.1 0.188676 0
0.00104053 50527.4 0.186717 0
0.00107197 47733.1 0.184715 0
0.00110723 44864.3 0.182682 0
0.00114676 41942.4 0.180629 0
0.0011911 38990.7 0.178571 0
0.00124081 36034.8 0.176518 0
0.00129656 33101.3 0.174484 0
0.00135908 30216.8 0.172482 0
0.00142919 27407.6 0.170522 0
0.00150781 24698.1 0.168615 0
0.00159598 22110.5 0.16677 0
0.00169485 19663.7 0.164996 0
0.00180572 17372.9 0.163299 0
0.00193005 15249.1 0.161683 0
0.00206947 13299.2 0.160153 0
0.00222582 11526 0.158711 0
0.00240114 9928.33 0.157358 0
0.00259776 8501.69 0.156094 0
0.00281824 7238.73 0.154917 0
0.00306548 6129.88 0.153827 0
0.00334275 5163.94 0.152819 0
0.00365367 4328.73 0.151892 0
0.00400233 3611.57 0.15104 0
0.00439333 2999.79 0.150261 0
0.00483178 2481.04 0.14955 0
0.00532347 2043.63 0.148903 0
0.00587484 1676.69 0.148316 0
0.00649315 1370.28 0.147784 0
0.00718653 1115.49 0.147304 0
0.00796407 904.403 0.146872 0
0.00883601 730.078 0.146484 0
0.0098138 586.51 0.146138 0
0.0109103 468.55 0.14583 0
0.0121399 371.822 0.145557 0
0.0135188 292.648 0.145318 0
0.015065 227.968 0.145111 0
0.016799 175.262 0.144932 0
0.0187435 132.481 0.144782 0
0.020924 97.9795 0.144657 0
0.0233692 70.4453 0.144557 0
0.0261113 48.8359 0.144479 0
0.0291863 32.3039 0.144422 0
0.0326345 20.1221 0.144381 0
0.0365014 11.6111 0.144355 0
0.0408377 6.08336 0.14434 0
0.0457004 2.82557 0.144332 0
0.0511534 1.13204 0.144329 0
0.0572684 0.379763 0.144327 0
0.0641258 0.103532 0.144327 0
0.0718156 0.0223161 0.144327 0
0.080439 0.00371737 0.144327 0
0.0901092 0.000470432 0.144327 0
0.100953 4.4709e-05 0.144327 0
0.113114 3.16895e-06 0.144327 0
0.126751 1.68151e-07 0.144327 0
0.142043 5.69906e-09 0.144327 0
0.159192 1.19164e-10 0.144327 0
0.178422 0 0.144327 0
