TITLE="Graphics"
VARIABLES= "rj, m", "q, W", "rho, kg/m^3", "u_r, m/s" 
0.0005125 64038.3 0.560198 0
0.0005375 247658 0.399959 0
0.0005625 198017 0.338768 0
0.0005875 173331 0.303924 0
0.0006125 155666 0.28077 0
0.0006375 141548 0.264019 0
0.0006625 129710 0.251223 0
0.0006875 119526 0.241069 0
0.0007125 110624 0.232781 0
0.0007375 102759 0.225869 0
0.0007625 95753.4 0.220003 0
0.0007875 89472.8 0.214953 0
0.0008125 83812.7 0.210555 0
0.0008375 78688.7 0.206687 0
0.0008625 74031.9 0.203254 0
0.0008875 69784.7 0.200186 0
0.0009125 65898.9 0.197426 0
0.0009375 62333.6 0.194928 0
0.0009625 59053.5 0.192655 0
0.0009875 56028.4 0.190579 0
0.0010125 53232.1 0.188673 0
0.00104053 50530.3 0.186714 0
0.00107197 47735.8 0.184712 0
0.00110723 44866.9 0.182679 0
0.00114676 41944.7 0.180627 0
0.0011911 38992.9 0.178568 0
0.00124081 36036.9 0.176515 0
0.00129656 33103.1 0.174482 0
0.00135908 30218.5 0.172479 0
0.00142919 27409.1 0.170519 0
0.00150781 24699.5 0.168612 0
0.00159598 22111.8 0.166768 0
0.00169485 19664.8 0.164993 0
0.00180572 17373.8 0.163296 0
0.00193005 15249.9 0.16168 0
0.00206947 13300 0.16015 0
0.00222582 11526.6 0.158708 0
0.00240114 9928.88 0.157355 0
0.00259776 8502.15 0.156091 0
0.00281824 7239.12 0.154915 0
0.00306548 6130.2 0.153824 0
0.00334275 5164.21 0.152817 0
0.00365367 4328.95 0.151889 0
0.00400233 3611.75 0.151038 0
0.00439333 2999.92 0.150258 0
0.00483178 2481.14 0.149547 0
0.00532347 2043.7 0.1489 0
0.00587484 1676.73 0.148313 0
0.00649315 1370.3 0.147781 0
0.00718653 1115.49 0.147301 0
0.00796407 904.375 0.146869 0
0.00883601 730.027 0.146482 0
0.0098138 586.439 0.146135 0
0.0109103 468.458 0.145827 0
0.0121399 371.71 0.145555 0
0.0135188 292.518 0.145316 0
0.015065 227.822 0.145109 0
0.016799 175.104 0.14493 0
0.0187435 132.316 0.14478 0
0.020924 97.8127 0.144656 0
0.0233692 70.2835 0.144556 0
0.0261113 48.6861 0.144478 0
0.0291863 32.1728 0.144421 0
0.0326345 20.015 0.144381 0
0.0365014 11.5306 0.144355 0
0.0408377 6.02893 0.14434 0
0.0457004 2.79323 0.144332 0
0.0511534 1.11565 0.144329 0
0.0572684 0.372899 0.144327 0
0.0641258 0.101231 0.144327 0
0.0718156 0.0217172 0.144327 0
0.080439 0.00359904 0.144327 0
0.0901092 0.000452978 0.144327 0
0.100953 4.28068e-05 0.144327 0
0.113114 3.01652e-06 0.144327 0
0.126751 1.59232e-07 0.144327 0
0.142043 5.29322e-09 0.144327 0
0.159192 9.26828e-11 0.144327 0
0.178422 0 0.144327 0
