TITLE="Graphics"
VARIABLES= "rj, m", "q, W", "rho, kg/m^3", "u_r, m/s" 
0.0005125 63990.4 0.559406 0
0.0005375 247310 0.399785 0
0.0005625 197850 0.338702 0
0.0005875 173203 0.303898 0
0.0006125 155556 0.280764 0
0.0006375 141450 0.264024 0
0.0006625 129622 0.251234 0
0.0006875 119445 0.241085 0
0.0007125 110550 0.232801 0
0.0007375 102691 0.225891 0
0.0007625 95689.7 0.220026 0
0.0007875 89413.4 0.214978 0
0.0008125 83757.2 0.210582 0
0.0008375 78636.7 0.206714 0
0.0008625 73982.9 0.203282 0
0.0008875 69738.6 0.200215 0
0.0009125 65855.5 0.197454 0
0.0009375 62292.5 0.194957 0
0.0009625 59014.6 0.192685 0
0.0009875 55991.5 0.190608 0
0.0010125 53197.1 0.188703 0
0.00104053 50497.1 0.186744 0
0.00107197 47704.4 0.184743 0
0.00110723 44837.4 0.18271 0
0.00114676 41917.2 0.180658 0
0.0011911 38967.3 0.178599 0
0.00124081 36013.2 0.176546 0
0.00129656 33081.4 0.174513 0
0.00135908 30198.7 0.172511 0
0.00142919 27391.2 0.170551 0
0.00150781 24683.4 0.168644 0
0.00159598 22097.3 0.166799 0
0.00169485 19652 0.165025 0
0.00180572 17362.6 0.163327 0
0.00193005 15240.1 0.161712 0
0.00206947 13291.4 0.160182 0
0.00222582 11519.3 0.15874 0
0.00240114 9922.58 0.157387 0
0.00259776 8496.82 0.156122 0
0.00281824 7234.64 0.154946 0
0.00306548 6126.49 0.153855 0
0.00334275 5161.16 0.152848 0
0.00365367 4326.49 0.15192 0
0.00400233 3609.8 0.151069 0
0.00439333 2998.43 0.150289 0
0.00483178 2480.05 0.149578 0
0.00532347 2042.96 0.148931 0
0.00587484 1676.3 0.148343 0
0.00649315 1370.16 0.147811 0
0.00718653 1115.61 0.147331 0
0.00796407 904.746 0.146898 0
0.00883601 730.637 0.14651 0
0.0098138 587.277 0.146163 0
0.0109103 469.516 0.145854 0
0.0121399 372.978 0.145581 0
0.0135188 293.981 0.145341 0
0.015065 229.455 0.145131 0
0.016799 176.871 0.144951 0
0.0187435 134.168 0.144799 0
0.020924 99.6878 0.144672 0
0.0233692 72.1096 0.144569 0
0.0261113 50.3848 0.144489 0
0.0291863 33.6686 0.144429 0
0.0326345 21.2467 0.144387 0
0.0365014 12.4643 0.144359 0
0.0408377 6.66767 0.144342 0
0.0457004 3.17806 0.144333 0
0.0511534 1.31409 0.144329 0
0.0572684 0.457744 0.144328 0
0.0641258 0.130356 0.144327 0
0.0718156 0.0295097 0.144327 0
0.080439 0.00518547 0.144327 0
0.0901092 0.000694529 0.144327 0
0.100953 7.00206e-05 0.144327 0
0.113114 5.27282e-06 0.144327 0
0.126751 2.96296e-07 0.144327 0
0.142043 1.15936e-08 0.144327 0
0.159192 4.03832e-10 0.144327 0
0.178422 0 0.144327 0
