TITLE="Graphics"
VARIABLES= "rj, m", "q, W", "rho, kg/m^3", "u_r, m/s" 
0.0005125 63157.2 0.533163 0
0.0005375 238755 0.392588 0
0.0005625 194218 0.335182 0
0.0005875 170569 0.301824 0
0.0006125 153371 0.279431 0
0.0006375 139541 0.26313 0
0.0006625 127912 0.250626 0
0.0006875 117892 0.240674 0
0.0007125 109126 0.232533 0
0.0007375 101377 0.225731 0
0.0007625 94471.3 0.21995 0
0.0007875 88279 0.214968 0
0.0008125 82697.5 0.210625 0
0.0008375 77644 0.206802 0
0.0008625 73050.7 0.203407 0
0.0008875 68861.2 0.20037 0
0.0009125 65027.9 0.197637 0
0.0009375 61510.5 0.195162 0
0.0009625 58274.5 0.19291 0
0.0009875 55289.9 0.190851 0
0.0010125 52531 0.188961 0
0.00104053 49864.9 0.187017 0
0.00107197 47107.4 0.18503 0
0.00110723 44276.4 0.183012 0
0.00114676 41393 0.180974 0
0.0011911 38480.3 0.178928 0
0.00124081 35563.4 0.176888 0
0.00129656 32668.6 0.174867 0
0.00135908 29822.2 0.172875 0
0.00142919 27050.1 0.170926 0
0.00150781 24376.5 0.169028 0
0.00159598 21823.1 0.167192 0
0.00169485 19408.7 0.165426 0
0.00180572 17148.2 0.163735 0
0.00193005 15052.6 0.162126 0
0.00206947 13128.7 0.160601 0
0.00222582 11379 0.159164 0
0.00240114 9802.7 0.157815 0
0.00259776 8395.17 0.156555 0
0.00281824 7149.21 0.155381 0
0.00306548 6055.38 0.154293 0
0.00334275 5102.63 0.153288 0
0.00365367 4278.95 0.152361 0
0.00400233 3571.82 0.15151 0
0.00439333 2968.75 0.150731 0
0.00483178 2457.55 0.15002 0
0.00532347 2026.71 0.149371 0
0.00587484 1665.47 0.148782 0
0.00649315 1364.07 0.148247 0
0.00718653 1113.68 0.147762 0
0.00796407 906.506 0.147325 0
0.00883601 735.693 0.14693 0
0.0098138 595.305 0.146575 0
0.0109103 480.242 0.146256 0
0.0121399 386.159 0.145971 0
0.0135188 309.381 0.145716 0
0.015065 246.826 0.145489 0
0.016799 195.925 0.145288 0
0.0187435 154.548 0.145111 0
0.020924 120.946 0.144956 0
0.0233692 93.6908 0.144822 0
0.0261113 71.6259 0.144707 0
0.0291863 53.8246 0.144611 0
0.0326345 39.5519 0.144532 0
0.0365014 28.2293 0.144468 0
0.0408377 19.4007 0.14442 0
0.0457004 12.6985 0.144384 0
0.0511534 7.80735 0.144359 0
0.0572684 4.43249 0.144343 0
0.0641258 2.27585 0.144334 0
0.0718156 1.03107 0.14433 0
0.080439 0.400803 0.144328 0
0.0901092 0.129733 0.144327 0
0.100953 0.0339442 0.144327 0
0.113114 0.00698967 0.144327 0
0.126751 0.00110831 0.144327 0
0.142043 0.000133176 0.144327 0
0.159192 1.19997e-05 0.144327 0
0.178422 8.05371e-07 0.144327 0
