TITLE="Graphics"
VARIABLES= "rj, m", "q, W", "rho, kg/m^3", "u_r, m/s" 
0.0005125 64050.5 0.560396 0
0.0005375 247746 0.400001 0
0.0005625 198059 0.338784 0
0.0005875 173364 0.303931 0
0.0006125 155693 0.280772 0
0.0006375 141572 0.264018 0
0.0006625 129732 0.25122 0
0.0006875 119546 0.241064 0
0.0007125 110643 0.232776 0
0.0007375 102777 0.225863 0
0.0007625 95769.5 0.219996 0
0.0007875 89487.8 0.214947 0
0.0008125 83826.7 0.210549 0
0.0008375 78701.9 0.20668 0
0.0008625 74044.2 0.203247 0
0.0008875 69796.3 0.200179 0
0.0009125 65909.9 0.197418 0
0.0009375 62343.9 0.19492 0
0.0009625 59063.3 0.192648 0
0.0009875 56037.7 0.190571 0
0.0010125 53241 0.188665 0
0.00104053 50538.7 0.186706 0
0.00107197 47743.7 0.184705 0
0.00110723 44874.4 0.182671 0
0.00114676 41951.7 0.180619 0
0.0011911 38999.4 0.17856 0
0.00124081 36042.9 0.176507 0
0.00129656 33108.6 0.174474 0
0.00135908 30223.5 0.172471 0
0.00142919 27413.7 0.170511 0
0.00150781 24703.6 0.168604 0
0.00159598 22115.4 0.16676 0
0.00169485 19668.1 0.164985 0
0.00180572 17376.7 0.163288 0
0.00193005 15252.5 0.161672 0
0.00206947 13302.2 0.160142 0
0.00222582 11528.5 0.1587 0
0.00240114 9930.5 0.157347 0
0.00259776 8503.53 0.156083 0
0.00281824 7240.28 0.154907 0
0.00306548 6131.17 0.153816 0
0.00334275 5165.01 0.152809 0
0.00365367 4329.6 0.151881 0
0.00400233 3612.27 0.15103 0
0.00439333 3000.34 0.150251 0
0.00483178 2481.45 0.14954 0
0.00532347 2043.92 0.148893 0
0.00587484 1676.87 0.148305 0
0.00649315 1370.37 0.147774 0
0.00718653 1115.48 0.147294 0
0.00796407 904.298 0.146862 0
0.00883601 729.884 0.146474 0
0.0098138 586.231 0.146128 0
0.0109103 468.186 0.145821 0
0.0121399 371.379 0.145549 0
0.0135188 292.132 0.14531 0
0.015065 227.39 0.145103 0
0.016799 174.636 0.144925 0
0.0187435 131.826 0.144775 0
0.020924 97.3181 0.144651 0
0.0233692 69.8044 0.144552 0
0.0261113 48.2435 0.144475 0
0.0291863 31.7863 0.144419 0
0.0326345 19.7 0.14438 0
0.0365014 11.2949 0.144354 0
0.0408377 5.87016 0.14434 0
0.0457004 2.69941 0.144332 0
0.0511534 1.06841 0.144329 0
0.0572684 0.353262 0.144327 0
0.0641258 0.0947093 0.144327 0
0.0718156 0.0200357 0.144327 0
0.080439 0.00327029 0.144327 0
0.0901092 0.000405028 0.144327 0
0.100953 3.7641e-05 0.144327 0
0.113114 2.60739e-06 0.144327 0
0.126751 1.35574e-07 0.144327 0
0.142043 4.22171e-09 0.144327 0
0.159192 1.54471e-11 0.144327 0
0.178422 0 0.144327 0
