TITLE="Graphics"
VARIABLES= "rj, m", "q, W", "rho, kg/m^3", "u_r, m/s" 
0.000512195 221202 0.441997 0
0.000536585 219241 0.358304 0
0.000560976 190523 0.315141 0
0.000585366 170359 0.287897 0
0.000609756 154434 0.2688 0
0.000634146 141180 0.254522 0
0.000658537 129838 0.243366 0
0.000682927 119963 0.234369 0
0.000707317 111265 0.226933 0
0.000731707 103538 0.22067 0
0.000756098 96626.4 0.215312 0
0.000780488 90410.3 0.21067 0
0.000804878 84793.1 0.206605 0
0.000829268 79696.4 0.203011 0
0.000853659 75055.1 0.19981 0
0.000878049 70814.6 0.196939 0
0.000902439 66928.7 0.194347 0
0.000926829 63358.1 0.191995 0
0.00095122 60068.8 0.18985 0
0.00097561 57031.5 0.187885 0
0.001 54220.7 0.186079 0
0.00102736 51499.9 0.184217 0
0.00105807 48681.6 0.18231 0
0.00109251 45784.1 0.180369 0
0.00113116 42828.6 0.178405 0
0.00117452 39838.6 0.17643 0
0.00122316 36840 0.174457 0
0.00127774 33859.7 0.172498 0
0.00133897 30925 0.170565 0
0.00140767 28062.9 0.16867 0
0.00148475 25298.7 0.166823 0
0.00157123 22655.3 0.165033 0
0.00166825 20152.7 0.163309 0
0.00177711 17806.7 0.161658 0
0.00189923 15629.4 0.160085 0
0.00203626 13628.3 0.158594 0
0.00218999 11806.6 0.157187 0
0.00236246 10163.7 0.155868 0
0.00255597 8695.26 0.154634 0
0.00277308 7394.11 0.153487 0
0.00301666 6250.62 0.152425 0
0.00328995 5253.49 0.151445 0
0.00359656 4390.3 0.150544 0
0.00394056 3648.12 0.14972 0
0.00432651 3013.97 0.148969 0
0.00475953 2475.2 0.148288 0
0.00524535 2019.84 0.147674 0
0.00579041 1636.76 0.147122 0
0.00640194 1315.85 0.14663 0
0.00708805 1048.09 0.146195 0
0.00785782 825.557 0.145814 0
0.00872145 641.41 0.145484 0
0.00969041 489.867 0.145204 0
0.0107775 366.104 0.14497 0
0.0119972 266.161 0.14478 0
0.0133656 186.798 0.144631 0
0.0149009 125.325 0.144519 0
0.0166234 79.3864 0.14444 0
0.018556 46.7485 0.144388 0
0.0207242 25.1084 0.144356 0
0.0231568 12.0217 0.144339 0
0.0258861 4.99691 0.144331 0
0.0289482 1.75141 0.144328 0
0.0323837 0.502421 0.144327 0
0.0362382 0.114704 0.144327 0
0.0405626 0.0203498 0.144327 0
0.0454145 0.00275444 0.144327 0
0.0508579 0.000280839 0.144327 0
0.0569652 2.13999e-05 0.144327 0
0.0638172 1.21376e-06 0.144327 0
0.0715049 5.11553e-08 0.144327 0
0.0801299 1.64971e-09 0.144327 0
0.0898068 0 0.144327 0
0.100664 0 0.144327 0
0.112844 0 0.144327 0
0.126511 0 0.144327 0
0.141843 0 0.144327 0
0.159046 0 0.144327 0
0.178346 0 0.144327 0
