TITLE="Graphics"
VARIABLES= "rj, m", "q, W", "rho, kg/m^3", "u_r, m/s" 
0.0005125 64412.6 0.565672 0
0.0005375 250239 0.401077 0
0.0005625 199280 0.339153 0
0.0005875 174312 0.30404 0
0.0006125 156507 0.280755 0
0.0006375 142296 0.26393 0
0.0006625 130387 0.251088 0
0.0006875 120145 0.240904 0
0.0007125 111195 0.232595 0
0.0007375 103287 0.225668 0
0.0007625 96243.8 0.21979 0
0.0007875 89930.1 0.214732 0
0.0008125 84240.3 0.210328 0
0.0008375 79089.7 0.206455 0
0.0008625 74408.7 0.203018 0
0.0008875 70139.6 0.199947 0
0.0009125 66233.7 0.197184 0
0.0009375 62650 0.194683 0
0.0009625 59353 0.192409 0
0.0009875 56312.4 0.190331 0
0.0010125 53501.8 0.188425 0
0.00104053 50786.2 0.186464 0
0.00107197 47977.4 0.184462 0
0.00110723 45093.8 0.182428 0
0.00114676 42156.7 0.180375 0
0.0011911 39189.7 0.178315 0
0.00124081 36218.5 0.176262 0
0.00129656 33269.7 0.174228 0
0.00135908 30370.3 0.172225 0
0.00142919 27546.5 0.170266 0
0.00150781 24822.9 0.168359 0
0.00159598 22221.8 0.166514 0
0.00169485 19762.3 0.16474 0
0.00180572 17459.5 0.163043 0
0.00193005 15324.5 0.161428 0
0.00206947 13364.4 0.159899 0
0.00222582 11581.8 0.158457 0
0.00240114 9975.6 0.157105 0
0.00259776 8541.29 0.155842 0
0.00281824 7271.48 0.154667 0
0.00306548 6156.53 0.153577 0
0.00334275 5185.19 0.152571 0
0.00365367 4345.2 0.151645 0
0.00400233 3623.82 0.150795 0
0.00439333 3008.3 0.150018 0
0.00483178 2486.25 0.149309 0
0.00532347 2045.89 0.148665 0
0.00587484 1676.31 0.148081 0
0.00649315 1367.52 0.147553 0
0.00718653 1110.55 0.147077 0
0.00796407 897.465 0.146651 0
0.00883601 721.307 0.14627 0
0.0098138 576.058 0.145931 0
0.0109103 456.576 0.145632 0
0.0121399 358.509 0.145371 0
0.0135188 278.224 0.145145 0
0.015065 212.719 0.144951 0
0.016799 159.553 0.14479 0
0.0187435 116.761 0.144657 0
0.020924 82.7733 0.144552 0
0.0233692 56.3282 0.144472 0
0.0261113 36.3733 0.144415 0
0.0291863 21.9668 0.144375 0
0.0326345 12.1869 0.144351 0
0.0365014 6.07774 0.144338 0
0.0408377 2.65617 0.144331 0
0.0457004 0.98863 0.144328 0
0.0511534 0.30411 0.144327 0
0.0572684 0.0750942 0.144327 0
0.0641258 0.0145089 0.144327 0
0.0718156 0.00214912 0.144327 0
0.080439 0.000240513 0.144327 0
0.0901092 2.01469e-05 0.144327 0
0.100953 1.25669e-06 0.144327 0
0.113114 5.77043e-08 0.144327 0
0.126751 2.07295e-09 0.144327 0
0.142043 0 0.144327 0
0.159192 0 0.144327 0
0.178422 0 0.144327 0
