TITLE="Graphics"
VARIABLES= "rj, m", "q, W", "rho, kg/m^3", "u_r, m/s" 
0.000513889 64445.7 0.550538 0
0.000541667 248331 0.387741 0
0.000569444 194406 0.327942 0
0.000597222 168430 0.294273 0
0.000625 150005 0.272042 0
0.000652778 135395 0.256031 0
0.000680556 123242 0.243842 0
0.000708333 112868 0.234199 0
0.000736111 103871 0.226348 0
0.000763889 95979.6 0.219814 0
0.000791667 88999 0.21428 0
0.000819444 82782.4 0.209525 0
0.000847222 77215 0.205391 0
0.000875 72204.6 0.201759 0
0.000902778 67676.5 0.198541 0
0.000930556 63568.5 0.195669 0
0.000958333 59828.8 0.193087 0
0.000986111 56413.6 0.190754 0
0.00101389 53285.8 0.188633 0
0.00104167 50413.5 0.186698 0
0.00106944 47769.2 0.184923 0
0.00110053 45222.6 0.183104 0
0.00113532 42605.1 0.181251 0
0.00117424 39934.7 0.179373 0
0.00121781 37231.9 0.177482 0
0.00126656 34518.6 0.175589 0
0.00132111 31818.1 0.173707 0
0.00138216 29154.1 0.171845 0
0.00145048 26549.9 0.170014 0
0.00152694 24027.9 0.168225 0
0.0016125 21608.4 0.166487 0
0.00170824 19309.2 0.164807 0
0.00181538 17145.3 0.163192 0
0.00193529 15128 0.161648 0
0.00206947 13265 0.16018 0
0.00221962 11560.3 0.158789 0
0.00238765 10014.7 0.157478 0
0.00257569 8625.46 0.156247 0
0.00278612 7387.44 0.155097 0
0.00302161 6293.12 0.154026 0
0.00328513 5333.33 0.153033 0
0.00358003 4497.73 0.152114 0
0.00391004 3775.3 0.151268 0
0.00427935 3154.81 0.15049 0
0.00469263 2625.11 0.149777 0
0.00515512 2175.46 0.149126 0
0.00567267 1795.77 0.148533 0
0.00625185 1476.66 0.147993 0
0.00689999 1209.62 0.147505 0
0.0076253 987.029 0.147063 0
0.00843697 802.109 0.146665 0
0.00934528 648.944 0.146307 0
0.0103617 522.406 0.145988 0
0.0114992 418.094 0.145703 0
0.0127722 332.271 0.145452 0
0.0141967 261.793 0.145232 0
0.0157908 204.038 0.14504 0
0.0175747 156.848 0.144876 0
0.019571 118.464 0.144738 0
0.021805 87.4693 0.144624 0
0.024305 62.7313 0.144533 0
0.0271027 43.3413 0.144463 0
0.0302335 28.5496 0.144411 0
0.033737 17.6991 0.144375 0
0.0376577 10.163 0.144352 0
0.0420453 5.30183 0.144339 0
0.0469552 2.45631 0.144332 0
0.0524498 0.984919 0.144328 0
0.0585986 0.332467 0.144327 0
0.0654795 0.0918942 0.144327 0
0.0731797 0.0202742 0.144327 0
0.0817967 0.00349479 0.144327 0
0.0914397 0.000463048 0.144327 0
0.102231 4.66281e-05 0.144327 0
0.114307 3.54365e-06 0.144327 0
0.127821 2.02541e-07 0.144327 0
0.142944 8.59801e-09 0.144327 0
0.159868 1.85595e-10 0.144327 0
0.178806 0 0.144327 0
