TITLE="Graphics"
VARIABLES= "rj, m", "q, W", "rho, kg/m^3", "u_r, m/s" 
0.000513889 64372.9 0.549262 0
0.000541667 247776 0.387474 0
0.000569444 194162 0.327838 0
0.000597222 168245 0.294229 0
0.000625 149848 0.272027 0
0.000652778 135257 0.256033 0
0.000680556 123118 0.243855 0
0.000708333 112757 0.234219 0
0.000736111 103769 0.226373 0
0.000763889 95885.4 0.219843 0
0.000791667 88911.9 0.214311 0
0.000819444 82701.6 0.209558 0
0.000847222 77139.7 0.205426 0
0.000875 72134.4 0.201795 0
0.000902778 67610.7 0.198579 0
0.000930556 63506.7 0.195707 0
0.000958333 59770.7 0.193126 0
0.000986111 56358.9 0.190793 0
0.00101389 53234.2 0.188674 0
0.00104167 50364.7 0.186739 0
0.00106944 47723 0.184964 0
0.00110053 45178.9 0.183146 0
0.00113532 42563.9 0.181292 0
0.00117424 39896.2 0.179415 0
0.00121781 37196 0.177524 0
0.00126656 34485.3 0.175632 0
0.00132111 31787.5 0.17375 0
0.00138216 29126.1 0.171888 0
0.00145048 26524.5 0.170058 0
0.00152694 24004.9 0.168269 0
0.0016125 21587.7 0.166531 0
0.00170824 19290.9 0.164851 0
0.00181538 17129.1 0.163236 0
0.00193529 15113.7 0.161692 0
0.00206947 13252.5 0.160224 0
0.00221962 11549.6 0.158833 0
0.00238765 10005.5 0.157522 0
0.00257569 8617.67 0.156291 0
0.00278612 7380.89 0.155141 0
0.00302161 6287.69 0.15407 0
0.00328513 5328.89 0.153077 0
0.00358003 4494.16 0.152158 0
0.00391004 3772.51 0.151311 0
0.00427935 3152.7 0.150533 0
0.00469263 2623.6 0.14982 0
0.00515512 2174.49 0.149169 0
0.00567267 1795.27 0.148575 0
0.00625185 1476.58 0.148035 0
0.00689999 1209.93 0.147546 0
0.0076253 987.688 0.147103 0
0.00843697 803.088 0.146704 0
0.00934528 650.218 0.146346 0
0.0103617 523.951 0.146025 0
0.0114992 419.888 0.145739 0
0.0127722 334.288 0.145486 0
0.0141967 264.002 0.145264 0
0.0157908 206.401 0.14507 0
0.0175747 159.317 0.144903 0
0.019571 120.977 0.144762 0
0.021805 89.9525 0.144645 0
0.024305 65.1008 0.14455 0
0.0271027 45.5079 0.144477 0
0.0302335 30.4294 0.144421 0
0.033737 19.2273 0.144382 0
0.0376577 11.3088 0.144357 0
0.0420453 6.07886 0.144341 0
0.0469552 2.92194 0.144333 0
0.0524498 1.22488 0.144329 0
0.0585986 0.435724 0.144328 0
0.0654795 0.127897 0.144327 0
0.0731797 0.0301693 0.144327 0
0.0817967 0.00559026 0.144327 0
0.0914397 0.000799293 0.144327 0
0.102231 8.70688e-05 0.144327 0
0.114307 7.16753e-06 0.144327 0
0.127821 4.43939e-07 0.144327 0
0.142944 2.05591e-08 0.144327 0
0.159868 6.05979e-10 0.144327 0
0.178806 0 0.144327 0
