TITLE="Graphics"
VARIABLES= "rj, m", "q, W", "rho, kg/m^3", "u_r, m/s" 
0.0005125 63842.6 0.556452 0
0.0005375 246142 0.399088 0
0.0005625 197314 0.338405 0
0.0005875 172797 0.303753 0
0.0006125 155212 0.280695 0
0.0006375 141147 0.263999 0
0.0006625 129348 0.251237 0
0.0006875 119196 0.241107 0
0.0007125 110321 0.232836 0
0.0007375 102479 0.225936 0
0.0007625 95492.7 0.220079 0
0.0007875 89229.8 0.215037 0
0.0008125 83585.5 0.210645 0
0.0008375 78475.7 0.206781 0
0.0008625 73831.7 0.203352 0
0.0008875 69596.3 0.200287 0
0.0009125 65721.2 0.197529 0
0.0009375 62165.6 0.195033 0
0.0009625 58894.4 0.192763 0
0.0009875 55877.6 0.190688 0
0.0010125 53089 0.188784 0
0.00104053 50394.5 0.186826 0
0.00107197 47607.6 0.184826 0
0.00110723 44746.4 0.182794 0
0.00114676 41832.2 0.180742 0
0.0011911 38888.4 0.178685 0
0.00124081 35940.4 0.176633 0
0.00129656 33014.6 0.1746 0
0.00135908 30137.8 0.172598 0
0.00142919 27336.1 0.170639 0
0.00150781 24633.9 0.168733 0
0.00159598 22053.2 0.166888 0
0.00169485 19612.9 0.165114 0
0.00180572 17328.3 0.163417 0
0.00193005 15210.2 0.161802 0
0.00206947 13265.6 0.160272 0
0.00222582 11497.2 0.15883 0
0.00240114 9903.83 0.157477 0
0.00259776 8481.1 0.156212 0
0.00281824 7221.62 0.155036 0
0.00306548 6115.86 0.153945 0
0.00334275 5152.66 0.152937 0
0.00365367 4319.84 0.152009 0
0.00400233 3604.78 0.151157 0
0.00439333 2994.83 0.150377 0
0.00483178 2477.68 0.149665 0
0.00532347 2041.67 0.149017 0
0.00587484 1675.95 0.148429 0
0.00649315 1370.63 0.147895 0
0.00718653 1116.8 0.147414 0
0.00796407 906.573 0.146979 0
0.00883601 733.028 0.146589 0
0.0098138 590.175 0.14624 0
0.0109103 472.87 0.145928 0
0.0121399 376.743 0.145652 0
0.0135188 298.11 0.145408 0
0.015065 233.894 0.145194 0
0.016799 181.552 0.145009 0
0.0187435 139 0.144851 0
0.020924 104.55 0.144718 0
0.0233692 76.854 0.144608 0
0.0261113 54.8398 0.144521 0
0.0291863 37.6563 0.144454 0
0.0326345 24.6093 0.144405 0
0.0365014 15.0959 0.144371 0
0.0408377 8.54378 0.144349 0
0.0457004 4.36915 0.144337 0
0.0511534 1.96955 0.144331 0
0.0572684 0.761012 0.144328 0
0.0641258 0.244609 0.144327 0
0.0718156 0.0635014 0.144327 0
0.080439 0.0129657 0.144327 0
0.0901092 0.00203769 0.144327 0
0.100953 0.000242636 0.144327 0
0.113114 2.16637e-05 0.144327 0
0.126751 1.44234e-06 0.144327 0
0.142043 7.16107e-08 0.144327 0
0.159192 2.01475e-09 0.144327 0
0.178422 0 0.144327 0
