TITLE="Graphics"
VARIABLES= "rj, m", "q, W", "rho, kg/m^3", "u_r, m/s" 
0.0005125 63623.1 0.550977 0
0.0005375 244194 0.397693 0
0.0005625 196461 0.337762 0
0.0005875 172165 0.3034 0
0.0006125 154682 0.280488 0
0.0006375 140681 0.263878 0
0.0006625 128929 0.251172 0
0.0006875 118814 0.241079 0
0.0007125 109971 0.232836 0
0.0007375 102155 0.225956 0
0.0007625 95192.4 0.220114 0
0.0007875 88950.1 0.215085 0
0.0008125 83324.1 0.210702 0
0.0008375 78230.8 0.206847 0
0.0008625 73601.6 0.203425 0
0.0008875 69379.6 0.200365 0
0.0009125 65516.8 0.197612 0
0.0009375 61972.4 0.19512 0
0.0009625 58711.6 0.192853 0
0.0009875 55704.3 0.190781 0
0.0010125 52924.4 0.18888 0
0.00104053 50238.3 0.186925 0
0.00107197 47460 0.184927 0
0.00110723 44607.8 0.182897 0
0.00114676 41702.6 0.180848 0
0.0011911 38768 0.178793 0
0.00124081 35829.1 0.176743 0
0.00129656 32912.5 0.174712 0
0.00135908 30044.7 0.172712 0
0.00142919 27251.7 0.170755 0
0.00150781 24557.9 0.16885 0
0.00159598 21985.3 0.167007 0
0.00169485 19552.6 0.165234 0
0.00180572 17275.1 0.163538 0
0.00193005 15163.6 0.161923 0
0.00206947 13225.1 0.160394 0
0.00222582 11462.2 0.158953 0
0.00240114 9873.93 0.1576 0
0.00259776 8455.68 0.156337 0
0.00281824 7200.2 0.15516 0
0.00306548 6097.97 0.15407 0
0.00334275 5137.87 0.153062 0
0.00365367 4307.77 0.152134 0
0.00400233 3595.09 0.151282 0
0.00439333 2987.21 0.150502 0
0.00483178 2471.88 0.14979 0
0.00532347 2037.46 0.149141 0
0.00587484 1673.16 0.148552 0
0.00649315 1369.1 0.148018 0
0.00718653 1116.42 0.147535 0
0.00796407 907.234 0.147099 0
0.00883601 734.655 0.146707 0
0.0098138 592.701 0.146355 0
0.0109103 476.235 0.146041 0
0.0121399 380.885 0.145761 0
0.0135188 302.96 0.145512 0
0.015065 239.371 0.145293 0
0.016799 187.551 0.145101 0
0.0187435 145.39 0.144935 0
0.020924 111.168 0.144794 0
0.0233692 83.5005 0.144674 0
0.0261113 61.2857 0.144577 0
0.0291863 43.6524 0.144499 0
0.0326345 29.91 0.144439 0
0.0365014 19.4957 0.144395 0
0.0408377 11.9204 0.144365 0
0.0457004 6.71947 0.144346 0
0.0511534 3.41915 0.144336 0
0.0572684 1.53191 0.14433 0
0.0641258 0.587577 0.144328 0
0.0718156 0.187241 0.144327 0
0.080439 0.0481347 0.144327 0
0.0901092 0.00972283 0.144327 0
0.100953 0.00151061 0.144327 0
0.113114 0.000177742 0.144327 0
0.126751 1.56787e-05 0.144327 0
0.142043 1.03182e-06 0.144327 0
0.159192 4.86894e-08 0.144327 0
0.178422 2.19808e-09 0.144327 0
