TITLE="Graphics"
VARIABLES= "rj, m", "q, W", "rho, kg/m^3", "u_r, m/s" 
0.000512195 204084 0.439693 0
0.000536585 216282 0.357825 0
0.000560976 188189 0.315222 0
0.000585366 168349 0.288219 0
0.000609756 152645 0.269246 0
0.000634146 139562 0.255038 0
0.000658537 128359 0.243926 0
0.000682927 118602 0.234956 0
0.000707317 110007 0.227538 0
0.000731707 102370 0.221288 0
0.000756098 95538.6 0.215938 0
0.000780488 89394.2 0.211302 0
0.000804878 83841.6 0.20724 0
0.000829268 78803.3 0.203649 0
0.000853659 74215.1 0.20045 0
0.000878049 70023.1 0.197579 0
0.000902439 66181.6 0.194987 0
0.000926829 62651.7 0.192635 0
0.00095122 59399.9 0.19049 0
0.00097561 56397.2 0.188525 0
0.001 53618.5 0.186718 0
0.00102736 50928.6 0.184856 0
0.00105807 48142.4 0.182948 0
0.00109251 45277.9 0.181005 0
0.00113116 42356.1 0.179039 0
0.00117452 39400.3 0.177062 0
0.00122316 36435.9 0.175087 0
0.00127774 33489.8 0.173126 0
0.00133897 30588.8 0.17119 0
0.00140767 27759.6 0.169292 0
0.00148475 25027.3 0.167442 0
0.00157123 22414.6 0.16565 0
0.00166825 19941.1 0.163922 0
0.00177711 17622.6 0.162267 0
0.00189923 15471 0.16069 0
0.00203626 13493.7 0.159195 0
0.00218999 11693.9 0.157785 0
0.00236246 10071.1 0.15646 0
0.00255597 8620.9 0.155222 0
0.00277308 7336.31 0.154069 0
0.00301666 6207.8 0.153001 0
0.00328995 5224.19 0.152014 0
0.00359656 4373.23 0.151106 0
0.00394056 3642.12 0.150273 0
0.00432651 3018.02 0.149512 0
0.00475953 2488.41 0.148819 0
0.00524535 2041.41 0.14819 0
0.00579041 1665.96 0.147623 0
0.00640194 1351.98 0.147112 0
0.00708805 1090.42 0.146654 0
0.00785782 873.258 0.146247 0
0.00872145 693.53 0.145887 0
0.00969041 545.232 0.145572 0
0.0107775 423.28 0.1453 0
0.0119972 323.43 0.145067 0
0.0133656 242.187 0.144873 0
0.0149009 176.714 0.144715 0
0.0166234 124.722 0.14459 0
0.018556 84.3484 0.144495 0
0.0207242 54.0105 0.144427 0
0.0231568 32.2582 0.144382 0
0.0258861 17.6417 0.144354 0
0.0289482 8.63972 0.144338 0
0.0323837 3.69176 0.144331 0
0.0362382 1.33722 0.144328 0
0.0405626 0.398461 0.144327 0
0.0454145 0.0949206 0.144327 0
0.0508579 0.0176346 0.144327 0
0.0569652 0.00250603 0.144327 0
0.0638172 0.000268713 0.144327 0
0.0715049 2.15547e-05 0.144327 0
0.0801299 1.28738e-06 0.144327 0
0.0898068 5.71189e-08 0.144327 0
0.100664 2.07742e-09 0.144327 0
0.112844 0 0.144327 0
0.126511 0 0.144327 0
0.141843 0 0.144327 0
0.159046 0 0.144327 0
0.178346 0 0.144327 0
