TITLE="Graphics"
VARIABLES= "rj, m", "q, W", "rho, kg/m^3", "u_r, m/s" 
0.0005125 63056.3 0.527464 0
0.0005375 237166 0.390817 0
0.0005625 193581 0.334243 0
0.0005875 170129 0.301225 0
0.0006125 153015 0.279009 0
0.0006375 139235 0.262816 0
0.0006625 127640 0.250382 0
0.0006875 117647 0.24048 0
0.0007125 108902 0.232376 0
0.0007375 101171 0.225601 0
0.0007625 94280.4 0.219842 0
0.0007875 88101.6 0.214878 0
0.0008125 82532 0.210549 0
0.0008375 77489.1 0.206737 0
0.0008625 72905.3 0.203353 0
0.0008875 68724.4 0.200325 0
0.0009125 64899 0.197598 0
0.0009375 61388.7 0.19513 0
0.0009625 58159.2 0.192883 0
0.0009875 55180.7 0.190829 0
0.0010125 52427.3 0.188944 0
0.00104053 49766.5 0.187004 0
0.00107197 47014.4 0.185022 0
0.00110723 44189 0.183008 0
0.00114676 41311.2 0.180973 0
0.0011911 38404.3 0.178932 0
0.00124081 35493.2 0.176896 0
0.00129656 32604.1 0.174878 0
0.00135908 29763.4 0.17289 0
0.00142919 26996.7 0.170943 0
0.00150781 24328.4 0.169049 0
0.00159598 21780.1 0.167216 0
0.00169485 19370.4 0.165452 0
0.00180572 17114.4 0.163764 0
0.00193005 15023 0.162157 0
0.00206947 13102.8 0.160634 0
0.00222582 11356.6 0.159199 0
0.00240114 9783.4 0.157851 0
0.00259776 8378.65 0.156592 0
0.00281824 7135.15 0.15542 0
0.00306548 6043.48 0.154333 0
0.00334275 5092.62 0.153329 0
0.00365367 4270.57 0.152403 0
0.00400233 3564.86 0.151553 0
0.00439333 2963 0.150775 0
0.00483178 2452.86 0.150064 0
0.00532347 2022.9 0.149416 0
0.00587484 1662.44 0.148827 0
0.00649315 1361.7 0.148293 0
0.00718653 1111.9 0.147809 0
0.00796407 905.229 0.147371 0
0.00883601 734.866 0.146977 0
0.0098138 594.883 0.146622 0
0.0109103 480.188 0.146302 0
0.0121399 386.441 0.146016 0
0.0135188 309.973 0.145761 0
0.015065 247.702 0.145533 0
0.016799 197.059 0.14533 0
0.0187435 155.911 0.145151 0
0.020924 122.507 0.144994 0
0.0233692 95.4104 0.144858 0
0.0261113 73.4597 0.14474 0
0.0291863 55.7201 0.14464 0
0.0326345 41.4483 0.144557 0
0.0365014 30.0583 0.14449 0
0.0408377 21.0902 0.144437 0
0.0457004 14.1786 0.144397 0
0.0511534 9.02183 0.144368 0
0.0572684 5.35057 0.144349 0
0.0641258 2.90242 0.144338 0
0.0718156 1.40775 0.144332 0
0.080439 0.594631 0.144329 0
0.0901092 0.212447 0.144327 0
0.100953 0.0622927 0.144327 0
0.113114 0.0145679 0.144327 0
0.126751 0.00265132 0.144327 0
0.142043 0.000368442 0.144327 0
0.159192 3.8579e-05 0.144327 0
0.178422 3.01894e-06 0.144327 0
