TITLE="Graphics"
VARIABLES= "rj, m", "q, W", "rho, kg/m^3", "u_r, m/s" 
0.0005125 64526.9 0.566922 0
0.0005375 250952 0.401286 0
0.0005625 199649 0.339196 0
0.0005875 174606 0.304024 0
0.0006125 156761 0.280711 0
0.0006375 142523 0.263871 0
0.0006625 130593 0.25102 0
0.0006875 120333 0.24083 0
0.0007125 111368 0.232518 0
0.0007375 103448 0.225588 0
0.0007625 96393.4 0.219709 0
0.0007875 90069.6 0.21465 0
0.0008125 84370.9 0.210244 0
0.0008375 79212.1 0.20637 0
0.0008625 74523.8 0.202933 0
0.0008875 70248 0.199861 0
0.0009125 66336.1 0.197098 0
0.0009375 62746.7 0.194598 0
0.0009625 59444.6 0.192323 0
0.0009875 56399.2 0.190245 0
0.0010125 53584.2 0.188339 0
0.00104053 50864.4 0.186379 0
0.00107197 48051.3 0.184376 0
0.00110723 45163.2 0.182342 0
0.00114676 42221.5 0.180289 0
0.0011911 39250 0.17823 0
0.00124081 36274.2 0.176177 0
0.00129656 33320.8 0.174143 0
0.00135908 30416.8 0.172141 0
0.00142919 27588.6 0.170181 0
0.00150781 24860.8 0.168274 0
0.00159598 22255.7 0.16643 0
0.00169485 19792.3 0.164657 0
0.00180572 17485.9 0.16296 0
0.00193005 15347.6 0.161345 0
0.00206947 13384.4 0.159816 0
0.00222582 11599 0.158375 0
0.00240114 9990.21 0.157023 0
0.00259776 8553.61 0.15576 0
0.00281824 7281.74 0.154585 0
0.00306548 6164.95 0.153496 0
0.00334275 5191.98 0.152491 0
0.00365367 4350.54 0.151565 0
0.00400233 3627.86 0.150716 0
0.00439333 3011.18 0.14994 0
0.00483178 2488.06 0.149232 0
0.00532347 2046.74 0.148588 0
0.00587484 1676.25 0.148005 0
0.00649315 1366.61 0.147478 0
0.00718653 1108.83 0.147004 0
0.00796407 894.978 0.14658 0
0.00883601 718.087 0.146201 0
0.0098138 572.154 0.145865 0
0.0109103 452.05 0.14557 0
0.0121399 353.449 0.145312 0
0.0135188 272.744 0.145091 0
0.015065 206.97 0.144903 0
0.016799 153.718 0.144747 0
0.0187435 111.054 0.144621 0
0.020924 77.426 0.144523 0
0.0233692 51.5687 0.14445 0
0.0261113 32.3948 0.144399 0
0.0291863 18.8896 0.144365 0
0.0326345 10.026 0.144345 0
0.0365014 4.73165 0.144334 0
0.0408377 1.93259 0.144329 0
0.0457004 0.66324 0.144328 0
0.0511534 0.185584 0.144327 0
0.0572684 0.0411714 0.144327 0
0.0641258 0.00707298 0.144327 0
0.0718156 0.000924227 0.144327 0
0.080439 9.07413e-05 0.144327 0
0.0901092 6.64483e-06 0.144327 0
0.100953 3.61501e-07 0.144327 0
0.113114 1.45731e-08 0.144327 0
0.126751 2.77504e-11 0.144327 0
0.142043 0 0.144327 0
0.159192 0 0.144327 0
0.178422 0 0.144327 0
