TITLE="Graphics"
VARIABLES= "rj, m", "q, W", "rho, kg/m^3", "u_r, m/s" 
0.0005125 62993.5 0.524141 0
0.0005375 236212 0.389772 0
0.0005625 193183 0.333692 0
0.0005875 169849 0.300875 0
0.0006125 152787 0.278765 0
0.0006375 139039 0.262636 0
0.0006625 127466 0.250244 0
0.0006875 117489 0.240371 0
0.0007125 108758 0.232289 0
0.0007375 101038 0.225531 0
0.0007625 94157.4 0.219785 0
0.0007875 87987.2 0.214831 0
0.0008125 82425.2 0.210511 0
0.0008375 77389.1 0.206706 0
0.0008625 72811.5 0.203327 0
0.0008875 68636.1 0.200304 0
0.0009125 64815.7 0.197582 0
0.0009375 61310.1 0.195117 0
0.0009625 58084.8 0.192874 0
0.0009875 55110.1 0.190823 0
0.0010125 52360.3 0.18894 0
0.00104053 49702.9 0.187003 0
0.00107197 46954.3 0.185023 0
0.00110723 44132.6 0.183011 0
0.00114676 41258.5 0.180979 0
0.0011911 38355.3 0.17894 0
0.00124081 35447.9 0.176906 0
0.00129656 32562.5 0.17489 0
0.00135908 29725.4 0.172904 0
0.00142919 26962.3 0.17096 0
0.00150781 24297.4 0.169067 0
0.00159598 21752.4 0.167236 0
0.00169485 19345.8 0.165473 0
0.00180572 17092.7 0.163786 0
0.00193005 15003.9 0.162181 0
0.00206947 13086.2 0.160659 0
0.00222582 11342.3 0.159225 0
0.00240114 9771.04 0.157879 0
0.00259776 8368.09 0.15662 0
0.00281824 7126.19 0.155449 0
0.00306548 6035.92 0.154363 0
0.00334275 5086.29 0.153359 0
0.00365367 4265.3 0.152434 0
0.00400233 3560.5 0.151584 0
0.00439333 2959.43 0.150806 0
0.00483178 2449.95 0.150096 0
0.00532347 2020.57 0.149448 0
0.00587484 1660.59 0.148859 0
0.00649315 1360.26 0.148325 0
0.00718653 1110.81 0.147841 0
0.00796407 904.442 0.147404 0
0.00883601 734.342 0.147009 0
0.0098138 594.591 0.146654 0
0.0109103 480.104 0.146335 0
0.0121399 386.548 0.146048 0
0.0135188 310.257 0.145792 0
0.015065 248.155 0.145564 0
0.016799 197.673 0.14536 0
0.0187435 156.68 0.145181 0
0.020924 123.419 0.145022 0
0.0233692 96.4518 0.144884 0
0.0261113 74.6087 0.144765 0
0.0291863 56.9469 0.144663 0
0.0326345 42.7142 0.144577 0
0.0365014 31.3165 0.144506 0
0.0408377 22.288 0.14445 0
0.0457004 15.2626 0.144407 0
0.0511534 9.94443 0.144376 0
0.0572684 6.07878 0.144355 0
0.0641258 3.42595 0.144341 0
0.0718156 1.743 0.144333 0
0.080439 0.780798 0.144329 0
0.0901092 0.299409 0.144328 0
0.100953 0.0953787 0.144327 0
0.113114 0.0245077 0.144327 0
0.126751 0.00494735 0.144327 0
0.142043 0.000768096 0.144327 0
0.159192 9.03017e-05 0.144327 0
0.178422 7.96005e-06 0.144327 0
