TITLE="Graphics"
VARIABLES= "rj, m", "q, W", "rho, kg/m^3", "u_r, m/s" 
0.0005125 63775.5 0.554794 0
0.0005375 245552 0.398669 0
0.0005625 197058 0.338213 0
0.0005875 172607 0.303648 0
0.0006125 155053 0.280634 0
0.0006375 141007 0.263963 0
0.0006625 129222 0.251218 0
0.0006875 119081 0.241099 0
0.0007125 110216 0.232836 0
0.0007375 102381 0.225942 0
0.0007625 95402.5 0.22009 0
0.0007875 89145.8 0.215052 0
0.0008125 83507 0.210662 0
0.0008375 78402.2 0.206801 0
0.0008625 73762.7 0.203374 0
0.0008875 69531.2 0.200311 0
0.0009125 65659.8 0.197554 0
0.0009375 62107.6 0.19506 0
0.0009625 58839.6 0.19279 0
0.0009875 55825.6 0.190716 0
0.0010125 53039.6 0.188813 0
0.00104053 50347.6 0.186856 0
0.00107197 47563.3 0.184856 0
0.00110723 44704.9 0.182825 0
0.00114676 41793.4 0.180774 0
0.0011911 38852.3 0.178717 0
0.00124081 35907.1 0.176666 0
0.00129656 32984 0.174634 0
0.00135908 30110 0.172633 0
0.00142919 27310.9 0.170674 0
0.00150781 24611.2 0.168768 0
0.00159598 22032.9 0.166924 0
0.00169485 19595 0.16515 0
0.00180572 17312.4 0.163453 0
0.00193005 15196.4 0.161838 0
0.00206947 13253.6 0.160309 0
0.00222582 11486.9 0.158867 0
0.00240114 9895.07 0.157514 0
0.00259776 8473.7 0.15625 0
0.00281824 7215.44 0.155073 0
0.00306548 6110.76 0.153982 0
0.00334275 5148.51 0.152974 0
0.00365367 4316.53 0.152046 0
0.00400233 3602.2 0.151194 0
0.00439333 2992.89 0.150414 0
0.00483178 2476.3 0.149702 0
0.00532347 2040.78 0.149054 0
0.00587484 1675.5 0.148465 0
0.00649315 1370.57 0.147931 0
0.00718653 1117.08 0.147449 0
0.00796407 907.163 0.147014 0
0.00883601 733.895 0.146623 0
0.0098138 591.29 0.146273 0
0.0109103 474.206 0.14596 0
0.0121399 378.272 0.145682 0
0.0135188 299.803 0.145437 0
0.015065 235.721 0.145222 0
0.016799 183.477 0.145034 0
0.0187435 140.983 0.144874 0
0.020924 106.546 0.144738 0
0.0233692 78.8071 0.144626 0
0.0261113 56.6892 0.144535 0
0.0291863 39.3364 0.144465 0
0.0326345 26.0574 0.144413 0
0.0365014 16.2635 0.144377 0
0.0408377 9.40927 0.144353 0
0.0457004 4.94641 0.144339 0
0.0511534 2.30716 0.144332 0
0.0572684 0.929065 0.144329 0
0.0641258 0.313541 0.144327 0
0.0718156 0.0860613 0.144327 0
0.080439 0.0186894 0.144327 0
0.0901092 0.00313808 0.144327 0
0.100953 0.00040041 0.144327 0
0.113114 3.83747e-05 0.144327 0
0.126751 2.74372e-06 0.144327 0
0.142043 1.47047e-07 0.144327 0
0.159192 4.38257e-09 0.144327 0
0.178422 0 0.144327 0
