TITLE="Graphics"
VARIABLES= "rj, m", "q, W", "rho, kg/m^3", "u_r, m/s" 
0.0005125 63257.3 0.538274 0
0.0005375 240198 0.394133 0
0.0005625 194792 0.335991 0
0.0005875 170967 0.302336 0
0.0006125 153693 0.279788 0
0.0006375 139819 0.263394 0
0.0006625 128159 0.250828 0
0.0006875 118115 0.240833 0
0.0007125 109330 0.232661 0
0.0007375 101564 0.225835 0
0.0007625 94644.7 0.220035 0
0.0007875 88440.3 0.215039 0
0.0008125 82847.9 0.210684 0
0.0008375 77784.8 0.20685 0
0.0008625 73182.9 0.203446 0
0.0008875 68985.5 0.200403 0
0.0009125 65145.1 0.197663 0
0.0009375 61621.2 0.195183 0
0.0009625 58379.2 0.192926 0
0.0009875 55389.2 0.190863 0
0.0010125 52625.2 0.188969 0
0.00104053 49954.3 0.187022 0
0.00107197 47191.8 0.185031 0
0.00110723 44355.8 0.183009 0
0.00114676 41467.1 0.180968 0
0.0011911 38549.2 0.178919 0
0.00124081 35627 0.176876 0
0.00129656 32727 0.174851 0
0.00135908 29875.5 0.172857 0
0.00142919 27098.4 0.170904 0
0.00150781 24419.9 0.169005 0
0.00159598 21861.9 0.167166 0
0.00169485 19443.1 0.165398 0
0.00180572 17178.6 0.163705 0
0.00193005 15079.2 0.162094 0
0.00206947 13151.7 0.160568 0
0.00222582 11398.9 0.159129 0
0.00240114 9819.72 0.157779 0
0.00259776 8409.62 0.156517 0
0.00281824 7161.39 0.155343 0
0.00306548 6065.54 0.154254 0
0.00334275 5111.03 0.153247 0
0.00365367 4285.81 0.15232 0
0.00400233 3577.36 0.151469 0
0.00439333 2973.14 0.150689 0
0.00483178 2460.96 0.149977 0
0.00532347 2029.27 0.149329 0
0.00587484 1667.32 0.148739 0
0.00649315 1365.3 0.148204 0
0.00718653 1114.39 0.14772 0
0.00796407 906.776 0.147283 0
0.00883601 735.589 0.146889 0
0.0098138 594.886 0.146534 0
0.0109103 479.557 0.146216 0
0.0121399 385.249 0.145932 0
0.0135188 308.282 0.145678 0
0.015065 245.567 0.145452 0
0.016799 194.529 0.145253 0
0.0187435 153.039 0.145077 0
0.020924 119.346 0.144925 0
0.0233692 92.0233 0.144793 0
0.0261113 69.9201 0.144681 0
0.0291863 52.1179 0.144588 0
0.0326345 37.8907 0.144512 0
0.0365014 26.6682 0.144452 0
0.0408377 17.9981 0.144407 0
0.0457004 11.5079 0.144375 0
0.0511534 6.86681 0.144353 0
0.0572684 3.75357 0.14434 0
0.0641258 1.83806 0.144332 0
0.0718156 0.785572 0.144329 0
0.080439 0.284678 0.144327 0
0.0901092 0.0848801 0.144327 0
0.100953 0.0202338 0.144327 0
0.113114 0.0037616 0.144327 0
0.126751 0.000534879 0.144327 0
0.142043 5.73834e-05 0.144327 0
0.159192 4.60481e-06 0.144327 0
0.178422 2.73853e-07 0.144327 0
