TITLE="Graphics"
VARIABLES= "rj, m", "q, W", "rho, kg/m^3", "u_r, m/s" 
0.0005125 63168 0.533762 0
0.0005375 238921 0.392772 0
0.0005625 194284 0.335279 0
0.0005875 170615 0.301885 0
0.0006125 153407 0.279474 0
0.0006375 139573 0.263162 0
0.0006625 127940 0.250651 0
0.0006875 117917 0.240694 0
0.0007125 109149 0.232549 0
0.0007375 101398 0.225744 0
0.0007625 94490.9 0.219961 0
0.0007875 88297.2 0.214977 0
0.0008125 82714.5 0.210633 0
0.0008375 77659.9 0.206808 0
0.0008625 73065.6 0.203412 0
0.0008875 68875.2 0.200375 0
0.0009125 65041.2 0.197641 0
0.0009375 61523 0.195165 0
0.0009625 58286.3 0.192912 0
0.0009875 55301.1 0.190853 0
0.0010125 52541.7 0.188963 0
0.00104053 49875 0.187019 0
0.00107197 47116.9 0.185031 0
0.00110723 44285.4 0.183012 0
0.00114676 41401.3 0.180974 0
0.0011911 38488 0.178928 0
0.00124081 35570.6 0.176888 0
0.00129656 32675.2 0.174866 0
0.00135908 29828.2 0.172874 0
0.00142919 27055.6 0.170924 0
0.00150781 24381.4 0.169026 0
0.00159598 21827.5 0.16719 0
0.00169485 19412.6 0.165423 0
0.00180572 17151.7 0.163732 0
0.00193005 15055.6 0.162123 0
0.00206947 13131.3 0.160598 0
0.00222582 11381.3 0.159161 0
0.00240114 9804.65 0.157812 0
0.00259776 8396.83 0.156551 0
0.00281824 7150.62 0.155377 0
0.00306548 6056.56 0.154289 0
0.00334275 5103.62 0.153283 0
0.00365367 4279.76 0.152357 0
0.00400233 3572.49 0.151506 0
0.00439333 2969.28 0.150727 0
0.00483178 2457.98 0.150015 0
0.00532347 2027.04 0.149367 0
0.00587484 1665.73 0.148777 0
0.00649315 1364.26 0.148242 0
0.00718653 1113.81 0.147758 0
0.00796407 906.583 0.14732 0
0.00883601 735.725 0.146926 0
0.0098138 595.299 0.146571 0
0.0109103 480.202 0.146252 0
0.0121399 386.088 0.145967 0
0.0135188 309.284 0.145712 0
0.015065 246.707 0.145485 0
0.016799 195.785 0.145284 0
0.0187435 154.392 0.145107 0
0.020924 120.777 0.144952 0
0.0233692 93.5118 0.144819 0
0.0261113 71.4411 0.144704 0
0.0291863 53.6386 0.144608 0
0.0326345 39.3697 0.144529 0
0.0365014 28.0569 0.144466 0
0.0408377 19.2444 0.144418 0
0.0457004 12.5643 0.144383 0
0.0511534 7.6998 0.144358 0
0.0572684 4.35346 0.144343 0
0.0641258 2.22375 0.144334 0
0.0718156 1.00107 0.14433 0
0.080439 0.386147 0.144328 0
0.0901092 0.123859 0.144327 0
0.100953 0.032073 0.144327 0
0.113114 0.00652918 0.144327 0
0.126751 0.00102266 0.144327 0
0.142043 0.000121319 0.144327 0
0.159192 1.07886e-05 0.144327 0
0.178422 7.14423e-07 0.144327 0
