TITLE="Graphics"
VARIABLES= "rj, m", "q, W", "rho, kg/m^3", "u_r, m/s" 
0.0005125 62886.1 0.515841 0
0.0005375 234000 0.387042 0
0.0005625 192295 0.332208 0
0.0005875 169243 0.299907 0
0.0006125 152301 0.278072 0
0.0006375 138623 0.262108 0
0.0006625 127098 0.249827 0
0.0006875 117158 0.240032 0
0.0007125 108456 0.232007 0
0.0007375 100761 0.225293 0
0.0007625 93901.3 0.219581 0
0.0007875 87749.3 0.214655 0
0.0008125 82203.3 0.210357 0
0.0008375 77181.6 0.206571 0
0.0008625 72616.8 0.203208 0
0.0008875 68453.1 0.200199 0
0.0009125 64643.2 0.197489 0
0.0009375 61147.2 0.195034 0
0.0009625 57930.7 0.1928 0
0.0009875 54964.1 0.190757 0
0.0010125 52221.7 0.188881 0
0.00104053 49571.3 0.186951 0
0.00107197 46830 0.184978 0
0.00110723 44015.8 0.182973 0
0.00114676 41149.3 0.180948 0
0.0011911 38253.8 0.178915 0
0.00124081 35354.2 0.176887 0
0.00129656 32476.5 0.174877 0
0.00135908 29647 0.172897 0
0.00142919 26891.3 0.170958 0
0.00150781 24233.4 0.16907 0
0.00159598 21695.2 0.167243 0
0.00169485 19295 0.165485 0
0.00180572 17047.9 0.163802 0
0.00193005 14964.7 0.1622 0
0.00206947 13052.1 0.160682 0
0.00222582 11312.8 0.15925 0
0.00240114 9745.79 0.157907 0
0.00259776 8346.59 0.156651 0
0.00281824 7108.02 0.155482 0
0.00306548 6020.67 0.154397 0
0.00334275 5073.59 0.153395 0
0.00365367 4254.82 0.152472 0
0.00400233 3551.93 0.151624 0
0.00439333 2952.49 0.150847 0
0.00483178 2444.41 0.150137 0
0.00532347 2016.21 0.14949 0
0.00587484 1657.24 0.148902 0
0.00649315 1357.76 0.148368 0
0.00718653 1109.01 0.147885 0
0.00796407 903.237 0.147447 0
0.00883601 733.635 0.147053 0
0.0098138 594.3 0.146697 0
0.0109103 480.161 0.146378 0
0.0121399 386.896 0.146091 0
0.0135188 310.852 0.145834 0
0.015065 248.958 0.145605 0
0.016799 198.653 0.1454 0
0.0187435 157.811 0.145219 0
0.020924 124.68 0.145059 0
0.0233692 97.8217 0.144919 0
0.0261113 76.0656 0.144797 0
0.0291863 58.4647 0.144692 0
0.0326345 44.2598 0.144603 0
0.0365014 32.8481 0.144529 0
0.0408377 23.7556 0.144469 0
0.0457004 16.6105 0.144422 0
0.0511534 11.1185 0.144387 0
0.0572684 7.03563 0.144362 0
0.0641258 4.14343 0.144346 0
0.0718156 2.22782 0.144336 0
0.080439 1.06872 0.144331 0
0.0901092 0.445375 0.144328 0
0.100953 0.156573 0.144327 0
0.113114 0.045056 0.144327 0
0.126751 0.0103165 0.144327 0
0.142043 0.00183482 0.144327 0
0.159192 0.000248825 0.144327 0
0.178422 2.54127e-05 0.144327 0
