TITLE="Graphics"
VARIABLES= "rj, m", "q, W", "rho, kg/m^3", "u_r, m/s" 
0.0005125 63597.9 0.55034 0
0.0005375 243968 0.397528 0
0.0005625 196361 0.337686 0
0.0005875 172091 0.303358 0
0.0006125 154620 0.280463 0
0.0006375 140626 0.263863 0
0.0006625 128880 0.251164 0
0.0006875 118769 0.241075 0
0.0007125 109929 0.232835 0
0.0007375 102117 0.225958 0
0.0007625 95157.1 0.220118 0
0.0007875 88917.2 0.21509 0
0.0008125 83293.3 0.210709 0
0.0008375 78202 0.206854 0
0.0008625 73574.6 0.203433 0
0.0008875 69354.2 0.200374 0
0.0009125 65492.8 0.197621 0
0.0009375 61949.7 0.19513 0
0.0009625 58690.1 0.192864 0
0.0009875 55683.9 0.190792 0
0.0010125 52905 0.188891 0
0.00104053 50219.9 0.186936 0
0.00107197 47442.6 0.184939 0
0.00110723 44591.5 0.182909 0
0.00114676 41687.4 0.180861 0
0.0011911 38753.8 0.178805 0
0.00124081 35816.1 0.176756 0
0.00129656 32900.5 0.174725 0
0.00135908 30033.7 0.172726 0
0.00142919 27241.8 0.170768 0
0.00150781 24549 0.168864 0
0.00159598 21977.3 0.167021 0
0.00169485 19545.5 0.165248 0
0.00180572 17268.8 0.163552 0
0.00193005 15158.2 0.161938 0
0.00206947 13220.4 0.160409 0
0.00222582 11458.2 0.158967 0
0.00240114 9870.42 0.157615 0
0.00259776 8452.71 0.156351 0
0.00281824 7197.7 0.155175 0
0.00306548 6095.88 0.154084 0
0.00334275 5136.14 0.153077 0
0.00365367 4306.36 0.152149 0
0.00400233 3593.95 0.151297 0
0.00439333 2986.31 0.150517 0
0.00483178 2471.19 0.149804 0
0.00532347 2036.96 0.149156 0
0.00587484 1672.81 0.148566 0
0.00649315 1368.89 0.148032 0
0.00718653 1116.33 0.147549 0
0.00796407 907.257 0.147113 0
0.00883601 734.778 0.146721 0
0.0098138 592.917 0.146369 0
0.0109103 476.537 0.146054 0
0.0121399 381.27 0.145774 0
0.0135188 303.423 0.145525 0
0.015065 239.907 0.145305 0
0.016799 188.153 0.145113 0
0.0187435 146.049 0.144946 0
0.020924 111.87 0.144803 0
0.0233692 84.2269 0.144683 0
0.0261113 62.0123 0.144584 0
0.0291863 44.3509 0.144505 0
0.0326345 30.5503 0.144444 0
0.0365014 20.0497 0.144399 0
0.0408377 12.3668 0.144368 0
0.0457004 7.04877 0.144348 0
0.0511534 3.6369 0.144337 0
0.0572684 1.6577 0.144331 0
0.0641258 0.649195 0.144328 0
0.0718156 0.212027 0.144327 0
0.080439 0.0560648 0.144327 0
0.0901092 0.0116849 0.144327 0
0.100953 0.0018778 0.144327 0
0.113114 0.000228941 0.144327 0
0.126751 2.09497e-05 0.144327 0
0.142043 1.43073e-06 0.144327 0
0.159192 7.06552e-08 0.144327 0
0.178422 3.41027e-09 0.144327 0
