TITLE="Graphics"
VARIABLES= "rj, m", "q, W", "rho, kg/m^3", "u_r, m/s" 
0.0005125 64129.7 0.561742 0
0.0005375 248326 0.400298 0
0.0005625 198334 0.3389 0
0.0005875 173574 0.303978 0
0.0006125 155873 0.280786 0
0.0006375 141732 0.264014 0
0.0006625 129876 0.251203 0
0.0006875 119678 0.24104 0
0.0007125 110764 0.232746 0
0.0007375 102889 0.225829 0
0.0007625 95873.5 0.219959 0
0.0007875 89584.8 0.214907 0
0.0008125 83917.4 0.210507 0
0.0008375 78786.9 0.206637 0
0.0008625 74124.2 0.203203 0
0.0008875 69871.6 0.200134 0
0.0009125 65981 0.197372 0
0.0009375 62411.1 0.194873 0
0.0009625 59126.9 0.1926 0
0.0009875 56098 0.190523 0
0.0010125 53298.2 0.188617 0
0.00104053 50593 0.186658 0
0.00107197 47795.1 0.184656 0
0.00110723 44922.6 0.182622 0
0.00114676 41996.8 0.180569 0
0.0011911 39041.3 0.17851 0
0.00124081 36081.5 0.176457 0
0.00129656 33144.1 0.174423 0
0.00135908 30255.9 0.172421 0
0.00142919 27443 0.170461 0
0.00150781 24730 0.168554 0
0.00159598 22139.1 0.166709 0
0.00169485 19689.1 0.164934 0
0.00180572 17395.2 0.163237 0
0.00193005 15268.7 0.161621 0
0.00206947 13316.2 0.160091 0
0.00222582 11540.7 0.158649 0
0.00240114 9940.91 0.157296 0
0.00259776 8512.37 0.156032 0
0.00281824 7247.73 0.154856 0
0.00306548 6137.38 0.153765 0
0.00334275 5170.12 0.152758 0
0.00365367 4333.75 0.151831 0
0.00400233 3615.56 0.150979 0
0.00439333 3002.86 0.150201 0
0.00483178 2483.3 0.14949 0
0.00532347 2045.15 0.148843 0
0.00587484 1677.54 0.148256 0
0.00649315 1370.51 0.147725 0
0.00718653 1115.14 0.147246 0
0.00796407 903.49 0.146815 0
0.00883601 728.637 0.146428 0
0.0098138 584.57 0.146084 0
0.0109103 466.14 0.145778 0
0.0121399 368.983 0.145508 0
0.0135188 289.434 0.145271 0
0.015065 224.449 0.145067 0
0.016799 171.528 0.144893 0
0.0187435 128.644 0.144747 0
0.020924 94.1691 0.144627 0
0.0233692 66.8075 0.144532 0
0.0261113 45.5207 0.14446 0
0.0291863 29.4491 0.144407 0
0.0326345 17.8301 0.144371 0
0.0365014 9.92463 0.144349 0
0.0408377 4.97017 0.144337 0
0.0457004 2.1832 0.144331 0
0.0511534 0.817489 0.144328 0
0.0572684 0.253191 0.144327 0
0.0641258 0.0629898 0.144327 0
0.0718156 0.0122664 0.144327 0
0.080439 0.00183156 0.144327 0
0.0901092 0.000206608 0.144327 0
0.100953 1.74403e-05 0.144327 0
0.113114 1.09527e-06 0.144327 0
0.126751 5.24815e-08 0.144327 0
0.142043 8.21575e-10 0.144327 0
0.159192 0 0.144327 0
0.178422 0 0.144327 0
