TITLE="Graphics"
VARIABLES= "rj, m", "q, W", "rho, kg/m^3", "u_r, m/s" 
0.000513889 63385.3 0.516036 0
0.000541667 236700 0.378673 0
0.000569444 189783 0.323515 0
0.000597222 165129 0.291652 0
0.000625 147291 0.270344 0
0.000652778 133042 0.254879 0
0.000680556 121148 0.243046 0
0.000708333 110978 0.233649 0
0.000736111 102148 0.225976 0
0.000763889 94397.6 0.219577 0
0.000791667 87539 0.214148 0
0.000819444 81429.3 0.209476 0
0.000847222 75956.3 0.205409 0
0.000875 71030.3 0.201833 0
0.000902778 66577.7 0.198662 0
0.000930556 62537.9 0.195829 0
0.000958333 58860 0.193281 0
0.000986111 55501.2 0.190976 0
0.00101389 52424.8 0.188881 0
0.00104167 49599.6 0.186968 0
0.00106944 46998.5 0.185213 0
0.00110053 44493.1 0.183413 0
0.00113532 41918 0.181579 0
0.00117424 39291 0.179719 0
0.00121781 36632 0.177846 0
0.00126656 33962.7 0.175971 0
0.00132111 31306.1 0.174104 0
0.00138216 28685.3 0.172258 0
0.00145048 26123.5 0.170442 0
0.00152694 23642.4 0.168666 0
0.0016125 21262.2 0.16694 0
0.00170824 19000.5 0.165271 0
0.00181538 16871.8 0.163667 0
0.00193529 14887.4 0.162133 0
0.00206947 13054.8 0.160672 0
0.00221962 11378 0.159289 0
0.00238765 9857.63 0.157985 0
0.00257569 8491.24 0.15676 0
0.00278612 7273.62 0.155615 0
0.00302161 6197.43 0.154549 0
0.00328513 5253.64 0.153559 0
0.00358003 4432.08 0.152643 0
0.00391004 3721.94 0.151799 0
0.00427935 3112.14 0.151023 0
0.00469263 2591.74 0.150311 0
0.00515512 2150.19 0.149659 0
0.00567267 1777.54 0.149065 0
0.00625185 1464.59 0.148524 0
0.00689999 1202.97 0.148032 0
0.0076253 985.166 0.147585 0
0.00843697 804.518 0.147182 0
0.00934528 655.197 0.146816 0
0.0103617 532.143 0.146487 0
0.0114992 431.004 0.146191 0
0.0127722 348.068 0.145925 0
0.0141967 280.19 0.145686 0
0.0157908 224.724 0.145473 0
0.0175747 179.457 0.145284 0
0.019571 142.55 0.145116 0
0.021805 112.484 0.144969 0
0.024305 88.0105 0.14484 0
0.0271027 68.1152 0.144729 0
0.0302335 51.978 0.144634 0
0.033737 38.9433 0.144554 0
0.0376577 28.4916 0.14449 0
0.0420453 20.2132 0.144438 0
0.0469552 13.7825 0.144399 0
0.0524498 8.93188 0.144371 0
0.0585986 5.42532 0.144351 0
0.0654795 3.0363 0.144339 0
0.0731797 1.53375 0.144332 0
0.0817967 0.682625 0.144329 0
0.0914397 0.260551 0.144328 0
0.102231 0.0828858 0.144327 0
0.114307 0.0213701 0.144327 0
0.127821 0.00435518 0.144327 0
0.142944 0.000687465 0.144327 0
0.159868 8.28011e-05 0.144327 0
0.178806 7.53652e-06 0.144327 0
