TITLE="Graphics"
VARIABLES= "rj, m", "q, W", "rho, kg/m^3", "u_r, m/s" 
0.0005125 63202.5 0.535602 0
0.0005375 239436 0.393332 0
0.0005625 194488 0.335574 0
0.0005875 170755 0.302073 0
0.0006125 153521 0.279605 0
0.0006375 139671 0.26326 0
0.0006625 128027 0.250726 0
0.0006875 117996 0.240753 0
0.0007125 109221 0.232597 0
0.0007375 101464 0.225783 0
0.0007625 94551.9 0.219993 0
0.0007875 88354 0.215005 0
0.0008125 82767.4 0.210656 0
0.0008375 77709.4 0.206827 0
0.0008625 73112.1 0.203428 0
0.0008875 68919 0.200388 0
0.0009125 65082.4 0.197652 0
0.0009375 61562 0.195174 0
0.0009625 58323.2 0.19292 0
0.0009875 55336.1 0.190859 0
0.0010125 52574.8 0.188967 0
0.00104053 49906.5 0.187022 0
0.00107197 47146.6 0.185033 0
0.00110723 44313.3 0.183013 0
0.00114676 41427.5 0.180973 0
0.0011911 38512.3 0.178926 0
0.00124081 35593 0.176884 0
0.00129656 32695.7 0.174861 0
0.00135908 29847 0.172868 0
0.00142919 27072.6 0.170918 0
0.00150781 24396.7 0.169019 0
0.00159598 21841.2 0.167182 0
0.00169485 19424.8 0.165414 0
0.00180572 17162.4 0.163723 0
0.00193005 15065 0.162112 0
0.00206947 13139.5 0.160587 0
0.00222582 11388.4 0.159149 0
0.00240114 9810.7 0.1578 0
0.00259776 8401.99 0.156539 0
0.00281824 7154.98 0.155365 0
0.00306548 6060.22 0.154276 0
0.00334275 5106.66 0.15327 0
0.00365367 4282.27 0.152343 0
0.00400233 3574.54 0.151492 0
0.00439333 2970.93 0.150713 0
0.00483178 2459.29 0.150001 0
0.00532347 2028.06 0.149352 0
0.00587484 1666.49 0.148762 0
0.00649315 1364.8 0.148228 0
0.00718653 1114.17 0.147743 0
0.00796407 906.779 0.147306 0
0.00883601 735.781 0.146911 0
0.0098138 595.233 0.146557 0
0.0109103 480.03 0.146238 0
0.0121399 385.824 0.145953 0
0.0135188 308.941 0.145698 0
0.015065 246.295 0.145472 0
0.016799 195.317 0.145272 0
0.0187435 153.877 0.145095 0
0.020924 120.226 0.144941 0
0.0233692 92.9342 0.144808 0
0.0261113 70.8485 0.144695 0
0.0291863 53.0442 0.1446 0
0.0326345 38.7897 0.144522 0
0.0365014 27.51 0.144461 0
0.0408377 18.7509 0.144414 0
0.0457004 12.143 0.144379 0
0.0511534 7.36475 0.144356 0
0.0572684 4.10954 0.144342 0
0.0641258 2.06482 0.144333 0
0.0718156 0.910809 0.144329 0
0.080439 0.342819 0.144328 0
0.0901092 0.106841 0.144327 0
0.100953 0.0267748 0.144327 0
0.113114 0.00525761 0.144327 0
0.126751 0.000792379 0.144327 0
0.142043 9.03001e-05 0.144327 0
0.159192 7.70674e-06 0.144327 0
0.178422 4.89214e-07 0.144327 0
