TITLE="Graphics"
VARIABLES= "rj, m", "q, W", "rho, kg/m^3", "u_r, m/s" 
0.0005125 65014.8 0.570949 0
0.0005375 253773 0.40177 0
0.0005625 201187 0.339148 0
0.0005875 175846 0.303796 0
0.0006125 157841 0.280403 0
0.0006375 143491 0.263521 0
0.0006625 131473 0.250647 0
0.0006875 121140 0.240444 0
0.0007125 112113 0.232124 0
0.0007375 104138 0.225189 0
0.0007625 97035 0.219307 0
0.0007875 90668.3 0.214246 0
0.0008125 84930.9 0.209841 0
0.0008375 79737.4 0.205966 0
0.0008625 75017.4 0.20253 0
0.0008875 70712.9 0.199459 0
0.0009125 66774.7 0.196696 0
0.0009375 63161.3 0.194197 0
0.0009625 59837 0.191923 0
0.0009875 56771.2 0.189847 0
0.0010125 53937.3 0.187941 0
0.00104053 51199.3 0.185982 0
0.00107197 48367.4 0.183981 0
0.00110723 45460 0.181948 0
0.00114676 42498.6 0.179897 0
0.0011911 39507.1 0.177839 0
0.00124081 36511.3 0.175788 0
0.00129656 33538.1 0.173756 0
0.00135908 30614.6 0.171756 0
0.00142919 27767.3 0.169798 0
0.00150781 25021.1 0.167894 0
0.00159598 22398.3 0.166052 0
0.00169485 19918.2 0.164281 0
0.00180572 17596 0.162586 0
0.00193005 15443.1 0.160974 0
0.00206947 13466.3 0.159447 0
0.00222582 11668.5 0.158009 0
0.00240114 10048.5 0.15666 0
0.00259776 8601.62 0.1554 0
0.00281824 7320.54 0.154227 0
0.00306548 6195.49 0.153141 0
0.00334275 5215.12 0.152139 0
0.00365367 4367.06 0.151217 0
0.00400233 3638.46 0.150372 0
0.00439333 3016.44 0.1496 0
0.00483178 2488.51 0.148897 0
0.00532347 2042.81 0.148259 0
0.00587484 1668.31 0.147683 0
0.00649315 1354.99 0.147165 0
0.00718653 1093.84 0.1467 0
0.00796407 876.882 0.146287 0
0.00883601 697.194 0.145922 0
0.0098138 548.813 0.145602 0
0.0109103 426.685 0.145324 0
0.0121399 326.591 0.145088 0
0.0135188 245.056 0.14489 0
0.015065 179.258 0.144728 0
0.016799 126.917 0.144599 0
0.0187435 86.1755 0.144502 0
0.020924 55.4618 0.144432 0
0.0233692 33.341 0.144385 0
0.0261113 18.385 0.144356 0
0.0291863 9.09765 0.144339 0
0.0326345 3.93746 0.144332 0
0.0365014 1.44825 0.144328 0
0.0408377 0.439262 0.144327 0
0.0457004 0.106719 0.144327 0
0.0511534 0.0202457 0.144327 0
0.0572684 0.00293927 0.144327 0
0.0641258 0.000321885 0.144327 0
0.0718156 2.63455e-05 0.144327 0
0.080439 1.60316e-06 0.144327 0
0.0901092 7.34769e-08 0.144327 0
0.100953 1.57385e-09 0.144327 0
0.113114 0 0.144327 0
0.126751 0 0.144327 0
0.142043 0 0.144327 0
0.159192 0 0.144327 0
0.178422 0 0.144327 0
