TITLE="Graphics"
VARIABLES= "rj, m", "q, W", "rho, kg/m^3", "u_r, m/s" 
0.0005125 63111.3 0.530511 0
0.0005375 238023 0.391767 0
0.0005625 193929 0.334746 0
0.0005875 170370 0.301545 0
0.0006125 153210 0.279234 0
0.0006375 139404 0.262983 0
0.0006625 127790 0.250511 0
0.0006875 117782 0.240582 0
0.0007125 109026 0.232458 0
0.0007375 101284 0.225669 0
0.0007625 94385.7 0.219898 0
0.0007875 88199.5 0.214925 0
0.0008125 82623.3 0.210588 0
0.0008375 77574.5 0.20677 0
0.0008625 72985.5 0.20338 0
0.0008875 68799.9 0.200347 0
0.0009125 64970.1 0.197617 0
0.0009375 61456 0.195145 0
0.0009625 58222.8 0.192896 0
0.0009875 55241 0.190839 0
0.0010125 52484.5 0.188951 0
0.00104053 49820.8 0.18701 0
0.00107197 47065.7 0.185025 0
0.00110723 44237.3 0.183008 0
0.00114676 41356.4 0.180972 0
0.0011911 38446.2 0.178928 0
0.00124081 35532 0.17689 0
0.00129656 32639.7 0.17487 0
0.00135908 29795.9 0.17288 0
0.00142919 27026.2 0.170932 0
0.00150781 24355 0.169036 0
0.00159598 21803.9 0.167202 0
0.00169485 19391.6 0.165436 0
0.00180572 17133.2 0.163747 0
0.00193005 15039.4 0.162138 0
0.00206947 13117.2 0.160615 0
0.00222582 11369.1 0.159179 0
0.00240114 9794.18 0.15783 0
0.00259776 8387.9 0.15657 0
0.00281824 7143.06 0.155398 0
0.00306548 6050.2 0.15431 0
0.00334275 5098.31 0.153305 0
0.00365367 4275.37 0.152379 0
0.00400233 3568.88 0.151528 0
0.00439333 2966.36 0.15075 0
0.00483178 2455.64 0.150038 0
0.00532347 2025.2 0.14939 0
0.00587484 1664.31 0.148801 0
0.00649315 1363.2 0.148266 0
0.00718653 1113.07 0.147782 0
0.00796407 906.116 0.147344 0
0.00883601 735.494 0.14695 0
0.0098138 595.274 0.146594 0
0.0109103 480.359 0.146275 0
0.0121399 386.406 0.145989 0
0.0135188 309.744 0.145734 0
0.015065 247.292 0.145507 0
0.016799 196.481 0.145305 0
0.0187435 155.181 0.145127 0
0.020924 121.642 0.144971 0
0.0233692 94.4338 0.144836 0
0.0261113 72.399 0.14472 0
0.0291863 54.6082 0.144622 0
0.0326345 40.3234 0.144541 0
0.0365014 28.9631 0.144476 0
0.0408377 20.07 0.144426 0
0.0457004 13.2773 0.144389 0
0.0511534 8.27555 0.144362 0
0.0572684 4.78059 0.144346 0
0.0641258 2.50872 0.144336 0
0.0718156 1.16768 0.14433 0
0.080439 0.469018 0.144328 0
0.0901092 0.157806 0.144327 0
0.100953 0.0431623 0.144327 0
0.113114 0.0093361 0.144327 0
0.126751 0.00156082 0.144327 0
0.142043 0.000198249 0.144327 0
0.159192 1.89109e-05 0.144327 0
0.178422 1.34517e-06 0.144327 0
