TITLE="Graphics"
VARIABLES= "rj, m", "T, K", "Cp, J/kg*K", "DfCp, J/kg*K^2", "rho, kg/m^3", "Dfrho, kg/m^3*K", "Lambda, Watt/m*K", "DfLambda, Watt/m*K^2"
0 300.734 4185.69 -0.631536 980 0 0.611239 0
2.5e-05 300.734 4185.69 -0.631536 980 0 0.611239 0
5e-05 327.078 4183.18 0.34038 980 0 0.64808 0
7.5e-05 336.374 4187.44 0.569536 980 0 0.657374 0
0.0001 341.297 4190.52 0.677038 980 0 0.661604 0
0.000125 344.531 4192.81 0.743754 980 0 0.664136 0
0.00015 346.98 4194.7 0.792614 980 0 0.665928 0
0.000175 349.027 4196.36 0.832552 980 0 0.667346 0
0.0002 350.859 4197.92 0.867678 980 0 0.668553 0
0.000225 352.57 4199.43 0.900066 980 0 0.66963 0
0.00025 354.212 4200.93 0.930802 980 0 0.670618 0
0.000275 355.808 4202.44 0.960449 980 0 0.671537 0
0.0003 357.371 4203.96 0.989269 980 0 0.672397 0
0.000325 358.9 4205.5 1.01735 980 0 0.673203 0
0.00035 360.393 4207.04 1.04466 980 0 0.673955 0
0.000375 361.841 4208.57 1.07113 980 0 0.674653 0
0.0004 363.236 4210.08 1.09661 980 0 0.675296 0
0.000425 364.569 4211.56 1.12097 980 0 0.675885 0
0.00045 365.83 4212.99 1.14406 980 0 0.676419 0
0.000475 367.009 4214.35 1.16572 980 0 0.676898 0
0.0005 387.817 1897.88 0.452319 0.558227 -0.00143941 0.0253854 8.49536e-05
0.000525 545.841 1983.84 0.609626 0.396617 -0.000726617 0.040465 0.000104627
0.00055 644.786 2046.67 0.656622 0.335755 -0.000520724 0.0512846 0.000113743
0.000575 718.677 2096.08 0.679298 0.301234 -0.000419151 0.0599033 0.000119389
0.0006 777.781 2136.62 0.69174 0.278343 -0.000357869 0.0670779 0.000123312
0.000625 826.91 2170.79 0.698778 0.261806 -0.000316608 0.0732088 0.000126221
0.00065 868.787 2200.14 0.702616 0.249187 -0.000286821 0.0785425 0.000128474
0.000675 905.129 2225.71 0.704426 0.239182 -0.000264252 0.0832446 0.000130275
0.0007 937.098 2248.24 0.704896 0.231022 -0.000246529 0.0874332 0.000131748
0.000725 965.525 2268.27 0.704458 0.22422 -0.000232226 0.091196 0.000132976
0.00075 991.024 2286.22 0.703394 0.218451 -0.00022043 0.0946001 0.000134015
0.000775 1014.06 2302.41 0.701896 0.213488 -0.000210527 0.0976981 0.000134906
0.0008 1035.01 2317.1 0.700097 0.209167 -0.000202091 0.100532 0.000135679
0.000825 1054.16 2330.48 0.698093 0.205368 -0.000194816 0.103137 0.000136355
0.00085 1071.75 2342.74 0.695952 0.201998 -0.000188476 0.10554 0.000136951
0.000875 1087.96 2354.01 0.693725 0.198987 -0.000182899 0.107765 0.000137481
0.0009 1102.97 2364.41 0.691448 0.196279 -0.000177954 0.109833 0.000137954
0.000925 1116.92 2374.03 0.68915 0.193828 -0.000173539 0.111759 0.00013838
0.00095 1129.91 2382.97 0.68685 0.1916 -0.000169572 0.113559 0.000138764
0.000975 1142.04 2391.29 0.684564 0.189565 -0.000165988 0.115245 0.000139113
0.001 1153.4 2399.05 0.682303 0.187697 -0.000162734 0.116827 0.000139432
0.001025 1164.07 2406.32 0.680075 0.185978 -0.000159766 0.118316 0.000139723
0.00105303 1175.28 2413.93 0.677623 0.184204 -0.000156732 0.119884 0.000140022
0.00108447 1187 2421.86 0.674939 0.182385 -0.000153652 0.121527 0.000140326
0.00111973 1199.19 2430.07 0.672018 0.18053 -0.000150544 0.12324 0.000140633
0.00115926 1211.8 2438.52 0.668858 0.178652 -0.000147428 0.125014 0.000140942
0.0012036 1224.76 2447.17 0.665462 0.176762 -0.000144324 0.126843 0.00014125
0.00125331 1238 2455.96 0.661838 0.17487 -0.000141252 0.128716 0.000141555
0.00130906 1251.46 2464.84 0.657999 0.17299 -0.000138231 0.130623 0.000141855
0.00137158 1265.04 2473.75 0.653961 0.171132 -0.000135278 0.132552 0.000142148
0.00144169 1278.67 2482.63 0.649747 0.169308 -0.000132409 0.134491 0.000142433
0.00152031 1292.26 2491.43 0.645383 0.167528 -0.00012964 0.136429 0.000142707
0.00160848 1305.72 2500.09 0.640901 0.165801 -0.00012698 0.138351 0.000142969
0.00170735 1318.98 2508.56 0.636333 0.164135 -0.000124441 0.140248 0.000143219
0.00181822 1331.95 2516.78 0.631714 0.162537 -0.000122029 0.142107 0.000143456
0.00194255 1344.56 2524.72 0.627081 0.161012 -0.00011975 0.143918 0.000143678
0.00208197 1356.76 2532.34 0.622469 0.159564 -0.000117606 0.145673 0.000143886
0.00223832 1368.49 2539.62 0.617913 0.158196 -0.000115599 0.147362 0.00014408
0.00241364 1379.71 2546.52 0.613444 0.15691 -0.000113727 0.148979 0.00014426
0.00261026 1390.38 2553.05 0.609093 0.155706 -0.000111988 0.150519 0.000144426
0.00283074 1400.48 2559.17 0.604884 0.154583 -0.000110379 0.151978 0.000144579
0.00307798 1409.99 2564.91 0.60084 0.153541 -0.000108895 0.153353 0.000144719
0.00335525 1418.9 2570.25 0.596977 0.152576 -0.000107531 0.154644 0.000144847
0.00366617 1427.22 2575.2 0.59331 0.151687 -0.000106281 0.15585 0.000144964
0.00401483 1434.96 2579.77 0.589847 0.150869 -0.000105138 0.156971 0.00014507
0.00440583 1442.12 2583.99 0.586594 0.15012 -0.000104097 0.158011 0.000145166
0.00484428 1448.73 2587.85 0.583554 0.149435 -0.000103149 0.15897 0.000145252
0.00533597 1454.8 2591.39 0.580726 0.148811 -0.000102289 0.159853 0.000145331
0.00588734 1460.37 2594.61 0.578108 0.148244 -0.000101511 0.160662 0.000145401
0.00650565 1465.45 2597.55 0.575693 0.14773 -0.000100808 0.161401 0.000145465
0.00719903 1470.07 2600.2 0.573477 0.147265 -0.000100175 0.162074 0.000145522
0.00797657 1474.27 2602.6 0.571451 0.146846 -9.9606e-05 0.162684 0.000145572
0.00884851 1478.06 2604.77 0.569607 0.14647 -9.9096e-05 0.163236 0.000145618
0.0098263 1481.47 2606.71 0.567939 0.146133 -9.86405e-05 0.163732 0.000145658
0.0109228 1484.52 2608.44 0.566436 0.145832 -9.82354e-05 0.164177 0.000145694
0.0121524 1487.23 2609.97 0.565092 0.145566 -9.7877e-05 0.164573 0.000145726
0.0135313 1489.63 2611.33 0.5639 0.145331 -9.75619e-05 0.164922 0.000145753
0.0150775 1491.73 2612.51 0.562851 0.145127 -9.72873e-05 0.165229 0.000145777
0.0168115 1493.55 2613.53 0.561941 0.14495 -9.70506e-05 0.165494 0.000145798
0.018756 1495.1 2614.4 0.561163 0.1448 -9.68496e-05 0.16572 0.000145816
0.0209365 1496.39 2615.13 0.560511 0.144675 -9.66821e-05 0.165908 0.00014583
0.0233817 1497.45 2615.72 0.55998 0.144573 -9.6546e-05 0.166062 0.000145842
0.0261238 1498.28 2616.18 0.55956 0.144493 -9.64389e-05 0.166183 0.000145851
0.0291988 1498.91 2616.54 0.559243 0.144432 -9.63583e-05 0.166275 0.000145858
0.032647 1499.35 2616.79 0.559017 0.144389 -9.63009e-05 0.16634 0.000145863
0.0365139 1499.65 2616.95 0.558866 0.14436 -9.62628e-05 0.166383 0.000145867
0.0408502 1499.83 2617.05 0.558775 0.144343 -9.62396e-05 0.166409 0.000145869
0.0457129 1499.93 2617.11 0.558726 0.144334 -9.62271e-05 0.166424 0.00014587
0.0511659 1499.97 2617.13 0.558702 0.144329 -9.62212e-05 0.16643 0.00014587
0.0572809 1499.99 2617.14 0.558693 0.144328 -9.62189e-05 0.166433 0.000145871
0.0641383 1500 2617.15 0.55869 0.144327 -9.62181e-05 0.166434 0.000145871
0.0718281 1500 2617.15 0.558689 0.144327 -9.62179e-05 0.166434 0.000145871
0.0804515 1500 2617.15 0.558689 0.144327 -9.62179e-05 0.166434 0.000145871
0.0901217 1500 2617.15 0.558689 0.144327 -9.62179e-05 0.166434 0.000145871
0.100966 1500 2617.15 0.558689 0.144327 -9.62179e-05 0.166434 0.000145871
0.113126 1500 2617.15 0.558689 0.144327 -9.62179e-05 0.166434 0.000145871
0.126763 1500 2617.15 0.558689 0.144327 -9.62179e-05 0.166434 0.000145871
0.142056 1500 2617.15 0.558689 0.144327 -9.62179e-05 0.166434 0.000145871
0.159204 1500 2617.15 0.558689 0.144327 -9.62179e-05 0.166434 0.000145871
0.178435 1500 2617.15 0.558689 0.144327 -9.62179e-05 0.166434 0.000145871
0.2 1500 2617.15 0.558689 0.144327 -9.62179e-05 0.166434 0.000145871
