TITLE="Graphics"
VARIABLES= "rj, m", "T, K", "Cp, J/kg*K", "DfCp, J/kg*K^2", "rho, kg/m^3", "Dfrho, kg/m^3*K", "Lambda, Watt/m*K", "DfLambda, Watt/m*K^2"
0 300 4186.17 -0.668592 980 0 0.61001 0
2.5e-05 300 4186.17 -0.668592 980 0 0.61001 0
5e-05 300 4186.17 -0.668592 980 0 0.61001 0
7.5e-05 300 4186.17 -0.668592 980 0 0.61001 0
0.0001 300 4186.17 -0.668592 980 0 0.61001 0
0.000125 300 4186.17 -0.668592 980 0 0.61001 0
0.00015 300 4186.17 -0.668591 980 0 0.61001 0
0.000175 300 4186.17 -0.668589 980 0 0.610011 0
0.0002 300 4186.17 -0.668582 980 0 0.610011 0
0.000225 300.001 4186.17 -0.668556 980 0 0.610012 0
0.00025 300.003 4186.17 -0.668464 980 0 0.610015 0
0.000275 300.008 4186.16 -0.66816 980 0 0.610025 0
0.0003 300.027 4186.15 -0.667219 980 0 0.610056 0
0.000325 300.08 4186.12 -0.664503 980 0 0.610145 0
0.00035 300.223 4186.02 -0.657261 980 0 0.610384 0
0.000375 300.574 4185.8 -0.639583 980 0 0.610971 0
0.0004 301.359 4185.31 -0.600552 980 0 0.61228 0
0.000425 302.949 4184.41 -0.523818 980 0 0.614906 0
0.00045 305.84 4183.09 -0.391952 980 0 0.619572 0
0.000475 310.527 4181.72 -0.19729 980 0 0.626776 0
0.0005 317.3 4181.24 0.047606 980 0 0.636277 0
0.000525 421.236 1913.83 0.500487 0.51394 -0.00122008 0.0283065 8.97889e-05
0.00055 571.072 1999.4 0.623881 0.379094 -0.000663829 0.0431369 0.000107143
0.000575 668.566 2062.38 0.664884 0.323813 -0.000484339 0.0540124 0.000115658
0.0006 742.4 2112.26 0.684846 0.291609 -0.000392792 0.0627551 0.000121023
0.000625 801.955 2153.39 0.695558 0.269953 -0.000336618 0.0700768 0.000124781
0.00065 851.758 2188.18 0.701287 0.254169 -0.000298405 0.0763622 0.000127582
0.000675 894.408 2218.16 0.704035 0.242049 -0.000270625 0.0818506 0.000129758
0.0007 931.563 2244.34 0.704888 0.232395 -0.000249467 0.0867046 0.0001315
0.000725 964.355 2267.45 0.704492 0.224492 -0.00023279 0.0910404 0.000132926
0.00075 993.596 2288.03 0.703252 0.217886 -0.00021929 0.0949449 0.000134117
0.000775 1019.89 2306.5 0.701437 0.212268 -0.000208128 0.0984848 0.000135125
0.0008 1043.7 2323.18 0.699229 0.207425 -0.00019874 0.101713 0.000135989
0.000825 1065.39 2338.32 0.696758 0.203202 -0.000190729 0.104671 0.000136738
0.00085 1085.26 2352.13 0.694113 0.199483 -0.000183811 0.107394 0.000137394
0.000875 1103.53 2364.79 0.69136 0.19618 -0.000177775 0.109909 0.000137971
0.0009 1120.41 2376.44 0.688547 0.193225 -0.00017246 0.112242 0.000138484
0.000925 1136.05 2387.18 0.685709 0.190564 -0.000167743 0.114412 0.000138942
0.00095 1150.59 2397.14 0.682872 0.188155 -0.000163529 0.116436 0.000139354
0.000975 1164.16 2406.38 0.680055 0.185963 -0.000159741 0.118328 0.000139726
0.001 1176.84 2414.99 0.677272 0.183959 -0.000156316 0.120103 0.000140063
0.001025 1188.73 2423.02 0.674532 0.182119 -0.000153205 0.12177 0.00014037
0.00105303 1201.21 2431.42 0.671522 0.180227 -0.000150039 0.123523 0.000140683
0.00108447 1214.23 2440.15 0.668231 0.178294 -0.000146836 0.125358 0.000141001
0.00111973 1227.76 2449.17 0.664654 0.176329 -0.000143619 0.127268 0.00014132
0.00115926 1241.73 2458.42 0.660792 0.174346 -0.000140406 0.129243 0.000141639
0.0012036 1256.06 2467.86 0.65665 0.172357 -0.00013722 0.131276 0.000141955
0.00125331 1270.68 2477.43 0.652239 0.170374 -0.000134081 0.133353 0.000142267
0.00130906 1285.5 2487.06 0.647576 0.16841 -0.000131008 0.135464 0.000142571
0.00137158 1300.42 2496.69 0.642685 0.166477 -0.000128018 0.137594 0.000142867
0.00144169 1315.35 2506.25 0.637597 0.164587 -0.000125128 0.139729 0.000143152
0.00152031 1330.2 2515.67 0.632346 0.162751 -0.000122351 0.141856 0.000143424
0.00160848 1344.85 2524.9 0.626975 0.160977 -0.000119699 0.143959 0.000143683
0.00170735 1359.21 2533.87 0.621527 0.159276 -0.000117182 0.146025 0.000143927
0.00181822 1373.2 2542.52 0.616051 0.157654 -0.000114808 0.14804 0.000144157
0.00194255 1386.72 2550.81 0.610596 0.156117 -0.00011258 0.14999 0.00014437
0.00208197 1399.69 2558.7 0.605213 0.15467 -0.000110503 0.151865 0.000144568
0.00223832 1412.05 2566.14 0.599952 0.153317 -0.000108578 0.153652 0.000144749
0.00241364 1423.71 2573.12 0.594862 0.15206 -0.000106805 0.155342 0.000144915
0.00261026 1434.64 2579.59 0.589989 0.150902 -0.000105185 0.156926 0.000145065
0.00283074 1444.77 2585.54 0.585377 0.149844 -0.000103714 0.158396 0.000145201
0.00307798 1454.07 2590.97 0.581067 0.148885 -0.000102392 0.159747 0.000145321
0.00335525 1462.51 2595.85 0.577094 0.148027 -0.000101215 0.160973 0.000145428
0.00366617 1470.04 2600.19 0.573492 0.147268 -0.00010018 0.162069 0.000145521
0.00401483 1476.66 2603.97 0.570287 0.146608 -9.92832e-05 0.163033 0.000145601
0.00440583 1482.36 2607.21 0.567499 0.146044 -9.85215e-05 0.163863 0.000145669
0.00484428 1487.14 2609.92 0.565138 0.145575 -9.78892e-05 0.164559 0.000145725
0.00533597 1491.02 2612.11 0.563206 0.145196 -9.738e-05 0.165125 0.000145769
0.00588734 1494.06 2613.82 0.561688 0.144901 -9.69851e-05 0.165567 0.000145804
0.00650565 1496.31 2615.08 0.560555 0.144683 -9.66933e-05 0.165896 0.000145829
0.00719903 1497.88 2615.96 0.559763 0.144531 -9.64906e-05 0.166125 0.000145847
0.00797657 1498.89 2616.53 0.559251 0.144434 -9.63603e-05 0.166272 0.000145858
0.00884851 1499.48 2616.86 0.558951 0.144377 -9.62842e-05 0.166359 0.000145865
0.0098263 1499.79 2617.03 0.558796 0.144347 -9.62448e-05 0.166404 0.000145868
0.0109228 1499.93 2617.11 0.558726 0.144334 -9.62272e-05 0.166424 0.00014587
0.0121524 1499.98 2617.13 0.5587 0.144329 -9.62206e-05 0.166431 0.00014587
0.0135313 1500 2617.14 0.558692 0.144327 -9.62185e-05 0.166433 0.000145871
0.0150775 1500 2617.15 0.55869 0.144327 -9.6218e-05 0.166434 0.000145871
0.0168115 1500 2617.15 0.558689 0.144327 -9.62179e-05 0.166434 0.000145871
0.018756 1500 2617.15 0.558689 0.144327 -9.62179e-05 0.166434 0.000145871
0.0209365 1500 2617.15 0.558689 0.144327 -9.62179e-05 0.166434 0.000145871
0.0233817 1500 2617.15 0.558689 0.144327 -9.62179e-05 0.166434 0.000145871
0.0261238 1500 2617.15 0.558689 0.144327 -9.62179e-05 0.166434 0.000145871
0.0291988 1500 2617.15 0.558689 0.144327 -9.62179e-05 0.166434 0.000145871
0.032647 1500 2617.15 0.558689 0.144327 -9.62179e-05 0.166434 0.000145871
0.0365139 1500 2617.15 0.558689 0.144327 -9.62179e-05 0.166434 0.000145871
0.0408502 1500 2617.15 0.558689 0.144327 -9.62179e-05 0.166434 0.000145871
0.0457129 1500 2617.15 0.558689 0.144327 -9.62179e-05 0.166434 0.000145871
0.0511659 1500 2617.15 0.558689 0.144327 -9.62179e-05 0.166434 0.000145871
0.0572809 1500 2617.15 0.558689 0.144327 -9.62179e-05 0.166434 0.000145871
0.0641383 1500 2617.15 0.558689 0.144327 -9.62179e-05 0.166434 0.000145871
0.0718281 1500 2617.15 0.558689 0.144327 -9.62179e-05 0.166434 0.000145871
0.0804515 1500 2617.15 0.558689 0.144327 -9.62179e-05 0.166434 0.000145871
0.0901217 1500 2617.15 0.558689 0.144327 -9.62179e-05 0.166434 0.000145871
0.100966 1500 2617.15 0.558689 0.144327 -9.62179e-05 0.166434 0.000145871
0.113126 1500 2617.15 0.558689 0.144327 -9.62179e-05 0.166434 0.000145871
0.126763 1500 2617.15 0.558689 0.144327 -9.62179e-05 0.166434 0.000145871
0.142056 1500 2617.15 0.558689 0.144327 -9.62179e-05 0.166434 0.000145871
0.159204 1500 2617.15 0.558689 0.144327 -9.62179e-05 0.166434 0.000145871
0.178435 1500 2617.15 0.558689 0.144327 -9.62179e-05 0.166434 0.000145871
0.2 1500 2617.15 0.558689 0.144327 -9.62179e-05 0.166434 0.000145871
