TITLE="Graphics"
VARIABLES= "rj, m", "T, K", "Cp, J/kg*K", "DfCp, J/kg*K^2", "rho, kg/m^3", "Dfrho, kg/m^3*K", "Lambda, Watt/m*K", "DfLambda, Watt/m*K^2"
0 300.557 4185.81 -0.640411 980 0 0.610944 0
2.5e-05 300.557 4185.81 -0.640411 980 0 0.610944 0
5e-05 320.615 4181.57 0.154019 980 0 0.640525 0
7.5e-05 327.889 4183.47 0.362013 980 0 0.648961 0
0.0001 331.967 4185.16 0.465786 980 0 0.653188 0
0.000125 334.896 4186.63 0.535627 980 0 0.656014 0
0.00015 337.363 4188.02 0.591787 980 0 0.658261 0
0.000175 339.652 4189.43 0.641981 980 0 0.660241 0
0.0002 341.894 4190.92 0.689545 980 0 0.662085 0
0.000225 344.147 4192.53 0.735971 980 0 0.663845 0
0.00025 346.436 4194.27 0.781871 980 0 0.665539 0
0.000275 348.762 4196.14 0.82741 980 0 0.667166 0
0.0003 351.113 4198.14 0.872518 980 0 0.668716 0
0.000325 353.473 4200.25 0.917002 980 0 0.670179 0
0.00035 355.816 4202.45 0.960597 980 0 0.671542 0
0.000375 358.118 4204.71 1.003 980 0 0.672796 0
0.0004 360.351 4206.99 1.0439 980 0 0.673934 0
0.000425 362.488 4209.27 1.08295 980 0 0.674955 0
0.00045 364.506 4211.49 1.11981 980 0 0.675857 0
0.000475 366.38 4213.62 1.15416 980 0 0.676645 0
0.0005 377.878 1893.47 0.435357 0.57291 -0.00151612 0.0245486 8.34273e-05
0.000525 540.488 1980.58 0.606357 0.400546 -0.000741082 0.0399064 0.000104075
0.00055 640.901 2044.12 0.655176 0.337791 -0.000527056 0.0508433 0.000113421
0.000575 715.608 2093.99 0.678523 0.302526 -0.000422754 0.0595372 0.000119172
0.0006 775.258 2134.87 0.691301 0.279249 -0.000360202 0.066767 0.000123154
0.000625 824.79 2169.31 0.698533 0.262479 -0.000318237 0.0729414 0.000126102
0.00065 866.983 2198.87 0.70249 0.249705 -0.000288017 0.0783107 0.000128381
0.000675 903.581 2224.62 0.704377 0.239591 -0.000265158 0.083043 0.000130201
0.0007 935.766 2247.3 0.704897 0.231351 -0.000247232 0.0872577 0.000131688
0.000725 964.377 2267.46 0.704491 0.224487 -0.000232779 0.0910433 0.000132927
0.00075 990.036 2285.53 0.703447 0.218669 -0.00022087 0.0944677 0.000133976
0.000775 1013.22 2301.82 0.701959 0.213666 -0.000210879 0.0975839 0.000134874
0.0008 1034.29 2316.59 0.700165 0.209313 -0.000202373 0.100435 0.000135653
0.000825 1053.55 2330.06 0.698161 0.205486 -0.000195041 0.103054 0.000136334
0.00085 1071.24 2342.39 0.696017 0.202093 -0.000188653 0.105471 0.000136934
0.000875 1087.55 2353.73 0.693784 0.199062 -0.000183037 0.107709 0.000137467
0.0009 1102.65 2364.18 0.6915 0.196337 -0.000178059 0.109788 0.000137944
0.000925 1116.67 2373.86 0.689192 0.193871 -0.000173616 0.111725 0.000138372
0.00095 1129.73 2382.85 0.686882 0.19163 -0.000169624 0.113535 0.000138759
0.000975 1141.93 2391.22 0.684585 0.189583 -0.000166019 0.11523 0.00013911
0.001 1153.36 2399.02 0.682312 0.187705 -0.000162746 0.116821 0.000139431
0.001025 1164.08 2406.33 0.680071 0.185975 -0.000159761 0.118318 0.000139723
0.00105303 1175.35 2413.98 0.677606 0.184192 -0.000156712 0.119895 0.000140024
0.00108447 1187.14 2421.95 0.674906 0.182363 -0.000153616 0.121547 0.000140329
0.00111973 1199.4 2430.21 0.671967 0.180499 -0.000150492 0.123269 0.000140638
0.00115926 1212.07 2438.7 0.668787 0.178612 -0.000147361 0.125053 0.000140949
0.0012036 1225.1 2447.4 0.66537 0.176712 -0.000144243 0.126892 0.000141258
0.00125331 1238.42 2456.23 0.661722 0.174812 -0.000141157 0.128775 0.000141564
0.00130906 1251.95 2465.16 0.657857 0.172923 -0.000138123 0.130692 0.000141866
0.00137158 1265.6 2474.12 0.653791 0.171057 -0.000135158 0.132632 0.00014216
0.00144169 1279.31 2483.04 0.649547 0.169225 -0.000132279 0.134581 0.000142446
0.00152031 1292.96 2491.89 0.645153 0.167437 -0.000129499 0.136529 0.000142721
0.00160848 1306.5 2500.59 0.640638 0.165703 -0.00012683 0.138462 0.000142984
0.00170735 1319.82 2509.09 0.636037 0.16403 -0.000124282 0.140369 0.000143235
0.00181822 1332.86 2517.35 0.631384 0.162426 -0.000121863 0.142238 0.000143472
0.00194255 1345.54 2525.33 0.626717 0.160895 -0.000119577 0.144059 0.000143695
0.00208197 1357.8 2532.99 0.622071 0.159442 -0.000117427 0.145822 0.000143904
0.00223832 1369.59 2540.29 0.617481 0.158069 -0.000115414 0.14752 0.000144098
0.00241364 1380.86 2547.23 0.612979 0.156779 -0.000113537 0.149145 0.000144279
0.00261026 1391.58 2553.78 0.608595 0.155571 -0.000111794 0.150693 0.000144445
0.00283074 1401.73 2559.93 0.604356 0.154445 -0.000110182 0.152159 0.000144598
0.00307798 1411.28 2565.69 0.600282 0.1534 -0.000108695 0.153541 0.000144738
0.00335525 1420.24 2571.04 0.596392 0.152432 -0.000107329 0.154838 0.000144866
0.00366617 1428.59 2576.01 0.592699 0.151541 -0.000106077 0.156049 0.000144983
0.00401483 1436.36 2580.6 0.589213 0.150722 -0.000104933 0.157175 0.000145089
0.00440583 1443.55 2584.83 0.58594 0.149971 -0.000103891 0.158218 0.000145185
0.00484428 1450.18 2588.7 0.582882 0.149285 -0.000102943 0.159181 0.000145271
0.00533597 1456.27 2592.24 0.58004 0.148661 -0.000102084 0.160066 0.000145349
0.00588734 1461.84 2595.47 0.57741 0.148094 -0.000101307 0.160876 0.00014542
0.00650565 1466.93 2598.4 0.574988 0.147581 -0.000100606 0.161616 0.000145483
0.00719903 1471.55 2601.05 0.572767 0.147118 -9.99748e-05 0.162288 0.000145539
0.00797657 1475.73 2603.44 0.570742 0.146701 -9.9409e-05 0.162897 0.00014559
0.00884851 1479.5 2605.59 0.568904 0.146327 -9.89034e-05 0.163446 0.000145635
0.0098263 1482.87 2607.5 0.567247 0.145994 -9.84533e-05 0.163938 0.000145675
0.0109228 1485.88 2609.21 0.565761 0.145698 -9.80549e-05 0.164376 0.00014571
0.0121524 1488.54 2610.71 0.564441 0.145438 -9.77046e-05 0.164764 0.000145741
0.0135313 1490.88 2612.03 0.56328 0.14521 -9.73993e-05 0.165104 0.000145768
0.0150775 1492.89 2613.16 0.562271 0.145014 -9.71361e-05 0.165398 0.000145791
0.0168115 1494.61 2614.13 0.561408 0.144847 -9.69128e-05 0.165649 0.00014581
0.018756 1496.05 2614.93 0.560686 0.144708 -9.67269e-05 0.165858 0.000145826
0.0209365 1497.22 2615.59 0.560098 0.144595 -9.65761e-05 0.166028 0.00014584
0.0233817 1498.13 2616.1 0.559635 0.144507 -9.6458e-05 0.166162 0.00014585
0.0261238 1498.82 2616.49 0.559287 0.14444 -9.63694e-05 0.166262 0.000145858
0.0291988 1499.31 2616.76 0.55904 0.144393 -9.63067e-05 0.166333 0.000145863
0.032647 1499.63 2616.94 0.558877 0.144362 -9.62654e-05 0.16638 0.000145867
0.0365139 1499.82 2617.05 0.558779 0.144344 -9.62406e-05 0.166408 0.000145869
0.0408502 1499.93 2617.1 0.558727 0.144334 -9.62274e-05 0.166423 0.00014587
0.0457129 1499.97 2617.13 0.558703 0.144329 -9.62213e-05 0.16643 0.00014587
0.0511659 1499.99 2617.14 0.558693 0.144328 -9.62189e-05 0.166433 0.000145871
0.0572809 1500 2617.15 0.55869 0.144327 -9.62181e-05 0.166434 0.000145871
0.0641383 1500 2617.15 0.558689 0.144327 -9.62179e-05 0.166434 0.000145871
0.0718281 1500 2617.15 0.558689 0.144327 -9.62179e-05 0.166434 0.000145871
0.0804515 1500 2617.15 0.558689 0.144327 -9.62179e-05 0.166434 0.000145871
0.0901217 1500 2617.15 0.558689 0.144327 -9.62179e-05 0.166434 0.000145871
0.100966 1500 2617.15 0.558689 0.144327 -9.62179e-05 0.166434 0.000145871
0.113126 1500 2617.15 0.558689 0.144327 -9.62179e-05 0.166434 0.000145871
0.126763 1500 2617.15 0.558689 0.144327 -9.62179e-05 0.166434 0.000145871
0.142056 1500 2617.15 0.558689 0.144327 -9.62179e-05 0.166434 0.000145871
0.159204 1500 2617.15 0.558689 0.144327 -9.62179e-05 0.166434 0.000145871
0.178435 1500 2617.15 0.558689 0.144327 -9.62179e-05 0.166434 0.000145871
0.2 1500 2617.15 0.558689 0.144327 -9.62179e-05 0.166434 0.000145871
