TITLE="Graphics"
VARIABLES= "rj, m", "T, K", "Cp, J/kg*K", "DfCp, J/kg*K^2", "rho, kg/m^3", "Dfrho, kg/m^3*K", "Lambda, Watt/m*K", "DfLambda, Watt/m*K^2"
0 300.257 4186 -0.655543 980 0 0.610441 0
2.5e-05 300.257 4186 -0.655543 980 0 0.610441 0
5e-05 309.57 4181.93 -0.235258 980 0 0.625344 0
7.5e-05 313.204 4181.33 -0.0957622 980 0 0.630662 0
0.0001 315.561 4181.21 -0.0115668 980 0 0.633943 0
0.000125 317.61 4181.25 0.0578947 980 0 0.636685 0
0.00015 319.684 4181.44 0.124951 980 0 0.639359 0
0.000175 321.932 4181.8 0.194132 980 0 0.642141 0
0.0002 324.426 4182.38 0.267023 980 0 0.645094 0
0.000225 327.207 4183.23 0.343849 980 0 0.648221 0
0.00025 330.291 4184.41 0.424129 980 0 0.651494 0
0.000275 333.677 4185.99 0.507 980 0 0.654859 0
0.0003 337.347 4188.01 0.591426 980 0 0.658247 0
0.000325 341.264 4190.49 0.676337 980 0 0.661577 0
0.00035 345.374 4193.45 0.76072 980 0 0.664765 0
0.000375 349.603 4196.84 0.843653 980 0 0.667731 0
0.0004 353.862 4200.61 0.924282 980 0 0.670411 0
0.000425 358.05 4204.64 1.00176 980 0 0.67276 0
0.00045 362.064 4208.81 1.0752 980 0 0.674758 0
0.000475 365.804 4212.96 1.14359 980 0 0.676408 0
0.0005 373.9 1891.75 0.428161 0.579006 -0.00154856 0.0242179 8.28041e-05
0.000525 538.867 1979.6 0.605349 0.401751 -0.000745549 0.0397378 0.000103906
0.00055 640.055 2043.57 0.654858 0.338237 -0.000528449 0.0507474 0.00011335
0.000575 715.21 2093.72 0.678422 0.302695 -0.000423224 0.0594898 0.000119144
0.0006 775.168 2134.81 0.691285 0.279282 -0.000360285 0.066756 0.000123149
0.000625 824.933 2169.4 0.698549 0.262434 -0.000318128 0.0729593 0.00012611
0.00065 867.31 2199.1 0.702513 0.249611 -0.0002878 0.0783527 0.000128398
0.000675 904.06 2224.96 0.704392 0.239464 -0.000264877 0.0831054 0.000130224
0.0007 936.374 2247.73 0.704897 0.231201 -0.000246911 0.0873378 0.000131715
0.000725 965.096 2267.97 0.704471 0.22432 -0.000232433 0.091139 0.000132958
0.00075 990.853 2286.1 0.703403 0.218489 -0.000220506 0.0945771 0.000134008
0.000775 1014.12 2302.45 0.701891 0.213476 -0.000210504 0.0977057 0.000134909
0.0008 1035.27 2317.28 0.700072 0.209115 -0.00020199 0.100567 0.000135688
0.000825 1054.6 2330.79 0.698042 0.205282 -0.000194653 0.103197 0.00013637
0.00085 1072.35 2343.17 0.695873 0.201883 -0.000188262 0.105623 0.000136971
0.000875 1088.72 2354.54 0.693615 0.198848 -0.000182644 0.10787 0.000137505
0.0009 1103.87 2365.03 0.691306 0.196119 -0.000177664 0.109957 0.000137982
0.000925 1117.94 2374.74 0.688974 0.193651 -0.000173221 0.111901 0.00013841
0.00095 1131.05 2383.75 0.68664 0.191407 -0.000169229 0.113718 0.000138798
0.000975 1143.29 2392.15 0.68432 0.189357 -0.000165625 0.115419 0.000139149
0.001 1154.76 2399.98 0.682025 0.187477 -0.000162352 0.117016 0.000139469
0.001025 1165.52 2407.31 0.679764 0.185746 -0.000159368 0.118518 0.000139762
0.00105303 1176.83 2414.98 0.677275 0.183961 -0.000156319 0.120101 0.000140062
0.00108447 1188.65 2422.97 0.67455 0.182131 -0.000153224 0.121759 0.000140368
0.00111973 1200.95 2431.25 0.671584 0.180266 -0.000150102 0.123487 0.000140677
0.00115926 1213.67 2439.77 0.668376 0.178377 -0.000146973 0.125278 0.000140987
0.0012036 1226.74 2448.49 0.664929 0.176475 -0.000143857 0.127124 0.000141296
0.00125331 1240.11 2457.35 0.661249 0.174574 -0.000140773 0.129014 0.000141603
0.00130906 1253.68 2466.3 0.65735 0.172684 -0.000137742 0.130938 0.000141904
0.00137158 1267.38 2475.28 0.653249 0.170817 -0.000134779 0.132885 0.000142198
0.00144169 1281.13 2484.23 0.64897 0.168984 -0.000131902 0.134841 0.000142483
0.00152031 1294.83 2493.09 0.644539 0.167195 -0.000129125 0.136796 0.000142758
0.00160848 1308.41 2501.81 0.639987 0.16546 -0.000126459 0.138736 0.000143021
0.00170735 1321.78 2510.34 0.635347 0.163787 -0.000123914 0.140649 0.000143271
0.00181822 1334.86 2518.62 0.630657 0.162182 -0.000121497 0.142525 0.000143508
0.00194255 1347.58 2526.61 0.625951 0.160651 -0.000119214 0.144352 0.00014373
0.00208197 1359.89 2534.29 0.621267 0.159197 -0.000117066 0.146122 0.000143939
0.00223832 1371.72 2541.61 0.61664 0.157824 -0.000115056 0.147826 0.000144133
0.00241364 1383.03 2548.56 0.612102 0.156534 -0.000113182 0.149457 0.000144312
0.00261026 1393.78 2555.12 0.607683 0.155326 -0.000111442 0.151011 0.000144478
0.00283074 1403.96 2561.28 0.60341 0.154199 -0.000109831 0.152482 0.000144631
0.00307798 1413.55 2567.05 0.599304 0.153154 -0.000108347 0.153869 0.000144771
0.00335525 1422.53 2572.41 0.595383 0.152186 -0.000106983 0.15517 0.000144898
0.00366617 1430.92 2577.39 0.591662 0.151295 -0.000105733 0.156385 0.000145015
0.00401483 1438.71 2581.98 0.588149 0.150476 -0.000104591 0.157516 0.00014512
0.00440583 1445.92 2586.21 0.584852 0.149725 -0.00010355 0.158562 0.000145216
0.00484428 1452.56 2590.09 0.581772 0.14904 -0.000102605 0.159528 0.000145302
0.00533597 1458.67 2593.63 0.578911 0.148417 -0.000101748 0.160415 0.00014538
0.00588734 1464.25 2596.86 0.576266 0.147851 -0.000100974 0.161227 0.00014545
0.00650565 1469.34 2599.78 0.573832 0.147339 -0.000100276 0.161966 0.000145512
0.00719903 1473.95 2602.42 0.571606 0.146878 -9.96492e-05 0.162638 0.000145569
0.00797657 1478.11 2604.8 0.569581 0.146464 -9.90887e-05 0.163244 0.000145618
0.00884851 1481.85 2606.92 0.567752 0.146095 -9.85898e-05 0.163788 0.000145663
0.0098263 1485.17 2608.81 0.566112 0.145768 -9.81488e-05 0.164272 0.000145702
0.0109228 1488.11 2610.47 0.564659 0.14548 -9.77621e-05 0.1647 0.000145736
0.0121524 1490.66 2611.91 0.563385 0.145231 -9.74269e-05 0.165073 0.000145765
0.0135313 1492.86 2613.14 0.562288 0.145017 -9.71406e-05 0.165393 0.00014579
0.0150775 1494.71 2614.18 0.561361 0.144838 -9.69006e-05 0.165662 0.000145811
0.0168115 1496.22 2615.03 0.560599 0.144691 -9.67045e-05 0.165883 0.000145828
0.018756 1497.42 2615.71 0.559992 0.144575 -9.65491e-05 0.166059 0.000145842
0.0209365 1498.34 2616.22 0.559529 0.144487 -9.64311e-05 0.166192 0.000145852
0.0233817 1499 2616.59 0.559194 0.144423 -9.6346e-05 0.166289 0.00014586
0.0261238 1499.45 2616.84 0.558968 0.14438 -9.62886e-05 0.166354 0.000145865
0.0291988 1499.73 2616.99 0.558828 0.144353 -9.62531e-05 0.166394 0.000145868
0.032647 1499.88 2617.08 0.55875 0.144338 -9.62333e-05 0.166417 0.000145869
0.0365139 1499.95 2617.12 0.558712 0.144331 -9.62237e-05 0.166428 0.00014587
0.0408502 1499.99 2617.14 0.558696 0.144328 -9.62197e-05 0.166432 0.000145871
0.0457129 1500 2617.14 0.558691 0.144327 -9.62184e-05 0.166434 0.000145871
0.0511659 1500 2617.15 0.558689 0.144327 -9.6218e-05 0.166434 0.000145871
0.0572809 1500 2617.15 0.558689 0.144327 -9.62179e-05 0.166434 0.000145871
0.0641383 1500 2617.15 0.558689 0.144327 -9.62179e-05 0.166434 0.000145871
0.0718281 1500 2617.15 0.558689 0.144327 -9.62179e-05 0.166434 0.000145871
0.0804515 1500 2617.15 0.558689 0.144327 -9.62179e-05 0.166434 0.000145871
0.0901217 1500 2617.15 0.558689 0.144327 -9.62179e-05 0.166434 0.000145871
0.100966 1500 2617.15 0.558689 0.144327 -9.62179e-05 0.166434 0.000145871
0.113126 1500 2617.15 0.558689 0.144327 -9.62179e-05 0.166434 0.000145871
0.126763 1500 2617.15 0.558689 0.144327 -9.62179e-05 0.166434 0.000145871
0.142056 1500 2617.15 0.558689 0.144327 -9.62179e-05 0.166434 0.000145871
0.159204 1500 2617.15 0.558689 0.144327 -9.62179e-05 0.166434 0.000145871
0.178435 1500 2617.15 0.558689 0.144327 -9.62179e-05 0.166434 0.000145871
0.2 1500 2617.15 0.558689 0.144327 -9.62179e-05 0.166434 0.000145871
