TITLE="Graphics"
VARIABLES= "rj, m", "T, K", "Cp, J/kg*K", "DfCp, J/kg*K^2", "rho, kg/m^3", "Dfrho, kg/m^3*K", "Lambda, Watt/m*K", "DfLambda, Watt/m*K^2"
0 300.449 4185.88 -0.645829 980 0 0.610763 0
2.5e-05 300.449 4185.88 -0.645829 980 0 0.610763 0
5e-05 316.664 4181.21 0.0262445 980 0 0.635432 0
7.5e-05 322.676 4181.96 0.216299 980 0 0.643037 0
0.0001 326.203 4182.9 0.316626 980 0 0.647112 0
0.000125 328.905 4183.85 0.388644 980 0 0.650047 0
0.00015 331.336 4184.87 0.450262 980 0 0.652557 0
0.000175 333.726 4186.02 0.508161 980 0 0.654906 0
0.0002 336.176 4187.33 0.56504 980 0 0.657194 0
0.000225 338.727 4188.85 0.621915 980 0 0.659454 0
0.00025 341.391 4190.58 0.67901 980 0 0.66168 0
0.000275 344.157 4192.54 0.736174 980 0 0.663853 0
0.0003 347.004 4194.71 0.793085 980 0 0.665945 0
0.000325 349.9 4197.09 0.849349 980 0 0.667928 0
0.00035 352.809 4199.64 0.904552 980 0 0.669776 0
0.000375 355.691 4202.33 0.958273 980 0 0.671471 0
0.0004 358.504 4205.1 1.01008 980 0 0.672998 0
0.000425 361.207 4207.9 1.05954 980 0 0.674351 0
0.00045 363.761 4210.66 1.1062 980 0 0.675531 0
0.000475 366.131 4213.33 1.14959 980 0 0.676543 0
0.0005 375.837 1892.58 0.431696 0.576022 -0.00153264 0.0243786 8.31084e-05
0.000525 539.542 1980.01 0.60577 0.401248 -0.000743684 0.039808 0.000103977
0.00055 640.31 2043.73 0.654954 0.338102 -0.000528028 0.0507763 0.000113372
0.000575 715.221 2093.73 0.678425 0.30269 -0.000423212 0.0594911 0.000119144
0.0006 775.011 2134.7 0.691258 0.279338 -0.000360432 0.0667365 0.000123139
0.000625 824.647 2169.21 0.698516 0.262525 -0.000318348 0.0729233 0.000126094
0.00065 866.922 2198.83 0.702485 0.249723 -0.000288057 0.078303 0.000128378
0.000675 903.589 2224.62 0.704377 0.239589 -0.000265153 0.0830441 0.000130201
0.0007 935.832 2247.35 0.704897 0.231335 -0.000247197 0.0872664 0.000131691
0.000725 964.493 2267.54 0.704488 0.22446 -0.000232723 0.0910588 0.000132932
0.00075 990.196 2285.64 0.703438 0.218634 -0.000220799 0.0944891 0.000133982
0.000775 1013.42 2301.96 0.701945 0.213624 -0.000210796 0.0976107 0.000134882
0.0008 1034.52 2316.76 0.700143 0.209266 -0.000202282 0.100466 0.000135661
0.000825 1053.82 2330.24 0.698131 0.205434 -0.000194943 0.10309 0.000136343
0.00085 1071.53 2342.59 0.695979 0.202038 -0.00018855 0.105511 0.000136944
0.000875 1087.87 2353.95 0.693738 0.199004 -0.00018293 0.107753 0.000137478
0.0009 1102.99 2364.42 0.691446 0.196276 -0.000177948 0.109835 0.000137954
0.000925 1117.03 2374.11 0.68913 0.193808 -0.000173502 0.111775 0.000138383
0.00095 1130.12 2383.11 0.686812 0.191565 -0.000169509 0.113588 0.00013877
0.000975 1142.34 2391.49 0.684506 0.189516 -0.000165902 0.115286 0.000139122
0.001 1153.78 2399.31 0.682226 0.187636 -0.000162627 0.11688 0.000139442
0.001025 1164.52 2406.63 0.679978 0.185905 -0.000159641 0.118379 0.000139735
0.00105303 1175.81 2414.29 0.677503 0.18412 -0.00015659 0.119958 0.000140036
0.00108447 1187.61 2422.27 0.674795 0.18229 -0.000153493 0.121613 0.000140341
0.00111973 1199.89 2430.54 0.671846 0.180425 -0.000150368 0.123338 0.000140651
0.00115926 1212.58 2439.05 0.668656 0.178537 -0.000147237 0.125125 0.000140961
0.0012036 1225.63 2447.75 0.665227 0.176635 -0.000144118 0.126967 0.00014127
0.00125331 1238.97 2456.6 0.661568 0.174734 -0.000141031 0.128853 0.000141577
0.00130906 1252.52 2465.54 0.65769 0.172844 -0.000137997 0.130773 0.000141878
0.00137158 1266.2 2474.5 0.653611 0.170977 -0.000135032 0.132716 0.000142173
0.00144169 1279.92 2483.44 0.649354 0.169144 -0.000132152 0.134669 0.000142458
0.00152031 1293.6 2492.29 0.644945 0.167355 -0.000129372 0.136619 0.000142733
0.00160848 1307.15 2501 0.640416 0.16562 -0.000126703 0.138555 0.000142997
0.00170735 1320.49 2509.52 0.635801 0.163947 -0.000124156 0.140465 0.000143247
0.00181822 1333.55 2517.79 0.631134 0.162342 -0.000121737 0.142337 0.000143484
0.00194255 1346.25 2525.78 0.626452 0.16081 -0.000119451 0.14416 0.000143707
0.00208197 1358.53 2533.44 0.621791 0.159357 -0.000117301 0.145926 0.000143916
0.00223832 1370.33 2540.75 0.617187 0.157984 -0.000115288 0.147627 0.00014411
0.00241364 1381.62 2547.7 0.612672 0.156693 -0.000113412 0.149255 0.00014429
0.00261026 1392.36 2554.25 0.608275 0.155485 -0.00011167 0.150804 0.000144457
0.00283074 1402.52 2560.41 0.604023 0.154359 -0.000110058 0.152273 0.00014461
0.00307798 1412.08 2566.16 0.599938 0.153313 -0.000108572 0.153657 0.00014475
0.00335525 1421.05 2571.53 0.596037 0.152346 -0.000107207 0.154955 0.000144878
0.00366617 1429.41 2576.5 0.592334 0.151454 -0.000105956 0.156167 0.000144994
0.00401483 1437.18 2581.09 0.588839 0.150635 -0.000104813 0.157295 0.0001451
0.00440583 1444.38 2585.31 0.585559 0.149885 -0.000103771 0.158339 0.000145196
0.00484428 1451.01 2589.19 0.582495 0.1492 -0.000102825 0.159302 0.000145282
0.00533597 1457.1 2592.72 0.579647 0.148576 -0.000101967 0.160187 0.00014536
0.00588734 1462.68 2595.95 0.577014 0.14801 -0.000101191 0.160998 0.00014543
0.00650565 1467.76 2598.87 0.57459 0.147497 -0.000100492 0.161737 0.000145493
0.00719903 1472.37 2601.52 0.57237 0.147035 -9.98632e-05 0.162408 0.000145549
0.00797657 1476.54 2603.9 0.570348 0.14662 -9.92999e-05 0.163015 0.0001456
0.00884851 1480.29 2606.04 0.568515 0.146249 -9.87972e-05 0.163561 0.000145644
0.0098263 1483.65 2607.94 0.566865 0.145918 -9.83507e-05 0.16405 0.000145684
0.0109228 1486.63 2609.63 0.565392 0.145625 -9.79565e-05 0.164485 0.000145719
0.0121524 1489.26 2611.11 0.564087 0.145368 -9.76113e-05 0.164867 0.000145749
0.0135313 1491.54 2612.4 0.562946 0.145145 -9.7312e-05 0.165201 0.000145775
0.0150775 1493.51 2613.51 0.561962 0.144954 -9.7056e-05 0.165488 0.000145798
0.0168115 1495.17 2614.44 0.561129 0.144793 -9.68409e-05 0.165729 0.000145816
0.018756 1496.53 2615.21 0.560442 0.144661 -9.66642e-05 0.165929 0.000145832
0.0209365 1497.62 2615.82 0.559892 0.144556 -9.65236e-05 0.166087 0.000145844
0.0233817 1498.46 2616.28 0.55947 0.144475 -9.6416e-05 0.166209 0.000145853
0.0261238 1499.07 2616.62 0.559163 0.144417 -9.63379e-05 0.166298 0.00014586
0.0291988 1499.48 2616.86 0.558953 0.144377 -9.62848e-05 0.166358 0.000145865
0.032647 1499.74 2617 0.558822 0.144352 -9.62515e-05 0.166396 0.000145868
0.0365139 1499.88 2617.08 0.558748 0.144338 -9.62328e-05 0.166417 0.000145869
0.0408502 1499.96 2617.12 0.558712 0.144331 -9.62236e-05 0.166428 0.00014587
0.0457129 1499.99 2617.14 0.558696 0.144328 -9.62197e-05 0.166432 0.000145871
0.0511659 1500 2617.14 0.558691 0.144327 -9.62184e-05 0.166434 0.000145871
0.0572809 1500 2617.15 0.55869 0.144327 -9.6218e-05 0.166434 0.000145871
0.0641383 1500 2617.15 0.558689 0.144327 -9.62179e-05 0.166434 0.000145871
0.0718281 1500 2617.15 0.558689 0.144327 -9.62179e-05 0.166434 0.000145871
0.0804515 1500 2617.15 0.558689 0.144327 -9.62179e-05 0.166434 0.000145871
0.0901217 1500 2617.15 0.558689 0.144327 -9.62179e-05 0.166434 0.000145871
0.100966 1500 2617.15 0.558689 0.144327 -9.62179e-05 0.166434 0.000145871
0.113126 1500 2617.15 0.558689 0.144327 -9.62179e-05 0.166434 0.000145871
0.126763 1500 2617.15 0.558689 0.144327 -9.62179e-05 0.166434 0.000145871
0.142056 1500 2617.15 0.558689 0.144327 -9.62179e-05 0.166434 0.000145871
0.159204 1500 2617.15 0.558689 0.144327 -9.62179e-05 0.166434 0.000145871
0.178435 1500 2617.15 0.558689 0.144327 -9.62179e-05 0.166434 0.000145871
0.2 1500 2617.15 0.558689 0.144327 -9.62179e-05 0.166434 0.000145871
