TITLE="Graphics"
VARIABLES= "rj, m", "T, K", "Cp, J/kg*K", "DfCp, J/kg*K^2", "rho, kg/m^3", "Dfrho, kg/m^3*K", "Lambda, Watt/m*K", "DfLambda, Watt/m*K^2"
0 300.378 4185.92 -0.649404 980 0 0.610645 0
2.5e-05 300.378 4185.92 -0.649404 980 0 0.610645 0
5e-05 314.056 4181.26 -0.0647905 980 0 0.631863 0
7.5e-05 319.214 4181.39 0.110017 980 0 0.638761 0
0.0001 322.346 4181.89 0.206507 980 0 0.642641 0
0.000125 324.856 4182.5 0.279179 980 0 0.645588 0
0.00015 327.216 4183.23 0.344086 980 0 0.648231 0
0.000175 329.622 4184.14 0.407125 980 0 0.650801 0
0.0002 332.161 4185.25 0.470534 980 0 0.653381 0
0.000225 334.868 4186.61 0.534971 980 0 0.655987 0
0.00025 337.748 4188.25 0.600361 980 0 0.658601 0
0.000275 340.789 4190.17 0.666287 980 0 0.661188 0
0.0003 343.962 4192.39 0.732199 980 0 0.663704 0
0.000325 347.229 4194.89 0.797522 980 0 0.666104 0
0.00035 350.546 4197.65 0.861703 980 0 0.66835 0
0.000375 353.859 4200.6 0.924217 980 0 0.670409 0
0.0004 357.114 4203.71 0.98455 980 0 0.672259 0
0.000425 360.257 4206.9 1.04218 980 0 0.673888 0
0.00045 363.233 4210.08 1.09655 980 0 0.675295 0
0.000475 365.995 4213.18 1.14709 980 0 0.676487 0
0.0005 374.97 1892.21 0.430121 0.577353 -0.00153973 0.0243066 8.29725e-05
0.000525 539.193 1979.8 0.605553 0.401508 -0.000744645 0.0397717 0.00010394
0.00055 640.134 2043.62 0.654888 0.338195 -0.000528319 0.0507564 0.000113357
0.000575 715.146 2093.68 0.678405 0.302722 -0.000423301 0.0594821 0.000119139
0.0006 775.005 2134.7 0.691257 0.279341 -0.000360437 0.0667358 0.000123138
0.000625 824.694 2169.24 0.698521 0.26251 -0.000318312 0.0729292 0.000126096
0.00065 867.012 2198.89 0.702492 0.249697 -0.000287997 0.0783144 0.000128383
0.000675 903.713 2224.71 0.704381 0.239556 -0.00026508 0.0830602 0.000130207
0.0007 935.986 2247.45 0.704897 0.231297 -0.000247115 0.0872867 0.000131698
0.000725 964.673 2267.67 0.704483 0.224418 -0.000232637 0.0910826 0.00013294
0.00075 990.398 2285.78 0.703428 0.218589 -0.000220708 0.0945162 0.00013399
0.000775 1013.64 2302.11 0.701928 0.213577 -0.000210704 0.0976407 0.00013489
0.0008 1034.76 2316.92 0.70012 0.209217 -0.000202188 0.100499 0.00013567
0.000825 1054.07 2330.42 0.698102 0.205384 -0.000194848 0.103125 0.000136352
0.00085 1071.8 2342.78 0.695944 0.201987 -0.000188455 0.105548 0.000136953
0.000875 1088.16 2354.14 0.693697 0.198952 -0.000182834 0.107792 0.000137487
0.0009 1103.29 2364.63 0.691398 0.196223 -0.000177852 0.109876 0.000137964
0.000925 1117.34 2374.33 0.689077 0.193754 -0.000173406 0.111818 0.000138392
0.00095 1130.44 2383.33 0.686753 0.19151 -0.000169413 0.113633 0.00013878
0.000975 1142.67 2391.72 0.684442 0.189461 -0.000165806 0.115332 0.000139131
0.001 1154.12 2399.54 0.682156 0.187581 -0.000162532 0.116927 0.000139452
0.001025 1164.87 2406.86 0.679903 0.18585 -0.000159546 0.118428 0.000139745
0.00105303 1176.17 2414.53 0.677423 0.184064 -0.000156495 0.120008 0.000140045
0.00108447 1187.98 2422.52 0.674709 0.182234 -0.000153398 0.121665 0.000140351
0.00111973 1200.26 2430.79 0.671754 0.180369 -0.000150274 0.123391 0.00014066
0.00115926 1212.97 2439.3 0.668557 0.17848 -0.000147143 0.12518 0.00014097
0.0012036 1226.03 2448.01 0.665121 0.176578 -0.000144024 0.127023 0.00014128
0.00125331 1239.38 2456.87 0.661454 0.174676 -0.000140939 0.128911 0.000141586
0.00130906 1252.94 2465.81 0.657568 0.172786 -0.000137905 0.130833 0.000141887
0.00137158 1266.62 2474.78 0.65348 0.170919 -0.00013494 0.132777 0.000142182
0.00144169 1280.36 2483.73 0.649215 0.169086 -0.000132062 0.134731 0.000142467
0.00152031 1294.05 2492.58 0.644798 0.167297 -0.000129282 0.136683 0.000142742
0.00160848 1307.61 2501.3 0.64026 0.165562 -0.000126614 0.138621 0.000143005
0.00170735 1320.96 2509.82 0.635635 0.163888 -0.000124067 0.140532 0.000143256
0.00181822 1334.03 2518.09 0.630959 0.162283 -0.000121649 0.142406 0.000143493
0.00194255 1346.74 2526.08 0.626268 0.160752 -0.000119364 0.144231 0.000143716
0.00208197 1359.03 2533.75 0.621599 0.159298 -0.000117215 0.145998 0.000143924
0.00223832 1370.84 2541.07 0.616986 0.157925 -0.000115203 0.1477 0.000144119
0.00241364 1382.14 2548.01 0.612463 0.156634 -0.000113327 0.149329 0.000144299
0.00261026 1392.88 2554.57 0.608058 0.155426 -0.000111586 0.15088 0.000144465
0.00283074 1403.05 2560.73 0.603798 0.1543 -0.000109975 0.152349 0.000144617
0.00307798 1412.62 2566.49 0.599706 0.153255 -0.00010849 0.153734 0.000144757
0.00335525 1421.59 2571.85 0.595798 0.152288 -0.000107125 0.155033 0.000144885
0.00366617 1429.96 2576.82 0.59209 0.151396 -0.000105874 0.156247 0.000145002
0.00401483 1437.74 2581.41 0.58859 0.150577 -0.000104732 0.157375 0.000145107
0.00440583 1444.93 2585.64 0.585304 0.149827 -0.000103691 0.158419 0.000145203
0.00484428 1451.57 2589.51 0.582236 0.149142 -0.000102746 0.159383 0.000145289
0.00533597 1457.66 2593.05 0.579385 0.148519 -0.000101889 0.160268 0.000145367
0.00588734 1463.23 2596.27 0.57675 0.147954 -0.000101114 0.161079 0.000145437
0.00650565 1468.31 2599.19 0.574325 0.147442 -0.000100416 0.161817 0.0001455
0.00719903 1472.92 2601.83 0.572105 0.146981 -9.97887e-05 0.162488 0.000145556
0.00797657 1477.08 2604.21 0.570084 0.146566 -9.9227e-05 0.163094 0.000145606
0.00884851 1480.82 2606.34 0.568254 0.146196 -9.87262e-05 0.163639 0.000145651
0.0098263 1484.16 2608.24 0.56661 0.145867 -9.82821e-05 0.164126 0.00014569
0.0109228 1487.13 2609.91 0.565144 0.145576 -9.78908e-05 0.164557 0.000145724
0.0121524 1489.73 2611.38 0.56385 0.145322 -9.7549e-05 0.164937 0.000145754
0.0135313 1491.99 2612.65 0.562723 0.145102 -9.72539e-05 0.165266 0.00014578
0.0150775 1493.92 2613.74 0.561757 0.144914 -9.7003e-05 0.165547 0.000145802
0.0168115 1495.53 2614.64 0.560946 0.144758 -9.67938e-05 0.165782 0.000145821
0.018756 1496.85 2615.38 0.560284 0.144631 -9.66238e-05 0.165974 0.000145835
0.0209365 1497.88 2615.96 0.559762 0.144531 -9.64905e-05 0.166125 0.000145847
0.0233817 1498.66 2616.4 0.559369 0.144456 -9.63903e-05 0.166238 0.000145856
0.0261238 1499.21 2616.71 0.559089 0.144403 -9.63192e-05 0.166319 0.000145862
0.0291988 1499.58 2616.91 0.558904 0.144368 -9.62724e-05 0.166372 0.000145866
0.032647 1499.8 2617.03 0.558793 0.144347 -9.62441e-05 0.166404 0.000145868
0.0365139 1499.91 2617.1 0.558733 0.144335 -9.62289e-05 0.166422 0.00014587
0.0408502 1499.97 2617.13 0.558705 0.14433 -9.62219e-05 0.16643 0.00014587
0.0457129 1499.99 2617.14 0.558694 0.144328 -9.62191e-05 0.166433 0.000145871
0.0511659 1500 2617.15 0.55869 0.144327 -9.62182e-05 0.166434 0.000145871
0.0572809 1500 2617.15 0.558689 0.144327 -9.62179e-05 0.166434 0.000145871
0.0641383 1500 2617.15 0.558689 0.144327 -9.62179e-05 0.166434 0.000145871
0.0718281 1500 2617.15 0.558689 0.144327 -9.62179e-05 0.166434 0.000145871
0.0804515 1500 2617.15 0.558689 0.144327 -9.62179e-05 0.166434 0.000145871
0.0901217 1500 2617.15 0.558689 0.144327 -9.62179e-05 0.166434 0.000145871
0.100966 1500 2617.15 0.558689 0.144327 -9.62179e-05 0.166434 0.000145871
0.113126 1500 2617.15 0.558689 0.144327 -9.62179e-05 0.166434 0.000145871
0.126763 1500 2617.15 0.558689 0.144327 -9.62179e-05 0.166434 0.000145871
0.142056 1500 2617.15 0.558689 0.144327 -9.62179e-05 0.166434 0.000145871
0.159204 1500 2617.15 0.558689 0.144327 -9.62179e-05 0.166434 0.000145871
0.178435 1500 2617.15 0.558689 0.144327 -9.62179e-05 0.166434 0.000145871
0.2 1500 2617.15 0.558689 0.144327 -9.62179e-05 0.166434 0.000145871
