TITLE="Graphics"
VARIABLES= "rj, m", "T, K", "Cp, J/kg*K", "DfCp, J/kg*K^2", "rho, kg/m^3", "Dfrho, kg/m^3*K", "Lambda, Watt/m*K", "DfLambda, Watt/m*K^2"
0 300.738 4185.69 -0.63136 980 0 0.611245 0
2.5e-05 300.738 4185.69 -0.63136 980 0 0.611245 0
5e-05 327.206 4183.23 0.343818 980 0 0.64822 0
7.5e-05 336.541 4187.54 0.573332 980 0 0.657526 0
0.0001 341.482 4190.64 0.680912 980 0 0.661753 0
0.000125 344.721 4192.96 0.747591 980 0 0.664279 0
0.00015 347.169 4194.85 0.796341 980 0 0.666062 0
0.000175 349.212 4196.51 0.836112 980 0 0.66747 0
0.0002 351.035 4198.07 0.871029 980 0 0.668666 0
0.000225 352.736 4199.58 0.903177 980 0 0.669732 0
0.00025 354.364 4201.07 0.933648 980 0 0.670708 0
0.000275 355.947 4202.58 0.963012 980 0 0.671615 0
0.0003 357.494 4204.09 0.991538 980 0 0.672464 0
0.000325 359.007 4205.61 1.01932 980 0 0.673258 0
0.00035 360.484 4207.13 1.04633 980 0 0.674 0
0.000375 361.916 4208.65 1.0725 980 0 0.674688 0
0.0004 363.296 4210.15 1.0977 980 0 0.675323 0
0.000425 364.614 4211.61 1.12179 980 0 0.675904 0
0.00045 365.86 4213.02 1.14461 980 0 0.676431 0
0.000475 367.027 4214.37 1.16604 980 0 0.676905 0
0.0005 388.261 1898.08 0.453045 0.557589 -0.00143612 0.0254231 8.50209e-05
0.000525 546.094 1983.99 0.609778 0.396434 -0.000725945 0.0404915 0.000104653
0.00055 644.977 2046.79 0.656692 0.335656 -0.000520416 0.0513062 0.000113759
0.000575 718.834 2096.18 0.679337 0.301169 -0.000418968 0.0599219 0.0001194
0.0006 777.915 2136.71 0.691763 0.278296 -0.000357746 0.0670944 0.00012332
0.000625 827.027 2170.87 0.698792 0.261769 -0.000316518 0.0732236 0.000126228
0.00065 868.891 2200.21 0.702623 0.249157 -0.000286753 0.0785558 0.00012848
0.000675 905.222 2225.77 0.704429 0.239157 -0.000264197 0.0832567 0.000130279
0.0007 937.183 2248.3 0.704896 0.231001 -0.000246485 0.0874443 0.000131751
0.000725 965.602 2268.33 0.704456 0.224202 -0.000232189 0.0912062 0.000132979
0.00075 991.094 2286.27 0.70339 0.218436 -0.000220398 0.0946095 0.000134018
0.000775 1014.13 2302.46 0.701891 0.213474 -0.0002105 0.0977068 0.000134909
0.0008 1035.07 2317.14 0.700091 0.209155 -0.000202068 0.10054 0.000135681
0.000825 1054.21 2330.52 0.698086 0.205357 -0.000194796 0.103144 0.000136357
0.00085 1071.8 2342.78 0.695945 0.201988 -0.000188458 0.105547 0.000136953
0.000875 1088.01 2354.04 0.693718 0.198978 -0.000182883 0.107772 0.000137482
0.0009 1103.02 2364.44 0.691442 0.196271 -0.00017794 0.109839 0.000137955
0.000925 1116.96 2374.06 0.689143 0.193821 -0.000173526 0.111765 0.000138381
0.00095 1129.94 2382.99 0.686843 0.191594 -0.000169561 0.113564 0.000138765
0.000975 1142.07 2391.31 0.684557 0.189559 -0.000165978 0.115249 0.000139114
0.001 1153.43 2399.08 0.682296 0.187692 -0.000162725 0.116831 0.000139433
0.001025 1164.09 2406.34 0.680068 0.185973 -0.000159758 0.11832 0.000139724
0.00105303 1175.3 2413.95 0.677617 0.1842 -0.000156725 0.119888 0.000140022
0.00108447 1187.02 2421.87 0.674933 0.182381 -0.000153646 0.12153 0.000140326
0.00111973 1199.21 2430.08 0.672012 0.180527 -0.000150538 0.123243 0.000140634
0.00115926 1211.81 2438.53 0.668853 0.17865 -0.000147423 0.125017 0.000140942
0.0012036 1224.77 2447.18 0.665458 0.176759 -0.00014432 0.126845 0.00014125
0.00125331 1238.02 2455.97 0.661835 0.174869 -0.000141249 0.128718 0.000141555
0.00130906 1251.47 2464.85 0.657996 0.172989 -0.000138228 0.130625 0.000141855
0.00137158 1265.05 2473.75 0.653959 0.171132 -0.000135276 0.132553 0.000142148
0.00144169 1278.68 2482.64 0.649745 0.169308 -0.000132409 0.134492 0.000142433
0.00152031 1292.26 2491.43 0.645383 0.167528 -0.00012964 0.136429 0.000142707
0.00160848 1305.72 2500.09 0.640901 0.165801 -0.000126981 0.138351 0.000142969
0.00170735 1318.97 2508.55 0.636334 0.164136 -0.000124442 0.140247 0.000143219
0.00181822 1331.94 2516.77 0.631717 0.162538 -0.000122031 0.142106 0.000143456
0.00194255 1344.55 2524.71 0.627085 0.161013 -0.000119752 0.143917 0.000143678
0.00208197 1356.75 2532.33 0.622474 0.159565 -0.000117608 0.145671 0.000143886
0.00223832 1368.48 2539.61 0.617919 0.158198 -0.000115601 0.147359 0.00014408
0.00241364 1379.69 2546.51 0.613451 0.156912 -0.00011373 0.148976 0.00014426
0.00261026 1390.36 2553.03 0.609101 0.155708 -0.000111991 0.150516 0.000144426
0.00283074 1400.45 2559.16 0.604893 0.154586 -0.000110383 0.151975 0.000144579
0.00307798 1409.96 2564.89 0.60085 0.153543 -0.000108899 0.15335 0.000144719
0.00335525 1418.87 2570.23 0.596988 0.152579 -0.000107535 0.15464 0.000144847
0.00366617 1427.19 2575.18 0.593321 0.151689 -0.000106285 0.155846 0.000144963
0.00401483 1434.93 2579.76 0.589859 0.150872 -0.000105142 0.156967 0.000145069
0.00440583 1442.09 2583.97 0.586608 0.150123 -0.000104101 0.158007 0.000145165
0.00484428 1448.7 2587.84 0.583568 0.149438 -0.000103153 0.158966 0.000145252
0.00533597 1454.77 2591.37 0.580741 0.148814 -0.000102294 0.159849 0.00014533
0.00588734 1460.34 2594.6 0.578123 0.148247 -0.000101516 0.160658 0.000145401
0.00650565 1465.42 2597.53 0.575708 0.147733 -0.000100813 0.161397 0.000145464
0.00719903 1470.04 2600.19 0.573492 0.147268 -0.000100179 0.162069 0.000145521
0.00797657 1474.24 2602.59 0.571466 0.146849 -9.96103e-05 0.16268 0.000145572
0.00884851 1478.02 2604.75 0.569623 0.146473 -9.91003e-05 0.163231 0.000145617
0.0098263 1481.43 2606.69 0.567954 0.146136 -9.86447e-05 0.163728 0.000145658
0.0109228 1484.49 2608.42 0.566451 0.145835 -9.82395e-05 0.164172 0.000145694
0.0121524 1487.2 2609.96 0.565107 0.145569 -9.78809e-05 0.164568 0.000145725
0.0135313 1489.6 2611.31 0.563914 0.145334 -9.75657e-05 0.164918 0.000145753
0.0150775 1491.71 2612.5 0.562865 0.145129 -9.72908e-05 0.165225 0.000145777
0.0168115 1493.53 2613.52 0.561954 0.144952 -9.70539e-05 0.16549 0.000145798
0.018756 1495.08 2614.39 0.561174 0.144802 -9.68525e-05 0.165716 0.000145815
0.0209365 1496.37 2615.12 0.560521 0.144676 -9.66846e-05 0.165905 0.00014583
0.0233817 1497.43 2615.71 0.559988 0.144574 -9.65481e-05 0.16606 0.000145842
0.0261238 1498.27 2616.18 0.559567 0.144494 -9.64407e-05 0.166181 0.000145851
0.0291988 1498.9 2616.53 0.559248 0.144433 -9.63597e-05 0.166273 0.000145858
0.032647 1499.35 2616.78 0.559021 0.14439 -9.63019e-05 0.166339 0.000145863
0.0365139 1499.65 2616.95 0.558869 0.144361 -9.62634e-05 0.166382 0.000145867
0.0408502 1499.83 2617.05 0.558777 0.144343 -9.624e-05 0.166409 0.000145869
0.0457129 1499.93 2617.11 0.558726 0.144334 -9.62273e-05 0.166423 0.00014587
0.0511659 1499.97 2617.13 0.558703 0.144329 -9.62213e-05 0.16643 0.00014587
0.0572809 1499.99 2617.14 0.558693 0.144328 -9.62189e-05 0.166433 0.000145871
0.0641383 1500 2617.15 0.55869 0.144327 -9.62181e-05 0.166434 0.000145871
0.0718281 1500 2617.15 0.558689 0.144327 -9.62179e-05 0.166434 0.000145871
0.0804515 1500 2617.15 0.558689 0.144327 -9.62179e-05 0.166434 0.000145871
0.0901217 1500 2617.15 0.558689 0.144327 -9.62179e-05 0.166434 0.000145871
0.100966 1500 2617.15 0.558689 0.144327 -9.62179e-05 0.166434 0.000145871
0.113126 1500 2617.15 0.558689 0.144327 -9.62179e-05 0.166434 0.000145871
0.126763 1500 2617.15 0.558689 0.144327 -9.62179e-05 0.166434 0.000145871
0.142056 1500 2617.15 0.558689 0.144327 -9.62179e-05 0.166434 0.000145871
0.159204 1500 2617.15 0.558689 0.144327 -9.62179e-05 0.166434 0.000145871
0.178435 1500 2617.15 0.558689 0.144327 -9.62179e-05 0.166434 0.000145871
0.2 1500 2617.15 0.558689 0.144327 -9.62179e-05 0.166434 0.000145871
