TITLE="Graphics"
VARIABLES= "rj, m", "T, K", "Cp, J/kg*K", "DfCp, J/kg*K^2", "rho, kg/m^3", "Dfrho, kg/m^3*K", "Lambda, Watt/m*K", "DfLambda, Watt/m*K^2"
0 300.038 4186.15 -0.66666 980 0 0.610074 0
2.5e-05 300.038 4186.15 -0.66666 980 0 0.610074 0
5e-05 301.42 4185.27 -0.597528 980 0 0.612382 0
7.5e-05 302.063 4184.9 -0.566195 980 0 0.613447 0
0.0001 302.626 4184.59 -0.539144 980 0 0.614376 0
0.000125 303.273 4184.25 -0.508566 980 0 0.615436 0
0.00015 304.078 4183.85 -0.471189 980 0 0.616746 0
0.000175 305.095 4183.4 -0.42503 980 0 0.618384 0
0.0002 306.373 4182.89 -0.368662 980 0 0.620415 0
0.000225 307.961 4182.36 -0.301085 980 0 0.622891 0
0.00025 309.907 4181.85 -0.221778 980 0 0.625851 0
0.000275 312.26 4181.44 -0.130804 980 0 0.629311 0
0.0003 315.065 4181.22 -0.0288853 980 0 0.633264 0
0.000325 318.363 4181.31 0.0826048 980 0 0.637667 0
0.00035 322.186 4181.85 0.201759 980 0 0.642449 0
0.000375 326.561 4183.01 0.326382 980 0 0.647509 0
0.0004 331.501 4184.95 0.454336 980 0 0.652723 0
0.000425 337.012 4187.81 0.583941 980 0 0.657949 0
0.00045 343.091 4191.76 0.714369 980 0 0.663031 0
0.000475 349.724 4196.94 0.845963 980 0 0.667811 0
0.0005 356.891 4203.49 0.980445 980 0 0.672138 0
0.000525 445.511 1926.34 0.528814 0.485937 -0.00109074 0.0305259 9.30431e-05
0.00055 576.404 2002.73 0.626669 0.375588 -0.000651604 0.0437096 0.000107657
0.000575 665.579 2060.4 0.6639 0.325266 -0.000488697 0.0536672 0.000115423
0.0006 734.158 2106.62 0.683006 0.294882 -0.00040166 0.0617599 0.000120464
0.000625 789.914 2145.02 0.693744 0.274068 -0.00034696 0.0685786 0.000124059
0.00065 836.765 2177.68 0.699855 0.258723 -0.000309194 0.0744554 0.000126769
0.000675 877.019 2205.92 0.703147 0.246848 -0.000281462 0.0796018 0.000128894
0.0007 912.172 2230.67 0.704618 0.237335 -0.000260187 0.0841632 0.000130608
0.000725 943.253 2252.58 0.704869 0.229515 -0.000243322 0.0882449 0.00013202
0.00075 971.009 2272.13 0.704282 0.222954 -0.000229611 0.0919258 0.000133204
0.000775 995.998 2289.72 0.703113 0.21736 -0.000218233 0.0952672 0.000134211
0.0008 1018.65 2305.63 0.701537 0.212526 -0.000208635 0.0983173 0.000135079
0.000825 1039.31 2320.1 0.699677 0.208303 -0.000200425 0.101115 0.000135833
0.00085 1058.23 2333.33 0.697622 0.204577 -0.000193319 0.103693 0.000136495
0.000875 1075.66 2345.47 0.695436 0.201263 -0.000187106 0.106076 0.000137081
0.0009 1091.76 2356.65 0.693168 0.198294 -0.000181627 0.108288 0.000137602
0.000925 1106.7 2366.98 0.690852 0.195618 -0.000176758 0.110347 0.000138069
0.00095 1120.6 2376.57 0.688514 0.193192 -0.000172401 0.112268 0.00013849
0.000975 1133.56 2385.48 0.686175 0.190982 -0.00016848 0.114067 0.00013887
0.001 1145.69 2393.79 0.683849 0.18896 -0.000164931 0.115753 0.000139217
0.001025 1157.07 2401.56 0.681547 0.187102 -0.000161703 0.117339 0.000139533
0.00105303 1169.02 2409.69 0.679005 0.185189 -0.000158414 0.119008 0.000139856
0.00108447 1181.5 2418.15 0.676212 0.183233 -0.000155084 0.120756 0.000140184
0.00111973 1194.48 2426.9 0.673163 0.181243 -0.000151734 0.122577 0.000140515
0.00115926 1207.88 2435.9 0.669855 0.179232 -0.000148386 0.124462 0.000140847
0.0012036 1221.65 2445.1 0.666291 0.177212 -0.00014506 0.126404 0.000141177
0.00125331 1235.7 2454.44 0.662479 0.175196 -0.000141778 0.128391 0.000141503
0.00130906 1249.97 2463.86 0.658431 0.173196 -0.000138559 0.130412 0.000141822
0.00137158 1264.37 2473.31 0.654166 0.171224 -0.000135423 0.132456 0.000142134
0.00144169 1278.8 2482.71 0.649707 0.169292 -0.000132384 0.134509 0.000142435
0.00152031 1293.17 2492.02 0.645085 0.16741 -0.000129457 0.136559 0.000142725
0.00160848 1307.4 2501.17 0.64033 0.165588 -0.000126654 0.138592 0.000143001
0.00170735 1321.4 2510.1 0.63548 0.163834 -0.000123985 0.140596 0.000143264
0.00181822 1335.09 2518.76 0.630572 0.162154 -0.000121455 0.142559 0.000143512
0.00194255 1348.4 2527.12 0.625645 0.160554 -0.00011907 0.14447 0.000143744
0.00208197 1361.26 2535.13 0.620738 0.159037 -0.000116831 0.146319 0.000143961
0.00223832 1373.61 2542.77 0.61589 0.157607 -0.00011474 0.148098 0.000144163
0.00241364 1385.4 2550.01 0.611134 0.156265 -0.000112794 0.1498 0.00014435
0.00261026 1396.62 2556.84 0.606504 0.155011 -0.00011099 0.15142 0.000144521
0.00283074 1407.21 2563.24 0.602028 0.153844 -0.000109325 0.152952 0.000144679
0.00307798 1417.17 2569.21 0.59773 0.152762 -0.000107793 0.154394 0.000144823
0.00335525 1426.5 2574.77 0.593632 0.151764 -0.000106389 0.155744 0.000144954
0.00366617 1435.18 2579.9 0.589748 0.150846 -0.000105106 0.157003 0.000145073
0.00401483 1443.22 2584.63 0.58609 0.150005 -0.000103938 0.158171 0.00014518
0.00440583 1450.64 2588.97 0.582668 0.149238 -0.000102877 0.159248 0.000145277
0.00484428 1457.44 2592.92 0.579486 0.148541 -0.000101919 0.160237 0.000145364
0.00533597 1463.66 2596.51 0.576547 0.14791 -0.000101055 0.161141 0.000145442
0.00588734 1469.3 2599.76 0.573851 0.147343 -0.000100281 0.161961 0.000145512
0.00650565 1474.38 2602.67 0.571396 0.146835 -9.95908e-05 0.162701 0.000145574
0.00719903 1478.93 2605.26 0.569181 0.146383 -9.89791e-05 0.163363 0.000145628
0.00797657 1482.96 2607.55 0.567203 0.145985 -9.84415e-05 0.16395 0.000145676
0.00884851 1486.5 2609.56 0.565457 0.145638 -9.79738e-05 0.164466 0.000145717
0.0098263 1489.55 2611.28 0.563939 0.145339 -9.75723e-05 0.164911 0.000145752
0.0109228 1492.15 2612.74 0.562644 0.145086 -9.72332e-05 0.165289 0.000145782
0.0121524 1494.3 2613.95 0.561565 0.144877 -9.69533e-05 0.165603 0.000145807
0.0135313 1496.04 2614.93 0.560692 0.144709 -9.67285e-05 0.165856 0.000145826
0.0150775 1497.38 2615.68 0.560013 0.144579 -9.65546e-05 0.166052 0.000145841
0.0168115 1498.38 2616.24 0.55951 0.144483 -9.64263e-05 0.166198 0.000145853
0.018756 1499.07 2616.63 0.55916 0.144416 -9.63373e-05 0.166299 0.00014586
0.0209365 1499.52 2616.88 0.558934 0.144373 -9.628e-05 0.166364 0.000145865
0.0233817 1499.78 2617.02 0.558803 0.144348 -9.62467e-05 0.166401 0.000145868
0.0261238 1499.91 2617.1 0.558735 0.144336 -9.62295e-05 0.166421 0.00014587
0.0291988 1499.97 2617.13 0.558705 0.14433 -9.62218e-05 0.16643 0.00014587
0.032647 1499.99 2617.14 0.558693 0.144328 -9.6219e-05 0.166433 0.000145871
0.0365139 1500 2617.15 0.55869 0.144327 -9.62181e-05 0.166434 0.000145871
0.0408502 1500 2617.15 0.558689 0.144327 -9.62179e-05 0.166434 0.000145871
0.0457129 1500 2617.15 0.558689 0.144327 -9.62179e-05 0.166434 0.000145871
0.0511659 1500 2617.15 0.558689 0.144327 -9.62179e-05 0.166434 0.000145871
0.0572809 1500 2617.15 0.558689 0.144327 -9.62179e-05 0.166434 0.000145871
0.0641383 1500 2617.15 0.558689 0.144327 -9.62179e-05 0.166434 0.000145871
0.0718281 1500 2617.15 0.558689 0.144327 -9.62179e-05 0.166434 0.000145871
0.0804515 1500 2617.15 0.558689 0.144327 -9.62179e-05 0.166434 0.000145871
0.0901217 1500 2617.15 0.558689 0.144327 -9.62179e-05 0.166434 0.000145871
0.100966 1500 2617.15 0.558689 0.144327 -9.62179e-05 0.166434 0.000145871
0.113126 1500 2617.15 0.558689 0.144327 -9.62179e-05 0.166434 0.000145871
0.126763 1500 2617.15 0.558689 0.144327 -9.62179e-05 0.166434 0.000145871
0.142056 1500 2617.15 0.558689 0.144327 -9.62179e-05 0.166434 0.000145871
0.159204 1500 2617.15 0.558689 0.144327 -9.62179e-05 0.166434 0.000145871
0.178435 1500 2617.15 0.558689 0.144327 -9.62179e-05 0.166434 0.000145871
0.2 1500 2617.15 0.558689 0.144327 -9.62179e-05 0.166434 0.000145871
