TITLE="Graphics"
VARIABLES= "rj, m", "T, K", "Cp, J/kg*K", "DfCp, J/kg*K^2", "rho, kg/m^3", "Dfrho, kg/m^3*K", "Lambda, Watt/m*K", "DfLambda, Watt/m*K^2"
0 300.045 4186.14 -0.666325 980 0 0.610085 0
2.5e-05 300.045 4186.14 -0.666325 980 0 0.610085 0
5e-05 301.667 4185.13 -0.585452 980 0 0.612791 0
7.5e-05 302.409 4184.71 -0.54955 980 0 0.614018 0
0.0001 303.043 4184.37 -0.519385 980 0 0.61506 0
0.000125 303.757 4184.01 -0.486009 980 0 0.616225 0
0.00015 304.633 4183.6 -0.445846 980 0 0.617642 0
0.000175 305.728 4183.14 -0.396875 980 0 0.619395 0
0.0002 307.091 4182.64 -0.337754 980 0 0.621542 0
0.000225 308.77 4182.13 -0.267638 980 0 0.624132 0
0.00025 310.812 4181.67 -0.186194 980 0 0.627196 0
0.000275 313.261 4181.33 -0.0936712 980 0 0.630743 0
0.0003 316.159 4181.2 0.00906086 980 0 0.634754 0
0.000325 319.545 4181.43 0.12055 980 0 0.639183 0
0.00035 323.448 4182.13 0.238905 980 0 0.643953 0
0.000375 327.89 4183.47 0.362047 980 0 0.648963 0
0.0004 332.884 4185.6 0.488048 980 0 0.654092 0
0.000425 338.434 4188.67 0.615496 980 0 0.6592 0
0.00045 344.536 4192.82 0.743853 980 0 0.66414 0
0.000475 351.177 4198.19 0.873734 980 0 0.668757 0
0.0005 358.34 4204.93 1.00708 980 0 0.672912 0
0.000525 446.576 1926.9 0.529953 0.484779 -0.00108555 0.0306251 9.31813e-05
0.00055 576.987 2003.1 0.626969 0.375208 -0.000650288 0.0437723 0.000107713
0.000575 665.953 2060.65 0.664024 0.325083 -0.000488148 0.0537104 0.000115452
0.0006 734.406 2106.79 0.683063 0.294783 -0.000401389 0.0617898 0.000120481
0.000625 790.074 2145.13 0.693769 0.274013 -0.000346819 0.0685984 0.000124068
0.00065 836.858 2177.74 0.699865 0.258694 -0.000309125 0.0744673 0.000126775
0.000675 877.06 2205.95 0.70315 0.246836 -0.000281436 0.0796071 0.000128896
0.0007 912.17 2230.67 0.704618 0.237335 -0.000260188 0.084163 0.000130608
0.000725 943.215 2252.55 0.704869 0.229524 -0.000243342 0.0882399 0.000132018
0.00075 970.941 2272.09 0.704285 0.22297 -0.000229643 0.0919167 0.000133201
0.000775 995.903 2289.65 0.703119 0.217381 -0.000218275 0.0952544 0.000134208
0.0008 1018.53 2305.55 0.701547 0.212551 -0.000208684 0.0983013 0.000135074
0.000825 1039.17 2320 0.699691 0.208331 -0.000200479 0.101096 0.000135828
0.00085 1058.08 2333.22 0.697641 0.204607 -0.000193377 0.103671 0.00013649
0.000875 1075.48 2345.34 0.69546 0.201296 -0.000187167 0.106052 0.000137075
0.0009 1091.57 2356.51 0.693196 0.198329 -0.000181691 0.108262 0.000137596
0.000925 1106.49 2366.84 0.690885 0.195654 -0.000176823 0.110318 0.000138063
0.00095 1120.38 2376.42 0.688552 0.19323 -0.000172468 0.112238 0.000138483
0.000975 1133.33 2385.32 0.686218 0.191021 -0.000168548 0.114035 0.000138864
0.001 1145.45 2393.63 0.683896 0.189 -0.000165 0.11572 0.00013921
0.001025 1156.82 2401.39 0.681599 0.187142 -0.000161773 0.117304 0.000139526
0.00105303 1168.76 2409.51 0.679062 0.185231 -0.000158485 0.118972 0.000139849
0.00108447 1181.23 2417.96 0.676274 0.183275 -0.000155156 0.120718 0.000140177
0.00111973 1194.19 2426.71 0.673231 0.181286 -0.000151806 0.122537 0.000140508
0.00115926 1207.58 2435.7 0.669929 0.179275 -0.000148458 0.124421 0.00014084
0.0012036 1221.34 2444.89 0.666372 0.177256 -0.000145132 0.126361 0.00014117
0.00125331 1235.39 2454.23 0.662566 0.175241 -0.000141851 0.128346 0.000141496
0.00130906 1249.65 2463.64 0.658526 0.173241 -0.000138632 0.130366 0.000141815
0.00137158 1264.03 2473.09 0.654268 0.17127 -0.000135495 0.132408 0.000142127
0.00144169 1278.45 2482.49 0.649818 0.169339 -0.000132456 0.134459 0.000142428
0.00152031 1292.81 2491.79 0.645203 0.167457 -0.00012953 0.136507 0.000142718
0.00160848 1307.03 2500.93 0.640457 0.165635 -0.000126727 0.138538 0.000142994
0.00170735 1321.02 2509.85 0.635615 0.163881 -0.000124057 0.140541 0.000143257
0.00181822 1334.7 2518.52 0.630715 0.162201 -0.000121526 0.142502 0.000143505
0.00194255 1348 2526.87 0.625796 0.160601 -0.000119141 0.144412 0.000143737
0.00208197 1360.85 2534.88 0.620897 0.159085 -0.000116902 0.14626 0.000143955
0.00223832 1373.19 2542.51 0.616056 0.157655 -0.00011481 0.148038 0.000144156
0.00241364 1384.98 2549.75 0.611308 0.156313 -0.000112863 0.149739 0.000144343
0.00261026 1396.18 2556.57 0.606684 0.155059 -0.000111059 0.151357 0.000144515
0.00283074 1406.77 2562.97 0.602214 0.153891 -0.000109393 0.152889 0.000144672
0.00307798 1416.73 2568.95 0.597922 0.152809 -0.00010786 0.15433 0.000144816
0.00335525 1426.05 2574.5 0.593828 0.151811 -0.000106455 0.15568 0.000144948
0.00366617 1434.73 2579.64 0.589948 0.150892 -0.000105171 0.156939 0.000145067
0.00401483 1442.78 2584.37 0.586293 0.150051 -0.000104002 0.158106 0.000145174
0.00440583 1450.2 2588.71 0.582873 0.149283 -0.00010294 0.159184 0.000145272
0.00484428 1457.01 2592.67 0.579691 0.148585 -0.00010198 0.160174 0.000145359
0.00533597 1463.23 2596.27 0.576751 0.147954 -0.000101115 0.161078 0.000145437
0.00588734 1468.88 2599.52 0.574052 0.147385 -0.000100338 0.1619 0.000145507
0.00650565 1473.97 2602.44 0.571593 0.146875 -9.96456e-05 0.162642 0.000145569
0.00719903 1478.54 2605.04 0.569371 0.146422 -9.90312e-05 0.163307 0.000145624
0.00797657 1482.59 2607.35 0.567384 0.146021 -9.84904e-05 0.163897 0.000145672
0.00884851 1486.15 2609.36 0.565626 0.145671 -9.8019e-05 0.164416 0.000145713
0.0098263 1489.24 2611.11 0.564095 0.14537 -9.76133e-05 0.164865 0.000145749
0.0109228 1491.87 2612.59 0.562784 0.145114 -9.72697e-05 0.165248 0.000145779
0.0121524 1494.06 2613.82 0.561686 0.144901 -9.69847e-05 0.165568 0.000145804
0.0135313 1495.83 2614.81 0.560794 0.144729 -9.67547e-05 0.165827 0.000145824
0.0150775 1497.22 2615.59 0.560095 0.144595 -9.65754e-05 0.166029 0.00014584
0.0168115 1498.26 2616.17 0.559572 0.144495 -9.64419e-05 0.16618 0.000145851
0.018756 1498.99 2616.58 0.559203 0.144424 -9.63481e-05 0.166286 0.000145859
0.0209365 1499.46 2616.85 0.558962 0.144379 -9.62869e-05 0.166356 0.000145865
0.0233817 1499.75 2617 0.558818 0.144351 -9.62506e-05 0.166397 0.000145868
0.0261238 1499.89 2617.09 0.558743 0.144337 -9.62314e-05 0.166419 0.00014587
0.0291988 1499.96 2617.13 0.558708 0.14433 -9.62226e-05 0.166429 0.00014587
0.032647 1499.99 2617.14 0.558695 0.144328 -9.62193e-05 0.166433 0.000145871
0.0365139 1500 2617.15 0.55869 0.144327 -9.62182e-05 0.166434 0.000145871
0.0408502 1500 2617.15 0.558689 0.144327 -9.6218e-05 0.166434 0.000145871
0.0457129 1500 2617.15 0.558689 0.144327 -9.62179e-05 0.166434 0.000145871
0.0511659 1500 2617.15 0.558689 0.144327 -9.62179e-05 0.166434 0.000145871
0.0572809 1500 2617.15 0.558689 0.144327 -9.62179e-05 0.166434 0.000145871
0.0641383 1500 2617.15 0.558689 0.144327 -9.62179e-05 0.166434 0.000145871
0.0718281 1500 2617.15 0.558689 0.144327 -9.62179e-05 0.166434 0.000145871
0.0804515 1500 2617.15 0.558689 0.144327 -9.62179e-05 0.166434 0.000145871
0.0901217 1500 2617.15 0.558689 0.144327 -9.62179e-05 0.166434 0.000145871
0.100966 1500 2617.15 0.558689 0.144327 -9.62179e-05 0.166434 0.000145871
0.113126 1500 2617.15 0.558689 0.144327 -9.62179e-05 0.166434 0.000145871
0.126763 1500 2617.15 0.558689 0.144327 -9.62179e-05 0.166434 0.000145871
0.142056 1500 2617.15 0.558689 0.144327 -9.62179e-05 0.166434 0.000145871
0.159204 1500 2617.15 0.558689 0.144327 -9.62179e-05 0.166434 0.000145871
0.178435 1500 2617.15 0.558689 0.144327 -9.62179e-05 0.166434 0.000145871
0.2 1500 2617.15 0.558689 0.144327 -9.62179e-05 0.166434 0.000145871
