TITLE="Graphics"
VARIABLES= "rj, m", "T, K", "Cp, J/kg*K", "DfCp, J/kg*K^2", "rho, kg/m^3", "Dfrho, kg/m^3*K", "Lambda, Watt/m*K", "DfLambda, Watt/m*K^2"
0 300.127 4186.09 -0.662123 980 0 0.610224 0
2.5e-05 300.127 4186.09 -0.662123 980 0 0.610224 0
5e-05 304.75 4183.55 -0.440536 980 0 0.617831 0
7.5e-05 306.664 4182.79 -0.356059 980 0 0.620873 0
0.0001 308.049 4182.33 -0.297387 980 0 0.623028 0
0.000125 309.398 4181.97 -0.242171 980 0 0.625084 0
0.00015 310.889 4181.65 -0.183169 980 0 0.627311 0
0.000175 312.615 4181.39 -0.117543 980 0 0.629821 0
0.0002 314.63 4181.23 -0.0442479 980 0 0.632663 0
0.000225 316.978 4181.22 0.0368203 980 0 0.63585 0
0.00025 319.691 4181.44 0.125165 980 0 0.639367 0
0.000275 322.798 4181.98 0.219881 980 0 0.643182 0
0.0003 326.32 4182.93 0.319821 980 0 0.647242 0
0.000325 330.277 4184.41 0.423762 980 0 0.651479 0
0.00035 334.68 4186.51 0.530596 980 0 0.655811 0
0.000375 339.539 4189.36 0.639536 980 0 0.660146 0
0.0004 344.856 4193.06 0.750314 980 0 0.66438 0
0.000425 350.632 4197.72 0.863351 980 0 0.668406 0
0.00045 356.862 4203.46 0.979899 980 0 0.672121 0
0.000475 363.539 4210.42 1.10213 980 0 0.675432 0
0.0005 370.653 4218.72 1.23317 980 0 0.678262 0
0.000525 455.791 1931.83 0.539488 0.474977 -0.00104209 0.0314893 9.43621e-05
0.00055 582.288 2006.43 0.62966 0.371792 -0.000638503 0.0443446 0.000108217
0.000575 669.545 2063.03 0.665204 0.323339 -0.000482924 0.0541256 0.000115735
0.0006 736.964 2108.54 0.683643 0.293759 -0.000398607 0.0620982 0.000120656
0.000625 791.914 2146.41 0.694057 0.273376 -0.000345209 0.0688269 0.00012418
0.00065 838.16 2178.65 0.699999 0.258292 -0.000308166 0.0746324 0.000126846
0.000675 877.938 2206.57 0.703202 0.246589 -0.000280873 0.0797203 0.000128941
0.0007 912.702 2231.04 0.704631 0.237197 -0.000259885 0.0842325 0.000130633
0.000725 943.457 2252.72 0.704868 0.229465 -0.000243217 0.0882719 0.000132029
0.00075 970.936 2272.08 0.704285 0.222971 -0.000229645 0.0919161 0.000133201
0.000775 995.684 2289.5 0.703132 0.217429 -0.000218371 0.095225 0.000134199
0.0008 1018.13 2305.26 0.701579 0.212636 -0.000208851 0.0982464 0.000135059
0.000825 1038.59 2319.6 0.699748 0.208446 -0.0002007 0.101018 0.000135808
0.00085 1057.35 2332.71 0.697725 0.204747 -0.000193641 0.103573 0.000136465
0.000875 1074.63 2344.75 0.695574 0.201456 -0.000187466 0.105935 0.000137047
0.0009 1090.6 2355.84 0.69334 0.198506 -0.000182016 0.108127 0.000137565
0.000925 1105.41 2366.09 0.69106 0.195847 -0.000177172 0.110168 0.000138029
0.00095 1119.19 2375.6 0.688759 0.193435 -0.000172835 0.112074 0.000138448
0.000975 1132.05 2384.44 0.686456 0.191237 -0.00016893 0.113857 0.000138827
0.001 1144.09 2392.69 0.684165 0.189226 -0.000165395 0.11553 0.000139171
0.001025 1155.37 2400.4 0.681898 0.187377 -0.000162179 0.117102 0.000139486
0.00105303 1167.23 2408.47 0.679394 0.185474 -0.000158901 0.118758 0.000139808
0.00108447 1179.62 2416.87 0.676643 0.183526 -0.000155581 0.120492 0.000140135
0.00111973 1192.49 2425.56 0.673639 0.181545 -0.00015224 0.122298 0.000140465
0.00115926 1205.79 2434.5 0.67038 0.179542 -0.0001489 0.124169 0.000140796
0.0012036 1219.46 2443.64 0.666869 0.17753 -0.000145581 0.126095 0.000141125
0.00125331 1233.41 2452.92 0.663112 0.175521 -0.000142305 0.128067 0.00014145
0.00130906 1247.58 2462.28 0.659122 0.173528 -0.000139092 0.130073 0.00014177
0.00137158 1261.87 2471.67 0.654918 0.171563 -0.000135959 0.132101 0.000142081
0.00144169 1276.2 2481.03 0.650523 0.169636 -0.000132923 0.134139 0.000142382
0.00152031 1290.48 2490.28 0.645965 0.16776 -0.000129998 0.136174 0.000142671
0.00160848 1304.61 2499.38 0.641276 0.165942 -0.000127197 0.138193 0.000142948
0.00170735 1318.52 2508.26 0.636492 0.164192 -0.000124527 0.140183 0.000143211
0.00181822 1332.12 2516.89 0.631651 0.162515 -0.000121997 0.142132 0.000143459
0.00194255 1345.34 2525.21 0.626789 0.160918 -0.000119611 0.144031 0.000143692
0.00208197 1358.12 2533.19 0.621947 0.159404 -0.000117371 0.145868 0.000143909
0.00223832 1370.4 2540.8 0.61716 0.157976 -0.000115277 0.147637 0.000144111
0.00241364 1382.14 2548.01 0.612464 0.156635 -0.000113328 0.149329 0.000144299
0.00261026 1393.29 2554.82 0.607889 0.155381 -0.000111521 0.150939 0.000144471
0.00283074 1403.83 2561.2 0.603465 0.154214 -0.000109852 0.152463 0.000144629
0.00307798 1413.76 2567.17 0.599214 0.153131 -0.000108315 0.153899 0.000144774
0.00335525 1423.05 2572.72 0.595156 0.152131 -0.000106905 0.155245 0.000144906
0.00366617 1431.71 2577.86 0.591306 0.151211 -0.000105616 0.1565 0.000145026
0.00401483 1439.75 2582.59 0.587676 0.150367 -0.00010444 0.157667 0.000145134
0.00440583 1447.17 2586.95 0.584273 0.149595 -0.000103371 0.158745 0.000145232
0.00484428 1454 2590.93 0.5811 0.148893 -0.000102402 0.159737 0.000145321
0.00533597 1460.26 2594.55 0.57816 0.148255 -0.000101527 0.160646 0.0001454
0.00588734 1465.96 2597.84 0.57545 0.147678 -0.000100738 0.161475 0.000145471
0.00650565 1471.13 2600.81 0.572969 0.147159 -0.000100032 0.162227 0.000145534
0.00719903 1475.79 2603.47 0.570712 0.146695 -9.94008e-05 0.162906 0.000145591
0.00797657 1479.96 2605.85 0.568675 0.146281 -9.88408e-05 0.163514 0.00014564
0.00884851 1483.67 2607.96 0.566852 0.145915 -9.83471e-05 0.164054 0.000145684
0.0098263 1486.94 2609.81 0.565238 0.145595 -9.79158e-05 0.16453 0.000145722
0.0109228 1489.77 2611.41 0.563828 0.145317 -9.75432e-05 0.164943 0.000145755
0.0121524 1492.2 2612.77 0.562616 0.145081 -9.72261e-05 0.165297 0.000145783
0.0135313 1494.24 2613.92 0.561595 0.144883 -9.69612e-05 0.165594 0.000145806
0.0150775 1495.9 2614.85 0.560758 0.144722 -9.67454e-05 0.165837 0.000145825
0.0168115 1497.22 2615.59 0.560094 0.144595 -9.65753e-05 0.166029 0.00014584
0.018756 1498.22 2616.15 0.55959 0.144498 -9.64465e-05 0.166175 0.000145851
0.0209365 1498.94 2616.55 0.559227 0.144429 -9.63542e-05 0.166279 0.000145859
0.0233817 1499.42 2616.82 0.558984 0.144383 -9.62925e-05 0.166349 0.000145864
0.0261238 1499.71 2616.99 0.558834 0.144354 -9.62546e-05 0.166392 0.000145867
0.0291988 1499.88 2617.08 0.558752 0.144339 -9.62338e-05 0.166416 0.000145869
0.032647 1499.95 2617.12 0.558712 0.144331 -9.62238e-05 0.166427 0.00014587
0.0365139 1499.99 2617.14 0.558696 0.144328 -9.62197e-05 0.166432 0.000145871
0.0408502 1500 2617.14 0.558691 0.144327 -9.62183e-05 0.166434 0.000145871
0.0457129 1500 2617.15 0.558689 0.144327 -9.6218e-05 0.166434 0.000145871
0.0511659 1500 2617.15 0.558689 0.144327 -9.62179e-05 0.166434 0.000145871
0.0572809 1500 2617.15 0.558689 0.144327 -9.62179e-05 0.166434 0.000145871
0.0641383 1500 2617.15 0.558689 0.144327 -9.62179e-05 0.166434 0.000145871
0.0718281 1500 2617.15 0.558689 0.144327 -9.62179e-05 0.166434 0.000145871
0.0804515 1500 2617.15 0.558689 0.144327 -9.62179e-05 0.166434 0.000145871
0.0901217 1500 2617.15 0.558689 0.144327 -9.62179e-05 0.166434 0.000145871
0.100966 1500 2617.15 0.558689 0.144327 -9.62179e-05 0.166434 0.000145871
0.113126 1500 2617.15 0.558689 0.144327 -9.62179e-05 0.166434 0.000145871
0.126763 1500 2617.15 0.558689 0.144327 -9.62179e-05 0.166434 0.000145871
0.142056 1500 2617.15 0.558689 0.144327 -9.62179e-05 0.166434 0.000145871
0.159204 1500 2617.15 0.558689 0.144327 -9.62179e-05 0.166434 0.000145871
0.178435 1500 2617.15 0.558689 0.144327 -9.62179e-05 0.166434 0.000145871
0.2 1500 2617.15 0.558689 0.144327 -9.62179e-05 0.166434 0.000145871
