TITLE="Graphics"
VARIABLES= "rj, m", "T, K", "Cp, J/kg*K", "DfCp, J/kg*K^2", "rho, kg/m^3", "Dfrho, kg/m^3*K", "Lambda, Watt/m*K", "DfLambda, Watt/m*K^2"
0 300.195 4186.04 -0.658682 980 0 0.610337 0
2.5e-05 300.195 4186.04 -0.658682 980 0 0.610337 0
5e-05 307.272 4182.58 -0.330062 980 0 0.621824 0
7.5e-05 310.097 4181.81 -0.214242 980 0 0.626135 0
0.0001 312.009 4181.47 -0.14028 980 0 0.628948 0
0.000125 313.749 4181.28 -0.0758691 980 0 0.631433 0
0.00015 315.578 4181.2 -0.0109666 980 0 0.633966 0
0.000175 317.618 4181.25 0.0581754 980 0 0.636696 0
0.0002 319.936 4181.48 0.132877 980 0 0.639676 0
0.000225 322.575 4181.93 0.213305 980 0 0.642916 0
0.00025 325.564 4182.7 0.299004 980 0 0.646394 0
0.000275 328.925 4183.86 0.389172 980 0 0.650069 0
0.0003 332.668 4185.49 0.482832 980 0 0.65388 0
0.000325 336.79 4187.68 0.578949 980 0 0.65775 0
0.00035 341.271 4190.5 0.676488 980 0 0.661583 0
0.000375 346.059 4193.97 0.774398 980 0 0.665267 0
0.0004 351.06 4198.09 0.871505 980 0 0.668682 0
0.000425 356.126 4202.75 0.966325 980 0 0.671715 0
0.00045 361.068 4207.75 1.05701 980 0 0.674284 0
0.000475 365.706 4212.85 1.14179 980 0 0.676367 0
0.0005 373.44 1891.55 0.427313 0.579719 -0.00155238 0.0241798 8.27316e-05
0.000525 538.089 1979.13 0.604863 0.402332 -0.000747704 0.039657 0.000103825
0.00055 639.195 2043 0.654533 0.338692 -0.000529872 0.05065 0.000113278
0.000575 714.322 2093.12 0.678195 0.303071 -0.000424278 0.0593839 0.00011908
0.0006 774.275 2134.19 0.691128 0.279604 -0.000361117 0.066646 0.000123093
0.000625 824.047 2168.79 0.698445 0.262716 -0.000318812 0.0728476 0.00012606
0.00065 866.439 2198.49 0.702451 0.249862 -0.000288378 0.0782409 0.000128353
0.000675 903.209 2224.36 0.704364 0.23969 -0.000265376 0.0829945 0.000130183
0.0007 935.544 2247.14 0.704897 0.231406 -0.000247349 0.0872285 0.000131678
0.000725 964.29 2267.4 0.704494 0.224507 -0.000232821 0.0910318 0.000132924
0.00075 990.071 2285.55 0.703445 0.218661 -0.000220854 0.0944724 0.000133977
0.000775 1013.36 2301.92 0.701949 0.213635 -0.000210818 0.0976036 0.00013488
0.0008 1034.54 2316.77 0.700142 0.209263 -0.000202276 0.100468 0.000135662
0.000825 1053.89 2330.3 0.698123 0.205419 -0.000194915 0.103101 0.000136346
0.00085 1071.67 2342.69 0.695962 0.202012 -0.000188502 0.10553 0.000136949
0.000875 1088.06 2354.08 0.69371 0.198969 -0.000182865 0.107779 0.000137484
0.0009 1103.24 2364.59 0.691407 0.196232 -0.000177869 0.109869 0.000137962
0.000925 1117.33 2374.32 0.689079 0.193757 -0.000173411 0.111816 0.000138392
0.00095 1130.46 2383.35 0.686749 0.191507 -0.000169406 0.113636 0.00013878
0.000975 1142.72 2391.76 0.684431 0.189451 -0.00016579 0.11534 0.000139133
0.001 1154.21 2399.6 0.682138 0.187566 -0.000162506 0.11694 0.000139454
0.001025 1164.99 2406.95 0.679877 0.18583 -0.000159512 0.118445 0.000139748
0.00105303 1176.32 2414.64 0.677388 0.18404 -0.000156454 0.12003 0.000140049
0.00108447 1188.17 2422.65 0.674663 0.182204 -0.000153348 0.121692 0.000140356
0.00111973 1200.5 2430.95 0.671696 0.180334 -0.000150216 0.123424 0.000140666
0.00115926 1213.24 2439.49 0.668486 0.178439 -0.000147076 0.125218 0.000140977
0.0012036 1226.35 2448.23 0.665035 0.176532 -0.000143949 0.127068 0.000141287
0.00125331 1239.74 2457.11 0.661351 0.174625 -0.000140856 0.128963 0.000141594
0.00130906 1253.35 2466.08 0.657446 0.172729 -0.000137814 0.130891 0.000141897
0.00137158 1267.09 2475.09 0.653339 0.170856 -0.000134842 0.132843 0.000142192
0.00144169 1280.87 2484.06 0.649051 0.169018 -0.000131955 0.134805 0.000142478
0.00152031 1294.62 2492.95 0.64461 0.167224 -0.000129168 0.136765 0.000142753
0.00160848 1308.23 2501.7 0.640047 0.165483 -0.000126493 0.13871 0.000143017
0.00170735 1321.64 2510.25 0.635395 0.163804 -0.00012394 0.14063 0.000143268
0.00181822 1334.77 2518.56 0.630691 0.162194 -0.000121515 0.142512 0.000143506
0.00194255 1347.53 2526.58 0.625971 0.160657 -0.000119223 0.144345 0.000143729
0.00208197 1359.88 2534.28 0.621271 0.159198 -0.000117068 0.146121 0.000143939
0.00223832 1371.75 2541.63 0.616627 0.157821 -0.000115051 0.147831 0.000144133
0.00241364 1383.1 2548.6 0.612072 0.156525 -0.00011317 0.149468 0.000144314
0.00261026 1393.9 2555.19 0.607635 0.155312 -0.000111423 0.151027 0.00014448
0.00283074 1404.12 2561.38 0.603342 0.154182 -0.000109807 0.152505 0.000144633
0.00307798 1413.75 2567.17 0.599217 0.153132 -0.000108316 0.153898 0.000144774
0.00335525 1422.78 2572.56 0.595275 0.15216 -0.000106946 0.155206 0.000144902
0.00366617 1431.21 2577.56 0.591532 0.151264 -0.00010569 0.156427 0.000145019
0.00401483 1439.04 2582.18 0.587997 0.150441 -0.000104542 0.157564 0.000145125
0.00440583 1446.3 2586.44 0.584675 0.149686 -0.000103495 0.158618 0.000145221
0.00484428 1453 2590.34 0.581569 0.148996 -0.000102544 0.159591 0.000145308
0.00533597 1459.15 2593.91 0.578681 0.148367 -0.00010168 0.160486 0.000145386
0.00588734 1464.79 2597.17 0.576008 0.147796 -0.000100899 0.161305 0.000145457
0.00650565 1469.93 2600.12 0.573547 0.14728 -0.000100195 0.162053 0.00014552
0.00719903 1474.58 2602.79 0.571297 0.146814 -9.95633e-05 0.16273 0.000145576
0.00797657 1478.78 2605.18 0.569254 0.146398 -9.8999e-05 0.163341 0.000145626
0.00884851 1482.53 2607.31 0.567414 0.146027 -9.84985e-05 0.163888 0.000145671
0.0098263 1485.86 2609.2 0.565773 0.1457 -9.80581e-05 0.164372 0.00014571
0.0109228 1488.77 2610.84 0.564327 0.145415 -9.76746e-05 0.164797 0.000145743
0.0121524 1491.29 2612.26 0.563072 0.14517 -9.73449e-05 0.165164 0.000145772
0.0135313 1493.43 2613.47 0.562001 0.144962 -9.70661e-05 0.165476 0.000145797
0.0150775 1495.21 2614.47 0.561107 0.144789 -9.68352e-05 0.165736 0.000145817
0.0168115 1496.65 2615.27 0.560383 0.14465 -9.66492e-05 0.165945 0.000145833
0.018756 1497.77 2615.9 0.559817 0.144542 -9.65045e-05 0.166109 0.000145846
0.0209365 1498.61 2616.37 0.559395 0.144461 -9.6397e-05 0.166231 0.000145855
0.0233817 1499.19 2616.69 0.559098 0.144405 -9.63216e-05 0.166316 0.000145862
0.0261238 1499.57 2616.91 0.558905 0.144368 -9.62727e-05 0.166372 0.000145866
0.0291988 1499.8 2617.03 0.558791 0.144346 -9.62437e-05 0.166405 0.000145868
0.032647 1499.92 2617.1 0.558731 0.144335 -9.62285e-05 0.166422 0.00014587
0.0365139 1499.97 2617.13 0.558704 0.14433 -9.62216e-05 0.16643 0.00014587
0.0408502 1499.99 2617.14 0.558693 0.144328 -9.6219e-05 0.166433 0.000145871
0.0457129 1500 2617.15 0.55869 0.144327 -9.62181e-05 0.166434 0.000145871
0.0511659 1500 2617.15 0.558689 0.144327 -9.62179e-05 0.166434 0.000145871
0.0572809 1500 2617.15 0.558689 0.144327 -9.62179e-05 0.166434 0.000145871
0.0641383 1500 2617.15 0.558689 0.144327 -9.62179e-05 0.166434 0.000145871
0.0718281 1500 2617.15 0.558689 0.144327 -9.62179e-05 0.166434 0.000145871
0.0804515 1500 2617.15 0.558689 0.144327 -9.62179e-05 0.166434 0.000145871
0.0901217 1500 2617.15 0.558689 0.144327 -9.62179e-05 0.166434 0.000145871
0.100966 1500 2617.15 0.558689 0.144327 -9.62179e-05 0.166434 0.000145871
0.113126 1500 2617.15 0.558689 0.144327 -9.62179e-05 0.166434 0.000145871
0.126763 1500 2617.15 0.558689 0.144327 -9.62179e-05 0.166434 0.000145871
0.142056 1500 2617.15 0.558689 0.144327 -9.62179e-05 0.166434 0.000145871
0.159204 1500 2617.15 0.558689 0.144327 -9.62179e-05 0.166434 0.000145871
0.178435 1500 2617.15 0.558689 0.144327 -9.62179e-05 0.166434 0.000145871
0.2 1500 2617.15 0.558689 0.144327 -9.62179e-05 0.166434 0.000145871
