TITLE="Graphics"
VARIABLES= "rj, m", "T, K", "Cp, J/kg*K", "DfCp, J/kg*K^2", "rho, kg/m^3", "Dfrho, kg/m^3*K", "Lambda, Watt/m*K", "DfLambda, Watt/m*K^2"
0 300.069 4186.12 -0.665082 980 0 0.610126 0
2.5e-05 300.069 4186.12 -0.665082 980 0 0.610126 0
5e-05 302.579 4184.61 -0.541393 980 0 0.614298 0
7.5e-05 303.679 4184.05 -0.489629 980 0 0.616098 0
0.0001 304.556 4183.63 -0.449345 980 0 0.617518 0
0.000125 305.488 4183.23 -0.407482 980 0 0.619013 0
0.00015 306.588 4182.81 -0.359354 980 0 0.620753 0
0.000175 307.921 4182.37 -0.302763 980 0 0.622829 0
0.0002 309.537 4181.94 -0.236582 980 0 0.625294 0
0.000225 311.481 4181.55 -0.160366 980 0 0.62818 0
0.00025 313.794 4181.28 -0.0742442 980 0 0.631496 0
0.000275 316.513 4181.21 0.0211159 980 0 0.635229 0
0.0003 319.672 4181.44 0.124564 980 0 0.639343 0
0.000325 323.299 4182.1 0.234581 980 0 0.643777 0
0.00035 327.417 4183.3 0.349463 980 0 0.64845 0
0.000375 332.04 4185.19 0.467569 980 0 0.653261 0
0.0004 337.176 4187.91 0.587613 980 0 0.658095 0
0.000425 342.828 4191.58 0.708945 980 0 0.662826 0
0.00045 348.989 4196.33 0.831806 980 0 0.66732 0
0.000475 355.65 4202.29 0.957513 980 0 0.671448 0
0.0005 362.795 4209.6 1.08856 980 0 0.675096 0
0.000525 449.878 1928.66 0.533436 0.48122 -0.00106967 0.0309335 9.36076e-05
0.00055 578.839 2004.26 0.627917 0.374008 -0.000646135 0.0439719 0.00010789
0.000575 667.174 2061.46 0.664428 0.324488 -0.000486362 0.0538514 0.000115548
0.0006 735.246 2107.37 0.683254 0.294446 -0.000400473 0.061891 0.000120539
0.000625 790.648 2145.53 0.69386 0.273814 -0.000346315 0.0686697 0.000124103
0.00065 837.233 2178.01 0.699904 0.258578 -0.000308848 0.0745148 0.000126795
0.000675 877.278 2206.1 0.703163 0.246775 -0.000281296 0.0796352 0.000128907
0.0007 912.259 2230.73 0.70462 0.237312 -0.000260137 0.0841747 0.000130612
0.000725 943.197 2252.54 0.704869 0.229528 -0.000243351 0.0882375 0.000132017
0.00075 970.83 2272.01 0.704289 0.222995 -0.000229695 0.091902 0.000133197
0.000775 995.712 2289.52 0.70313 0.217422 -0.000218359 0.0952288 0.0001342
0.0008 1018.27 2305.36 0.701567 0.212606 -0.000208791 0.0982661 0.000135064
0.000825 1038.84 2319.78 0.699723 0.208396 -0.000200603 0.101052 0.000135817
0.00085 1057.7 2332.95 0.697685 0.204681 -0.000193515 0.103619 0.000136477
0.000875 1075.06 2345.05 0.695517 0.201376 -0.000187317 0.105994 0.000137061
0.0009 1091.1 2356.19 0.693266 0.198415 -0.000181849 0.108197 0.000137581
0.000925 1105.98 2366.48 0.690968 0.195745 -0.000176988 0.110247 0.000138047
0.00095 1119.82 2376.04 0.688648 0.193325 -0.000172639 0.112162 0.000138467
0.000975 1132.74 2384.92 0.686327 0.19112 -0.000168723 0.113953 0.000138847
0.001 1144.83 2393.2 0.684019 0.189102 -0.000165179 0.115634 0.000139192
0.001025 1156.17 2400.94 0.681734 0.187248 -0.000161955 0.117213 0.000139508
0.00105303 1168.08 2409.05 0.67921 0.185339 -0.00015867 0.118877 0.000139831
0.00108447 1180.52 2417.48 0.676438 0.183386 -0.000155343 0.120618 0.000140159
0.00111973 1193.45 2426.2 0.67341 0.181399 -0.000151996 0.122432 0.000140489
0.00115926 1206.8 2435.18 0.670126 0.179391 -0.00014865 0.124311 0.000140821
0.0012036 1220.53 2444.35 0.666587 0.177375 -0.000145326 0.126246 0.00014115
0.00125331 1234.54 2453.66 0.662801 0.175361 -0.000142046 0.128226 0.000141476
0.00130906 1248.76 2463.06 0.658781 0.173364 -0.000138828 0.130241 0.000141796
0.00137158 1263.11 2472.49 0.654545 0.171394 -0.000135692 0.132277 0.000142107
0.00144169 1277.5 2481.87 0.650117 0.169465 -0.000132654 0.134324 0.000142408
0.00152031 1291.83 2491.15 0.645525 0.167585 -0.000129727 0.136367 0.000142698
0.00160848 1306.01 2500.28 0.640802 0.165764 -0.000126924 0.138393 0.000142975
0.00170735 1319.97 2509.19 0.635983 0.164011 -0.000124253 0.140391 0.000143238
0.00181822 1333.62 2517.84 0.631106 0.162332 -0.000121723 0.142348 0.000143486
0.00194255 1346.89 2526.18 0.62621 0.160733 -0.000119336 0.144253 0.000143718
0.00208197 1359.72 2534.18 0.621333 0.159217 -0.000117096 0.146098 0.000143936
0.00223832 1372.04 2541.8 0.616514 0.157788 -0.000115003 0.147872 0.000144138
0.00241364 1383.81 2549.03 0.611786 0.156446 -0.000113055 0.14957 0.000144325
0.00261026 1394.99 2555.85 0.607181 0.155191 -0.000111249 0.151185 0.000144497
0.00283074 1405.57 2562.25 0.602729 0.154024 -0.000109581 0.152714 0.000144655
0.00307798 1415.51 2568.22 0.598453 0.152941 -0.000108047 0.154153 0.000144799
0.00335525 1424.82 2573.77 0.594373 0.151942 -0.000106639 0.155502 0.00014493
0.00366617 1433.5 2578.91 0.590504 0.151022 -0.000105352 0.15676 0.00014505
0.00401483 1441.54 2583.65 0.586858 0.15018 -0.00010418 0.157927 0.000145158
0.00440583 1448.97 2587.99 0.583443 0.14941 -0.000103115 0.159005 0.000145256
0.00484428 1455.79 2591.96 0.580264 0.14871 -0.000102151 0.159997 0.000145343
0.00533597 1462.03 2595.57 0.577322 0.148075 -0.000101281 0.160903 0.000145422
0.00588734 1467.7 2598.84 0.574617 0.147503 -0.000100499 0.161729 0.000145492
0.00650565 1472.83 2601.78 0.572147 0.146989 -9.98005e-05 0.162475 0.000145555
0.00719903 1477.44 2604.41 0.569909 0.146531 -9.91789e-05 0.163146 0.00014561
0.00797657 1481.55 2606.75 0.567899 0.146124 -9.86297e-05 0.163744 0.000145659
0.00884851 1485.17 2608.81 0.566112 0.145768 -9.81487e-05 0.164273 0.000145702
0.0098263 1488.34 2610.6 0.564544 0.145458 -9.77319e-05 0.164733 0.000145738
0.0109228 1491.05 2612.13 0.563191 0.145193 -9.7376e-05 0.16513 0.00014577
0.0121524 1493.35 2613.42 0.562044 0.14497 -9.70774e-05 0.165464 0.000145796
0.0135313 1495.23 2614.48 0.561098 0.144787 -9.68328e-05 0.165738 0.000145817
0.0150775 1496.73 2615.32 0.560342 0.144642 -9.66385e-05 0.165958 0.000145834
0.0168115 1497.88 2615.96 0.559761 0.144531 -9.64903e-05 0.166125 0.000145847
0.018756 1498.72 2616.43 0.559339 0.14445 -9.63828e-05 0.166247 0.000145856
0.0209365 1499.28 2616.75 0.559052 0.144396 -9.63097e-05 0.16633 0.000145863
0.0233817 1499.64 2616.95 0.558872 0.144361 -9.62641e-05 0.166382 0.000145867
0.0261238 1499.84 2617.06 0.55877 0.144342 -9.62384e-05 0.166411 0.000145869
0.0291988 1499.94 2617.11 0.55872 0.144333 -9.62258e-05 0.166425 0.00014587
0.032647 1499.98 2617.14 0.558699 0.144329 -9.62204e-05 0.166431 0.00014587
0.0365139 1499.99 2617.14 0.558692 0.144327 -9.62186e-05 0.166433 0.000145871
0.0408502 1500 2617.15 0.55869 0.144327 -9.6218e-05 0.166434 0.000145871
0.0457129 1500 2617.15 0.558689 0.144327 -9.62179e-05 0.166434 0.000145871
0.0511659 1500 2617.15 0.558689 0.144327 -9.62179e-05 0.166434 0.000145871
0.0572809 1500 2617.15 0.558689 0.144327 -9.62179e-05 0.166434 0.000145871
0.0641383 1500 2617.15 0.558689 0.144327 -9.62179e-05 0.166434 0.000145871
0.0718281 1500 2617.15 0.558689 0.144327 -9.62179e-05 0.166434 0.000145871
0.0804515 1500 2617.15 0.558689 0.144327 -9.62179e-05 0.166434 0.000145871
0.0901217 1500 2617.15 0.558689 0.144327 -9.62179e-05 0.166434 0.000145871
0.100966 1500 2617.15 0.558689 0.144327 -9.62179e-05 0.166434 0.000145871
0.113126 1500 2617.15 0.558689 0.144327 -9.62179e-05 0.166434 0.000145871
0.126763 1500 2617.15 0.558689 0.144327 -9.62179e-05 0.166434 0.000145871
0.142056 1500 2617.15 0.558689 0.144327 -9.62179e-05 0.166434 0.000145871
0.159204 1500 2617.15 0.558689 0.144327 -9.62179e-05 0.166434 0.000145871
0.178435 1500 2617.15 0.558689 0.144327 -9.62179e-05 0.166434 0.000145871
0.2 1500 2617.15 0.558689 0.144327 -9.62179e-05 0.166434 0.000145871
