TITLE="Graphics"
VARIABLES= "rj, m", "T, K", "Cp, J/kg*K", "DfCp, J/kg*K^2", "rho, kg/m^3", "Dfrho, kg/m^3*K", "Lambda, Watt/m*K", "DfLambda, Watt/m*K^2"
0 300.002 4186.17 -0.668492 980 0 0.610014 0
2.5e-05 300.002 4186.17 -0.668492 980 0 0.610014 0
5e-05 300.074 4186.12 -0.664842 980 0 0.610134 0
7.5e-05 300.121 4186.09 -0.662454 980 0 0.610213 0
0.0001 300.183 4186.05 -0.659311 980 0 0.610317 0
0.000125 300.278 4185.99 -0.654501 980 0 0.610476 0
0.00015 300.425 4185.89 -0.647052 980 0 0.610723 0
0.000175 300.651 4185.75 -0.635678 980 0 0.611101 0
0.0002 300.992 4185.53 -0.618665 980 0 0.61167 0
0.000225 301.496 4185.23 -0.593812 980 0 0.612508 0
0.00025 302.223 4184.81 -0.558466 980 0 0.613712 0
0.000275 303.249 4184.26 -0.509671 980 0 0.615397 0
0.0003 304.663 4183.59 -0.4445 980 0 0.61769 0
0.000325 306.56 4182.82 -0.360561 980 0 0.620709 0
0.00035 309.041 4182.06 -0.25661 980 0 0.624544 0
0.000375 312.199 4181.45 -0.133119 980 0 0.629223 0
0.0004 316.113 4181.2 0.00745609 980 0 0.634691 0
0.000425 320.838 4181.61 0.160905 980 0 0.640802 0
0.00045 326.402 4182.96 0.322066 980 0 0.647333 0
0.000475 332.801 4185.56 0.486037 980 0 0.65401 0
0.0005 340 4189.66 0.649457 980 0 0.660534 0
0.000525 433.555 1920.09 0.515452 0.499338 -0.00115173 0.0294229 9.14656e-05
0.00055 570.593 1999.1 0.623627 0.379413 -0.000664946 0.0430855 0.000107097
0.000575 662.411 2058.3 0.66284 0.326821 -0.000493381 0.053302 0.000115171
0.0006 732.607 2105.56 0.682649 0.295507 -0.000403363 0.0615731 0.000120358
0.000625 789.498 2144.73 0.693678 0.274213 -0.000347325 0.068527 0.000124033
0.00065 837.211 2177.99 0.699901 0.258585 -0.000308865 0.074512 0.000126794
0.000675 878.153 2206.72 0.703215 0.246529 -0.000280736 0.0797479 0.000128952
0.0007 913.871 2231.87 0.704657 0.236894 -0.00025922 0.0843852 0.000130687
0.000725 945.43 2254.11 0.70485 0.228986 -0.000242203 0.0885324 0.000132115
0.00075 973.596 2273.96 0.704189 0.222362 -0.000228392 0.0922706 0.000133311
0.000775 998.943 2291.79 0.702936 0.216719 -0.000216949 0.0956626 0.000134327
0.0008 1021.91 2307.92 0.70127 0.211848 -0.000207306 0.0987579 0.0001352
0.000825 1042.85 2322.58 0.699318 0.207595 -0.000199066 0.101596 0.000135959
0.00085 1062.03 2335.97 0.69717 0.203846 -0.00019194 0.104211 0.000136625
0.000875 1079.68 2348.26 0.694892 0.200513 -0.000185715 0.106628 0.000137213
0.0009 1095.99 2359.58 0.692533 0.197529 -0.000180228 0.10887 0.000137736
0.000925 1111.12 2370.03 0.690127 0.19484 -0.000175355 0.110957 0.000138204
0.00095 1125.19 2379.73 0.687703 0.192404 -0.000170997 0.112905 0.000138626
0.000975 1138.32 2388.74 0.68528 0.190185 -0.000167076 0.114727 0.000139007
0.001 1150.6 2397.14 0.682872 0.188155 -0.000163528 0.116436 0.000139354
0.001025 1162.11 2404.99 0.680491 0.186291 -0.000160304 0.118043 0.00013967
0.00105303 1174.2 2413.2 0.677862 0.184372 -0.000157019 0.119733 0.000139993
0.00108447 1186.83 2421.75 0.674977 0.18241 -0.000153694 0.121504 0.000140322
0.00111973 1199.96 2430.58 0.671829 0.180415 -0.000150351 0.123348 0.000140652
0.00115926 1213.51 2439.67 0.668416 0.178399 -0.00014701 0.125257 0.000140983
0.0012036 1227.44 2448.95 0.664741 0.176375 -0.000143694 0.127222 0.000141313
0.00125331 1241.66 2458.37 0.660812 0.174356 -0.000140422 0.129234 0.000141637
0.00130906 1256.08 2467.88 0.656642 0.172353 -0.000137215 0.131279 0.000141956
0.00137158 1270.63 2477.4 0.652252 0.17038 -0.00013409 0.133347 0.000142266
0.00144169 1285.22 2486.88 0.647665 0.168446 -0.000131064 0.135424 0.000142566
0.00152031 1299.74 2496.25 0.642912 0.166564 -0.000128152 0.137497 0.000142854
0.00160848 1314.12 2505.46 0.638025 0.164742 -0.000125363 0.139552 0.000143129
0.00170735 1328.25 2514.44 0.633044 0.162988 -0.000122709 0.141578 0.000143389
0.00181822 1342.07 2523.16 0.628006 0.16131 -0.000120195 0.143561 0.000143635
0.00194255 1355.5 2531.56 0.622953 0.159712 -0.000117826 0.145491 0.000143865
0.00208197 1368.46 2539.6 0.617924 0.158199 -0.000115604 0.147357 0.00014408
0.00223832 1380.91 2547.26 0.61296 0.156774 -0.000113529 0.149152 0.000144279
0.00241364 1392.79 2554.51 0.608097 0.155437 -0.000111601 0.150867 0.000144463
0.00261026 1404.06 2561.34 0.603369 0.154189 -0.000109816 0.152496 0.000144632
0.00283074 1414.7 2567.73 0.598806 0.153029 -0.000108171 0.154035 0.000144787
0.00307798 1424.68 2573.69 0.594435 0.151957 -0.00010666 0.155482 0.000144929
0.00335525 1434 2579.21 0.590278 0.15097 -0.000105279 0.156833 0.000145057
0.00366617 1442.65 2584.3 0.586353 0.150065 -0.000104021 0.158087 0.000145173
0.00401483 1450.62 2588.96 0.582675 0.14924 -0.00010288 0.159246 0.000145277
0.00440583 1457.93 2593.21 0.579256 0.148491 -0.00010185 0.160308 0.000145371
0.00484428 1464.59 2597.05 0.576102 0.147816 -0.000100927 0.161276 0.000145454
0.00533597 1470.61 2600.51 0.573221 0.147212 -0.000100103 0.162151 0.000145528
0.00588734 1475.99 2603.59 0.570615 0.146675 -9.9374e-05 0.162935 0.000145593
0.00650565 1480.75 2606.3 0.568288 0.146203 -9.87354e-05 0.163629 0.00014565
0.00719903 1484.92 2608.66 0.566239 0.145793 -9.81826e-05 0.164235 0.000145699
0.00797657 1488.49 2610.68 0.564467 0.145443 -9.77114e-05 0.164756 0.00014574
0.00884851 1491.5 2612.38 0.562968 0.145149 -9.73177e-05 0.165195 0.000145775
0.0098263 1493.96 2613.76 0.561734 0.14491 -9.69971e-05 0.165554 0.000145803
0.0109228 1495.91 2614.86 0.560755 0.144721 -9.67445e-05 0.165838 0.000145825
0.0121524 1497.39 2615.69 0.56001 0.144579 -9.65538e-05 0.166053 0.000145841
0.0135313 1498.45 2616.28 0.559476 0.144476 -9.64175e-05 0.166208 0.000145853
0.0150775 1499.15 2616.67 0.559118 0.144408 -9.63266e-05 0.166311 0.000145861
0.0168115 1499.59 2616.91 0.558899 0.144367 -9.62711e-05 0.166374 0.000145866
0.018756 1499.82 2617.05 0.55878 0.144344 -9.62408e-05 0.166408 0.000145869
0.0209365 1499.93 2617.11 0.558723 0.144333 -9.62263e-05 0.166425 0.00014587
0.0233817 1499.98 2617.14 0.558699 0.144329 -9.62205e-05 0.166431 0.00014587
0.0261238 1499.99 2617.14 0.558692 0.144327 -9.62185e-05 0.166433 0.000145871
0.0291988 1500 2617.15 0.55869 0.144327 -9.6218e-05 0.166434 0.000145871
0.032647 1500 2617.15 0.558689 0.144327 -9.62179e-05 0.166434 0.000145871
0.0365139 1500 2617.15 0.558689 0.144327 -9.62179e-05 0.166434 0.000145871
0.0408502 1500 2617.15 0.558689 0.144327 -9.62179e-05 0.166434 0.000145871
0.0457129 1500 2617.15 0.558689 0.144327 -9.62179e-05 0.166434 0.000145871
0.0511659 1500 2617.15 0.558689 0.144327 -9.62179e-05 0.166434 0.000145871
0.0572809 1500 2617.15 0.558689 0.144327 -9.62179e-05 0.166434 0.000145871
0.0641383 1500 2617.15 0.558689 0.144327 -9.62179e-05 0.166434 0.000145871
0.0718281 1500 2617.15 0.558689 0.144327 -9.62179e-05 0.166434 0.000145871
0.0804515 1500 2617.15 0.558689 0.144327 -9.62179e-05 0.166434 0.000145871
0.0901217 1500 2617.15 0.558689 0.144327 -9.62179e-05 0.166434 0.000145871
0.100966 1500 2617.15 0.558689 0.144327 -9.62179e-05 0.166434 0.000145871
0.113126 1500 2617.15 0.558689 0.144327 -9.62179e-05 0.166434 0.000145871
0.126763 1500 2617.15 0.558689 0.144327 -9.62179e-05 0.166434 0.000145871
0.142056 1500 2617.15 0.558689 0.144327 -9.62179e-05 0.166434 0.000145871
0.159204 1500 2617.15 0.558689 0.144327 -9.62179e-05 0.166434 0.000145871
0.178435 1500 2617.15 0.558689 0.144327 -9.62179e-05 0.166434 0.000145871
0.2 1500 2617.15 0.558689 0.144327 -9.62179e-05 0.166434 0.000145871
