TITLE="Graphics"
VARIABLES= "rj, m", "T, K", "Cp, J/kg*K", "DfCp, J/kg*K^2", "rho, kg/m^3", "Dfrho, kg/m^3*K", "Lambda, Watt/m*K", "DfLambda, Watt/m*K^2"
0 300.003 4186.17 -0.668463 980 0 0.610015 0
2.5e-05 300.003 4186.17 -0.668463 980 0 0.610015 0
5e-05 300.094 4186.11 -0.663784 980 0 0.610169 0
7.5e-05 300.153 4186.07 -0.660814 980 0 0.610267 0
0.0001 300.228 4186.02 -0.657023 980 0 0.610392 0
0.000125 300.34 4185.95 -0.651343 980 0 0.61058 0
0.00015 300.511 4185.84 -0.642704 980 0 0.610867 0
0.000175 300.77 4185.67 -0.629738 980 0 0.6113 0
0.0002 301.154 4185.43 -0.610665 980 0 0.611939 0
0.000225 301.712 4185.1 -0.583259 980 0 0.612866 0
0.00025 302.506 4184.65 -0.5449 980 0 0.614178 0
0.000275 303.611 4184.08 -0.49276 980 0 0.615988 0
0.0003 305.115 4183.39 -0.424149 980 0 0.618416 0
0.000325 307.109 4182.63 -0.337011 980 0 0.621569 0
0.00035 309.689 4181.9 -0.230491 980 0 0.625523 0
0.000375 312.941 4181.36 -0.10542 980 0 0.630289 0
0.0004 316.94 4181.22 0.0355291 980 0 0.635799 0
0.000425 321.733 4181.76 0.188143 980 0 0.6419 0
0.00045 327.343 4183.28 0.347494 980 0 0.64837 0
0.000475 333.765 4186.04 0.509083 980 0 0.654943 0
0.0005 340.965 4190.29 0.670015 980 0 0.661332 0
0.000525 434.207 1920.43 0.51621 0.498587 -0.00114827 0.0294826 9.1553e-05
0.00055 570.859 1999.27 0.623768 0.379236 -0.000664326 0.043114 0.000107122
0.000575 662.511 2058.36 0.662873 0.326772 -0.000493232 0.0533135 0.000115179
0.0006 732.604 2105.56 0.682649 0.295508 -0.000403366 0.0615727 0.000120358
0.000625 789.422 2144.68 0.693666 0.274239 -0.000347392 0.0685176 0.000124029
0.00065 837.08 2177.9 0.699888 0.258626 -0.000308962 0.0744953 0.000126787
0.000675 877.976 2206.6 0.703204 0.246579 -0.000280849 0.0797252 0.000128943
0.0007 913.657 2231.72 0.704652 0.236949 -0.000259341 0.0843574 0.000130677
0.000725 945.185 2253.94 0.704853 0.229045 -0.000242329 0.0885 0.000132105
0.00075 973.324 2273.76 0.704199 0.222424 -0.00022852 0.0922343 0.0001333
0.000775 998.647 2291.58 0.702954 0.216784 -0.000217077 0.0956228 0.000134315
0.0008 1021.59 2307.7 0.701296 0.211914 -0.000207435 0.0987151 0.000135188
0.000825 1042.51 2322.35 0.699352 0.207662 -0.000199194 0.101551 0.000135947
0.00085 1061.68 2335.73 0.697213 0.203914 -0.000192068 0.104163 0.000136613
0.000875 1079.31 2348.01 0.694943 0.200581 -0.000185842 0.106577 0.000137201
0.0009 1095.61 2359.31 0.692591 0.197598 -0.000180354 0.108818 0.000137724
0.000925 1110.72 2369.76 0.690193 0.194909 -0.00017548 0.110903 0.000138192
0.00095 1124.78 2379.45 0.687776 0.192473 -0.00017112 0.112848 0.000138614
0.000975 1137.9 2388.45 0.685359 0.190254 -0.000167198 0.114669 0.000138995
0.001 1150.17 2396.85 0.682958 0.188225 -0.00016365 0.116377 0.000139342
0.001025 1161.67 2404.69 0.680583 0.186361 -0.000160424 0.117982 0.000139658
0.00105303 1173.76 2412.9 0.677962 0.184442 -0.000157138 0.119671 0.000139982
0.00108447 1186.38 2421.44 0.675084 0.18248 -0.000153813 0.12144 0.00014031
0.00111973 1199.49 2430.27 0.671944 0.180485 -0.000150468 0.123282 0.000140641
0.00115926 1213.04 2439.35 0.668539 0.17847 -0.000147126 0.125189 0.000140972
0.0012036 1226.95 2448.63 0.664873 0.176446 -0.000143808 0.127153 0.000141301
0.00125331 1241.16 2458.05 0.660953 0.174426 -0.000140535 0.129163 0.000141626
0.00130906 1255.58 2467.54 0.656793 0.172423 -0.000137326 0.131207 0.000141945
0.00137158 1270.12 2477.06 0.652412 0.170449 -0.0001342 0.133273 0.000142255
0.00144169 1284.69 2486.54 0.647835 0.168516 -0.000131173 0.135348 0.000142555
0.00152031 1299.2 2495.91 0.643091 0.166633 -0.000128258 0.13742 0.000142843
0.00160848 1313.57 2505.11 0.638215 0.164811 -0.000125468 0.139474 0.000143118
0.00170735 1327.7 2514.09 0.633244 0.163057 -0.000122812 0.141498 0.000143379
0.00181822 1341.51 2522.8 0.628216 0.161378 -0.000120296 0.14348 0.000143625
0.00194255 1354.93 2531.2 0.623172 0.15978 -0.000117925 0.145408 0.000143856
0.00208197 1367.88 2539.24 0.618153 0.158267 -0.000115702 0.147274 0.000144071
0.00223832 1380.32 2546.9 0.613197 0.15684 -0.000113626 0.149067 0.00014427
0.00241364 1392.2 2554.15 0.608341 0.155502 -0.000111696 0.150781 0.000144454
0.00261026 1403.47 2560.98 0.60362 0.154254 -0.000109909 0.15241 0.000144624
0.00283074 1414.1 2567.38 0.599063 0.153093 -0.000108262 0.15395 0.000144779
0.00307798 1424.09 2573.34 0.594697 0.15202 -0.000106749 0.155396 0.00014492
0.00335525 1433.41 2578.86 0.590543 0.151032 -0.000105365 0.156747 0.000145049
0.00366617 1442.06 2583.95 0.58662 0.150125 -0.000104105 0.158003 0.000145165
0.00401483 1450.05 2588.62 0.582942 0.149299 -0.000102961 0.159162 0.00014527
0.00440583 1457.37 2592.88 0.57952 0.148548 -0.000101929 0.160227 0.000145363
0.00484428 1464.05 2596.74 0.576362 0.147871 -0.000101002 0.161197 0.000145447
0.00533597 1470.08 2600.21 0.573473 0.147264 -0.000100174 0.162075 0.000145522
0.00588734 1475.49 2603.3 0.570858 0.146724 -9.94411e-05 0.162862 0.000145587
0.00650565 1480.29 2606.04 0.568517 0.146249 -9.87977e-05 0.163561 0.000145644
0.00719903 1484.49 2608.42 0.566451 0.145835 -9.82395e-05 0.164173 0.000145694
0.00797657 1488.1 2610.47 0.564659 0.145481 -9.77623e-05 0.1647 0.000145736
0.00884851 1491.16 2612.19 0.563137 0.145182 -9.73621e-05 0.165145 0.000145771
0.0098263 1493.67 2613.6 0.561879 0.144938 -9.70345e-05 0.165512 0.0001458
0.0109228 1495.68 2614.73 0.560873 0.144744 -9.67748e-05 0.165804 0.000145822
0.0121524 1497.21 2615.58 0.560101 0.144596 -9.65771e-05 0.166027 0.000145839
0.0135313 1498.32 2616.21 0.559542 0.144489 -9.64343e-05 0.166189 0.000145852
0.0150775 1499.07 2616.62 0.559162 0.144417 -9.63377e-05 0.166298 0.00014586
0.0168115 1499.53 2616.89 0.558926 0.144372 -9.62778e-05 0.166366 0.000145865
0.018756 1499.79 2617.03 0.558793 0.144347 -9.62443e-05 0.166404 0.000145868
0.0209365 1499.92 2617.1 0.558729 0.144334 -9.62279e-05 0.166423 0.00014587
0.0233817 1499.98 2617.13 0.558702 0.144329 -9.62211e-05 0.166431 0.00014587
0.0261238 1499.99 2617.14 0.558692 0.144327 -9.62187e-05 0.166433 0.000145871
0.0291988 1500 2617.15 0.55869 0.144327 -9.62181e-05 0.166434 0.000145871
0.032647 1500 2617.15 0.558689 0.144327 -9.62179e-05 0.166434 0.000145871
0.0365139 1500 2617.15 0.558689 0.144327 -9.62179e-05 0.166434 0.000145871
0.0408502 1500 2617.15 0.558689 0.144327 -9.62179e-05 0.166434 0.000145871
0.0457129 1500 2617.15 0.558689 0.144327 -9.62179e-05 0.166434 0.000145871
0.0511659 1500 2617.15 0.558689 0.144327 -9.62179e-05 0.166434 0.000145871
0.0572809 1500 2617.15 0.558689 0.144327 -9.62179e-05 0.166434 0.000145871
0.0641383 1500 2617.15 0.558689 0.144327 -9.62179e-05 0.166434 0.000145871
0.0718281 1500 2617.15 0.558689 0.144327 -9.62179e-05 0.166434 0.000145871
0.0804515 1500 2617.15 0.558689 0.144327 -9.62179e-05 0.166434 0.000145871
0.0901217 1500 2617.15 0.558689 0.144327 -9.62179e-05 0.166434 0.000145871
0.100966 1500 2617.15 0.558689 0.144327 -9.62179e-05 0.166434 0.000145871
0.113126 1500 2617.15 0.558689 0.144327 -9.62179e-05 0.166434 0.000145871
0.126763 1500 2617.15 0.558689 0.144327 -9.62179e-05 0.166434 0.000145871
0.142056 1500 2617.15 0.558689 0.144327 -9.62179e-05 0.166434 0.000145871
0.159204 1500 2617.15 0.558689 0.144327 -9.62179e-05 0.166434 0.000145871
0.178435 1500 2617.15 0.558689 0.144327 -9.62179e-05 0.166434 0.000145871
0.2 1500 2617.15 0.558689 0.144327 -9.62179e-05 0.166434 0.000145871
