TITLE="Graphics"
VARIABLES= "rj, m", "T, K", "Cp, J/kg*K", "DfCp, J/kg*K^2", "rho, kg/m^3", "Dfrho, kg/m^3*K", "Lambda, Watt/m*K", "DfLambda, Watt/m*K^2"
0 300.349 4185.94 -0.650911 980 0 0.610595 0
2.5e-05 300.349 4185.94 -0.650911 980 0 0.610595 0
5e-05 312.955 4181.36 -0.104923 980 0 0.630308 0
7.5e-05 317.746 4181.26 0.0624025 980 0 0.636864 0
0.0001 320.701 4181.59 0.156668 980 0 0.640632 0
0.000125 323.115 4182.05 0.229201 980 0 0.643559 0
0.00015 325.428 4182.66 0.295201 980 0 0.646239 0
0.000175 327.821 4183.45 0.36023 980 0 0.648889 0
0.0002 330.378 4184.45 0.426332 980 0 0.651583 0
0.000225 333.133 4185.72 0.494025 980 0 0.654334 0
0.00025 336.091 4187.28 0.563101 980 0 0.657117 0
0.000275 339.237 4189.17 0.633017 980 0 0.65989 0
0.0003 342.545 4191.38 0.703107 980 0 0.662604 0
0.000325 345.974 4193.91 0.772697 980 0 0.665205 0
0.00035 349.473 4196.73 0.841153 980 0 0.667645 0
0.000375 352.987 4199.81 0.907889 980 0 0.669885 0
0.0004 356.452 4203.06 0.972343 980 0 0.671896 0
0.000425 359.807 4206.43 1.03395 980 0 0.673664 0
0.00045 362.989 4209.81 1.09209 980 0 0.675184 0
0.000475 365.943 4213.12 1.14613 980 0 0.676465 0
0.0005 374.671 1892.08 0.429575 0.577815 -0.00154219 0.0242818 8.29254e-05
0.000525 539.086 1979.73 0.605486 0.401587 -0.000744941 0.0397606 0.000103929
0.00055 640.092 2043.59 0.654872 0.338217 -0.000528388 0.0507516 0.000113353
0.000575 715.141 2093.68 0.678404 0.302724 -0.000423306 0.0594815 0.000119139
0.0006 775.027 2134.71 0.69126 0.279333 -0.000360417 0.0667385 0.00012314
0.000625 824.736 2169.27 0.698526 0.262496 -0.000318279 0.0729346 0.000126099
0.00065 867.07 2198.93 0.702496 0.24968 -0.000287959 0.0783219 0.000128386
0.000675 903.785 2224.76 0.704383 0.239537 -0.000265038 0.0830696 0.00013021
0.0007 936.069 2247.51 0.704897 0.231276 -0.000247071 0.0872977 0.000131702
0.000725 964.766 2267.74 0.70448 0.224397 -0.000232592 0.0910951 0.000132944
0.00075 990.5 2285.85 0.703422 0.218567 -0.000220663 0.0945299 0.000133994
0.000775 1013.75 2302.19 0.701919 0.213554 -0.000210658 0.0976555 0.000134895
0.0008 1034.88 2317.01 0.700109 0.209193 -0.000202142 0.100515 0.000135674
0.000825 1054.2 2330.51 0.698088 0.20536 -0.000194803 0.103142 0.000136356
0.00085 1071.93 2342.87 0.695927 0.201962 -0.000188409 0.105566 0.000136957
0.000875 1088.29 2354.24 0.693677 0.198927 -0.000182789 0.10781 0.000137491
0.0009 1103.43 2364.72 0.691376 0.196198 -0.000177808 0.109895 0.000137968
0.000925 1117.49 2374.43 0.689052 0.19373 -0.000173362 0.111838 0.000138397
0.00095 1130.58 2383.43 0.686726 0.191485 -0.000169369 0.113653 0.000138784
0.000975 1142.82 2391.82 0.684413 0.189436 -0.000165762 0.115353 0.000139135
0.001 1154.27 2399.65 0.682124 0.187556 -0.000162488 0.116949 0.000139456
0.001025 1165.02 2406.97 0.679869 0.185825 -0.000159503 0.11845 0.000139749
0.00105303 1176.33 2414.64 0.677387 0.184039 -0.000156452 0.120031 0.000140049
0.00108447 1188.14 2422.63 0.67467 0.182209 -0.000153356 0.121688 0.000140355
0.00111973 1200.43 2430.9 0.671712 0.180343 -0.000150232 0.123414 0.000140664
0.00115926 1213.14 2439.42 0.668512 0.178454 -0.000147101 0.125204 0.000140974
0.0012036 1226.21 2448.13 0.665073 0.176553 -0.000143983 0.127048 0.000141284
0.00125331 1239.56 2456.99 0.661403 0.174651 -0.000140898 0.128936 0.00014159
0.00130906 1253.12 2465.93 0.657513 0.172761 -0.000137864 0.130859 0.000141892
0.00137158 1266.81 2474.91 0.653423 0.170893 -0.0001349 0.132804 0.000142186
0.00144169 1280.55 2483.85 0.649154 0.16906 -0.000132022 0.134759 0.000142471
0.00152031 1294.24 2492.71 0.644733 0.167272 -0.000129243 0.136712 0.000142746
0.00160848 1307.81 2501.43 0.640191 0.165536 -0.000126575 0.13865 0.000143009
0.00170735 1321.17 2509.95 0.635563 0.163863 -0.000124029 0.140562 0.00014326
0.00181822 1334.24 2518.23 0.630883 0.162258 -0.000121611 0.142436 0.000143497
0.00194255 1346.95 2526.22 0.626188 0.160726 -0.000119326 0.144262 0.000143719
0.00208197 1359.24 2533.89 0.621516 0.159273 -0.000117177 0.14603 0.000143928
0.00223832 1371.06 2541.2 0.616899 0.1579 -0.000115166 0.147732 0.000144122
0.00241364 1382.36 2548.15 0.612372 0.156609 -0.000113291 0.149361 0.000144302
0.00261026 1393.11 2554.71 0.607964 0.155401 -0.00011155 0.150913 0.000144468
0.00283074 1403.28 2560.87 0.603701 0.154275 -0.000109939 0.152383 0.000144621
0.00307798 1412.85 2566.63 0.599606 0.153229 -0.000108454 0.153768 0.000144761
0.00335525 1421.82 2571.99 0.595696 0.152262 -0.00010709 0.155067 0.000144888
0.00366617 1430.19 2576.96 0.591984 0.151371 -0.00010584 0.156281 0.000145005
0.00401483 1437.97 2581.55 0.588482 0.150552 -0.000104698 0.157409 0.00014511
0.00440583 1445.17 2585.78 0.585194 0.149802 -0.000103657 0.158454 0.000145206
0.00484428 1451.81 2589.65 0.582124 0.149118 -0.000102712 0.159418 0.000145292
0.00533597 1457.9 2593.19 0.579272 0.148495 -0.000101855 0.160303 0.00014537
0.00588734 1463.47 2596.41 0.576635 0.147929 -0.000101081 0.161114 0.00014544
0.00650565 1468.55 2599.33 0.574209 0.147418 -0.000100383 0.161852 0.000145503
0.00719903 1473.16 2601.97 0.571989 0.146957 -9.97563e-05 0.162523 0.000145559
0.00797657 1477.32 2604.35 0.569968 0.146543 -9.91952e-05 0.163128 0.000145609
0.00884851 1481.06 2606.47 0.56814 0.146173 -9.86952e-05 0.163673 0.000145653
0.0098263 1484.39 2608.37 0.566498 0.145844 -9.82519e-05 0.164159 0.000145693
0.0109228 1487.35 2610.04 0.565035 0.145555 -9.78618e-05 0.16459 0.000145727
0.0121524 1489.94 2611.5 0.563746 0.145301 -9.75216e-05 0.164967 0.000145757
0.0135313 1492.18 2612.76 0.562625 0.145083 -9.72284e-05 0.165295 0.000145783
0.0150775 1494.1 2613.84 0.561667 0.144897 -9.69798e-05 0.165573 0.000145804
0.0168115 1495.69 2614.73 0.560867 0.144743 -9.67733e-05 0.165806 0.000145822
0.018756 1496.98 2615.46 0.560216 0.144618 -9.66064e-05 0.165994 0.000145837
0.0209365 1497.99 2616.02 0.559707 0.144521 -9.64764e-05 0.166141 0.000145848
0.0233817 1498.74 2616.44 0.559327 0.144448 -9.63796e-05 0.166251 0.000145857
0.0261238 1499.27 2616.74 0.559059 0.144397 -9.63116e-05 0.166328 0.000145863
0.0291988 1499.61 2616.93 0.558885 0.144364 -9.62674e-05 0.166378 0.000145866
0.032647 1499.82 2617.04 0.558781 0.144344 -9.62413e-05 0.166408 0.000145869
0.0365139 1499.93 2617.1 0.558727 0.144334 -9.62275e-05 0.166423 0.00014587
0.0408502 1499.97 2617.13 0.558702 0.144329 -9.62212e-05 0.16643 0.00014587
0.0457129 1499.99 2617.14 0.558693 0.144328 -9.62189e-05 0.166433 0.000145871
0.0511659 1500 2617.15 0.55869 0.144327 -9.62181e-05 0.166434 0.000145871
0.0572809 1500 2617.15 0.558689 0.144327 -9.62179e-05 0.166434 0.000145871
0.0641383 1500 2617.15 0.558689 0.144327 -9.62179e-05 0.166434 0.000145871
0.0718281 1500 2617.15 0.558689 0.144327 -9.62179e-05 0.166434 0.000145871
0.0804515 1500 2617.15 0.558689 0.144327 -9.62179e-05 0.166434 0.000145871
0.0901217 1500 2617.15 0.558689 0.144327 -9.62179e-05 0.166434 0.000145871
0.100966 1500 2617.15 0.558689 0.144327 -9.62179e-05 0.166434 0.000145871
0.113126 1500 2617.15 0.558689 0.144327 -9.62179e-05 0.166434 0.000145871
0.126763 1500 2617.15 0.558689 0.144327 -9.62179e-05 0.166434 0.000145871
0.142056 1500 2617.15 0.558689 0.144327 -9.62179e-05 0.166434 0.000145871
0.159204 1500 2617.15 0.558689 0.144327 -9.62179e-05 0.166434 0.000145871
0.178435 1500 2617.15 0.558689 0.144327 -9.62179e-05 0.166434 0.000145871
0.2 1500 2617.15 0.558689 0.144327 -9.62179e-05 0.166434 0.000145871
