TITLE="Graphics"
VARIABLES= "rj, m", "T, K", "Cp, J/kg*K", "DfCp, J/kg*K^2", "rho, kg/m^3", "Dfrho, kg/m^3*K", "Lambda, Watt/m*K", "DfLambda, Watt/m*K^2"
0 300.016 4186.16 -0.66776 980 0 0.610038 0
2.5e-05 300.016 4186.16 -0.66776 980 0 0.610038 0
5e-05 300.611 4185.77 -0.637687 980 0 0.611034 0
7.5e-05 300.914 4185.58 -0.62254 980 0 0.61154 0
0.0001 301.216 4185.39 -0.607571 980 0 0.612043 0
0.000125 301.597 4185.17 -0.588843 980 0 0.612676 0
0.00015 302.105 4184.87 -0.564162 980 0 0.613517 0
0.000175 302.783 4184.5 -0.531679 980 0 0.614634 0
0.0002 303.679 4184.04 -0.489596 980 0 0.616099 0
0.000225 304.847 4183.5 -0.436195 980 0 0.617986 0
0.00025 306.342 4182.9 -0.36999 980 0 0.620367 0
0.000275 308.228 4182.28 -0.28996 980 0 0.623303 0
0.0003 310.566 4181.71 -0.195792 980 0 0.626832 0
0.000325 313.413 4181.31 -0.0880749 980 0 0.630959 0
0.00035 316.824 4181.22 0.0316279 980 0 0.635645 0
0.000375 320.838 4181.61 0.160905 980 0 0.640802 0
0.0004 325.486 4182.68 0.296831 980 0 0.646306 0
0.000425 330.782 4184.63 0.436478 980 0 0.651996 0
0.00045 336.727 4187.65 0.577514 980 0 0.657693 0
0.000475 343.305 4191.92 0.718775 980 0 0.663198 0
0.0005 350.493 4197.6 0.860696 980 0 0.668316 0
0.000525 440.87 1923.89 0.523755 0.491052 -0.00111383 0.0300956 9.24365e-05
0.00055 573.962 2001.21 0.625401 0.377186 -0.000657161 0.043447 0.000107422
0.000575 664.085 2059.41 0.663402 0.325998 -0.000490898 0.0534948 0.000115304
0.0006 733.241 2106 0.682795 0.295251 -0.000402666 0.0616494 0.000120402
0.000625 789.398 2144.67 0.693663 0.274247 -0.000347413 0.0685147 0.000124027
0.00065 836.553 2177.53 0.699833 0.258788 -0.000309351 0.0744286 0.000126758
0.000675 877.049 2205.94 0.703149 0.24684 -0.000281443 0.0796056 0.000128896
0.0007 912.399 2230.83 0.704624 0.237276 -0.000260057 0.0841929 0.000130618
0.000725 943.646 2252.85 0.704866 0.229419 -0.00024312 0.0882968 0.000132037
0.00075 971.545 2272.51 0.704264 0.222831 -0.000229358 0.0919972 0.000133226
0.000775 996.657 2290.18 0.703074 0.217216 -0.000217945 0.0953557 0.000134237
0.0008 1019.42 2306.17 0.701475 0.212366 -0.000208321 0.0984211 0.000135107
0.000825 1040.17 2320.71 0.69959 0.20813 -0.000200092 0.101233 0.000135864
0.00085 1059.19 2333.99 0.69751 0.204393 -0.000192972 0.103823 0.000136528
0.000875 1076.69 2346.18 0.695298 0.20107 -0.000186748 0.106218 0.000137115
0.0009 1092.86 2357.41 0.693004 0.198094 -0.000181261 0.10844 0.000137637
0.000925 1107.87 2367.79 0.690662 0.195412 -0.000176386 0.110508 0.000138105
0.00095 1121.82 2377.41 0.6883 0.192981 -0.000172025 0.112438 0.000138526
0.000975 1134.84 2386.36 0.685936 0.190767 -0.0001681 0.114244 0.000138907
0.001 1147.03 2394.7 0.683586 0.188741 -0.000164548 0.115939 0.000139254
0.001025 1158.45 2402.5 0.681261 0.186879 -0.000161318 0.117531 0.000139571
0.00105303 1170.45 2410.66 0.678693 0.184964 -0.000158028 0.119208 0.000139894
0.00108447 1182.98 2419.14 0.675872 0.183004 -0.000154697 0.120963 0.000140222
0.00111973 1196 2427.93 0.672793 0.181011 -0.000151347 0.122792 0.000140554
0.00115926 1209.46 2436.96 0.669454 0.178997 -0.000147998 0.124685 0.000140885
0.0012036 1223.28 2446.19 0.665856 0.176975 -0.000144672 0.126635 0.000141215
0.00125331 1237.39 2455.56 0.662008 0.174956 -0.000141391 0.12863 0.000141541
0.00130906 1251.72 2465.01 0.657923 0.172954 -0.000138174 0.13066 0.000141861
0.00137158 1266.17 2474.48 0.65362 0.170981 -0.000135038 0.132712 0.000142172
0.00144169 1280.65 2483.92 0.649122 0.169047 -0.000132001 0.134773 0.000142473
0.00152031 1295.07 2493.25 0.644459 0.167164 -0.000129077 0.13683 0.000142762
0.00160848 1309.35 2502.42 0.639664 0.165341 -0.000126277 0.138871 0.000143039
0.00170735 1323.4 2511.37 0.634773 0.163586 -0.00012361 0.140882 0.000143301
0.00181822 1337.14 2520.05 0.629824 0.161906 -0.000121084 0.142852 0.000143548
0.00194255 1350.49 2528.43 0.624858 0.160305 -0.000118702 0.14477 0.00014378
0.00208197 1363.38 2536.45 0.619913 0.158789 -0.000116467 0.146625 0.000143997
0.00223832 1375.77 2544.1 0.615027 0.157359 -0.000114379 0.14841 0.000144198
0.00241364 1387.6 2551.35 0.610237 0.156018 -0.000112437 0.150117 0.000144384
0.00261026 1398.83 2558.18 0.605574 0.154765 -0.000110638 0.15174 0.000144555
0.00283074 1409.45 2564.59 0.601069 0.153599 -0.000108978 0.153276 0.000144712
0.00307798 1419.43 2570.56 0.596746 0.152519 -0.000107451 0.15472 0.000144855
0.00335525 1428.76 2576.11 0.592626 0.151523 -0.000106053 0.156072 0.000144985
0.00366617 1437.44 2581.24 0.588725 0.150608 -0.000104776 0.157331 0.000145103
0.00401483 1445.47 2585.95 0.585056 0.149771 -0.000103614 0.158498 0.00014521
0.00440583 1452.87 2590.27 0.581629 0.149009 -0.000102561 0.159572 0.000145306
0.00484428 1459.65 2594.2 0.578448 0.148317 -0.000101612 0.160557 0.000145392
0.00533597 1465.81 2597.76 0.575519 0.147693 -0.000100758 0.161454 0.000145469
0.00588734 1471.39 2600.96 0.572841 0.147133 -9.99956e-05 0.162266 0.000145538
0.00650565 1476.4 2603.82 0.570415 0.146634 -9.93186e-05 0.162995 0.000145598
0.00719903 1480.85 2606.36 0.56824 0.146193 -9.87223e-05 0.163643 0.000145651
0.00797657 1484.77 2608.58 0.566313 0.145808 -9.82023e-05 0.164213 0.000145697
0.00884851 1488.16 2610.5 0.56463 0.145475 -9.77546e-05 0.164708 0.000145736
0.0098263 1491.06 2612.13 0.563189 0.145192 -9.73755e-05 0.16513 0.00014577
0.0109228 1493.47 2613.49 0.561981 0.144958 -9.70611e-05 0.165482 0.000145797
0.0121524 1495.43 2614.59 0.561 0.144768 -9.68075e-05 0.165767 0.000145819
0.0135313 1496.95 2615.44 0.56023 0.144621 -9.661e-05 0.16599 0.000145837
0.0150775 1498.09 2616.08 0.559655 0.144511 -9.64632e-05 0.166156 0.000145849
0.0168115 1498.89 2616.53 0.55925 0.144434 -9.63602e-05 0.166273 0.000145858
0.018756 1499.41 2616.82 0.558986 0.144383 -9.62931e-05 0.166349 0.000145864
0.0209365 1499.72 2616.99 0.558829 0.144353 -9.62534e-05 0.166394 0.000145868
0.0233817 1499.89 2617.08 0.558747 0.144338 -9.62325e-05 0.166418 0.000145869
0.0261238 1499.96 2617.12 0.558709 0.144331 -9.6223e-05 0.166428 0.00014587
0.0291988 1499.99 2617.14 0.558695 0.144328 -9.62194e-05 0.166433 0.000145871
0.032647 1500 2617.14 0.55869 0.144327 -9.62182e-05 0.166434 0.000145871
0.0365139 1500 2617.15 0.558689 0.144327 -9.6218e-05 0.166434 0.000145871
0.0408502 1500 2617.15 0.558689 0.144327 -9.62179e-05 0.166434 0.000145871
0.0457129 1500 2617.15 0.558689 0.144327 -9.62179e-05 0.166434 0.000145871
0.0511659 1500 2617.15 0.558689 0.144327 -9.62179e-05 0.166434 0.000145871
0.0572809 1500 2617.15 0.558689 0.144327 -9.62179e-05 0.166434 0.000145871
0.0641383 1500 2617.15 0.558689 0.144327 -9.62179e-05 0.166434 0.000145871
0.0718281 1500 2617.15 0.558689 0.144327 -9.62179e-05 0.166434 0.000145871
0.0804515 1500 2617.15 0.558689 0.144327 -9.62179e-05 0.166434 0.000145871
0.0901217 1500 2617.15 0.558689 0.144327 -9.62179e-05 0.166434 0.000145871
0.100966 1500 2617.15 0.558689 0.144327 -9.62179e-05 0.166434 0.000145871
0.113126 1500 2617.15 0.558689 0.144327 -9.62179e-05 0.166434 0.000145871
0.126763 1500 2617.15 0.558689 0.144327 -9.62179e-05 0.166434 0.000145871
0.142056 1500 2617.15 0.558689 0.144327 -9.62179e-05 0.166434 0.000145871
0.159204 1500 2617.15 0.558689 0.144327 -9.62179e-05 0.166434 0.000145871
0.178435 1500 2617.15 0.558689 0.144327 -9.62179e-05 0.166434 0.000145871
0.2 1500 2617.15 0.558689 0.144327 -9.62179e-05 0.166434 0.000145871
