TITLE="Graphics"
VARIABLES= "rj, m", "T, K", "Cp, J/kg*K", "DfCp, J/kg*K^2", "rho, kg/m^3", "Dfrho, kg/m^3*K", "Lambda, Watt/m*K", "DfLambda, Watt/m*K^2"
0 300.255 4186 -0.655631 980 0 0.610438 0
2.5e-05 300.255 4186 -0.655631 980 0 0.610438 0
5e-05 309.505 4181.94 -0.237838 980 0 0.625247 0
7.5e-05 313.117 4181.34 -0.0989484 980 0 0.630539 0
0.0001 315.462 4181.21 -0.0149994 980 0 0.633808 0
0.000125 317.503 4181.25 0.0543559 980 0 0.636545 0
0.00015 319.572 4181.43 0.121387 980 0 0.639216 0
0.000175 321.814 4181.78 0.190602 980 0 0.641999 0
0.0002 324.305 4182.35 0.263582 980 0 0.644954 0
0.000225 327.084 4183.19 0.340549 980 0 0.648086 0
0.00025 330.168 4184.36 0.42102 980 0 0.651367 0
0.000275 333.556 4185.93 0.504131 980 0 0.654743 0
0.0003 337.231 4187.94 0.588842 980 0 0.658144 0
0.000325 341.157 4190.42 0.674075 980 0 0.661489 0
0.00035 345.279 4193.38 0.75881 980 0 0.664694 0
0.000375 349.523 4196.78 0.842115 980 0 0.667678 0
0.0004 353.8 4200.55 0.923127 980 0 0.670374 0
0.000425 358.008 4204.6 1.00099 980 0 0.672738 0
0.00045 362.042 4208.79 1.0748 980 0 0.674747 0
0.000475 365.801 4212.96 1.14354 980 0 0.676407 0
0.0005 373.886 1891.74 0.428136 0.579027 -0.00154867 0.0242167 8.28019e-05
0.000525 538.856 1979.59 0.605343 0.401759 -0.000745578 0.0397367 0.000103905
0.00055 640.046 2043.56 0.654855 0.338242 -0.000528465 0.0507464 0.00011335
0.000575 715.202 2093.72 0.67842 0.302698 -0.000423235 0.0594887 0.000119143
0.0006 775.161 2134.81 0.691284 0.279284 -0.000360292 0.066755 0.000123148
0.000625 824.925 2169.4 0.698548 0.262436 -0.000318133 0.0729584 0.000126109
0.00065 867.303 2199.09 0.702512 0.249613 -0.000287804 0.0783519 0.000128398
0.000675 904.055 2224.95 0.704392 0.239466 -0.00026488 0.0831046 0.000130223
0.0007 936.369 2247.72 0.704897 0.231202 -0.000246913 0.0873371 0.000131715
0.000725 965.092 2267.97 0.704471 0.224321 -0.000232435 0.0911383 0.000132957
0.00075 990.849 2286.1 0.703403 0.21849 -0.000220508 0.0945766 0.000134008
0.000775 1014.12 2302.45 0.701892 0.213477 -0.000210505 0.0977052 0.000134908
0.0008 1035.27 2317.28 0.700072 0.209115 -0.000201991 0.100567 0.000135688
0.000825 1054.6 2330.79 0.698043 0.205282 -0.000194654 0.103197 0.00013637
0.00085 1072.35 2343.16 0.695873 0.201884 -0.000188263 0.105623 0.000136971
0.000875 1088.72 2354.54 0.693615 0.198848 -0.000182644 0.107869 0.000137505
0.0009 1103.87 2365.03 0.691306 0.196119 -0.000177665 0.109956 0.000137982
0.000925 1117.94 2374.74 0.688974 0.193651 -0.000173221 0.111901 0.00013841
0.00095 1131.05 2383.75 0.686641 0.191407 -0.00016923 0.113717 0.000138797
0.000975 1143.29 2392.15 0.68432 0.189357 -0.000165625 0.115419 0.000139149
0.001 1154.76 2399.98 0.682025 0.187477 -0.000162352 0.117016 0.000139469
0.001025 1165.52 2407.31 0.679764 0.185746 -0.000159368 0.118519 0.000139762
0.00105303 1176.83 2414.98 0.677275 0.183961 -0.000156319 0.120101 0.000140062
0.00108447 1188.65 2422.97 0.67455 0.182131 -0.000153224 0.121759 0.000140368
0.00111973 1200.95 2431.25 0.671584 0.180265 -0.000150102 0.123488 0.000140677
0.00115926 1213.67 2439.77 0.668376 0.178376 -0.000146973 0.125279 0.000140987
0.0012036 1226.75 2448.49 0.664928 0.176475 -0.000143856 0.127124 0.000141296
0.00125331 1240.11 2457.35 0.661248 0.174573 -0.000140773 0.129014 0.000141603
0.00130906 1253.68 2466.3 0.657349 0.172683 -0.000137741 0.130939 0.000141904
0.00137158 1267.39 2475.28 0.653248 0.170816 -0.000134778 0.132885 0.000142198
0.00144169 1281.13 2484.23 0.648968 0.168983 -0.000131901 0.134842 0.000142483
0.00152031 1294.84 2493.1 0.644537 0.167195 -0.000129124 0.136796 0.000142758
0.00160848 1308.42 2501.82 0.639985 0.16546 -0.000126458 0.138737 0.000143021
0.00170735 1321.79 2510.34 0.635345 0.163786 -0.000123913 0.14065 0.000143271
0.00181822 1334.87 2518.62 0.630654 0.162181 -0.000121496 0.142526 0.000143508
0.00194255 1347.59 2526.62 0.625948 0.16065 -0.000119212 0.144354 0.00014373
0.00208197 1359.9 2534.29 0.621264 0.159196 -0.000117065 0.146123 0.000143939
0.00223832 1371.73 2541.61 0.616636 0.157823 -0.000115055 0.147827 0.000144133
0.00241364 1383.04 2548.56 0.612098 0.156533 -0.00011318 0.149459 0.000144313
0.00261026 1393.79 2555.12 0.607679 0.155324 -0.00011144 0.151012 0.000144479
0.00283074 1403.97 2561.29 0.603405 0.154198 -0.00010983 0.152484 0.000144631
0.00307798 1413.56 2567.05 0.599299 0.153152 -0.000108345 0.153871 0.000144771
0.00335525 1422.55 2572.42 0.595378 0.152185 -0.000106981 0.155172 0.000144899
0.00366617 1430.93 2577.4 0.591656 0.151293 -0.000105731 0.156387 0.000145015
0.00401483 1438.72 2581.99 0.588143 0.150474 -0.000104589 0.157518 0.00014512
0.00440583 1445.93 2586.22 0.584845 0.149724 -0.000103548 0.158564 0.000145216
0.00484428 1452.58 2590.1 0.581766 0.149039 -0.000102603 0.15953 0.000145302
0.00533597 1458.68 2593.64 0.578904 0.148415 -0.000101746 0.160417 0.00014538
0.00588734 1464.26 2596.86 0.576258 0.147849 -0.000100972 0.161229 0.00014545
0.00650565 1469.35 2599.79 0.573825 0.147337 -0.000100274 0.161969 0.000145513
0.00719903 1473.96 2602.43 0.571598 0.146876 -9.9647e-05 0.16264 0.000145569
0.00797657 1478.13 2604.81 0.569573 0.146462 -9.90864e-05 0.163246 0.000145619
0.00884851 1481.86 2606.93 0.567743 0.146093 -9.85876e-05 0.16379 0.000145663
0.0098263 1485.19 2608.82 0.566104 0.145766 -9.81465e-05 0.164275 0.000145702
0.0109228 1488.12 2610.48 0.56465 0.145479 -9.776e-05 0.164702 0.000145736
0.0121524 1490.68 2611.92 0.563377 0.145229 -9.74249e-05 0.165075 0.000145765
0.0135313 1492.87 2613.15 0.56228 0.145016 -9.71387e-05 0.165395 0.00014579
0.0150775 1494.72 2614.19 0.561355 0.144837 -9.6899e-05 0.165664 0.000145811
0.0168115 1496.23 2615.04 0.560593 0.14469 -9.6703e-05 0.165885 0.000145828
0.018756 1497.43 2615.71 0.559987 0.144574 -9.65479e-05 0.16606 0.000145842
0.0209365 1498.35 2616.22 0.559525 0.144486 -9.64302e-05 0.166193 0.000145852
0.0233817 1499.01 2616.59 0.559192 0.144422 -9.63453e-05 0.166289 0.00014586
0.0261238 1499.45 2616.84 0.558966 0.14438 -9.62881e-05 0.166354 0.000145865
0.0291988 1499.73 2616.99 0.558827 0.144353 -9.62528e-05 0.166395 0.000145868
0.032647 1499.88 2617.08 0.55875 0.144338 -9.62332e-05 0.166417 0.000145869
0.0365139 1499.96 2617.12 0.558712 0.144331 -9.62236e-05 0.166428 0.00014587
0.0408502 1499.99 2617.14 0.558696 0.144328 -9.62197e-05 0.166432 0.000145871
0.0457129 1500 2617.14 0.558691 0.144327 -9.62184e-05 0.166434 0.000145871
0.0511659 1500 2617.15 0.558689 0.144327 -9.6218e-05 0.166434 0.000145871
0.0572809 1500 2617.15 0.558689 0.144327 -9.62179e-05 0.166434 0.000145871
0.0641383 1500 2617.15 0.558689 0.144327 -9.62179e-05 0.166434 0.000145871
0.0718281 1500 2617.15 0.558689 0.144327 -9.62179e-05 0.166434 0.000145871
0.0804515 1500 2617.15 0.558689 0.144327 -9.62179e-05 0.166434 0.000145871
0.0901217 1500 2617.15 0.558689 0.144327 -9.62179e-05 0.166434 0.000145871
0.100966 1500 2617.15 0.558689 0.144327 -9.62179e-05 0.166434 0.000145871
0.113126 1500 2617.15 0.558689 0.144327 -9.62179e-05 0.166434 0.000145871
0.126763 1500 2617.15 0.558689 0.144327 -9.62179e-05 0.166434 0.000145871
0.142056 1500 2617.15 0.558689 0.144327 -9.62179e-05 0.166434 0.000145871
0.159204 1500 2617.15 0.558689 0.144327 -9.62179e-05 0.166434 0.000145871
0.178435 1500 2617.15 0.558689 0.144327 -9.62179e-05 0.166434 0.000145871
0.2 1500 2617.15 0.558689 0.144327 -9.62179e-05 0.166434 0.000145871
