TITLE="Graphics"
VARIABLES= "rj, m", "T, K", "Cp, J/kg*K", "DfCp, J/kg*K^2", "rho, kg/m^3", "Dfrho, kg/m^3*K", "Lambda, Watt/m*K", "DfLambda, Watt/m*K^2"
0 300.766 4185.67 -0.629923 980 0 0.611293 0
2.5e-05 300.766 4185.67 -0.629923 980 0 0.611293 0
5e-05 328.252 4183.6 0.371601 980 0 0.649352 0
7.5e-05 337.912 4188.35 0.603992 980 0 0.658745 0
0.0001 342.988 4191.69 0.712244 980 0 0.662951 0
0.000125 346.275 4194.14 0.778672 980 0 0.665423 0
0.00015 348.718 4196.1 0.82657 980 0 0.667136 0
0.000175 350.721 4197.8 0.86504 980 0 0.668464 0
0.0002 352.477 4199.35 0.89831 980 0 0.669573 0
0.000225 354.09 4200.82 0.92854 980 0 0.670546 0
0.00025 355.616 4202.26 0.956889 980 0 0.671428 0
0.000275 357.083 4203.68 0.983984 980 0 0.672242 0
0.0003 358.507 4205.1 1.01014 980 0 0.673 0
0.000325 359.892 4206.52 1.03551 980 0 0.673707 0
0.00035 361.238 4207.93 1.0601 980 0 0.674366 0
0.000375 362.54 4209.32 1.08389 980 0 0.674979 0
0.0004 363.792 4210.7 1.10677 980 0 0.675545 0
0.000425 364.989 4212.03 1.12865 980 0 0.676065 0
0.00045 366.121 4213.32 1.14941 980 0 0.676539 0
0.000475 367.184 4214.56 1.16894 980 0 0.676968 0
0.0005 392.93 1900.21 0.460521 0.550964 -0.00140219 0.0258217 8.57223e-05
0.000525 548.796 1985.64 0.611391 0.394482 -0.000718814 0.0407746 0.000104929
0.00055 647.037 2048.15 0.657447 0.334587 -0.000517106 0.0515409 0.000113928
0.000575 720.54 2097.34 0.679762 0.300456 -0.000416987 0.0601257 0.00011952
0.0006 779.384 2137.73 0.692015 0.277771 -0.000356398 0.0672756 0.000123412
0.000625 828.322 2171.77 0.698939 0.26136 -0.000315529 0.0733871 0.0001263
0.00065 870.05 2201.02 0.702702 0.248825 -0.000285989 0.0787048 0.000128539
0.000675 906.271 2226.51 0.70446 0.23888 -0.000263586 0.0833934 0.000130329
0.0007 938.14 2248.97 0.704894 0.230766 -0.000245982 0.0875704 0.000131794
0.000725 966.48 2268.94 0.70443 0.223999 -0.000231768 0.091323 0.000133016
0.00075 991.904 2286.84 0.703346 0.218257 -0.000220039 0.094718 0.00013405
0.000775 1014.88 2302.98 0.701833 0.213317 -0.00021019 0.0978079 0.000134937
0.0008 1035.77 2317.63 0.700024 0.209015 -0.000201797 0.100635 0.000135706
0.000825 1054.86 2330.97 0.698013 0.205231 -0.000194557 0.103232 0.000136379
0.00085 1072.4 2343.2 0.695867 0.201875 -0.000188246 0.105629 0.000136973
0.000875 1088.57 2354.43 0.693636 0.198875 -0.000182694 0.107849 0.0001375
0.0009 1103.54 2364.8 0.691358 0.196177 -0.00017777 0.109911 0.000137972
0.000925 1117.45 2374.4 0.689059 0.193736 -0.000173373 0.111833 0.000138396
0.00095 1130.4 2383.31 0.686759 0.191516 -0.000169423 0.113628 0.000138779
0.000975 1142.5 2391.61 0.684473 0.189487 -0.000165853 0.11531 0.000139127
0.001 1153.84 2399.35 0.682213 0.187626 -0.000162611 0.116888 0.000139444
0.001025 1164.48 2406.6 0.679987 0.185912 -0.000159653 0.118373 0.000139734
0.00105303 1175.66 2414.19 0.677537 0.184144 -0.000156631 0.119937 0.000140032
0.00108447 1187.35 2422.09 0.674857 0.182331 -0.000153561 0.121576 0.000140335
0.00111973 1199.51 2430.28 0.671939 0.180482 -0.000150464 0.123284 0.000140641
0.00115926 1212.08 2438.71 0.668784 0.17861 -0.000147358 0.125055 0.000140949
0.0012036 1225.01 2447.34 0.665394 0.176725 -0.000144264 0.126879 0.000141256
0.00125331 1238.23 2456.11 0.661776 0.174839 -0.000141201 0.128748 0.00014156
0.00130906 1251.65 2464.96 0.657944 0.172964 -0.000138189 0.13065 0.000141859
0.00137158 1265.2 2473.85 0.653914 0.171112 -0.000135245 0.132574 0.000142152
0.00144169 1278.79 2482.71 0.649709 0.169293 -0.000132385 0.134508 0.000142435
0.00152031 1292.35 2491.49 0.645355 0.167517 -0.000129623 0.136441 0.000142708
0.00160848 1305.77 2500.12 0.640883 0.165795 -0.00012697 0.138359 0.00014297
0.00170735 1319 2508.57 0.636326 0.164133 -0.000124437 0.140251 0.00014322
0.00181822 1331.93 2516.77 0.631718 0.162538 -0.000122032 0.142105 0.000143455
0.00194255 1344.52 2524.69 0.627097 0.161017 -0.000119758 0.143912 0.000143677
0.00208197 1356.69 2532.3 0.622497 0.159572 -0.000117619 0.145662 0.000143885
0.00223832 1368.39 2539.56 0.617952 0.158208 -0.000115616 0.147347 0.000144079
0.00241364 1379.58 2546.45 0.613496 0.156924 -0.000113748 0.14896 0.000144258
0.00261026 1390.23 2552.95 0.609156 0.155723 -0.000112013 0.150497 0.000144424
0.00283074 1400.3 2559.07 0.604958 0.154603 -0.000110407 0.151952 0.000144577
0.00307798 1409.79 2564.79 0.600924 0.153562 -0.000108926 0.153325 0.000144716
0.00335525 1418.68 2570.12 0.597072 0.152599 -0.000107564 0.154613 0.000144844
0.00366617 1426.99 2575.06 0.593414 0.151711 -0.000106316 0.155816 0.000144961
0.00401483 1434.71 2579.63 0.589959 0.150895 -0.000105175 0.156935 0.000145066
0.00440583 1441.86 2583.83 0.586715 0.150147 -0.000104135 0.157973 0.000145162
0.00484428 1448.45 2587.69 0.583682 0.149463 -0.000103188 0.15893 0.000145249
0.00533597 1454.52 2591.22 0.58086 0.14884 -0.000102329 0.159812 0.000145327
0.00588734 1460.08 2594.45 0.578246 0.148273 -0.000101552 0.16062 0.000145398
0.00650565 1465.15 2597.38 0.575835 0.14776 -0.000100849 0.161358 0.000145461
0.00719903 1469.77 2600.03 0.573622 0.147295 -0.000100216 0.16203 0.000145518
0.00797657 1473.97 2602.43 0.571597 0.146876 -9.96469e-05 0.16264 0.000145569
0.00884851 1477.76 2604.59 0.569755 0.146499 -9.91364e-05 0.163192 0.000145614
0.0098263 1481.17 2606.54 0.568085 0.146162 -9.86802e-05 0.163689 0.000145655
0.0109228 1484.22 2608.27 0.56658 0.145861 -9.82741e-05 0.164134 0.000145691
0.0121524 1486.95 2609.81 0.565233 0.145594 -9.79143e-05 0.164531 0.000145722
0.0135313 1489.36 2611.17 0.564035 0.145358 -9.75974e-05 0.164883 0.00014575
0.0150775 1491.48 2612.37 0.562979 0.145152 -9.73207e-05 0.165191 0.000145775
0.0168115 1493.31 2613.4 0.56206 0.144973 -9.70815e-05 0.165459 0.000145795
0.018756 1494.88 2614.28 0.561271 0.144821 -9.68775e-05 0.165688 0.000145813
0.0209365 1496.2 2615.02 0.560607 0.144693 -9.67067e-05 0.165881 0.000145828
0.0233817 1497.29 2615.63 0.560062 0.144588 -9.65669e-05 0.166038 0.00014584
0.0261238 1498.15 2616.11 0.559627 0.144505 -9.64561e-05 0.166164 0.00014585
0.0291988 1498.8 2616.48 0.559295 0.144442 -9.63716e-05 0.16626 0.000145857
0.032647 1499.28 2616.74 0.559055 0.144396 -9.63105e-05 0.166329 0.000145863
0.0365139 1499.6 2616.92 0.558892 0.144365 -9.62692e-05 0.166376 0.000145866
0.0408502 1499.8 2617.03 0.55879 0.144346 -9.62435e-05 0.166405 0.000145868
0.0457129 1499.91 2617.1 0.558734 0.144335 -9.62291e-05 0.166421 0.00014587
0.0511659 1499.97 2617.13 0.558706 0.14433 -9.62221e-05 0.166429 0.00014587
0.0572809 1499.99 2617.14 0.558694 0.144328 -9.62192e-05 0.166433 0.000145871
0.0641383 1500 2617.14 0.55869 0.144327 -9.62182e-05 0.166434 0.000145871
0.0718281 1500 2617.15 0.558689 0.144327 -9.6218e-05 0.166434 0.000145871
0.0804515 1500 2617.15 0.558689 0.144327 -9.62179e-05 0.166434 0.000145871
0.0901217 1500 2617.15 0.558689 0.144327 -9.62179e-05 0.166434 0.000145871
0.100966 1500 2617.15 0.558689 0.144327 -9.62179e-05 0.166434 0.000145871
0.113126 1500 2617.15 0.558689 0.144327 -9.62179e-05 0.166434 0.000145871
0.126763 1500 2617.15 0.558689 0.144327 -9.62179e-05 0.166434 0.000145871
0.142056 1500 2617.15 0.558689 0.144327 -9.62179e-05 0.166434 0.000145871
0.159204 1500 2617.15 0.558689 0.144327 -9.62179e-05 0.166434 0.000145871
0.178435 1500 2617.15 0.558689 0.144327 -9.62179e-05 0.166434 0.000145871
0.2 1500 2617.15 0.558689 0.144327 -9.62179e-05 0.166434 0.000145871
