TITLE="Graphics"
VARIABLES= "rj, m", "T, K", "Cp, J/kg*K", "DfCp, J/kg*K^2", "rho, kg/m^3", "Dfrho, kg/m^3*K", "Lambda, Watt/m*K", "DfLambda, Watt/m*K^2"
0 300.029 4186.15 -0.667111 980 0 0.610059 0
2.5e-05 300.029 4186.15 -0.667111 980 0 0.610059 0
5e-05 301.089 4185.47 -0.613872 980 0 0.611831 0
7.5e-05 301.596 4185.17 -0.588915 980 0 0.612674 0
0.0001 302.059 4184.9 -0.566399 980 0 0.61344 0
0.000125 302.607 4184.6 -0.54007 980 0 0.614344 0
0.00015 303.305 4184.23 -0.507076 980 0 0.615488 0
0.000175 304.202 4183.8 -0.465481 980 0 0.616947 0
0.0002 305.348 4183.29 -0.413721 980 0 0.618789 0
0.000225 306.793 4182.74 -0.350546 980 0 0.621074 0
0.00025 308.588 4182.18 -0.275119 980 0 0.623854 0
0.000275 310.786 4181.67 -0.187172 980 0 0.627159 0
0.0003 313.439 4181.31 -0.0871384 980 0 0.630996 0
0.000325 316.592 4181.21 0.023794 980 0 0.635335 0
0.00035 320.284 4181.52 0.143752 980 0 0.640113 0
0.000375 324.545 4182.41 0.270398 980 0 0.645231 0
0.0004 329.395 4184.04 0.401289 980 0 0.650563 0
0.000425 334.84 4186.6 0.534316 980 0 0.655961 0
0.00045 340.878 4190.23 0.668171 980 0 0.661261 0
0.000475 347.495 4195.11 0.802733 980 0 0.666291 0
0.0005 354.67 4201.36 0.939341 980 0 0.670886 0
0.000525 443.888 1925.48 0.527063 0.487714 -0.00109873 0.0303751 9.28318e-05
0.00055 575.531 2002.19 0.626217 0.376158 -0.000653584 0.0436156 0.000107573
0.000575 665.029 2060.03 0.663717 0.325535 -0.000489505 0.0536038 0.000115379
0.0006 733.805 2106.38 0.682925 0.295024 -0.000402047 0.0617173 0.00012044
0.000625 789.698 2144.87 0.69371 0.274143 -0.00034715 0.0685518 0.000124045
0.00065 836.652 2177.6 0.699843 0.258758 -0.000309278 0.0744411 0.000126763
0.000675 876.988 2205.9 0.703145 0.246857 -0.000281482 0.0795978 0.000128893
0.0007 912.207 2230.69 0.704619 0.237326 -0.000260166 0.0841679 0.000130609
0.000725 943.345 2252.64 0.704868 0.229492 -0.000243275 0.088257 0.000132024
0.00075 971.149 2272.23 0.704278 0.222922 -0.000229544 0.0919445 0.00013321
0.000775 996.18 2289.85 0.703103 0.21732 -0.000218154 0.0952916 0.000134218
0.0008 1018.87 2305.78 0.701519 0.212481 -0.000208546 0.0983469 0.000135087
0.000825 1039.56 2320.28 0.699652 0.208252 -0.000200328 0.101149 0.000135842
0.00085 1058.52 2333.52 0.697589 0.204523 -0.000193216 0.103731 0.000136505
0.000875 1075.97 2345.68 0.695395 0.201205 -0.000187 0.106118 0.000137091
0.0009 1092.09 2356.88 0.693119 0.198234 -0.000181517 0.108334 0.000137612
0.000925 1107.05 2367.23 0.690795 0.195556 -0.000176645 0.110395 0.00013808
0.00095 1120.97 2376.82 0.688449 0.193128 -0.000172287 0.11232 0.000138501
0.000975 1133.95 2385.75 0.686102 0.190916 -0.000168363 0.114121 0.000138882
0.001 1146.1 2394.07 0.683769 0.188893 -0.000164813 0.11581 0.000139228
0.001025 1157.5 2401.85 0.681459 0.187033 -0.000161584 0.117398 0.000139544
0.00105303 1169.46 2409.99 0.678909 0.18512 -0.000158295 0.11907 0.000139868
0.00108447 1181.96 2418.45 0.676107 0.183162 -0.000154964 0.12082 0.000140196
0.00111973 1194.95 2427.22 0.673048 0.181171 -0.000151614 0.122644 0.000140527
0.00115926 1208.37 2436.23 0.66973 0.179159 -0.000148265 0.124532 0.000140859
0.0012036 1222.16 2445.44 0.666156 0.177138 -0.000144939 0.126476 0.000141189
0.00125331 1236.23 2454.79 0.662332 0.175121 -0.000141657 0.128466 0.000141515
0.00130906 1250.52 2464.22 0.658272 0.17312 -0.000138438 0.13049 0.000141835
0.00137158 1264.93 2473.68 0.653994 0.171148 -0.000135302 0.132536 0.000142146
0.00144169 1279.38 2483.09 0.649523 0.169215 -0.000132263 0.134592 0.000142447
0.00152031 1293.77 2492.41 0.644888 0.167333 -0.000129337 0.136644 0.000142737
0.00160848 1308.02 2501.56 0.64012 0.16551 -0.000126535 0.13868 0.000143013
0.00170735 1322.04 2510.5 0.635256 0.163755 -0.000123866 0.140686 0.000143276
0.00181822 1335.74 2519.17 0.630335 0.162075 -0.000121337 0.142652 0.000143523
0.00194255 1349.06 2527.54 0.625395 0.160475 -0.000118953 0.144565 0.000143756
0.00208197 1361.93 2535.55 0.620476 0.158958 -0.000116715 0.146417 0.000143973
0.00223832 1374.29 2543.2 0.615615 0.157528 -0.000114625 0.148198 0.000144174
0.00241364 1386.1 2550.44 0.610848 0.156186 -0.00011268 0.149901 0.00014436
0.00261026 1397.32 2557.27 0.606208 0.154932 -0.000110878 0.151522 0.000144532
0.00283074 1407.93 2563.67 0.601722 0.153765 -0.000109214 0.153055 0.000144689
0.00307798 1417.89 2569.65 0.597416 0.152684 -0.000107684 0.154498 0.000144833
0.00335525 1427.22 2575.2 0.59331 0.151687 -0.000106281 0.15585 0.000144964
0.00366617 1435.9 2580.33 0.58942 0.15077 -0.000105 0.157109 0.000145082
0.00401483 1443.94 2585.06 0.585759 0.14993 -0.000103834 0.158276 0.00014519
0.00440583 1451.36 2589.39 0.582334 0.149164 -0.000102776 0.159352 0.000145287
0.00484428 1458.15 2593.33 0.579152 0.148469 -0.00010182 0.16034 0.000145373
0.00533597 1464.36 2596.92 0.576215 0.14784 -0.000100959 0.161242 0.000145451
0.00588734 1469.98 2600.15 0.573524 0.147275 -0.000100188 0.16206 0.00014552
0.00650565 1475.04 2603.04 0.571078 0.146769 -9.95022e-05 0.162796 0.000145582
0.00719903 1479.56 2605.62 0.568874 0.146321 -9.88952e-05 0.163454 0.000145636
0.00797657 1483.55 2607.89 0.566911 0.145927 -9.8363e-05 0.164037 0.000145683
0.00884851 1487.05 2609.87 0.565185 0.145584 -9.79015e-05 0.164546 0.000145723
0.0098263 1490.05 2611.56 0.56369 0.14529 -9.75069e-05 0.164984 0.000145758
0.0109228 1492.59 2612.99 0.562422 0.145043 -9.71755e-05 0.165354 0.000145787
0.0121524 1494.68 2614.17 0.561374 0.14484 -9.69039e-05 0.165659 0.000145811
0.0135313 1496.35 2615.1 0.560534 0.144679 -9.66879e-05 0.165902 0.00014583
0.0150775 1497.63 2615.82 0.559889 0.144555 -9.65227e-05 0.166088 0.000145844
0.0168115 1498.56 2616.34 0.559418 0.144465 -9.64028e-05 0.166224 0.000145855
0.018756 1499.2 2616.7 0.559097 0.144404 -9.63212e-05 0.166317 0.000145862
0.0209365 1499.59 2616.92 0.558895 0.144366 -9.627e-05 0.166375 0.000145866
0.0233817 1499.82 2617.05 0.558781 0.144344 -9.62412e-05 0.166408 0.000145869
0.0261238 1499.93 2617.11 0.558725 0.144334 -9.62269e-05 0.166424 0.00014587
0.0291988 1499.98 2617.13 0.558701 0.144329 -9.62208e-05 0.166431 0.00014587
0.032647 1499.99 2617.14 0.558692 0.144327 -9.62187e-05 0.166433 0.000145871
0.0365139 1500 2617.15 0.55869 0.144327 -9.62181e-05 0.166434 0.000145871
0.0408502 1500 2617.15 0.558689 0.144327 -9.62179e-05 0.166434 0.000145871
0.0457129 1500 2617.15 0.558689 0.144327 -9.62179e-05 0.166434 0.000145871
0.0511659 1500 2617.15 0.558689 0.144327 -9.62179e-05 0.166434 0.000145871
0.0572809 1500 2617.15 0.558689 0.144327 -9.62179e-05 0.166434 0.000145871
0.0641383 1500 2617.15 0.558689 0.144327 -9.62179e-05 0.166434 0.000145871
0.0718281 1500 2617.15 0.558689 0.144327 -9.62179e-05 0.166434 0.000145871
0.0804515 1500 2617.15 0.558689 0.144327 -9.62179e-05 0.166434 0.000145871
0.0901217 1500 2617.15 0.558689 0.144327 -9.62179e-05 0.166434 0.000145871
0.100966 1500 2617.15 0.558689 0.144327 -9.62179e-05 0.166434 0.000145871
0.113126 1500 2617.15 0.558689 0.144327 -9.62179e-05 0.166434 0.000145871
0.126763 1500 2617.15 0.558689 0.144327 -9.62179e-05 0.166434 0.000145871
0.142056 1500 2617.15 0.558689 0.144327 -9.62179e-05 0.166434 0.000145871
0.159204 1500 2617.15 0.558689 0.144327 -9.62179e-05 0.166434 0.000145871
0.178435 1500 2617.15 0.558689 0.144327 -9.62179e-05 0.166434 0.000145871
0.2 1500 2617.15 0.558689 0.144327 -9.62179e-05 0.166434 0.000145871
