TITLE="Graphics"
VARIABLES= "rj, m", "T, K", "Cp, J/kg*K", "DfCp, J/kg*K^2", "rho, kg/m^3", "Dfrho, kg/m^3*K", "Lambda, Watt/m*K", "DfLambda, Watt/m*K^2"
0 300.772 4185.67 -0.629651 980 0 0.611302 0
2.5e-05 300.772 4185.67 -0.629651 980 0 0.611302 0
5e-05 328.45 4183.68 0.376794 980 0 0.649564 0
7.5e-05 338.172 4188.5 0.609721 980 0 0.658972 0
0.0001 343.273 4191.89 0.718106 980 0 0.663173 0
0.000125 346.569 4194.37 0.784497 980 0 0.665634 0
0.00015 349.012 4196.35 0.832245 980 0 0.667335 0
0.000175 351.006 4198.04 0.870481 980 0 0.668648 0
0.0002 352.75 4199.59 0.903451 980 0 0.669741 0
0.000225 354.347 4201.06 0.933328 980 0 0.670697 0
0.00025 355.853 4202.49 0.961285 980 0 0.671562 0
0.000275 357.299 4203.89 0.98796 980 0 0.672359 0
0.0003 358.7 4205.3 1.01368 980 0 0.6731 0
0.000325 360.061 4206.69 1.0386 980 0 0.673791 0
0.00035 361.382 4208.08 1.06274 980 0 0.674435 0
0.000375 362.66 4209.45 1.08608 980 0 0.675034 0
0.0004 363.889 4210.8 1.10853 980 0 0.675588 0
0.000425 365.062 4212.12 1.13 980 0 0.676096 0
0.00045 366.174 4213.38 1.15037 980 0 0.676561 0
0.000475 367.218 4214.59 1.16955 980 0 0.676981 0
0.0005 394.099 1900.75 0.46235 0.549329 -0.00139388 0.025922 8.58966e-05
0.000525 549.486 1986.06 0.6118 0.393987 -0.000717011 0.040847 0.000105
0.00055 647.569 2048.5 0.65764 0.334312 -0.000516257 0.0516014 0.000113972
0.000575 720.983 2097.65 0.679872 0.300271 -0.000416474 0.0601788 0.000119552
0.0006 779.769 2137.99 0.692081 0.277634 -0.000356046 0.0673232 0.000123436
0.000625 828.664 2172.01 0.698978 0.261252 -0.000315269 0.0734303 0.00012632
0.00065 870.359 2201.24 0.702723 0.248737 -0.000285787 0.0787444 0.000128555
0.000675 906.552 2226.71 0.704469 0.238806 -0.000263422 0.08343 0.000130342
0.0007 938.398 2249.15 0.704894 0.230702 -0.000245847 0.0876044 0.000131805
0.000725 966.718 2269.11 0.704422 0.223943 -0.000231653 0.0913547 0.000133025
0.00075 992.125 2287 0.703334 0.218209 -0.000219941 0.0947476 0.000134059
0.000775 1015.08 2303.13 0.701818 0.213273 -0.000210104 0.0978357 0.000134945
0.0008 1035.96 2317.76 0.700006 0.208976 -0.000201722 0.100661 0.000135713
0.000825 1055.04 2331.1 0.697992 0.205196 -0.000194491 0.103257 0.000136385
0.00085 1072.57 2343.31 0.695845 0.201843 -0.000188187 0.105653 0.000136978
0.000875 1088.73 2354.54 0.693613 0.198846 -0.00018264 0.107871 0.000137505
0.0009 1103.69 2364.91 0.691334 0.196151 -0.000177722 0.109932 0.000137976
0.000925 1117.59 2374.5 0.689034 0.193711 -0.000173329 0.111852 0.0001384
0.00095 1130.54 2383.4 0.686734 0.191493 -0.000169382 0.113647 0.000138783
0.000975 1142.63 2391.69 0.684449 0.189466 -0.000165816 0.115327 0.00013913
0.001 1153.96 2399.43 0.682189 0.187607 -0.000162577 0.116905 0.000139447
0.001025 1164.59 2406.67 0.679963 0.185894 -0.000159622 0.118389 0.000139737
0.00105303 1175.76 2414.26 0.677513 0.184127 -0.000156602 0.119952 0.000140034
0.00108447 1187.45 2422.16 0.674833 0.182315 -0.000153535 0.12159 0.000140337
0.00111973 1199.6 2430.34 0.671917 0.180468 -0.00015044 0.123297 0.000140643
0.00115926 1212.17 2438.77 0.668762 0.178597 -0.000147337 0.125067 0.000140951
0.0012036 1225.09 2447.39 0.665373 0.176714 -0.000144246 0.12689 0.000141258
0.00125331 1238.3 2456.15 0.661757 0.174829 -0.000141185 0.128758 0.000141562
0.00130906 1251.71 2465 0.657926 0.172956 -0.000138175 0.130659 0.000141861
0.00137158 1265.25 2473.89 0.653898 0.171104 -0.000135233 0.132582 0.000142153
0.00144169 1278.84 2482.74 0.649694 0.169287 -0.000132375 0.134515 0.000142436
0.00152031 1292.38 2491.51 0.645342 0.167512 -0.000129615 0.136446 0.000142709
0.00160848 1305.81 2500.14 0.640873 0.165791 -0.000126964 0.138363 0.000142971
0.00170735 1319.02 2508.58 0.636318 0.16413 -0.000124433 0.140254 0.00014322
0.00181822 1331.95 2516.78 0.631713 0.162536 -0.000122029 0.142108 0.000143456
0.00194255 1344.53 2524.7 0.627094 0.161016 -0.000119756 0.143914 0.000143678
0.00208197 1356.69 2532.3 0.622496 0.159572 -0.000117618 0.145662 0.000143885
0.00223832 1368.39 2539.55 0.617954 0.158208 -0.000115616 0.147346 0.000144079
0.00241364 1379.57 2546.44 0.6135 0.156926 -0.000113749 0.148959 0.000144258
0.00261026 1390.21 2552.94 0.609162 0.155725 -0.000112015 0.150494 0.000144424
0.00283074 1400.28 2559.05 0.604967 0.154605 -0.00011041 0.151949 0.000144576
0.00307798 1409.76 2564.77 0.600936 0.153565 -0.00010893 0.153321 0.000144716
0.00335525 1418.65 2570.1 0.597085 0.152603 -0.000107569 0.154608 0.000144844
0.00366617 1426.95 2575.04 0.593429 0.151715 -0.000106321 0.155811 0.00014496
0.00401483 1434.67 2579.6 0.589977 0.150899 -0.000105181 0.156929 0.000145066
0.00440583 1441.81 2583.81 0.586734 0.150151 -0.000104141 0.157966 0.000145162
0.00484428 1448.41 2587.67 0.583703 0.149468 -0.000103195 0.158924 0.000145248
0.00533597 1454.47 2591.2 0.580882 0.148845 -0.000102336 0.159805 0.000145327
0.00588734 1460.03 2594.42 0.578269 0.148278 -0.000101559 0.160612 0.000145397
0.00650565 1465.1 2597.35 0.57586 0.147765 -0.000100856 0.16135 0.00014546
0.00719903 1469.72 2600 0.573647 0.1473 -0.000100223 0.162023 0.000145517
0.00797657 1473.91 2602.4 0.571623 0.146881 -9.9654e-05 0.162633 0.000145568
0.00884851 1477.7 2604.56 0.56978 0.146505 -9.91435e-05 0.163185 0.000145614
0.0098263 1481.12 2606.51 0.568111 0.146167 -9.86872e-05 0.163681 0.000145654
0.0109228 1484.17 2608.24 0.566606 0.145866 -9.82809e-05 0.164127 0.00014569
0.0121524 1486.9 2609.78 0.565257 0.145598 -9.79208e-05 0.164524 0.000145722
0.0135313 1489.31 2611.15 0.564058 0.145362 -9.76037e-05 0.164876 0.00014575
0.0150775 1491.43 2612.34 0.563002 0.145156 -9.73266e-05 0.165185 0.000145774
0.0168115 1493.27 2613.38 0.562081 0.144977 -9.7087e-05 0.165453 0.000145795
0.018756 1494.85 2614.26 0.561291 0.144824 -9.68825e-05 0.165683 0.000145813
0.0209365 1496.17 2615 0.560624 0.144696 -9.67111e-05 0.165876 0.000145828
0.0233817 1497.26 2615.61 0.560076 0.144591 -9.65707e-05 0.166034 0.00014584
0.0261238 1498.12 2616.1 0.559639 0.144508 -9.64592e-05 0.16616 0.00014585
0.0291988 1498.78 2616.47 0.559305 0.144444 -9.6374e-05 0.166257 0.000145857
0.032647 1499.26 2616.74 0.559062 0.144398 -9.63123e-05 0.166327 0.000145862
0.0365139 1499.59 2616.92 0.558896 0.144366 -9.62704e-05 0.166375 0.000145866
0.0408502 1499.79 2617.03 0.558793 0.144347 -9.62442e-05 0.166404 0.000145868
0.0457129 1499.91 2617.1 0.558735 0.144336 -9.62295e-05 0.166421 0.00014587
0.0511659 1499.97 2617.13 0.558707 0.14433 -9.62223e-05 0.166429 0.00014587
0.0572809 1499.99 2617.14 0.558695 0.144328 -9.62193e-05 0.166433 0.000145871
0.0641383 1500 2617.14 0.558691 0.144327 -9.62183e-05 0.166434 0.000145871
0.0718281 1500 2617.15 0.558689 0.144327 -9.6218e-05 0.166434 0.000145871
0.0804515 1500 2617.15 0.558689 0.144327 -9.62179e-05 0.166434 0.000145871
0.0901217 1500 2617.15 0.558689 0.144327 -9.62179e-05 0.166434 0.000145871
0.100966 1500 2617.15 0.558689 0.144327 -9.62179e-05 0.166434 0.000145871
0.113126 1500 2617.15 0.558689 0.144327 -9.62179e-05 0.166434 0.000145871
0.126763 1500 2617.15 0.558689 0.144327 -9.62179e-05 0.166434 0.000145871
0.142056 1500 2617.15 0.558689 0.144327 -9.62179e-05 0.166434 0.000145871
0.159204 1500 2617.15 0.558689 0.144327 -9.62179e-05 0.166434 0.000145871
0.178435 1500 2617.15 0.558689 0.144327 -9.62179e-05 0.166434 0.000145871
0.2 1500 2617.15 0.558689 0.144327 -9.62179e-05 0.166434 0.000145871
