TITLE="Graphics"
VARIABLES= "rj, m", "T, K", "Cp, J/kg*K", "DfCp, J/kg*K^2", "rho, kg/m^3", "Dfrho, kg/m^3*K", "Lambda, Watt/m*K", "DfLambda, Watt/m*K^2"
0 300.039 4186.14 -0.66663 980 0 0.610075 0
2.5e-05 300.039 4186.14 -0.66663 980 0 0.610075 0
5e-05 301.442 4185.26 -0.596447 980 0 0.612419 0
7.5e-05 302.094 4184.88 -0.5647 980 0 0.613498 0
0.0001 302.664 4184.57 -0.537363 980 0 0.614437 0
0.000125 303.317 4184.23 -0.506523 980 0 0.615507 0
0.00015 304.128 4183.83 -0.468883 980 0 0.616827 0
0.000175 305.152 4183.37 -0.422455 980 0 0.618476 0
0.0002 306.438 4182.87 -0.365821 980 0 0.620518 0
0.000225 308.035 4182.34 -0.297995 980 0 0.623005 0
0.00025 309.99 4181.83 -0.218475 980 0 0.625975 0
0.000275 312.352 4181.43 -0.127343 980 0 0.629444 0
0.0003 315.167 4181.21 -0.0253343 980 0 0.633403 0
0.000325 318.473 4181.32 0.0861672 980 0 0.637809 0
0.00035 322.304 4181.88 0.205255 980 0 0.642591 0
0.000375 326.685 4183.05 0.329745 980 0 0.647646 0
0.0004 331.63 4185 0.457517 980 0 0.652852 0
0.000425 337.145 4187.89 0.586918 980 0 0.658067 0
0.00045 343.226 4191.86 0.717146 980 0 0.663137 0
0.000475 349.859 4197.06 0.848572 980 0 0.667901 0
0.0005 357.027 4203.63 0.982939 980 0 0.672211 0
0.000525 445.61 1926.39 0.528921 0.485829 -0.00109026 0.0305352 9.3056e-05
0.00055 576.458 2002.77 0.626697 0.375552 -0.000651482 0.0437154 0.000107662
0.000575 665.613 2060.42 0.663911 0.325249 -0.000488646 0.0536712 0.000115425
0.0006 734.181 2106.64 0.683011 0.294873 -0.000401635 0.0617626 0.000120466
0.000625 789.928 2145.03 0.693746 0.274063 -0.000346947 0.0685804 0.000124059
0.00065 836.773 2177.68 0.699856 0.25872 -0.000309188 0.0744564 0.00012677
0.000675 877.022 2205.92 0.703147 0.246847 -0.00028146 0.0796022 0.000128894
0.0007 912.171 2230.67 0.704618 0.237335 -0.000260187 0.0841631 0.000130608
0.000725 943.249 2252.57 0.704869 0.229516 -0.000243324 0.0882443 0.00013202
0.00075 971.002 2272.13 0.704283 0.222956 -0.000229614 0.0919249 0.000133204
0.000775 995.989 2289.71 0.703114 0.217362 -0.000218238 0.0952659 0.000134211
0.0008 1018.64 2305.62 0.701538 0.212529 -0.00020864 0.0983157 0.000135078
0.000825 1039.29 2320.09 0.699678 0.208306 -0.00020043 0.101113 0.000135833
0.00085 1058.22 2333.32 0.697624 0.20458 -0.000193325 0.103691 0.000136495
0.000875 1075.64 2345.45 0.695439 0.201266 -0.000187112 0.106074 0.00013708
0.0009 1091.74 2356.63 0.693171 0.198297 -0.000181634 0.108285 0.000137601
0.000925 1106.68 2366.97 0.690855 0.195622 -0.000176764 0.110344 0.000138068
0.00095 1120.57 2376.55 0.688518 0.193196 -0.000172408 0.112265 0.000138489
0.000975 1133.54 2385.46 0.686179 0.190986 -0.000168486 0.114063 0.00013887
0.001 1145.67 2393.77 0.683854 0.188964 -0.000164937 0.11575 0.000139216
0.001025 1157.05 2401.54 0.681552 0.187106 -0.00016171 0.117336 0.000139532
0.00105303 1169 2409.67 0.67901 0.185193 -0.000158421 0.119005 0.000139855
0.00108447 1181.48 2418.13 0.676218 0.183237 -0.000155091 0.120753 0.000140184
0.00111973 1194.45 2426.88 0.673169 0.181247 -0.000151741 0.122573 0.000140515
0.00115926 1207.85 2435.88 0.669862 0.179236 -0.000148393 0.124458 0.000140846
0.0012036 1221.62 2445.08 0.666299 0.177216 -0.000145067 0.1264 0.000141176
0.00125331 1235.67 2454.42 0.662487 0.1752 -0.000141785 0.128387 0.000141502
0.00130906 1249.94 2463.84 0.65844 0.1732 -0.000138566 0.130408 0.000141822
0.00137158 1264.34 2473.29 0.654176 0.171228 -0.00013543 0.132451 0.000142133
0.00144169 1278.76 2482.69 0.649718 0.169297 -0.000132391 0.134504 0.000142435
0.00152031 1293.14 2492 0.645096 0.167415 -0.000129464 0.136554 0.000142724
0.00160848 1307.37 2501.14 0.640342 0.165593 -0.000126661 0.138586 0.000143001
0.00170735 1321.37 2510.07 0.635493 0.163838 -0.000123992 0.14059 0.000143263
0.00181822 1335.06 2518.74 0.630585 0.162158 -0.000121462 0.142553 0.000143511
0.00194255 1348.36 2527.1 0.625659 0.160558 -0.000119077 0.144464 0.000143744
0.00208197 1361.22 2535.11 0.620753 0.159042 -0.000116838 0.146313 0.000143961
0.00223832 1373.57 2542.75 0.615905 0.157612 -0.000114746 0.148093 0.000144162
0.00241364 1385.36 2549.99 0.611151 0.15627 -0.0001128 0.149795 0.000144349
0.00261026 1396.57 2556.81 0.606521 0.155015 -0.000110997 0.151414 0.000144521
0.00283074 1407.17 2563.21 0.602046 0.153848 -0.000109332 0.152946 0.000144678
0.00307798 1417.13 2569.19 0.597749 0.152767 -0.0001078 0.154388 0.000144822
0.00335525 1426.45 2574.74 0.593651 0.151768 -0.000106396 0.155738 0.000144953
0.00366617 1435.13 2579.88 0.589767 0.15085 -0.000105112 0.156997 0.000145072
0.00401483 1443.18 2584.61 0.58611 0.150009 -0.000103944 0.158165 0.00014518
0.00440583 1450.6 2588.94 0.582688 0.149242 -0.000102883 0.159242 0.000145277
0.00484428 1457.4 2592.9 0.579506 0.148545 -0.000101925 0.160231 0.000145364
0.00533597 1463.62 2596.49 0.576566 0.147915 -0.000101061 0.161135 0.000145442
0.00588734 1469.26 2599.74 0.57387 0.147347 -0.000100287 0.161955 0.000145512
0.00650565 1474.34 2602.65 0.571415 0.146839 -9.9596e-05 0.162695 0.000145573
0.00719903 1478.89 2605.24 0.569199 0.146387 -9.89841e-05 0.163358 0.000145628
0.00797657 1482.93 2607.53 0.56722 0.145988 -9.84462e-05 0.163945 0.000145675
0.00884851 1486.46 2609.54 0.565473 0.145641 -9.79781e-05 0.164461 0.000145717
0.0098263 1489.52 2611.27 0.563954 0.145342 -9.75761e-05 0.164907 0.000145752
0.0109228 1492.12 2612.73 0.562657 0.145089 -9.72367e-05 0.165285 0.000145782
0.0121524 1494.28 2613.94 0.561576 0.14488 -9.69562e-05 0.1656 0.000145806
0.0135313 1496.02 2614.92 0.560702 0.144711 -9.6731e-05 0.165853 0.000145826
0.0150775 1497.37 2615.67 0.560021 0.144581 -9.65566e-05 0.16605 0.000145841
0.0168115 1498.37 2616.23 0.559516 0.144484 -9.64278e-05 0.166196 0.000145852
0.018756 1499.06 2616.62 0.559164 0.144417 -9.63383e-05 0.166297 0.00014586
0.0209365 1499.51 2616.87 0.558937 0.144374 -9.62807e-05 0.166363 0.000145865
0.0233817 1499.77 2617.02 0.558804 0.144349 -9.6247e-05 0.166401 0.000145868
0.0261238 1499.91 2617.1 0.558736 0.144336 -9.62297e-05 0.166421 0.00014587
0.0291988 1499.97 2617.13 0.558705 0.14433 -9.62219e-05 0.16643 0.00014587
0.032647 1499.99 2617.14 0.558694 0.144328 -9.6219e-05 0.166433 0.000145871
0.0365139 1500 2617.15 0.55869 0.144327 -9.62181e-05 0.166434 0.000145871
0.0408502 1500 2617.15 0.558689 0.144327 -9.62179e-05 0.166434 0.000145871
0.0457129 1500 2617.15 0.558689 0.144327 -9.62179e-05 0.166434 0.000145871
0.0511659 1500 2617.15 0.558689 0.144327 -9.62179e-05 0.166434 0.000145871
0.0572809 1500 2617.15 0.558689 0.144327 -9.62179e-05 0.166434 0.000145871
0.0641383 1500 2617.15 0.558689 0.144327 -9.62179e-05 0.166434 0.000145871
0.0718281 1500 2617.15 0.558689 0.144327 -9.62179e-05 0.166434 0.000145871
0.0804515 1500 2617.15 0.558689 0.144327 -9.62179e-05 0.166434 0.000145871
0.0901217 1500 2617.15 0.558689 0.144327 -9.62179e-05 0.166434 0.000145871
0.100966 1500 2617.15 0.558689 0.144327 -9.62179e-05 0.166434 0.000145871
0.113126 1500 2617.15 0.558689 0.144327 -9.62179e-05 0.166434 0.000145871
0.126763 1500 2617.15 0.558689 0.144327 -9.62179e-05 0.166434 0.000145871
0.142056 1500 2617.15 0.558689 0.144327 -9.62179e-05 0.166434 0.000145871
0.159204 1500 2617.15 0.558689 0.144327 -9.62179e-05 0.166434 0.000145871
0.178435 1500 2617.15 0.558689 0.144327 -9.62179e-05 0.166434 0.000145871
0.2 1500 2617.15 0.558689 0.144327 -9.62179e-05 0.166434 0.000145871
