TITLE="Graphics"
VARIABLES= "rj, m", "T, K", "Cp, J/kg*K", "DfCp, J/kg*K^2", "rho, kg/m^3", "Dfrho, kg/m^3*K", "Lambda, Watt/m*K", "DfLambda, Watt/m*K^2"
0 300.183 4186.05 -0.659286 980 0 0.610317 0
2.5e-05 300.183 4186.05 -0.659286 980 0 0.610317 0
5e-05 306.83 4182.73 -0.348951 980 0 0.621133 0
7.5e-05 309.496 4181.95 -0.238194 980 0 0.625233 0
0.0001 311.319 4181.58 -0.166567 980 0 0.627943 0
0.000125 312.995 4181.35 -0.103446 980 0 0.630365 0
0.00015 314.771 4181.23 -0.0392626 980 0 0.632858 0
0.000175 316.763 4181.22 0.0295679 980 0 0.635563 0
0.0002 319.035 4181.37 0.104305 980 0 0.638533 0
0.000225 321.632 4181.75 0.185091 980 0 0.641776 0
0.00025 324.583 4182.42 0.271461 980 0 0.645274 0
0.000275 327.911 4183.48 0.362611 980 0 0.648986 0
0.0003 331.633 4185.01 0.457583 980 0 0.652855 0
0.000325 335.753 4187.1 0.555401 980 0 0.656808 0
0.00035 340.266 4189.83 0.655151 980 0 0.660755 0
0.000375 345.138 4193.27 0.755985 980 0 0.66459 0
0.0004 350.299 4197.43 0.856987 980 0 0.66819 0
0.000425 355.612 4202.25 0.956817 980 0 0.671426 0
0.00045 360.855 4207.52 1.05311 980 0 0.674181 0
0.000475 365.717 4212.86 1.14199 980 0 0.676372 0
0.0005 373.498 1891.58 0.42742 0.579629 -0.00155189 0.0241846 8.27407e-05
0.000525 538.308 1979.26 0.605 0.402168 -0.000747096 0.0396798 0.000103848
0.00055 639.488 2043.19 0.654644 0.338537 -0.000529387 0.0506832 0.000113303
0.000575 714.663 2093.35 0.678282 0.302926 -0.000423873 0.0594246 0.000119105
0.0006 774.651 2134.45 0.691194 0.279468 -0.000360766 0.0666923 0.000123116
0.000625 824.449 2169.07 0.698493 0.262588 -0.000318501 0.0728984 0.000126082
0.00065 866.861 2198.78 0.702481 0.24974 -0.000288098 0.0782951 0.000128375
0.000675 903.646 2224.66 0.704379 0.239574 -0.00026512 0.0830514 0.000130204
0.0007 935.992 2247.46 0.704897 0.231295 -0.000247112 0.0872875 0.000131698
0.000725 964.745 2267.72 0.704481 0.224401 -0.000232602 0.0910923 0.000132943
0.00075 990.531 2285.88 0.70342 0.21856 -0.000220649 0.0945341 0.000133996
0.000775 1013.83 2302.25 0.701914 0.213538 -0.000210626 0.0976661 0.000134897
0.0008 1035 2317.09 0.700098 0.209169 -0.000202095 0.100531 0.000135679
0.000825 1054.36 2330.62 0.69807 0.205329 -0.000194743 0.103164 0.000136362
0.00085 1072.13 2343.01 0.695902 0.201925 -0.00018834 0.105593 0.000136964
0.000875 1088.52 2354.4 0.693644 0.198885 -0.000182711 0.107842 0.000137498
0.0009 1103.69 2364.9 0.691335 0.196151 -0.000177723 0.109932 0.000137976
0.000925 1117.78 2374.63 0.689002 0.193679 -0.000173271 0.111878 0.000138405
0.00095 1130.9 2383.65 0.686667 0.191431 -0.000169273 0.113697 0.000138793
0.000975 1143.16 2392.06 0.684346 0.189379 -0.000165662 0.115401 0.000139145
0.001 1154.64 2399.9 0.682049 0.187496 -0.000162385 0.117 0.000139466
0.001025 1165.41 2407.24 0.679786 0.185763 -0.000159396 0.118504 0.000139759
0.00105303 1176.74 2414.92 0.677295 0.183975 -0.000156343 0.120089 0.00014006
0.00108447 1188.58 2422.92 0.674568 0.182142 -0.000153244 0.121749 0.000140366
0.00111973 1200.89 2431.21 0.671599 0.180275 -0.000150117 0.123479 0.000140675
0.00115926 1213.62 2439.74 0.668388 0.178383 -0.000146984 0.125272 0.000140986
0.0012036 1226.71 2448.47 0.664937 0.17648 -0.000143864 0.12712 0.000141296
0.00125331 1240.09 2457.34 0.661254 0.174576 -0.000140777 0.129012 0.000141602
0.00130906 1253.68 2466.3 0.657351 0.172684 -0.000137742 0.130938 0.000141904
0.00137158 1267.39 2475.28 0.653247 0.170816 -0.000134777 0.132886 0.000142198
0.00144169 1281.15 2484.24 0.648963 0.168981 -0.000131898 0.134844 0.000142483
0.00152031 1294.86 2493.11 0.644528 0.167191 -0.000129119 0.1368 0.000142758
0.00160848 1308.45 2501.84 0.639972 0.165455 -0.000126451 0.138742 0.000143021
0.00170735 1321.83 2510.37 0.63533 0.163781 -0.000123905 0.140657 0.000143272
0.00181822 1334.92 2518.65 0.630635 0.162175 -0.000121487 0.142533 0.000143509
0.00194255 1347.65 2526.65 0.625926 0.160643 -0.000119202 0.144362 0.000143731
0.00208197 1359.96 2534.33 0.621239 0.159188 -0.000117054 0.146133 0.00014394
0.00223832 1371.8 2541.66 0.616607 0.157815 -0.000115042 0.147838 0.000144134
0.00241364 1383.12 2548.62 0.612063 0.156523 -0.000113166 0.149471 0.000144314
0.00261026 1393.9 2555.19 0.607636 0.155313 -0.000111423 0.151027 0.00014448
0.00283074 1404.1 2561.36 0.603351 0.154184 -0.00010981 0.152502 0.000144633
0.00307798 1413.72 2567.15 0.599231 0.153135 -0.000108321 0.153894 0.000144773
0.00335525 1422.74 2572.54 0.595291 0.152164 -0.000106951 0.155201 0.000144901
0.00366617 1431.18 2577.54 0.591544 0.151267 -0.000105694 0.156423 0.000145018
0.00401483 1439.03 2582.17 0.588001 0.150442 -0.000104544 0.157563 0.000145125
0.00440583 1446.31 2586.44 0.584668 0.149684 -0.000103493 0.15862 0.000145221
0.00484428 1453.04 2590.37 0.581549 0.148991 -0.000102537 0.159597 0.000145308
0.00533597 1459.23 2593.96 0.578644 0.148359 -0.000101669 0.160497 0.000145387
0.00588734 1464.9 2597.23 0.575956 0.147785 -0.000100884 0.161321 0.000145458
0.00650565 1470.06 2600.2 0.573482 0.147266 -0.000100177 0.162072 0.000145521
0.00719903 1474.74 2602.87 0.571222 0.146799 -9.95424e-05 0.162753 0.000145578
0.00797657 1478.95 2605.27 0.569173 0.146381 -9.89769e-05 0.163366 0.000145628
0.00884851 1482.7 2607.41 0.567331 0.146011 -9.84762e-05 0.163912 0.000145673
0.0098263 1486.02 2609.29 0.565692 0.145684 -9.80366e-05 0.164396 0.000145712
0.0109228 1488.93 2610.93 0.564251 0.1454 -9.76545e-05 0.16482 0.000145745
0.0121524 1491.43 2612.34 0.563001 0.145156 -9.73265e-05 0.165185 0.000145774
0.0135313 1493.56 2613.54 0.561938 0.144949 -9.70498e-05 0.165495 0.000145798
0.0150775 1495.32 2614.53 0.561052 0.144779 -9.68211e-05 0.165752 0.000145818
0.0168115 1496.74 2615.32 0.560337 0.144641 -9.66374e-05 0.165959 0.000145834
0.018756 1497.84 2615.94 0.55978 0.144535 -9.64951e-05 0.16612 0.000145847
0.0209365 1498.66 2616.4 0.559367 0.144456 -9.63899e-05 0.166239 0.000145856
0.0233817 1499.23 2616.72 0.559079 0.144401 -9.63167e-05 0.166322 0.000145862
0.0261238 1499.6 2616.92 0.558893 0.144366 -9.62695e-05 0.166376 0.000145866
0.0291988 1499.81 2617.04 0.558784 0.144345 -9.62419e-05 0.166407 0.000145869
0.032647 1499.92 2617.1 0.558728 0.144334 -9.62276e-05 0.166423 0.00014587
0.0365139 1499.97 2617.13 0.558702 0.144329 -9.62212e-05 0.16643 0.00014587
0.0408502 1499.99 2617.14 0.558693 0.144328 -9.62188e-05 0.166433 0.000145871
0.0457129 1500 2617.15 0.55869 0.144327 -9.62181e-05 0.166434 0.000145871
0.0511659 1500 2617.15 0.558689 0.144327 -9.62179e-05 0.166434 0.000145871
0.0572809 1500 2617.15 0.558689 0.144327 -9.62179e-05 0.166434 0.000145871
0.0641383 1500 2617.15 0.558689 0.144327 -9.62179e-05 0.166434 0.000145871
0.0718281 1500 2617.15 0.558689 0.144327 -9.62179e-05 0.166434 0.000145871
0.0804515 1500 2617.15 0.558689 0.144327 -9.62179e-05 0.166434 0.000145871
0.0901217 1500 2617.15 0.558689 0.144327 -9.62179e-05 0.166434 0.000145871
0.100966 1500 2617.15 0.558689 0.144327 -9.62179e-05 0.166434 0.000145871
0.113126 1500 2617.15 0.558689 0.144327 -9.62179e-05 0.166434 0.000145871
0.126763 1500 2617.15 0.558689 0.144327 -9.62179e-05 0.166434 0.000145871
0.142056 1500 2617.15 0.558689 0.144327 -9.62179e-05 0.166434 0.000145871
0.159204 1500 2617.15 0.558689 0.144327 -9.62179e-05 0.166434 0.000145871
0.178435 1500 2617.15 0.558689 0.144327 -9.62179e-05 0.166434 0.000145871
0.2 1500 2617.15 0.558689 0.144327 -9.62179e-05 0.166434 0.000145871
