TITLE="Graphics"
VARIABLES= "rj, m", "T, K", "Cp, J/kg*K", "DfCp, J/kg*K^2", "rho, kg/m^3", "Dfrho, kg/m^3*K", "Lambda, Watt/m*K", "DfLambda, Watt/m*K^2"
0 300.653 4185.75 -0.635616 980 0 0.611103 0
2.5e-05 300.653 4185.75 -0.635616 980 0 0.611103 0
5e-05 324.107 4182.29 0.257914 980 0 0.644724 0
7.5e-05 332.477 4185.4 0.478224 980 0 0.653693 0
0.0001 337.017 4187.82 0.584038 980 0 0.657953 0
0.000125 340.115 4189.73 0.651933 980 0 0.66063 0
0.00015 342.577 4191.4 0.703767 980 0 0.662629 0
0.000175 344.74 4192.97 0.747977 980 0 0.664293 0
0.0002 346.764 4194.53 0.788357 980 0 0.665774 0
0.000225 348.727 4196.11 0.826737 980 0 0.667142 0
0.00025 350.666 4197.75 0.864005 980 0 0.668428 0
0.000275 352.596 4199.45 0.90055 980 0 0.669646 0
0.0003 354.517 4201.22 0.936489 980 0 0.670797 0
0.000325 356.421 4203.03 0.971777 980 0 0.671879 0
0.00035 358.296 4204.89 1.00628 980 0 0.672889 0
0.000375 360.127 4206.76 1.0398 980 0 0.673823 0
0.0004 361.895 4208.63 1.07212 980 0 0.674679 0
0.000425 363.586 4210.47 1.103 980 0 0.675453 0
0.00045 365.182 4212.25 1.1322 980 0 0.676147 0
0.000475 366.67 4213.96 1.15949 980 0 0.676762 0
0.0005 381.33 1894.98 0.441408 0.567724 -0.0014888 0.0248375 8.39623e-05
0.000525 542.263 1981.66 0.607451 0.399235 -0.000736238 0.0400913 0.000104259
0.00055 642.139 2044.93 0.65564 0.337139 -0.000525025 0.0509838 0.000113524
0.000575 716.547 2094.63 0.678762 0.30213 -0.000421647 0.059649 0.000119239
0.0006 775.994 2135.38 0.69143 0.278984 -0.000359518 0.0668577 0.0001232
0.000625 825.376 2169.72 0.698601 0.262293 -0.000317786 0.0730153 0.000126135
0.00065 867.451 2199.2 0.702523 0.249571 -0.000287706 0.0783708 0.000128405
0.000675 903.953 2224.88 0.704389 0.239493 -0.000264939 0.0830914 0.000130218
0.0007 936.057 2247.5 0.704897 0.231279 -0.000247078 0.087296 0.000131701
0.000725 964.598 2267.62 0.704485 0.224436 -0.000232673 0.0910728 0.000132937
0.00075 990.197 2285.64 0.703438 0.218634 -0.000220798 0.0944893 0.000133982
0.000775 1013.32 2301.89 0.701951 0.213644 -0.000210834 0.0975984 0.000134879
0.0008 1034.35 2316.63 0.70016 0.209301 -0.00020235 0.100443 0.000135655
0.000825 1053.57 2330.07 0.698159 0.205483 -0.000195035 0.103056 0.000136334
0.00085 1071.22 2342.38 0.69602 0.202097 -0.000188661 0.105468 0.000136934
0.000875 1087.49 2353.69 0.693793 0.199073 -0.000183056 0.107701 0.000137466
0.0009 1102.56 2364.12 0.691514 0.196353 -0.000178088 0.109775 0.000137941
0.000925 1116.55 2373.78 0.689213 0.193892 -0.000173653 0.111708 0.000138369
0.00095 1129.58 2382.75 0.686909 0.191655 -0.000169669 0.113514 0.000138755
0.000975 1141.76 2391.1 0.684618 0.189611 -0.00016607 0.115206 0.000139105
0.001 1153.16 2398.89 0.682352 0.187737 -0.000162802 0.116793 0.000139425
0.001025 1163.86 2406.18 0.680118 0.18601 -0.000159822 0.118287 0.000139718
0.00105303 1175.11 2413.82 0.67766 0.18423 -0.000156777 0.11986 0.000140017
0.00108447 1186.87 2421.77 0.674969 0.182404 -0.000153685 0.121509 0.000140322
0.00111973 1199.1 2430.01 0.672039 0.180544 -0.000150566 0.123227 0.000140631
0.00115926 1211.75 2438.49 0.668869 0.178659 -0.000147439 0.125008 0.000140941
0.0012036 1224.76 2447.17 0.665463 0.176762 -0.000144324 0.126843 0.00014125
0.00125331 1238.05 2455.99 0.661826 0.174864 -0.000141242 0.128722 0.000141556
0.00130906 1251.55 2464.9 0.657973 0.172978 -0.000138211 0.130635 0.000141857
0.00137158 1265.18 2473.84 0.653921 0.171115 -0.00013525 0.132571 0.000142151
0.00144169 1278.85 2482.75 0.649691 0.169285 -0.000132373 0.134516 0.000142436
0.00152031 1292.48 2491.58 0.645311 0.1675 -0.000129596 0.13646 0.000142711
0.00160848 1305.99 2500.26 0.640811 0.165768 -0.000126929 0.138389 0.000142974
0.00170735 1319.28 2508.75 0.636225 0.164097 -0.000124383 0.140292 0.000143225
0.00181822 1332.3 2517 0.631588 0.162494 -0.000121966 0.142157 0.000143462
0.00194255 1344.95 2524.96 0.626936 0.160965 -0.000119681 0.143974 0.000143685
0.00208197 1357.19 2532.61 0.622305 0.159514 -0.000117532 0.145734 0.000143894
0.00223832 1368.96 2539.9 0.61773 0.158142 -0.00011552 0.147428 0.000144088
0.00241364 1380.21 2546.83 0.613243 0.156853 -0.000113645 0.149051 0.000144268
0.00261026 1390.91 2553.37 0.608874 0.155646 -0.000111903 0.150595 0.000144435
0.00283074 1401.04 2559.51 0.604648 0.154521 -0.000110291 0.152059 0.000144588
0.00307798 1410.57 2565.26 0.600587 0.153477 -0.000108804 0.153438 0.000144728
0.00335525 1419.51 2570.61 0.596709 0.15251 -0.000107438 0.154733 0.000144856
0.00366617 1427.86 2575.58 0.593027 0.151619 -0.000106186 0.155942 0.000144973
0.00401483 1435.61 2580.16 0.589551 0.1508 -0.000105042 0.157067 0.000145079
0.00440583 1442.79 2584.38 0.586286 0.15005 -0.000103999 0.158108 0.000145175
0.00484428 1449.41 2588.25 0.583236 0.149364 -0.000103051 0.15907 0.000145261
0.00533597 1455.5 2591.8 0.5804 0.14874 -0.000102191 0.159954 0.00014534
0.00588734 1461.07 2595.02 0.577774 0.148172 -0.000101413 0.160765 0.00014541
0.00650565 1466.16 2597.95 0.575354 0.147658 -0.000100711 0.161504 0.000145473
0.00719903 1470.78 2600.61 0.573135 0.147194 -0.000100078 0.162177 0.00014553
0.00797657 1474.97 2603.01 0.571108 0.146776 -9.95107e-05 0.162787 0.000145581
0.00884851 1478.75 2605.16 0.569267 0.1464 -9.90025e-05 0.163338 0.000145626
0.0098263 1482.15 2607.09 0.567602 0.146065 -9.85494e-05 0.163832 0.000145666
0.0109228 1485.18 2608.81 0.566107 0.145767 -9.81473e-05 0.164274 0.000145702
0.0121524 1487.87 2610.33 0.564774 0.145503 -9.77926e-05 0.164666 0.000145733
0.0135313 1490.24 2611.67 0.563595 0.145272 -9.7482e-05 0.165011 0.00014576
0.0150775 1492.31 2612.83 0.562565 0.145071 -9.72127e-05 0.165312 0.000145784
0.0168115 1494.08 2613.83 0.561677 0.144899 -9.69822e-05 0.16557 0.000145804
0.018756 1495.57 2614.67 0.560925 0.144754 -9.67883e-05 0.165789 0.000145821
0.0209365 1496.81 2615.36 0.560303 0.144635 -9.66287e-05 0.165969 0.000145835
0.0233817 1497.8 2615.91 0.559804 0.144539 -9.65011e-05 0.166113 0.000145846
0.0261238 1498.56 2616.34 0.559419 0.144466 -9.6403e-05 0.166224 0.000145855
0.0291988 1499.12 2616.65 0.559136 0.144412 -9.63311e-05 0.166306 0.000145861
0.032647 1499.5 2616.87 0.558941 0.144375 -9.62818e-05 0.166362 0.000145865
0.0365139 1499.75 2617 0.558818 0.144351 -9.62505e-05 0.166397 0.000145868
0.0408502 1499.88 2617.08 0.558747 0.144338 -9.62326e-05 0.166417 0.000145869
0.0457129 1499.96 2617.12 0.558712 0.144331 -9.62237e-05 0.166428 0.00014587
0.0511659 1499.99 2617.14 0.558697 0.144328 -9.62198e-05 0.166432 0.000145871
0.0572809 1500 2617.14 0.558691 0.144327 -9.62184e-05 0.166434 0.000145871
0.0641383 1500 2617.15 0.55869 0.144327 -9.6218e-05 0.166434 0.000145871
0.0718281 1500 2617.15 0.558689 0.144327 -9.62179e-05 0.166434 0.000145871
0.0804515 1500 2617.15 0.558689 0.144327 -9.62179e-05 0.166434 0.000145871
0.0901217 1500 2617.15 0.558689 0.144327 -9.62179e-05 0.166434 0.000145871
0.100966 1500 2617.15 0.558689 0.144327 -9.62179e-05 0.166434 0.000145871
0.113126 1500 2617.15 0.558689 0.144327 -9.62179e-05 0.166434 0.000145871
0.126763 1500 2617.15 0.558689 0.144327 -9.62179e-05 0.166434 0.000145871
0.142056 1500 2617.15 0.558689 0.144327 -9.62179e-05 0.166434 0.000145871
0.159204 1500 2617.15 0.558689 0.144327 -9.62179e-05 0.166434 0.000145871
0.178435 1500 2617.15 0.558689 0.144327 -9.62179e-05 0.166434 0.000145871
0.2 1500 2617.15 0.558689 0.144327 -9.62179e-05 0.166434 0.000145871
