TITLE="Graphics"
VARIABLES= "rj, m", "T, K", "Cp, J/kg*K", "DfCp, J/kg*K^2", "rho, kg/m^3", "Dfrho, kg/m^3*K", "Lambda, Watt/m*K", "DfLambda, Watt/m*K^2"
0 300.806 4185.65 -0.627954 980 0 0.611359 0
2.5e-05 300.806 4185.65 -0.627954 980 0 0.611359 0
5e-05 329.685 4184.16 0.40873 980 0 0.650866 0
7.5e-05 339.79 4189.52 0.644949 980 0 0.660358 0
0.0001 345.051 4193.2 0.754226 980 0 0.664525 0
0.000125 348.404 4195.84 0.820467 980 0 0.666921 0
0.00015 350.843 4197.9 0.867367 980 0 0.668542 0
0.000175 352.792 4199.63 0.904229 980 0 0.669766 0
0.0002 354.459 4201.16 0.935408 980 0 0.670763 0
0.000225 355.955 4202.58 0.963169 980 0 0.67162 0
0.00025 357.343 4203.94 0.988758 980 0 0.672382 0
0.000275 358.656 4205.25 1.01288 980 0 0.673077 0
0.0003 359.915 4206.54 1.03592 980 0 0.673718 0
0.000325 361.128 4207.81 1.0581 980 0 0.674313 0
0.00035 362.299 4209.06 1.07949 980 0 0.674867 0
0.000375 363.428 4210.29 1.10011 980 0 0.675382 0
0.0004 364.512 4211.5 1.11993 980 0 0.67586 0
0.000425 365.549 4212.67 1.13891 980 0 0.676302 0
0.00045 366.534 4213.8 1.15699 980 0 0.676707 0
0.000475 367.466 4214.88 1.17412 980 0 0.677079 0
0.0005 405.772 1906.25 0.479718 0.533527 -0.00131484 0.0269347 8.76058e-05
0.000525 556.637 1990.45 0.615949 0.388925 -0.000698705 0.0416005 0.000105721
0.00055 653.192 2052.2 0.659656 0.331434 -0.000507407 0.0522436 0.000114431
0.000575 725.75 2100.89 0.681033 0.298299 -0.000411022 0.0607494 0.000119885
0.0006 783.959 2140.89 0.692783 0.27615 -0.000352251 0.0678409 0.000123694
0.000625 832.427 2174.64 0.699395 0.260071 -0.000312425 0.073906 0.00012653
0.00065 873.786 2203.65 0.702947 0.247761 -0.000283549 0.0791853 0.00012873
0.000675 909.704 2228.93 0.704557 0.237979 -0.0002616 0.0838411 0.000130492
0.0007 941.318 2251.21 0.704882 0.229986 -0.000244324 0.0879895 0.000131935
0.000725 969.44 2271.03 0.704336 0.223315 -0.000230355 0.0917168 0.000133139
0.00075 994.672 2288.79 0.70319 0.21765 -0.000218816 0.0950892 0.000134159
0.000775 1017.48 2304.81 0.701631 0.212772 -0.000209117 0.0981586 0.000135035
0.0008 1038.21 2319.34 0.699785 0.208522 -0.000200847 0.100967 0.000135794
0.000825 1057.17 2332.59 0.697746 0.204783 -0.000193708 0.103547 0.000136459
0.00085 1074.58 2344.72 0.69558 0.201464 -0.000187481 0.105929 0.000137045
0.000875 1090.64 2355.87 0.693333 0.198498 -0.000182001 0.108134 0.000137566
0.0009 1105.51 2366.16 0.691044 0.195828 -0.000177138 0.110183 0.000138032
0.000925 1119.32 2375.69 0.688736 0.193412 -0.000172795 0.112092 0.000138452
0.00095 1132.18 2384.53 0.686431 0.191215 -0.00016889 0.113875 0.00013883
0.000975 1144.2 2392.77 0.684143 0.189207 -0.000165361 0.115546 0.000139175
0.001 1155.46 2400.46 0.681881 0.187364 -0.000162156 0.117114 0.000139488
0.001025 1166.02 2407.65 0.679655 0.185666 -0.00015923 0.118589 0.000139776
0.00105303 1177.13 2415.18 0.677207 0.183914 -0.00015624 0.120143 0.00014007
0.00108447 1188.74 2423.03 0.67453 0.182118 -0.000153203 0.121771 0.00014037
0.00111973 1200.81 2431.16 0.671618 0.180286 -0.000150136 0.123468 0.000140674
0.00115926 1213.3 2439.53 0.66847 0.17843 -0.000147062 0.125227 0.000140978
0.0012036 1226.14 2448.09 0.66509 0.176562 -0.000143997 0.127039 0.000141282
0.00125331 1239.27 2456.8 0.661484 0.174692 -0.000140964 0.128895 0.000141584
0.00130906 1252.6 2465.59 0.657666 0.172833 -0.000137979 0.130785 0.00014188
0.00137158 1266.06 2474.41 0.653653 0.170995 -0.000135061 0.132696 0.00014217
0.00144169 1279.56 2483.21 0.649466 0.169191 -0.000132226 0.134618 0.000142451
0.00152031 1293.02 2491.93 0.645133 0.167429 -0.000129487 0.136537 0.000142722
0.00160848 1306.36 2500.5 0.640684 0.16572 -0.000126856 0.138443 0.000142982
0.00170735 1319.5 2508.89 0.636151 0.164071 -0.000124343 0.140322 0.000143229
0.00181822 1332.35 2517.03 0.631569 0.162488 -0.000121956 0.142165 0.000143463
0.00194255 1344.85 2524.9 0.626974 0.160977 -0.000119699 0.14396 0.000143683
0.00208197 1356.94 2532.45 0.622401 0.159543 -0.000117575 0.145698 0.000143889
0.00223832 1368.57 2539.66 0.617884 0.158188 -0.000115586 0.147372 0.000144082
0.00241364 1379.68 2546.51 0.613455 0.156913 -0.000113731 0.148975 0.00014426
0.00261026 1390.26 2552.97 0.609142 0.155719 -0.000112007 0.150502 0.000144425
0.00283074 1400.27 2559.05 0.60497 0.154606 -0.000110411 0.151948 0.000144576
0.00307798 1409.7 2564.74 0.600961 0.153572 -0.000108939 0.153312 0.000144715
0.00335525 1418.54 2570.03 0.597132 0.152614 -0.000107585 0.154592 0.000144842
0.00366617 1426.8 2574.95 0.593496 0.151731 -0.000106344 0.155789 0.000144958
0.00401483 1434.48 2579.49 0.590062 0.150919 -0.000105208 0.156902 0.000145063
0.00440583 1441.59 2583.68 0.586836 0.150175 -0.000104173 0.157934 0.000145159
0.00484428 1448.15 2587.52 0.583819 0.149494 -0.000103231 0.158887 0.000145245
0.00533597 1454.19 2591.04 0.581011 0.148873 -0.000102375 0.159764 0.000145323
0.00588734 1459.73 2594.25 0.57841 0.148309 -0.0001016 0.160569 0.000145393
0.00650565 1464.79 2597.17 0.576009 0.147796 -0.0001009 0.161305 0.000145456
0.00719903 1469.4 2599.81 0.573803 0.147333 -0.000100268 0.161975 0.000145513
0.00797657 1473.58 2602.21 0.571784 0.146915 -9.96991e-05 0.162584 0.000145564
0.00884851 1477.37 2604.37 0.569945 0.146538 -9.91888e-05 0.163135 0.00014561
0.0098263 1480.78 2606.31 0.568276 0.1462 -9.87322e-05 0.163632 0.00014565
0.0109228 1483.84 2608.05 0.56677 0.145899 -9.83251e-05 0.164078 0.000145686
0.0121524 1486.57 2609.6 0.565419 0.14563 -9.79639e-05 0.164477 0.000145718
0.0135313 1489 2610.97 0.564215 0.145393 -9.7645e-05 0.16483 0.000145746
0.0150775 1491.13 2612.17 0.563151 0.145185 -9.73657e-05 0.165141 0.000145771
0.0168115 1492.99 2613.22 0.562221 0.145004 -9.71234e-05 0.165412 0.000145792
0.018756 1494.59 2614.12 0.561419 0.144849 -9.69157e-05 0.165645 0.00014581
0.0209365 1495.94 2614.88 0.560739 0.144718 -9.67406e-05 0.165842 0.000145825
0.0233817 1497.06 2615.5 0.560176 0.14461 -9.65961e-05 0.166005 0.000145838
0.0261238 1497.96 2616.01 0.559722 0.144523 -9.64803e-05 0.166136 0.000145848
0.0291988 1498.65 2616.39 0.55937 0.144456 -9.63907e-05 0.166238 0.000145856
0.032647 1499.17 2616.68 0.55911 0.144407 -9.63246e-05 0.166313 0.000145861
0.0365139 1499.53 2616.88 0.55893 0.144373 -9.62788e-05 0.166365 0.000145865
0.0408502 1499.75 2617.01 0.558814 0.144351 -9.62495e-05 0.166398 0.000145868
0.0457129 1499.89 2617.08 0.558747 0.144338 -9.62324e-05 0.166418 0.000145869
0.0511659 1499.95 2617.12 0.558712 0.144331 -9.62237e-05 0.166428 0.00014587
0.0572809 1499.98 2617.14 0.558697 0.144328 -9.62198e-05 0.166432 0.000145871
0.0641383 1500 2617.14 0.558691 0.144327 -9.62184e-05 0.166434 0.000145871
0.0718281 1500 2617.15 0.55869 0.144327 -9.6218e-05 0.166434 0.000145871
0.0804515 1500 2617.15 0.558689 0.144327 -9.62179e-05 0.166434 0.000145871
0.0901217 1500 2617.15 0.558689 0.144327 -9.62179e-05 0.166434 0.000145871
0.100966 1500 2617.15 0.558689 0.144327 -9.62179e-05 0.166434 0.000145871
0.113126 1500 2617.15 0.558689 0.144327 -9.62179e-05 0.166434 0.000145871
0.126763 1500 2617.15 0.558689 0.144327 -9.62179e-05 0.166434 0.000145871
0.142056 1500 2617.15 0.558689 0.144327 -9.62179e-05 0.166434 0.000145871
0.159204 1500 2617.15 0.558689 0.144327 -9.62179e-05 0.166434 0.000145871
0.178435 1500 2617.15 0.558689 0.144327 -9.62179e-05 0.166434 0.000145871
0.2 1500 2617.15 0.558689 0.144327 -9.62179e-05 0.166434 0.000145871
