TITLE="Graphics"
VARIABLES= "rj, m", "T, K", "Cp, J/kg*K", "DfCp, J/kg*K^2", "rho, kg/m^3", "Dfrho, kg/m^3*K", "Lambda, Watt/m*K", "DfLambda, Watt/m*K^2"
0 300.749 4185.68 -0.630801 980 0 0.611264 0
2.5e-05 300.749 4185.68 -0.630801 980 0 0.611264 0
5e-05 327.613 4183.37 0.35469 980 0 0.648663 0
7.5e-05 337.074 4187.85 0.585333 980 0 0.658004 0
0.0001 342.067 4191.04 0.693168 980 0 0.662224 0
0.000125 345.325 4193.41 0.759738 980 0 0.664728 0
0.00015 347.771 4195.33 0.808145 980 0 0.666485 0
0.000175 349.798 4197.01 0.847398 980 0 0.667861 0
0.0002 351.595 4198.56 0.881663 980 0 0.669022 0
0.000225 353.262 4200.06 0.913054 980 0 0.670052 0
0.00025 354.85 4201.53 0.94269 980 0 0.67099 0
0.000275 356.388 4203 0.971162 980 0 0.671861 0
0.0003 357.887 4204.48 0.99876 980 0 0.672673 0
0.000325 359.35 4205.96 1.02559 980 0 0.673433 0
0.00035 360.775 4207.44 1.05166 980 0 0.674143 0
0.000375 362.157 4208.91 1.07689 980 0 0.674801 0
0.0004 363.487 4210.36 1.10119 980 0 0.675409 0
0.000425 364.757 4211.77 1.12441 980 0 0.675966 0
0.00045 365.959 4213.14 1.14643 980 0 0.676472 0
0.000475 367.085 4214.44 1.16711 980 0 0.676928 0
0.0005 389.832 1898.79 0.45559 0.555343 -0.00142457 0.0255568 8.52578e-05
0.000525 546.993 1984.54 0.610317 0.395782 -0.00072356 0.0405856 0.000104745
0.00055 645.658 2047.24 0.656943 0.335302 -0.000519318 0.0513838 0.000113815
0.000575 719.395 2096.57 0.679478 0.300934 -0.000418315 0.059989 0.00011944
0.0006 778.396 2137.04 0.691846 0.278124 -0.000357304 0.0671538 0.00012335
0.000625 827.449 2171.16 0.69884 0.261636 -0.000316195 0.0732769 0.000126251
0.00065 869.267 2200.47 0.702649 0.249049 -0.000286505 0.0786041 0.000128499
0.000675 905.561 2226.01 0.704439 0.239068 -0.000263999 0.0833009 0.000130295
0.0007 937.491 2248.51 0.704896 0.230925 -0.000246323 0.0874849 0.000131765
0.000725 965.883 2268.52 0.704448 0.224137 -0.000232054 0.0912436 0.000132991
0.00075 991.352 2286.45 0.703376 0.218379 -0.000220284 0.0946441 0.000134028
0.000775 1014.37 2302.62 0.701873 0.213424 -0.000210402 0.0977389 0.000134918
0.0008 1035.29 2317.29 0.70007 0.209111 -0.000201983 0.10057 0.000135689
0.000825 1054.42 2330.66 0.698063 0.205317 -0.000194721 0.103172 0.000136364
0.00085 1071.98 2342.91 0.695921 0.201953 -0.000188392 0.105573 0.000136959
0.000875 1088.18 2354.16 0.693693 0.198946 -0.000182824 0.107796 0.000137488
0.0009 1103.18 2364.55 0.691416 0.196242 -0.000177887 0.109861 0.00013796
0.000925 1117.11 2374.16 0.689117 0.193795 -0.000173479 0.111786 0.000138385
0.00095 1130.08 2383.09 0.686818 0.19157 -0.000169519 0.113584 0.000138769
0.000975 1142.2 2391.4 0.684532 0.189537 -0.00016594 0.115268 0.000139118
0.001 1153.55 2399.16 0.682271 0.187672 -0.000162691 0.116848 0.000139436
0.001025 1164.21 2406.42 0.680044 0.185955 -0.000159726 0.118336 0.000139727
0.00105303 1175.41 2414.02 0.677593 0.184183 -0.000156697 0.119902 0.000140025
0.00108447 1187.12 2421.94 0.674911 0.182366 -0.000153621 0.121544 0.000140329
0.00111973 1199.3 2430.14 0.671991 0.180514 -0.000150517 0.123255 0.000140636
0.00115926 1211.89 2438.58 0.668834 0.178638 -0.000147405 0.125028 0.000140944
0.0012036 1224.84 2447.22 0.66544 0.17675 -0.000144305 0.126855 0.000141252
0.00125331 1238.07 2456 0.661819 0.174861 -0.000141236 0.128726 0.000141557
0.00130906 1251.52 2464.88 0.657982 0.172982 -0.000138218 0.130631 0.000141856
0.00137158 1265.09 2473.78 0.653948 0.171127 -0.000135269 0.132558 0.000142149
0.00144169 1278.7 2482.65 0.649737 0.169305 -0.000132404 0.134495 0.000142433
0.00152031 1292.28 2491.44 0.645378 0.167526 -0.000129637 0.136431 0.000142707
0.00160848 1305.72 2500.09 0.6409 0.165801 -0.00012698 0.138352 0.000142969
0.00170735 1318.97 2508.55 0.636336 0.164136 -0.000124443 0.140247 0.000143219
0.00181822 1331.92 2516.76 0.631722 0.162539 -0.000122034 0.142104 0.000143455
0.00194255 1344.53 2524.7 0.627094 0.161016 -0.000119756 0.143913 0.000143678
0.00208197 1356.72 2532.31 0.622487 0.159569 -0.000117614 0.145666 0.000143886
0.00223832 1368.44 2539.58 0.617935 0.158203 -0.000115608 0.147353 0.00014408
0.00241364 1379.64 2546.48 0.613472 0.156918 -0.000113738 0.148969 0.000144259
0.00261026 1390.3 2553 0.609125 0.155715 -0.000112001 0.150507 0.000144425
0.00283074 1400.39 2559.12 0.604921 0.154593 -0.000110393 0.151965 0.000144578
0.00307798 1409.89 2564.85 0.600881 0.153551 -0.00010891 0.153339 0.000144718
0.00335525 1418.8 2570.18 0.597022 0.152587 -0.000107547 0.154629 0.000144846
0.00366617 1427.11 2575.13 0.593358 0.151698 -0.000106297 0.155834 0.000144962
0.00401483 1434.84 2579.71 0.589899 0.150881 -0.000105155 0.156955 0.000145068
0.00440583 1442 2583.92 0.58665 0.150132 -0.000104114 0.157993 0.000145164
0.00484428 1448.6 2587.78 0.583613 0.149448 -0.000103167 0.158952 0.000145251
0.00533597 1454.67 2591.31 0.580787 0.148824 -0.000102308 0.159834 0.000145329
0.00588734 1460.23 2594.54 0.57817 0.148257 -0.00010153 0.160643 0.0001454
0.00650565 1465.31 2597.47 0.575757 0.147743 -0.000100827 0.161382 0.000145463
0.00719903 1469.94 2600.13 0.573542 0.147278 -0.000100194 0.162054 0.00014552
0.00797657 1474.13 2602.53 0.571517 0.146859 -9.96244e-05 0.162665 0.000145571
0.00884851 1477.92 2604.69 0.569673 0.146483 -9.91141e-05 0.163216 0.000145616
0.0098263 1481.33 2606.63 0.568004 0.146146 -9.86583e-05 0.163713 0.000145657
0.0109228 1484.39 2608.36 0.566501 0.145845 -9.82527e-05 0.164158 0.000145693
0.0121524 1487.11 2609.9 0.565155 0.145578 -9.78936e-05 0.164554 0.000145724
0.0135313 1489.51 2611.26 0.56396 0.145343 -9.75778e-05 0.164905 0.000145752
0.0150775 1491.62 2612.45 0.562908 0.145138 -9.73022e-05 0.165212 0.000145776
0.0168115 1493.45 2613.47 0.561994 0.14496 -9.70644e-05 0.165478 0.000145797
0.018756 1495 2614.35 0.561211 0.144809 -9.6862e-05 0.165706 0.000145815
0.0209365 1496.31 2615.08 0.560554 0.144683 -9.6693e-05 0.165896 0.000145829
0.0233817 1497.38 2615.68 0.560016 0.14458 -9.65552e-05 0.166052 0.000145841
0.0261238 1498.22 2616.15 0.55959 0.144498 -9.64465e-05 0.166175 0.000145851
0.0291988 1498.86 2616.51 0.559266 0.144436 -9.63642e-05 0.166268 0.000145858
0.032647 1499.32 2616.77 0.559033 0.144392 -9.63051e-05 0.166335 0.000145863
0.0365139 1499.63 2616.94 0.558877 0.144363 -9.62655e-05 0.16638 0.000145867
0.0408502 1499.82 2617.04 0.558782 0.144344 -9.62413e-05 0.166408 0.000145869
0.0457129 1499.92 2617.1 0.558729 0.144334 -9.6228e-05 0.166423 0.00014587
0.0511659 1499.97 2617.13 0.558704 0.14433 -9.62216e-05 0.16643 0.00014587
0.0572809 1499.99 2617.14 0.558694 0.144328 -9.6219e-05 0.166433 0.000145871
0.0641383 1500 2617.15 0.55869 0.144327 -9.62182e-05 0.166434 0.000145871
0.0718281 1500 2617.15 0.558689 0.144327 -9.62179e-05 0.166434 0.000145871
0.0804515 1500 2617.15 0.558689 0.144327 -9.62179e-05 0.166434 0.000145871
0.0901217 1500 2617.15 0.558689 0.144327 -9.62179e-05 0.166434 0.000145871
0.100966 1500 2617.15 0.558689 0.144327 -9.62179e-05 0.166434 0.000145871
0.113126 1500 2617.15 0.558689 0.144327 -9.62179e-05 0.166434 0.000145871
0.126763 1500 2617.15 0.558689 0.144327 -9.62179e-05 0.166434 0.000145871
0.142056 1500 2617.15 0.558689 0.144327 -9.62179e-05 0.166434 0.000145871
0.159204 1500 2617.15 0.558689 0.144327 -9.62179e-05 0.166434 0.000145871
0.178435 1500 2617.15 0.558689 0.144327 -9.62179e-05 0.166434 0.000145871
0.2 1500 2617.15 0.558689 0.144327 -9.62179e-05 0.166434 0.000145871
