TITLE="Graphics"
VARIABLES= "rj, m", "T, K", "Cp, J/kg*K", "DfCp, J/kg*K^2", "rho, kg/m^3", "Dfrho, kg/m^3*K", "Lambda, Watt/m*K", "DfLambda, Watt/m*K^2"
0 300.187 4186.05 -0.659081 980 0 0.610324 0
2.5e-05 300.187 4186.05 -0.659081 980 0 0.610324 0
5e-05 306.98 4182.68 -0.342514 980 0 0.621368 0
7.5e-05 309.7 4181.9 -0.230019 980 0 0.625541 0
0.0001 311.553 4181.54 -0.157584 980 0 0.628286 0
0.000125 313.251 4181.33 -0.0940121 980 0 0.63073 0
0.00015 315.046 4181.22 -0.0295721 980 0 0.633237 0
0.000175 317.054 4181.23 0.0393757 980 0 0.635951 0
0.0002 319.342 4181.4 0.114111 980 0 0.638925 0
0.000225 321.953 4181.81 0.194786 980 0 0.642168 0
0.00025 324.918 4182.51 0.28094 980 0 0.645659 0
0.000275 328.259 4183.61 0.37177 980 0 0.649359 0
0.0003 331.989 4185.17 0.466318 980 0 0.65321 0
0.000325 336.112 4187.3 0.563588 980 0 0.657136 0
0.00035 340.617 4190.06 0.662628 980 0 0.661046 0
0.000375 345.464 4193.52 0.762514 980 0 0.664831 0
0.0004 350.572 4197.67 0.862213 980 0 0.668368 0
0.000425 355.798 4202.43 0.96026 980 0 0.671531 0
0.00045 360.922 4207.59 1.05434 980 0 0.674214 0
0.000475 365.682 4212.82 1.14134 980 0 0.676357 0
0.0005 373.477 1891.57 0.427381 0.579662 -0.00155207 0.0241829 8.27374e-05
0.000525 537.942 1979.04 0.604771 0.402442 -0.000748114 0.0396417 0.00010381
0.00055 639.023 2042.89 0.654468 0.338783 -0.000530158 0.0506305 0.000113264
0.000575 714.154 2093.01 0.678151 0.303142 -0.000424478 0.0593639 0.000119068
0.0006 774.121 2134.09 0.691101 0.279659 -0.00036126 0.0666271 0.000123083
0.000625 823.911 2168.69 0.698429 0.262759 -0.000318917 0.0728306 0.000126052
0.00065 866.323 2198.41 0.702443 0.249896 -0.000288455 0.078226 0.000128347
0.000675 903.113 2224.29 0.704361 0.239716 -0.000265433 0.082982 0.000130178
0.0007 935.467 2247.09 0.704897 0.231425 -0.00024739 0.0872183 0.000131675
0.000725 964.231 2267.36 0.704495 0.224521 -0.00023285 0.0910239 0.000132921
0.00075 990.028 2285.52 0.703447 0.218671 -0.000220873 0.0944666 0.000133976
0.000775 1013.34 2301.9 0.701951 0.213641 -0.00021083 0.0975999 0.000134879
0.0008 1034.53 2316.76 0.700143 0.209265 -0.000202281 0.100466 0.000135662
0.000825 1053.89 2330.3 0.698123 0.205419 -0.000194915 0.103101 0.000136346
0.00085 1071.68 2342.7 0.69596 0.20201 -0.000188498 0.105531 0.000136949
0.000875 1088.09 2354.1 0.693707 0.198964 -0.000182857 0.107782 0.000137485
0.0009 1103.27 2364.61 0.691402 0.196226 -0.000177859 0.109873 0.000137963
0.000925 1117.37 2374.35 0.689072 0.19375 -0.000173398 0.111822 0.000138393
0.00095 1130.51 2383.38 0.68674 0.191498 -0.000169391 0.113643 0.000138782
0.000975 1142.78 2391.8 0.68442 0.189442 -0.000165773 0.115348 0.000139134
0.001 1154.27 2399.65 0.682125 0.187556 -0.000162488 0.116949 0.000139456
0.001025 1165.06 2406.99 0.679862 0.185819 -0.000159493 0.118455 0.00013975
0.00105303 1176.4 2414.69 0.677371 0.184028 -0.000156434 0.120041 0.000140051
0.00108447 1188.25 2422.7 0.674644 0.182192 -0.000153327 0.121703 0.000140358
0.00111973 1200.58 2431 0.671675 0.180321 -0.000150194 0.123436 0.000140668
0.00115926 1213.33 2439.55 0.668463 0.178426 -0.000147054 0.125231 0.000140979
0.0012036 1226.44 2448.29 0.66501 0.176519 -0.000143927 0.127081 0.000141289
0.00125331 1239.84 2457.17 0.661324 0.174611 -0.000140834 0.128976 0.000141597
0.00130906 1253.45 2466.15 0.657417 0.172715 -0.000137792 0.130905 0.000141899
0.00137158 1267.19 2475.15 0.653309 0.170843 -0.00013482 0.132857 0.000142194
0.00144169 1280.97 2484.13 0.64902 0.169005 -0.000131935 0.134819 0.00014248
0.00152031 1294.71 2493.01 0.644579 0.167211 -0.000129149 0.136778 0.000142755
0.00160848 1308.32 2501.76 0.640016 0.165471 -0.000126476 0.138723 0.000143019
0.00170735 1321.73 2510.3 0.635366 0.163794 -0.000123924 0.140642 0.00014327
0.00181822 1334.84 2518.61 0.630663 0.162184 -0.000121501 0.142522 0.000143507
0.00194255 1347.6 2526.62 0.625946 0.160649 -0.000119212 0.144354 0.000143731
0.00208197 1359.93 2534.31 0.62125 0.159192 -0.000117059 0.146128 0.000143939
0.00223832 1371.79 2541.65 0.616611 0.157816 -0.000115044 0.147837 0.000144134
0.00241364 1383.13 2548.62 0.61206 0.156522 -0.000113165 0.149472 0.000144314
0.00261026 1393.92 2555.2 0.607628 0.155311 -0.00011142 0.15103 0.00014448
0.00283074 1404.13 2561.38 0.603339 0.154181 -0.000109805 0.152506 0.000144633
0.00307798 1413.75 2567.17 0.599216 0.153132 -0.000108316 0.153898 0.000144774
0.00335525 1422.78 2572.56 0.595276 0.152161 -0.000106946 0.155205 0.000144902
0.00366617 1431.2 2577.56 0.591532 0.151264 -0.00010569 0.156427 0.000145019
0.00401483 1439.05 2582.18 0.587994 0.15044 -0.000104541 0.157565 0.000145125
0.00440583 1446.32 2586.45 0.584666 0.149684 -0.000103493 0.158621 0.000145221
0.00484428 1453.03 2590.36 0.581554 0.148992 -0.000102539 0.159596 0.000145308
0.00533597 1459.21 2593.94 0.578656 0.148362 -0.000101673 0.160493 0.000145387
0.00588734 1464.86 2597.21 0.575974 0.147789 -0.000100889 0.161316 0.000145457
0.00650565 1470.01 2600.17 0.573506 0.147271 -0.000100183 0.162065 0.000145521
0.00719903 1474.68 2602.84 0.571249 0.146805 -9.95499e-05 0.162745 0.000145577
0.00797657 1478.89 2605.24 0.569202 0.146387 -9.89848e-05 0.163357 0.000145628
0.00884851 1482.64 2607.37 0.56736 0.146017 -9.8484e-05 0.163904 0.000145672
0.0098263 1485.96 2609.26 0.56572 0.14569 -9.80441e-05 0.164388 0.000145711
0.0109228 1488.87 2610.9 0.564277 0.145405 -9.76614e-05 0.164812 0.000145745
0.0121524 1491.38 2612.31 0.563026 0.145161 -9.73329e-05 0.165178 0.000145773
0.0135313 1493.51 2613.51 0.561959 0.144954 -9.70554e-05 0.165488 0.000145798
0.0150775 1495.28 2614.51 0.561071 0.144782 -9.6826e-05 0.165746 0.000145818
0.0168115 1496.71 2615.31 0.560353 0.144644 -9.66415e-05 0.165954 0.000145834
0.018756 1497.82 2615.93 0.559793 0.144537 -9.64983e-05 0.166116 0.000145846
0.0209365 1498.64 2616.39 0.559377 0.144458 -9.63923e-05 0.166236 0.000145856
0.0233817 1499.22 2616.71 0.559086 0.144402 -9.63184e-05 0.16632 0.000145862
0.0261238 1499.59 2616.92 0.558897 0.144366 -9.62706e-05 0.166374 0.000145866
0.0291988 1499.81 2617.04 0.558786 0.144345 -9.62425e-05 0.166406 0.000145869
0.032647 1499.92 2617.1 0.558729 0.144334 -9.62279e-05 0.166423 0.00014587
0.0365139 1499.97 2617.13 0.558703 0.144329 -9.62213e-05 0.16643 0.00014587
0.0408502 1499.99 2617.14 0.558693 0.144328 -9.62189e-05 0.166433 0.000145871
0.0457129 1500 2617.15 0.55869 0.144327 -9.62181e-05 0.166434 0.000145871
0.0511659 1500 2617.15 0.558689 0.144327 -9.62179e-05 0.166434 0.000145871
0.0572809 1500 2617.15 0.558689 0.144327 -9.62179e-05 0.166434 0.000145871
0.0641383 1500 2617.15 0.558689 0.144327 -9.62179e-05 0.166434 0.000145871
0.0718281 1500 2617.15 0.558689 0.144327 -9.62179e-05 0.166434 0.000145871
0.0804515 1500 2617.15 0.558689 0.144327 -9.62179e-05 0.166434 0.000145871
0.0901217 1500 2617.15 0.558689 0.144327 -9.62179e-05 0.166434 0.000145871
0.100966 1500 2617.15 0.558689 0.144327 -9.62179e-05 0.166434 0.000145871
0.113126 1500 2617.15 0.558689 0.144327 -9.62179e-05 0.166434 0.000145871
0.126763 1500 2617.15 0.558689 0.144327 -9.62179e-05 0.166434 0.000145871
0.142056 1500 2617.15 0.558689 0.144327 -9.62179e-05 0.166434 0.000145871
0.159204 1500 2617.15 0.558689 0.144327 -9.62179e-05 0.166434 0.000145871
0.178435 1500 2617.15 0.558689 0.144327 -9.62179e-05 0.166434 0.000145871
0.2 1500 2617.15 0.558689 0.144327 -9.62179e-05 0.166434 0.000145871
