TITLE="Graphics"
VARIABLES= "rj, m", "T, K", "Cp, J/kg*K", "DfCp, J/kg*K^2", "rho, kg/m^3", "Dfrho, kg/m^3*K", "Lambda, Watt/m*K", "DfLambda, Watt/m*K^2"
0 300.661 4185.74 -0.635179 980 0 0.611118 0
2.5e-05 300.661 4185.74 -0.635179 980 0 0.611118 0
5e-05 324.425 4182.38 0.266998 980 0 0.645093 0
7.5e-05 332.895 4185.6 0.488314 980 0 0.654102 0
0.0001 337.476 4188.09 0.594302 980 0 0.658361 0
0.000125 340.589 4190.04 0.662044 980 0 0.661023 0
0.00015 343.05 4191.74 0.713525 980 0 0.662999 0
0.000175 345.201 4193.32 0.75724 980 0 0.664636 0
0.0002 347.204 4194.87 0.797019 980 0 0.666086 0
0.000225 349.14 4196.45 0.83472 980 0 0.667421 0
0.00025 351.047 4198.08 0.871254 980 0 0.668674 0
0.000275 352.941 4199.76 0.907029 980 0 0.669857 0
0.0003 354.823 4201.5 0.942178 980 0 0.670975 0
0.000325 356.686 4203.29 0.976669 980 0 0.672025 0
0.00035 358.52 4205.11 1.01038 980 0 0.673006 0
0.000375 360.309 4206.95 1.04313 980 0 0.673914 0
0.0004 362.037 4208.78 1.0747 980 0 0.674745 0
0.000425 363.688 4210.58 1.10486 980 0 0.675499 0
0.00045 365.248 4212.33 1.13339 980 0 0.676175 0
0.000475 366.701 4213.99 1.16006 980 0 0.676775 0
0.0005 381.796 1895.18 0.442211 0.567032 -0.00148517 0.0248766 8.40341e-05
0.000525 542.512 1981.81 0.607603 0.399052 -0.000735564 0.0401172 0.000104285
0.00055 642.319 2045.05 0.655707 0.337045 -0.000524732 0.0510042 0.000113539
0.000575 716.688 2094.73 0.678797 0.302071 -0.000421482 0.0596658 0.000119249
0.0006 776.11 2135.46 0.69145 0.278943 -0.000359412 0.0668719 0.000123208
0.000625 825.473 2169.78 0.698612 0.262262 -0.000317712 0.0730274 0.00012614
0.00065 867.532 2199.25 0.702529 0.249547 -0.000287652 0.0783813 0.00012841
0.000675 904.022 2224.93 0.704391 0.239474 -0.000264899 0.0831004 0.000130222
0.0007 936.116 2247.55 0.704897 0.231264 -0.000247047 0.0873038 0.000131704
0.000725 964.649 2267.65 0.704483 0.224424 -0.000232648 0.0910795 0.000132939
0.00075 990.24 2285.67 0.703436 0.218624 -0.000220779 0.094495 0.000133984
0.000775 1013.36 2301.92 0.701949 0.213636 -0.000210819 0.0976033 0.00013488
0.0008 1034.38 2316.66 0.700157 0.209295 -0.000202338 0.100447 0.000135656
0.000825 1053.59 2330.09 0.698157 0.205478 -0.000195026 0.10306 0.000136335
0.00085 1071.24 2342.39 0.696018 0.202094 -0.000188654 0.10547 0.000136934
0.000875 1087.51 2353.7 0.69379 0.19907 -0.000183051 0.107703 0.000137466
0.0009 1102.57 2364.13 0.691512 0.196351 -0.000178084 0.109777 0.000137941
0.000925 1116.56 2373.79 0.689212 0.193891 -0.000173651 0.111709 0.000138369
0.00095 1129.59 2382.75 0.686908 0.191654 -0.000169668 0.113515 0.000138755
0.000975 1141.76 2391.1 0.684618 0.189611 -0.000166069 0.115206 0.000139105
0.001 1153.16 2398.89 0.682352 0.187737 -0.000162803 0.116793 0.000139425
0.001025 1163.86 2406.18 0.680119 0.186011 -0.000159823 0.118286 0.000139717
0.00105303 1175.1 2413.81 0.677662 0.184231 -0.000156779 0.119859 0.000140017
0.00108447 1186.86 2421.76 0.674971 0.182406 -0.000153688 0.121508 0.000140322
0.00111973 1199.09 2430 0.672042 0.180546 -0.000150569 0.123225 0.000140631
0.00115926 1211.74 2438.48 0.668873 0.178661 -0.000147443 0.125006 0.000140941
0.0012036 1224.74 2447.15 0.665468 0.176765 -0.000144329 0.12684 0.000141249
0.00125331 1238.02 2455.97 0.661833 0.174868 -0.000141247 0.128719 0.000141555
0.00130906 1251.52 2464.88 0.657981 0.172982 -0.000138217 0.130632 0.000141856
0.00137158 1265.15 2473.82 0.65393 0.171119 -0.000135256 0.132567 0.00014215
0.00144169 1278.82 2482.73 0.649702 0.16929 -0.00013238 0.134512 0.000142436
0.00152031 1292.44 2491.55 0.645323 0.167505 -0.000129603 0.136455 0.00014271
0.00160848 1305.95 2500.23 0.640825 0.165773 -0.000126937 0.138383 0.000142974
0.00170735 1319.24 2508.72 0.63624 0.164102 -0.000124392 0.140286 0.000143224
0.00181822 1332.25 2516.97 0.631605 0.1625 -0.000121974 0.14215 0.000143461
0.00194255 1344.9 2524.93 0.626954 0.160971 -0.00011969 0.143967 0.000143684
0.00208197 1357.14 2532.58 0.622325 0.15952 -0.000117541 0.145727 0.000143893
0.00223832 1368.9 2539.87 0.617752 0.158149 -0.00011553 0.14742 0.000144087
0.00241364 1380.15 2546.79 0.613267 0.15686 -0.000113654 0.149042 0.000144267
0.00261026 1390.85 2553.33 0.608899 0.155653 -0.000111912 0.150587 0.000144434
0.00283074 1400.97 2559.48 0.604674 0.154528 -0.000110301 0.15205 0.000144587
0.00307798 1410.51 2565.22 0.600615 0.153484 -0.000108814 0.153429 0.000144727
0.00335525 1419.45 2570.57 0.596738 0.152517 -0.000107448 0.154723 0.000144855
0.00366617 1427.79 2575.53 0.593057 0.151626 -0.000106197 0.155932 0.000144972
0.00401483 1435.54 2580.12 0.589582 0.150807 -0.000105053 0.157056 0.000145078
0.00440583 1442.72 2584.34 0.586319 0.150057 -0.00010401 0.158098 0.000145174
0.00484428 1449.34 2588.21 0.58327 0.149371 -0.000103062 0.15906 0.00014526
0.00533597 1455.43 2591.75 0.580434 0.148747 -0.000102202 0.159944 0.000145339
0.00588734 1461 2594.98 0.577809 0.14818 -0.000101423 0.160754 0.000145409
0.00650565 1466.09 2597.91 0.575389 0.147665 -0.000100721 0.161494 0.000145473
0.00719903 1470.71 2600.57 0.57317 0.147201 -0.000100088 0.162167 0.000145529
0.00797657 1474.9 2602.97 0.571143 0.146783 -9.95204e-05 0.162777 0.00014558
0.00884851 1478.68 2605.12 0.569301 0.146407 -9.9012e-05 0.163327 0.000145625
0.0098263 1482.08 2607.05 0.567636 0.146072 -9.85587e-05 0.163822 0.000145665
0.0109228 1485.12 2608.77 0.56614 0.145773 -9.81562e-05 0.164264 0.000145701
0.0121524 1487.81 2610.3 0.564806 0.145509 -9.78011e-05 0.164657 0.000145732
0.0135313 1490.18 2611.64 0.563626 0.145278 -9.749e-05 0.165002 0.00014576
0.0150775 1492.25 2612.8 0.562594 0.145077 -9.72202e-05 0.165304 0.000145783
0.0168115 1494.02 2613.8 0.561703 0.144904 -9.69891e-05 0.165563 0.000145804
0.018756 1495.53 2614.64 0.560949 0.144759 -9.67944e-05 0.165782 0.000145821
0.0209365 1496.77 2615.34 0.560324 0.144639 -9.66339e-05 0.165963 0.000145835
0.0233817 1497.76 2615.9 0.559821 0.144542 -9.65055e-05 0.166108 0.000145846
0.0261238 1498.53 2616.33 0.559432 0.144468 -9.64065e-05 0.16622 0.000145854
0.0291988 1499.1 2616.64 0.559146 0.144414 -9.63337e-05 0.166303 0.000145861
0.032647 1499.49 2616.86 0.558948 0.144376 -9.62836e-05 0.16636 0.000145865
0.0365139 1499.74 2617 0.558822 0.144352 -9.62516e-05 0.166396 0.000145868
0.0408502 1499.88 2617.08 0.55875 0.144338 -9.62333e-05 0.166417 0.000145869
0.0457129 1499.95 2617.12 0.558713 0.144331 -9.62239e-05 0.166427 0.00014587
0.0511659 1499.98 2617.14 0.558697 0.144328 -9.62199e-05 0.166432 0.000145871
0.0572809 1500 2617.14 0.558691 0.144327 -9.62184e-05 0.166434 0.000145871
0.0641383 1500 2617.15 0.55869 0.144327 -9.6218e-05 0.166434 0.000145871
0.0718281 1500 2617.15 0.558689 0.144327 -9.62179e-05 0.166434 0.000145871
0.0804515 1500 2617.15 0.558689 0.144327 -9.62179e-05 0.166434 0.000145871
0.0901217 1500 2617.15 0.558689 0.144327 -9.62179e-05 0.166434 0.000145871
0.100966 1500 2617.15 0.558689 0.144327 -9.62179e-05 0.166434 0.000145871
0.113126 1500 2617.15 0.558689 0.144327 -9.62179e-05 0.166434 0.000145871
0.126763 1500 2617.15 0.558689 0.144327 -9.62179e-05 0.166434 0.000145871
0.142056 1500 2617.15 0.558689 0.144327 -9.62179e-05 0.166434 0.000145871
0.159204 1500 2617.15 0.558689 0.144327 -9.62179e-05 0.166434 0.000145871
0.178435 1500 2617.15 0.558689 0.144327 -9.62179e-05 0.166434 0.000145871
0.2 1500 2617.15 0.558689 0.144327 -9.62179e-05 0.166434 0.000145871
