TITLE="Graphics"
VARIABLES= "rj, m", "T, K", "Cp, J/kg*K", "DfCp, J/kg*K^2", "rho, kg/m^3", "Dfrho, kg/m^3*K", "Lambda, Watt/m*K", "DfLambda, Watt/m*K^2"
0 300.667 4185.74 -0.634894 980 0 0.611127 0
2.5e-05 300.667 4185.74 -0.634894 980 0 0.611127 0
5e-05 324.633 4182.43 0.272884 980 0 0.645332 0
7.5e-05 333.167 4185.74 0.494846 980 0 0.654367 0
0.0001 337.775 4188.26 0.600947 980 0 0.658625 0
0.000125 340.898 4190.25 0.668593 980 0 0.661277 0
0.00015 343.357 4191.96 0.719848 980 0 0.663239 0
0.000175 345.5 4193.54 0.763245 980 0 0.664858 0
0.0002 347.49 4195.1 0.802637 980 0 0.666288 0
0.000225 349.408 4196.68 0.839902 980 0 0.667601 0
0.00025 351.295 4198.3 0.875962 980 0 0.668832 0
0.000275 353.165 4199.97 0.911239 980 0 0.669993 0
0.0003 355.022 4201.69 0.945877 980 0 0.671089 0
0.000325 356.859 4203.46 0.979853 980 0 0.67212 0
0.00035 358.666 4205.26 1.01305 980 0 0.673082 0
0.000375 360.427 4207.07 1.04529 980 0 0.673972 0
0.0004 362.129 4208.88 1.07638 980 0 0.674788 0
0.000425 363.755 4210.65 1.10608 980 0 0.675528 0
0.00045 365.29 4212.37 1.13417 980 0 0.676193 0
0.000475 366.722 4214.02 1.16044 980 0 0.676783 0
0.0005 382.12 1895.33 0.442767 0.566551 -0.00148265 0.0249038 8.40839e-05
0.000525 542.685 1981.91 0.60771 0.398924 -0.000735093 0.0401353 0.000104303
0.00055 642.445 2045.13 0.655754 0.336979 -0.000524526 0.0510185 0.000113549
0.000575 716.787 2094.79 0.678823 0.302029 -0.000421365 0.0596777 0.000119256
0.0006 776.191 2135.52 0.691465 0.278914 -0.000359336 0.066882 0.000123213
0.000625 825.541 2169.83 0.69862 0.26224 -0.000317659 0.0730361 0.000126144
0.00065 867.59 2199.3 0.702533 0.24953 -0.000287613 0.0783887 0.000128413
0.000675 904.072 2224.96 0.704392 0.239461 -0.00026487 0.0831069 0.000130224
0.0007 936.159 2247.58 0.704897 0.231254 -0.000247024 0.0873094 0.000131706
0.000725 964.686 2267.68 0.704482 0.224415 -0.00023263 0.0910844 0.00013294
0.00075 990.271 2285.69 0.703434 0.218617 -0.000220765 0.0944993 0.000133985
0.000775 1013.39 2301.94 0.701947 0.21363 -0.000210808 0.097607 0.000134881
0.0008 1034.4 2316.67 0.700155 0.20929 -0.000202329 0.10045 0.000135657
0.000825 1053.61 2330.1 0.698154 0.205474 -0.000195019 0.103062 0.000136336
0.00085 1071.25 2342.4 0.696015 0.20209 -0.000188648 0.105473 0.000136935
0.000875 1087.52 2353.71 0.693788 0.199067 -0.000183047 0.107705 0.000137466
0.0009 1102.58 2364.14 0.691511 0.196349 -0.000178081 0.109778 0.000137942
0.000925 1116.57 2373.79 0.68921 0.193889 -0.000173648 0.11171 0.000138369
0.00095 1129.59 2382.75 0.686907 0.191653 -0.000169666 0.113516 0.000138755
0.000975 1141.76 2391.1 0.684618 0.189611 -0.000166068 0.115206 0.000139106
0.001 1153.16 2398.89 0.682352 0.187737 -0.000162802 0.116793 0.000139425
0.001025 1163.86 2406.18 0.680119 0.186011 -0.000159823 0.118286 0.000139717
0.00105303 1175.1 2413.81 0.677662 0.184231 -0.000156779 0.119859 0.000140017
0.00108447 1186.86 2421.76 0.674972 0.182406 -0.000153689 0.121507 0.000140322
0.00111973 1199.08 2430 0.672044 0.180547 -0.000150571 0.123224 0.000140631
0.00115926 1211.73 2438.47 0.668876 0.178663 -0.000147445 0.125005 0.00014094
0.0012036 1224.73 2447.15 0.665471 0.176766 -0.000144332 0.126839 0.000141249
0.00125331 1238.01 2455.96 0.661837 0.17487 -0.000141251 0.128717 0.000141555
0.00130906 1251.5 2464.87 0.657986 0.172984 -0.000138221 0.130629 0.000141856
0.00137158 1265.13 2473.8 0.653935 0.171121 -0.00013526 0.132564 0.00014215
0.00144169 1278.8 2482.71 0.649708 0.169292 -0.000132384 0.134509 0.000142435
0.00152031 1292.42 2491.54 0.645331 0.167507 -0.000129608 0.136451 0.00014271
0.00160848 1305.92 2500.22 0.640833 0.165776 -0.000126942 0.13838 0.000142973
0.00170735 1319.21 2508.71 0.63625 0.164106 -0.000124397 0.140282 0.000143224
0.00181822 1332.22 2516.95 0.631615 0.162503 -0.00012198 0.142146 0.000143461
0.00194255 1344.87 2524.91 0.626966 0.160975 -0.000119695 0.143963 0.000143683
0.00208197 1357.1 2532.55 0.622338 0.159524 -0.000117547 0.145722 0.000143892
0.00223832 1368.87 2539.85 0.617766 0.158153 -0.000115536 0.147415 0.000144087
0.00241364 1380.11 2546.77 0.613282 0.156864 -0.00011366 0.149037 0.000144267
0.00261026 1390.81 2553.31 0.608915 0.155658 -0.000111919 0.150581 0.000144433
0.00283074 1400.93 2559.45 0.604691 0.154533 -0.000110307 0.152044 0.000144586
0.00307798 1410.47 2565.2 0.600633 0.153488 -0.000108821 0.153423 0.000144726
0.00335525 1419.4 2570.55 0.596757 0.152522 -0.000107455 0.154717 0.000144854
0.00366617 1427.74 2575.51 0.593077 0.151631 -0.000106203 0.155926 0.000144971
0.00401483 1435.5 2580.09 0.589603 0.150812 -0.000105059 0.15705 0.000145077
0.00440583 1442.67 2584.31 0.58634 0.150062 -0.000104016 0.158091 0.000145173
0.00484428 1449.29 2588.18 0.583291 0.149376 -0.000103068 0.159053 0.00014526
0.00533597 1455.38 2591.73 0.580456 0.148752 -0.000102208 0.159937 0.000145338
0.00588734 1460.95 2594.95 0.577831 0.148184 -0.00010143 0.160747 0.000145409
0.00650565 1466.04 2597.89 0.575412 0.14767 -0.000100727 0.161487 0.000145472
0.00719903 1470.66 2600.54 0.573193 0.147206 -0.000100095 0.16216 0.000145529
0.00797657 1474.85 2602.94 0.571166 0.146788 -9.95268e-05 0.16277 0.000145579
0.00884851 1478.64 2605.1 0.569324 0.146412 -9.90183e-05 0.163321 0.000145625
0.0098263 1482.03 2607.03 0.567659 0.146076 -9.85647e-05 0.163815 0.000145665
0.0109228 1485.07 2608.75 0.566162 0.145778 -9.81621e-05 0.164258 0.000145701
0.0121524 1487.77 2610.27 0.564827 0.145514 -9.78067e-05 0.164651 0.000145732
0.0135313 1490.14 2611.61 0.563646 0.145282 -9.74953e-05 0.164997 0.000145759
0.0150775 1492.21 2612.78 0.562613 0.14508 -9.72251e-05 0.165298 0.000145783
0.0168115 1493.99 2613.78 0.561721 0.144907 -9.69936e-05 0.165558 0.000145803
0.018756 1495.5 2614.62 0.560964 0.144762 -9.67984e-05 0.165777 0.00014582
0.0209365 1496.74 2615.32 0.560337 0.144641 -9.66374e-05 0.165959 0.000145834
0.0233817 1497.74 2615.88 0.559832 0.144545 -9.65084e-05 0.166105 0.000145845
0.0261238 1498.51 2616.32 0.559441 0.14447 -9.64088e-05 0.166218 0.000145854
0.0291988 1499.08 2616.63 0.559153 0.144415 -9.63354e-05 0.166301 0.00014586
0.032647 1499.48 2616.86 0.558953 0.144377 -9.62847e-05 0.166358 0.000145865
0.0365139 1499.73 2617 0.558825 0.144353 -9.62524e-05 0.166395 0.000145868
0.0408502 1499.88 2617.08 0.558751 0.144339 -9.62337e-05 0.166416 0.000145869
0.0457129 1499.95 2617.12 0.558714 0.144332 -9.62241e-05 0.166427 0.00014587
0.0511659 1499.98 2617.14 0.558697 0.144328 -9.622e-05 0.166432 0.00014587
0.0572809 1500 2617.14 0.558691 0.144327 -9.62185e-05 0.166434 0.000145871
0.0641383 1500 2617.15 0.55869 0.144327 -9.6218e-05 0.166434 0.000145871
0.0718281 1500 2617.15 0.558689 0.144327 -9.62179e-05 0.166434 0.000145871
0.0804515 1500 2617.15 0.558689 0.144327 -9.62179e-05 0.166434 0.000145871
0.0901217 1500 2617.15 0.558689 0.144327 -9.62179e-05 0.166434 0.000145871
0.100966 1500 2617.15 0.558689 0.144327 -9.62179e-05 0.166434 0.000145871
0.113126 1500 2617.15 0.558689 0.144327 -9.62179e-05 0.166434 0.000145871
0.126763 1500 2617.15 0.558689 0.144327 -9.62179e-05 0.166434 0.000145871
0.142056 1500 2617.15 0.558689 0.144327 -9.62179e-05 0.166434 0.000145871
0.159204 1500 2617.15 0.558689 0.144327 -9.62179e-05 0.166434 0.000145871
0.178435 1500 2617.15 0.558689 0.144327 -9.62179e-05 0.166434 0.000145871
0.2 1500 2617.15 0.558689 0.144327 -9.62179e-05 0.166434 0.000145871
