TITLE="Graphics"
VARIABLES= "rj, m", "T, K", "Cp, J/kg*K", "DfCp, J/kg*K^2", "rho, kg/m^3", "Dfrho, kg/m^3*K", "Lambda, Watt/m*K", "DfLambda, Watt/m*K^2"
0 300.73 4185.7 -0.63174 980 0 0.611233 0
2.5e-05 300.73 4185.7 -0.63174 980 0 0.611233 0
5e-05 326.93 4183.13 0.336376 980 0 0.647916 0
7.5e-05 336.179 4187.33 0.565113 980 0 0.657197 0
0.0001 341.084 4190.37 0.672525 980 0 0.66143 0
0.000125 344.311 4192.65 0.739285 980 0 0.663969 0
0.00015 346.76 4194.52 0.788277 980 0 0.665771 0
0.000175 348.813 4196.18 0.828409 980 0 0.667201 0
0.0002 350.654 4197.74 0.863778 980 0 0.668421 0
0.000225 352.378 4199.26 0.896448 980 0 0.669512 0
0.00025 354.034 4200.77 0.927495 980 0 0.670513 0
0.000275 355.647 4202.29 0.957472 980 0 0.671446 0
0.0003 357.227 4203.82 0.986634 980 0 0.67232 0
0.000325 358.775 4205.37 1.01506 980 0 0.673139 0
0.00035 360.287 4206.93 1.04273 980 0 0.673903 0
0.000375 361.754 4208.48 1.06953 980 0 0.674612 0
0.0004 363.168 4210.01 1.09535 980 0 0.675265 0
0.000425 364.518 4211.5 1.12003 980 0 0.675863 0
0.00045 365.795 4212.95 1.14341 980 0 0.676404 0
0.000475 366.989 4214.33 1.16535 980 0 0.67689 0
0.0005 387.327 1897.66 0.451515 0.558934 -0.00144305 0.0253438 8.48794e-05
0.000525 545.564 1983.67 0.609458 0.396819 -0.000727356 0.040436 0.000104599
0.00055 644.577 2046.53 0.656545 0.335864 -0.000521061 0.0512608 0.000113726
0.000575 718.506 2095.96 0.679255 0.301306 -0.000419351 0.0598828 0.000119377
0.0006 777.635 2136.52 0.691715 0.278396 -0.000358003 0.0670599 0.000123303
0.000625 826.783 2170.7 0.698764 0.261847 -0.000316706 0.0731927 0.000126214
0.00065 868.674 2200.06 0.702608 0.249219 -0.000286896 0.0785279 0.000128469
0.000675 905.027 2225.64 0.704423 0.239209 -0.000264311 0.0832314 0.00013027
0.0007 937.007 2248.17 0.704896 0.231044 -0.000246577 0.0874211 0.000131743
0.000725 965.442 2268.21 0.704461 0.22424 -0.000232266 0.0911849 0.000132972
0.00075 990.948 2286.17 0.703398 0.218468 -0.000220463 0.0945899 0.000134012
0.000775 1013.99 2302.36 0.701901 0.213502 -0.000210556 0.0976887 0.000134904
0.0008 1034.95 2317.05 0.700103 0.20918 -0.000202116 0.100524 0.000135677
0.000825 1054.1 2330.44 0.698099 0.205379 -0.000194838 0.103129 0.000136353
0.00085 1071.69 2342.7 0.695959 0.202008 -0.000188495 0.105533 0.000136949
0.000875 1087.91 2353.98 0.693732 0.198996 -0.000182915 0.107758 0.000137479
0.0009 1102.93 2364.38 0.691456 0.196287 -0.000177969 0.109826 0.000137953
0.000925 1116.87 2374 0.689157 0.193836 -0.000173552 0.111753 0.000138378
0.00095 1129.87 2382.94 0.686857 0.191607 -0.000169584 0.113553 0.000138763
0.000975 1142 2391.26 0.684571 0.189571 -0.000165999 0.11524 0.000139112
0.001 1153.37 2399.03 0.68231 0.187703 -0.000162743 0.116822 0.000139431
0.001025 1164.04 2406.3 0.680081 0.185983 -0.000159774 0.118311 0.000139722
0.00105303 1175.25 2413.91 0.677629 0.184208 -0.00015674 0.11988 0.000140021
0.00108447 1186.97 2421.84 0.674945 0.182388 -0.000153658 0.121523 0.000140325
0.00111973 1199.17 2430.05 0.672023 0.180534 -0.000150549 0.123236 0.000140633
0.00115926 1211.78 2438.51 0.668863 0.178655 -0.000147432 0.125012 0.000140942
0.0012036 1224.74 2447.16 0.665466 0.176764 -0.000144327 0.126841 0.00014125
0.00125331 1237.99 2455.95 0.661842 0.174872 -0.000141255 0.128715 0.000141555
0.00130906 1251.45 2464.83 0.658001 0.172991 -0.000138233 0.130622 0.000141855
0.00137158 1265.04 2473.75 0.653962 0.171133 -0.000135279 0.132551 0.000142148
0.00144169 1278.67 2482.63 0.649747 0.169309 -0.00013241 0.134491 0.000142433
0.00152031 1292.26 2491.43 0.645383 0.167528 -0.00012964 0.136429 0.000142707
0.00160848 1305.73 2500.09 0.640899 0.165801 -0.00012698 0.138352 0.000142969
0.00170735 1318.98 2508.56 0.63633 0.164134 -0.00012444 0.140249 0.000143219
0.00181822 1331.96 2516.79 0.63171 0.162535 -0.000122028 0.142109 0.000143456
0.00194255 1344.58 2524.73 0.627076 0.16101 -0.000119748 0.14392 0.000143678
0.00208197 1356.78 2532.35 0.622463 0.159562 -0.000117603 0.145675 0.000143887
0.00223832 1368.51 2539.63 0.617905 0.158194 -0.000115596 0.147364 0.000144081
0.00241364 1379.73 2546.54 0.613436 0.156908 -0.000113723 0.148982 0.000144261
0.00261026 1390.4 2553.06 0.609083 0.155703 -0.000111984 0.150522 0.000144427
0.00283074 1400.5 2559.19 0.604873 0.154581 -0.000110375 0.151981 0.00014458
0.00307798 1410.01 2564.92 0.600828 0.153538 -0.000108891 0.153357 0.00014472
0.00335525 1418.93 2570.26 0.596964 0.152573 -0.000107527 0.154648 0.000144848
0.00366617 1427.25 2575.22 0.593296 0.151683 -0.000106276 0.155854 0.000144964
0.00401483 1434.99 2579.79 0.589832 0.150865 -0.000105134 0.156976 0.00014507
0.00440583 1442.15 2584.01 0.586579 0.150116 -0.000104092 0.158016 0.000145166
0.00484428 1448.76 2587.87 0.583538 0.149431 -0.000103144 0.158975 0.000145253
0.00533597 1454.84 2591.41 0.58071 0.148807 -0.000102284 0.159858 0.000145331
0.00588734 1460.4 2594.64 0.57809 0.14824 -0.000101506 0.160667 0.000145402
0.00650565 1465.49 2597.57 0.575675 0.147726 -0.000100803 0.161407 0.000145465
0.00719903 1470.11 2600.23 0.573459 0.147261 -0.00010017 0.162079 0.000145522
0.00797657 1474.31 2602.63 0.571433 0.146842 -9.96009e-05 0.16269 0.000145573
0.00884851 1478.09 2604.79 0.569589 0.146466 -9.9091e-05 0.163241 0.000145618
0.0098263 1481.5 2606.73 0.567921 0.146129 -9.86357e-05 0.163738 0.000145659
0.0109228 1484.55 2608.46 0.566419 0.145829 -9.82307e-05 0.164182 0.000145694
0.0121524 1487.27 2609.99 0.565075 0.145562 -9.78725e-05 0.164578 0.000145726
0.0135313 1489.66 2611.35 0.563883 0.145328 -9.75576e-05 0.164927 0.000145754
0.0150775 1491.76 2612.53 0.562836 0.145124 -9.72833e-05 0.165233 0.000145778
0.0168115 1493.58 2613.55 0.561927 0.144947 -9.70469e-05 0.165498 0.000145798
0.018756 1495.13 2614.42 0.56115 0.144797 -9.68462e-05 0.165723 0.000145816
0.0209365 1496.42 2615.14 0.5605 0.144672 -9.66791e-05 0.165912 0.000145831
0.0233817 1497.47 2615.73 0.55997 0.144571 -9.65435e-05 0.166065 0.000145842
0.0261238 1498.3 2616.19 0.559552 0.144491 -9.64369e-05 0.166186 0.000145852
0.0291988 1498.92 2616.54 0.559237 0.144431 -9.63568e-05 0.166276 0.000145859
0.032647 1499.36 2616.79 0.559012 0.144388 -9.62998e-05 0.166341 0.000145864
0.0365139 1499.66 2616.95 0.558863 0.14436 -9.6262e-05 0.166384 0.000145867
0.0408502 1499.83 2617.05 0.558773 0.144343 -9.62392e-05 0.16641 0.000145869
0.0457129 1499.93 2617.11 0.558725 0.144334 -9.62269e-05 0.166424 0.00014587
0.0511659 1499.97 2617.13 0.558702 0.144329 -9.62211e-05 0.166431 0.00014587
0.0572809 1499.99 2617.14 0.558693 0.144328 -9.62189e-05 0.166433 0.000145871
0.0641383 1500 2617.15 0.55869 0.144327 -9.62181e-05 0.166434 0.000145871
0.0718281 1500 2617.15 0.558689 0.144327 -9.62179e-05 0.166434 0.000145871
0.0804515 1500 2617.15 0.558689 0.144327 -9.62179e-05 0.166434 0.000145871
0.0901217 1500 2617.15 0.558689 0.144327 -9.62179e-05 0.166434 0.000145871
0.100966 1500 2617.15 0.558689 0.144327 -9.62179e-05 0.166434 0.000145871
0.113126 1500 2617.15 0.558689 0.144327 -9.62179e-05 0.166434 0.000145871
0.126763 1500 2617.15 0.558689 0.144327 -9.62179e-05 0.166434 0.000145871
0.142056 1500 2617.15 0.558689 0.144327 -9.62179e-05 0.166434 0.000145871
0.159204 1500 2617.15 0.558689 0.144327 -9.62179e-05 0.166434 0.000145871
0.178435 1500 2617.15 0.558689 0.144327 -9.62179e-05 0.166434 0.000145871
0.2 1500 2617.15 0.558689 0.144327 -9.62179e-05 0.166434 0.000145871
