TITLE="Graphics"
VARIABLES= "rj, m", "T, K", "Cp, J/kg*K", "DfCp, J/kg*K^2", "rho, kg/m^3", "Dfrho, kg/m^3*K", "Lambda, Watt/m*K", "DfLambda, Watt/m*K^2"
0 300.001 4186.17 -0.668559 980 0 0.610012 0
2.5e-05 300.001 4186.17 -0.668559 980 0 0.610012 0
5e-05 300.025 4186.15 -0.667344 980 0 0.610052 0
7.5e-05 300.042 4186.14 -0.666431 980 0 0.610082 0
0.0001 300.069 4186.12 -0.665072 980 0 0.610126 0
0.000125 300.114 4186.09 -0.662797 980 0 0.610202 0
0.00015 300.189 4186.05 -0.658985 980 0 0.610327 0
0.000175 300.313 4185.96 -0.652707 980 0 0.610535 0
0.0002 300.514 4185.83 -0.642594 980 0 0.610871 0
0.000225 300.831 4185.63 -0.626712 980 0 0.611401 0
0.00025 301.32 4185.33 -0.602479 980 0 0.612215 0
0.000275 302.053 4184.9 -0.566671 980 0 0.613431 0
0.0003 303.123 4184.32 -0.515624 980 0 0.61519 0
0.000325 304.637 4183.6 -0.445681 980 0 0.617648 0
0.00035 306.714 4182.77 -0.353928 980 0 0.620951 0
0.000375 309.475 4181.95 -0.239078 980 0 0.6252 0
0.0004 313.028 4181.35 -0.102237 980 0 0.630412 0
0.000425 317.458 4181.24 0.0528453 980 0 0.636485 0
0.00045 322.814 4181.99 0.220357 980 0 0.643201 0
0.000475 329.104 4183.93 0.393795 980 0 0.650257 0
0.0005 336.295 4187.4 0.567743 980 0 0.657302 0
0.000525 431.099 1918.83 0.512571 0.502183 -0.00116489 0.0291986 9.11356e-05
0.00055 569.68 1998.53 0.623141 0.380021 -0.000667077 0.0429879 0.000107008
0.000575 662.165 2058.13 0.662756 0.326943 -0.000493749 0.0532736 0.000115152
0.0006 732.773 2105.68 0.682688 0.29544 -0.00040318 0.0615931 0.00012037
0.000625 789.959 2145.05 0.693751 0.274053 -0.00034692 0.0685841 0.000124061
0.00065 837.898 2178.47 0.699972 0.258373 -0.000308359 0.0745991 0.000126832
0.000675 879.021 2207.33 0.703265 0.246286 -0.000280182 0.07986 0.000128995
0.0007 914.891 2232.59 0.704679 0.23663 -0.000258643 0.0845185 0.000130735
0.000725 946.578 2254.92 0.704839 0.228708 -0.000241616 0.0886841 0.000132165
0.00075 974.855 2274.84 0.704142 0.222074 -0.000227802 0.0924385 0.000133363
0.000775 1000.3 2292.74 0.702852 0.216425 -0.000216361 0.0958449 0.000134379
0.0008 1023.35 2308.93 0.701149 0.21155 -0.000206722 0.0989531 0.000135253
0.000825 1044.37 2323.64 0.69916 0.207293 -0.000198487 0.101803 0.000136013
0.00085 1063.62 2337.08 0.696977 0.203541 -0.000191367 0.104428 0.000136678
0.000875 1081.33 2349.41 0.694664 0.200207 -0.000185148 0.106855 0.000137266
0.0009 1097.7 2360.76 0.692271 0.197221 -0.000179667 0.109106 0.00013779
0.000925 1112.88 2371.25 0.689834 0.194531 -0.0001748 0.111201 0.000138258
0.00095 1127 2380.97 0.687378 0.192094 -0.000170448 0.113156 0.000138679
0.000975 1140.17 2390.01 0.684924 0.189875 -0.000166532 0.114985 0.00013906
0.001 1152.49 2398.43 0.682488 0.187845 -0.00016299 0.1167 0.000139407
0.001025 1164.05 2406.31 0.680079 0.185981 -0.000159771 0.118313 0.000139723
0.00105303 1176.18 2414.54 0.677421 0.184063 -0.000156492 0.12001 0.000140045
0.00108447 1188.85 2423.11 0.674504 0.1821 -0.000153174 0.121787 0.000140373
0.00111973 1202.02 2431.97 0.671321 0.180106 -0.000149837 0.123637 0.000140703
0.00115926 1215.62 2441.07 0.667872 0.178091 -0.000146503 0.125553 0.000141034
0.0012036 1229.59 2450.38 0.66416 0.176068 -0.000143193 0.127525 0.000141362
0.00125331 1243.85 2459.82 0.660191 0.174049 -0.000139928 0.129544 0.000141687
0.00130906 1258.32 2469.34 0.655981 0.172047 -0.000136728 0.131596 0.000142004
0.00137158 1272.91 2478.88 0.651548 0.170075 -0.000133611 0.133671 0.000142314
0.00144169 1287.54 2488.38 0.646919 0.168143 -0.000130593 0.135754 0.000142613
0.00152031 1302.1 2497.77 0.642122 0.166262 -0.000127688 0.137834 0.0001429
0.00160848 1316.51 2506.99 0.637193 0.164442 -0.000124907 0.139895 0.000143173
0.00170735 1330.69 2515.98 0.632169 0.16269 -0.00012226 0.141927 0.000143433
0.00181822 1344.54 2524.71 0.627089 0.161014 -0.000119754 0.143915 0.000143678
0.00194255 1358 2533.11 0.621996 0.159419 -0.000117393 0.14585 0.000143907
0.00208197 1370.98 2541.16 0.61693 0.157909 -0.000115179 0.147721 0.000144121
0.00223832 1383.45 2548.81 0.61193 0.156486 -0.000113113 0.149518 0.000144319
0.00241364 1395.34 2556.06 0.607035 0.155152 -0.000111193 0.151236 0.000144502
0.00261026 1406.62 2562.88 0.602279 0.153908 -0.000109417 0.152867 0.00014467
0.00283074 1417.26 2569.27 0.597693 0.152753 -0.00010778 0.154406 0.000144824
0.00307798 1427.23 2575.21 0.593304 0.151685 -0.000106279 0.155851 0.000144964
0.00335525 1436.53 2580.7 0.589136 0.150704 -0.000104908 0.1572 0.000145091
0.00366617 1445.14 2585.76 0.585207 0.149805 -0.000103661 0.15845 0.000145206
0.00401483 1453.08 2590.39 0.581533 0.148988 -0.000102533 0.159602 0.000145309
0.00440583 1460.33 2594.59 0.578128 0.148248 -0.000101517 0.160656 0.000145401
0.00484428 1466.9 2598.38 0.574999 0.147583 -0.000100609 0.161613 0.000145483
0.00533597 1472.82 2601.77 0.572154 0.146991 -9.98025e-05 0.162473 0.000145555
0.00588734 1478.08 2604.78 0.569598 0.146468 -9.90934e-05 0.163239 0.000145618
0.00650565 1482.7 2607.4 0.567334 0.146011 -9.84769e-05 0.163912 0.000145673
0.00719903 1486.69 2609.66 0.565362 0.145619 -9.79488e-05 0.164493 0.000145719
0.00797657 1490.07 2611.57 0.563681 0.145289 -9.75046e-05 0.164986 0.000145758
0.00884851 1492.86 2613.15 0.562286 0.145017 -9.714e-05 0.165393 0.00014579
0.0098263 1495.1 2614.4 0.561164 0.1448 -9.68499e-05 0.165719 0.000145816
0.0109228 1496.81 2615.36 0.5603 0.144634 -9.6628e-05 0.165969 0.000145835
0.0121524 1498.06 2616.06 0.559669 0.144513 -9.64667e-05 0.166152 0.000145849
0.0135313 1498.92 2616.54 0.559238 0.144431 -9.6357e-05 0.166276 0.000145859
0.0150775 1499.45 2616.84 0.558967 0.14438 -9.62882e-05 0.166354 0.000145865
0.0168115 1499.76 2617.01 0.558813 0.14435 -9.62493e-05 0.166398 0.000145868
0.018756 1499.91 2617.09 0.558737 0.144336 -9.623e-05 0.16642 0.00014587
0.0209365 1499.97 2617.13 0.558705 0.14433 -9.62218e-05 0.16643 0.00014587
0.0233817 1499.99 2617.14 0.558693 0.144328 -9.62189e-05 0.166433 0.000145871
0.0261238 1500 2617.15 0.55869 0.144327 -9.62181e-05 0.166434 0.000145871
0.0291988 1500 2617.15 0.558689 0.144327 -9.62179e-05 0.166434 0.000145871
0.032647 1500 2617.15 0.558689 0.144327 -9.62179e-05 0.166434 0.000145871
0.0365139 1500 2617.15 0.558689 0.144327 -9.62179e-05 0.166434 0.000145871
0.0408502 1500 2617.15 0.558689 0.144327 -9.62179e-05 0.166434 0.000145871
0.0457129 1500 2617.15 0.558689 0.144327 -9.62179e-05 0.166434 0.000145871
0.0511659 1500 2617.15 0.558689 0.144327 -9.62179e-05 0.166434 0.000145871
0.0572809 1500 2617.15 0.558689 0.144327 -9.62179e-05 0.166434 0.000145871
0.0641383 1500 2617.15 0.558689 0.144327 -9.62179e-05 0.166434 0.000145871
0.0718281 1500 2617.15 0.558689 0.144327 -9.62179e-05 0.166434 0.000145871
0.0804515 1500 2617.15 0.558689 0.144327 -9.62179e-05 0.166434 0.000145871
0.0901217 1500 2617.15 0.558689 0.144327 -9.62179e-05 0.166434 0.000145871
0.100966 1500 2617.15 0.558689 0.144327 -9.62179e-05 0.166434 0.000145871
0.113126 1500 2617.15 0.558689 0.144327 -9.62179e-05 0.166434 0.000145871
0.126763 1500 2617.15 0.558689 0.144327 -9.62179e-05 0.166434 0.000145871
0.142056 1500 2617.15 0.558689 0.144327 -9.62179e-05 0.166434 0.000145871
0.159204 1500 2617.15 0.558689 0.144327 -9.62179e-05 0.166434 0.000145871
0.178435 1500 2617.15 0.558689 0.144327 -9.62179e-05 0.166434 0.000145871
0.2 1500 2617.15 0.558689 0.144327 -9.62179e-05 0.166434 0.000145871
