TITLE="Graphics"
VARIABLES= "rj, m", "T, K", "Cp, J/kg*K", "DfCp, J/kg*K^2", "rho, kg/m^3", "Dfrho, kg/m^3*K", "Lambda, Watt/m*K", "DfLambda, Watt/m*K^2"
0 300.001 4186.17 -0.668557 980 0 0.610012 0
2.5e-05 300.001 4186.17 -0.668557 980 0 0.610012 0
5e-05 300.026 4186.15 -0.667271 980 0 0.610054 0
7.5e-05 300.045 4186.14 -0.666313 980 0 0.610086 0
0.0001 300.073 4186.12 -0.664893 980 0 0.610132 0
0.000125 300.119 4186.09 -0.662527 980 0 0.61021 0
0.00015 300.197 4186.04 -0.65858 980 0 0.610341 0
0.000175 300.325 4185.96 -0.652104 980 0 0.610555 0
0.0002 300.531 4185.82 -0.641711 980 0 0.6109 0
0.000225 300.856 4185.62 -0.625451 980 0 0.611443 0
0.00025 301.355 4185.31 -0.600729 980 0 0.612274 0
0.000275 302.102 4184.88 -0.564327 980 0 0.613511 0
0.0003 303.187 4184.29 -0.512605 980 0 0.615295 0
0.000325 304.719 4183.56 -0.441962 980 0 0.617781 0
0.00035 306.815 4182.73 -0.349564 980 0 0.62111 0
0.000375 309.596 4181.92 -0.234218 980 0 0.625383 0
0.0004 313.167 4181.33 -0.097115 980 0 0.63061 0
0.000425 317.612 4181.25 0.0579578 980 0 0.636687 0
0.00045 322.979 4182.02 0.225205 980 0 0.643398 0
0.000475 329.274 4184 0.398198 980 0 0.650437 0
0.0005 336.466 4187.5 0.571626 980 0 0.657458 0
0.000525 431.21 1918.89 0.512703 0.502053 -0.00116429 0.0292088 9.11506e-05
0.00055 569.718 1998.56 0.623161 0.379995 -0.000666988 0.0429919 0.000107012
0.000575 662.171 2058.14 0.662759 0.32694 -0.00049374 0.0532743 0.000115152
0.0006 732.759 2105.67 0.682684 0.295445 -0.000403196 0.0615914 0.000120369
0.000625 789.931 2145.03 0.693747 0.274062 -0.000346945 0.0685807 0.00012406
0.00065 837.859 2178.44 0.699968 0.258385 -0.000308387 0.0745941 0.00012683
0.000675 878.974 2207.3 0.703263 0.246299 -0.000280212 0.0798538 0.000128993
0.0007 914.836 2232.55 0.704678 0.236644 -0.000258674 0.0845113 0.000130732
0.000725 946.517 2254.88 0.704839 0.228723 -0.000241647 0.088676 0.000132163
0.00075 974.789 2274.8 0.704144 0.222089 -0.000227833 0.0924296 0.00013336
0.000775 1000.23 2292.69 0.702856 0.216441 -0.000216391 0.0958353 0.000134377
0.0008 1023.28 2308.88 0.701155 0.211565 -0.000206752 0.0989428 0.000135251
0.000825 1044.29 2323.59 0.699168 0.207309 -0.000198517 0.101792 0.00013601
0.00085 1063.54 2337.02 0.696987 0.203557 -0.000191397 0.104417 0.000136676
0.000875 1081.25 2349.35 0.694676 0.200222 -0.000185177 0.106843 0.000137264
0.0009 1097.61 2360.7 0.692285 0.197237 -0.000179696 0.109094 0.000137787
0.000925 1112.79 2371.19 0.689849 0.194547 -0.000174829 0.111188 0.000138255
0.00095 1126.91 2380.91 0.687395 0.19211 -0.000170476 0.113143 0.000138676
0.000975 1140.08 2389.94 0.684943 0.189891 -0.00016656 0.114972 0.000139058
0.001 1152.39 2398.37 0.682508 0.187861 -0.000163018 0.116687 0.000139404
0.001025 1163.95 2406.24 0.6801 0.185997 -0.000159798 0.118299 0.00013972
0.00105303 1176.08 2414.47 0.677443 0.184078 -0.000156519 0.119996 0.000140043
0.00108447 1188.75 2423.04 0.674528 0.182116 -0.0001532 0.121772 0.00014037
0.00111973 1201.91 2431.9 0.671348 0.180122 -0.000149863 0.123622 0.000140701
0.00115926 1215.51 2441 0.6679 0.178107 -0.000146529 0.125538 0.000141031
0.0012036 1229.48 2450.3 0.664189 0.176083 -0.000143218 0.12751 0.00014136
0.00125331 1243.73 2459.75 0.660223 0.174065 -0.000139953 0.129528 0.000141684
0.00130906 1258.2 2469.27 0.656015 0.172063 -0.000136753 0.13158 0.000142002
0.00137158 1272.79 2478.81 0.651584 0.170091 -0.000133636 0.133654 0.000142311
0.00144169 1287.42 2488.3 0.646957 0.168159 -0.000130617 0.135738 0.00014261
0.00152031 1301.98 2497.69 0.642163 0.166278 -0.000127711 0.137816 0.000142897
0.00160848 1316.39 2506.91 0.637236 0.164457 -0.00012493 0.139878 0.000143171
0.00170735 1330.56 2515.91 0.632213 0.162706 -0.000122283 0.141909 0.000143431
0.00181822 1344.41 2524.63 0.627136 0.161029 -0.000119777 0.143897 0.000143676
0.00194255 1357.87 2533.03 0.622045 0.159434 -0.000117415 0.145832 0.000143905
0.00208197 1370.86 2541.08 0.61698 0.157923 -0.0001152 0.147702 0.000144119
0.00223832 1383.32 2548.74 0.611983 0.1565 -0.000113134 0.1495 0.000144317
0.00241364 1395.21 2555.98 0.607089 0.155166 -0.000111213 0.151217 0.0001445
0.00261026 1406.49 2562.81 0.602334 0.153922 -0.000109437 0.152848 0.000144668
0.00283074 1417.13 2569.19 0.597749 0.152767 -0.0001078 0.154388 0.000144822
0.00307798 1427.1 2575.13 0.593361 0.151699 -0.000106298 0.155833 0.000144962
0.00335525 1436.4 2580.63 0.589193 0.150717 -0.000104927 0.157181 0.000145089
0.00366617 1445.02 2585.69 0.585265 0.149818 -0.000103679 0.158432 0.000145204
0.00401483 1452.95 2590.32 0.581591 0.149 -0.00010255 0.159584 0.000145307
0.00440583 1460.21 2594.52 0.578184 0.14826 -0.000101534 0.160639 0.000145399
0.00484428 1466.79 2598.32 0.575054 0.147595 -0.000100625 0.161596 0.000145481
0.00533597 1472.71 2601.71 0.572207 0.147002 -9.98174e-05 0.162457 0.000145554
0.00588734 1477.97 2604.72 0.569648 0.146478 -9.91072e-05 0.163224 0.000145617
0.00650565 1482.6 2607.35 0.567381 0.146021 -9.84896e-05 0.163898 0.000145672
0.00719903 1486.6 2609.62 0.565405 0.145628 -9.79601e-05 0.164481 0.000145718
0.00797657 1489.99 2611.53 0.563719 0.145296 -9.75146e-05 0.164975 0.000145757
0.00884851 1492.8 2613.11 0.562318 0.145023 -9.71485e-05 0.165384 0.00014579
0.0098263 1495.04 2614.37 0.561191 0.144805 -9.68568e-05 0.165711 0.000145815
0.0109228 1496.77 2615.34 0.560321 0.144638 -9.66333e-05 0.165963 0.000145835
0.0121524 1498.03 2616.05 0.559684 0.144516 -9.64706e-05 0.166147 0.000145849
0.0135313 1498.9 2616.53 0.559248 0.144433 -9.63596e-05 0.166273 0.000145858
0.0150775 1499.44 2616.83 0.558973 0.144381 -9.62898e-05 0.166353 0.000145864
0.0168115 1499.75 2617.01 0.558817 0.144351 -9.62502e-05 0.166397 0.000145868
0.018756 1499.9 2617.09 0.558739 0.144336 -9.62304e-05 0.16642 0.00014587
0.0209365 1499.97 2617.13 0.558705 0.14433 -9.6222e-05 0.16643 0.00014587
0.0233817 1499.99 2617.14 0.558693 0.144328 -9.6219e-05 0.166433 0.000145871
0.0261238 1500 2617.15 0.55869 0.144327 -9.62181e-05 0.166434 0.000145871
0.0291988 1500 2617.15 0.558689 0.144327 -9.62179e-05 0.166434 0.000145871
0.032647 1500 2617.15 0.558689 0.144327 -9.62179e-05 0.166434 0.000145871
0.0365139 1500 2617.15 0.558689 0.144327 -9.62179e-05 0.166434 0.000145871
0.0408502 1500 2617.15 0.558689 0.144327 -9.62179e-05 0.166434 0.000145871
0.0457129 1500 2617.15 0.558689 0.144327 -9.62179e-05 0.166434 0.000145871
0.0511659 1500 2617.15 0.558689 0.144327 -9.62179e-05 0.166434 0.000145871
0.0572809 1500 2617.15 0.558689 0.144327 -9.62179e-05 0.166434 0.000145871
0.0641383 1500 2617.15 0.558689 0.144327 -9.62179e-05 0.166434 0.000145871
0.0718281 1500 2617.15 0.558689 0.144327 -9.62179e-05 0.166434 0.000145871
0.0804515 1500 2617.15 0.558689 0.144327 -9.62179e-05 0.166434 0.000145871
0.0901217 1500 2617.15 0.558689 0.144327 -9.62179e-05 0.166434 0.000145871
0.100966 1500 2617.15 0.558689 0.144327 -9.62179e-05 0.166434 0.000145871
0.113126 1500 2617.15 0.558689 0.144327 -9.62179e-05 0.166434 0.000145871
0.126763 1500 2617.15 0.558689 0.144327 -9.62179e-05 0.166434 0.000145871
0.142056 1500 2617.15 0.558689 0.144327 -9.62179e-05 0.166434 0.000145871
0.159204 1500 2617.15 0.558689 0.144327 -9.62179e-05 0.166434 0.000145871
0.178435 1500 2617.15 0.558689 0.144327 -9.62179e-05 0.166434 0.000145871
0.2 1500 2617.15 0.558689 0.144327 -9.62179e-05 0.166434 0.000145871
