TITLE="Graphics"
VARIABLES= "rj, m", "T, K", "Cp, J/kg*K", "DfCp, J/kg*K^2", "rho, kg/m^3", "Dfrho, kg/m^3*K", "Lambda, Watt/m*K", "DfLambda, Watt/m*K^2"
0 300.015 4186.16 -0.667822 980 0 0.610036 0
2.5e-05 300.015 4186.16 -0.667822 980 0 0.610036 0
5e-05 300.566 4185.8 -0.63997 980 0 0.610958 0
7.5e-05 300.849 4185.62 -0.625807 980 0 0.611431 0
0.0001 301.134 4185.44 -0.611647 980 0 0.611906 0
0.000125 301.497 4185.23 -0.593777 980 0 0.612509 0
0.00015 301.983 4184.94 -0.570077 980 0 0.613315 0
0.000175 302.635 4184.58 -0.538708 980 0 0.614391 0
0.0002 303.502 4184.13 -0.497851 980 0 0.61581 0
0.000225 304.636 4183.6 -0.445735 980 0 0.617646 0
0.00025 306.094 4183 -0.380797 980 0 0.619975 0
0.000275 307.941 4182.37 -0.301915 980 0 0.62286 0
0.0003 310.238 4181.78 -0.208669 980 0 0.626345 0
0.000325 313.046 4181.35 -0.101554 980 0 0.630438 0
0.00035 316.419 4181.21 0.0179321 980 0 0.635104 0
0.000375 320.401 4181.54 0.147391 980 0 0.640259 0
0.0004 325.022 4182.54 0.283852 980 0 0.645778 0
0.000425 330.298 4184.42 0.424292 980 0 0.6515 0
0.00045 336.229 4187.36 0.566246 980 0 0.657242 0
0.000475 342.802 4191.56 0.70841 980 0 0.662805 0
0.0005 349.991 4197.17 0.85109 980 0 0.667988 0
0.000525 440.511 1923.71 0.523357 0.491453 -0.00111564 0.0300623 9.23892e-05
0.00055 573.781 2001.09 0.625307 0.377305 -0.000657576 0.0434275 0.000107405
0.000575 663.98 2059.34 0.663367 0.326049 -0.000491053 0.0534828 0.000115296
0.0006 733.182 2105.96 0.682782 0.295275 -0.00040273 0.0616424 0.000120398
0.000625 789.373 2144.65 0.693659 0.274256 -0.000347435 0.0685115 0.000124026
0.00065 836.552 2177.53 0.699833 0.258789 -0.000309351 0.0744285 0.000126758
0.000675 877.068 2205.96 0.70315 0.246834 -0.000281431 0.0796081 0.000128897
0.0007 912.434 2230.85 0.704624 0.237267 -0.000260037 0.0841975 0.00013062
0.000725 943.695 2252.89 0.704866 0.229407 -0.000243094 0.0883033 0.000132039
0.00075 971.605 2272.55 0.704262 0.222817 -0.000229329 0.0920052 0.000133229
0.000775 996.728 2290.23 0.70307 0.217201 -0.000217914 0.0953652 0.00013424
0.0008 1019.5 2306.23 0.701469 0.21235 -0.000208288 0.0984319 0.00013511
0.000825 1040.26 2320.77 0.699582 0.208112 -0.000200058 0.101245 0.000135867
0.00085 1059.28 2334.06 0.697499 0.204375 -0.000192937 0.103836 0.000136531
0.000875 1076.79 2346.25 0.695285 0.201051 -0.000186713 0.106231 0.000137118
0.0009 1092.97 2357.48 0.692988 0.198075 -0.000181226 0.108454 0.00013764
0.000925 1107.98 2367.87 0.690644 0.195392 -0.00017635 0.110523 0.000138108
0.00095 1121.94 2377.49 0.688279 0.192961 -0.000171989 0.112454 0.00013853
0.000975 1134.97 2386.44 0.685913 0.190746 -0.000168063 0.114261 0.000138911
0.001 1147.15 2394.79 0.683561 0.18872 -0.000164512 0.115956 0.000139258
0.001025 1158.58 2402.59 0.681233 0.186858 -0.000161282 0.11755 0.000139574
0.00105303 1170.58 2410.75 0.678663 0.184942 -0.000157992 0.119227 0.000139898
0.00108447 1183.12 2419.24 0.67584 0.182982 -0.000154661 0.120983 0.000140226
0.00111973 1196.15 2428.02 0.672759 0.18099 -0.00015131 0.122812 0.000140557
0.00115926 1209.61 2437.06 0.669417 0.178976 -0.000147962 0.124706 0.000140889
0.0012036 1223.43 2446.29 0.665816 0.176953 -0.000144636 0.126656 0.000141219
0.00125331 1237.55 2455.66 0.661965 0.174934 -0.000141355 0.128652 0.000141545
0.00130906 1251.88 2465.11 0.657877 0.172932 -0.000138138 0.130683 0.000141864
0.00137158 1266.33 2474.59 0.65357 0.170959 -0.000135003 0.132735 0.000142176
0.00144169 1280.82 2484.03 0.649069 0.169025 -0.000131967 0.134797 0.000142477
0.00152031 1295.25 2493.36 0.644402 0.167142 -0.000129042 0.136855 0.000142766
0.00160848 1309.53 2502.53 0.639603 0.165319 -0.000126243 0.138896 0.000143042
0.00170735 1323.58 2511.48 0.634709 0.163564 -0.000123576 0.140908 0.000143304
0.00181822 1337.32 2520.17 0.629756 0.161883 -0.00012105 0.142879 0.000143551
0.00194255 1350.68 2528.55 0.624786 0.160283 -0.000118669 0.144797 0.000143783
0.00208197 1363.57 2536.57 0.619838 0.158767 -0.000116434 0.146653 0.000144
0.00223832 1375.96 2544.22 0.614949 0.157337 -0.000114347 0.148438 0.000144201
0.00241364 1387.8 2551.47 0.610156 0.155996 -0.000112405 0.150146 0.000144387
0.00261026 1399.03 2558.3 0.605491 0.154743 -0.000110607 0.151769 0.000144558
0.00283074 1409.65 2564.71 0.600983 0.153577 -0.000108947 0.153305 0.000144714
0.00307798 1419.63 2570.68 0.596658 0.152498 -0.000107421 0.15475 0.000144858
0.00335525 1428.96 2576.23 0.592536 0.151502 -0.000106023 0.156102 0.000144988
0.00366617 1437.64 2581.36 0.588634 0.150587 -0.000104746 0.157361 0.000145106
0.00401483 1445.67 2586.07 0.584964 0.149751 -0.000103585 0.158527 0.000145213
0.00440583 1453.07 2590.38 0.581536 0.148988 -0.000102534 0.159601 0.000145309
0.00484428 1459.84 2594.31 0.578357 0.148297 -0.000101584 0.160586 0.000145395
0.00533597 1466 2597.87 0.575428 0.147674 -0.000100732 0.161482 0.000145472
0.00588734 1471.58 2601.07 0.572752 0.147114 -9.99706e-05 0.162293 0.00014554
0.00650565 1476.58 2603.92 0.57033 0.146616 -9.92949e-05 0.16302 0.0001456
0.00719903 1481.02 2606.45 0.568158 0.146177 -9.87001e-05 0.163667 0.000145653
0.00797657 1484.92 2608.67 0.566236 0.145792 -9.81818e-05 0.164236 0.000145699
0.00884851 1488.3 2610.58 0.56456 0.145461 -9.7736e-05 0.164729 0.000145738
0.0098263 1491.18 2612.2 0.563125 0.14518 -9.73589e-05 0.165149 0.000145771
0.0109228 1493.58 2613.55 0.561926 0.144947 -9.70468e-05 0.165498 0.000145798
0.0121524 1495.52 2614.64 0.560953 0.144759 -9.67956e-05 0.16578 0.00014582
0.0135313 1497.03 2615.48 0.560193 0.144614 -9.66006e-05 0.166 0.000145837
0.0150775 1498.15 2616.11 0.559627 0.144505 -9.64561e-05 0.166164 0.00014585
0.0168115 1498.93 2616.55 0.559231 0.14443 -9.63552e-05 0.166278 0.000145859
0.018756 1499.44 2616.83 0.558974 0.144381 -9.629e-05 0.166352 0.000145864
0.0209365 1499.74 2617 0.558822 0.144352 -9.62516e-05 0.166396 0.000145868
0.0233817 1499.89 2617.09 0.558743 0.144337 -9.62316e-05 0.166419 0.000145869
0.0261238 1499.96 2617.13 0.558708 0.14433 -9.62226e-05 0.166429 0.00014587
0.0291988 1499.99 2617.14 0.558694 0.144328 -9.62192e-05 0.166433 0.000145871
0.032647 1500 2617.15 0.55869 0.144327 -9.62182e-05 0.166434 0.000145871
0.0365139 1500 2617.15 0.558689 0.144327 -9.62179e-05 0.166434 0.000145871
0.0408502 1500 2617.15 0.558689 0.144327 -9.62179e-05 0.166434 0.000145871
0.0457129 1500 2617.15 0.558689 0.144327 -9.62179e-05 0.166434 0.000145871
0.0511659 1500 2617.15 0.558689 0.144327 -9.62179e-05 0.166434 0.000145871
0.0572809 1500 2617.15 0.558689 0.144327 -9.62179e-05 0.166434 0.000145871
0.0641383 1500 2617.15 0.558689 0.144327 -9.62179e-05 0.166434 0.000145871
0.0718281 1500 2617.15 0.558689 0.144327 -9.62179e-05 0.166434 0.000145871
0.0804515 1500 2617.15 0.558689 0.144327 -9.62179e-05 0.166434 0.000145871
0.0901217 1500 2617.15 0.558689 0.144327 -9.62179e-05 0.166434 0.000145871
0.100966 1500 2617.15 0.558689 0.144327 -9.62179e-05 0.166434 0.000145871
0.113126 1500 2617.15 0.558689 0.144327 -9.62179e-05 0.166434 0.000145871
0.126763 1500 2617.15 0.558689 0.144327 -9.62179e-05 0.166434 0.000145871
0.142056 1500 2617.15 0.558689 0.144327 -9.62179e-05 0.166434 0.000145871
0.159204 1500 2617.15 0.558689 0.144327 -9.62179e-05 0.166434 0.000145871
0.178435 1500 2617.15 0.558689 0.144327 -9.62179e-05 0.166434 0.000145871
0.2 1500 2617.15 0.558689 0.144327 -9.62179e-05 0.166434 0.000145871
